0 38371679.8531757 -311806817.542923 -1194.00499833363 119.800099976194
1000 37177430.5827859 -311685011.9414 -1194.49118543139 123.812532088224
2000 35982702.209903 -311559189.627052 -1194.96318975467 127.833519261556
3000 34787508.9580186 -311429342.064013 -1195.4209298476 131.863023001593
4000 33591865.1321438 -311295460.755244 -1195.86432412844 135.901004135123
5000 32395785.1189321 -311157537.243222 -1196.29329089423 139.947422805333
6000 31199283.3867988 -311015563.110628 -1196.70774832564 144.002238466818
7000 30002374.4860348 -310869529.981031 -1197.10761449173 148.065409880612
8000 28805073.0489152 -310719429.519587 -1197.49280735497 152.136895109223
9000 27607393.7898044 -310565253.433746 -1197.86324477623 156.216651511686
10000 26409351.5052542 -310406993.473947 -1198.21884451985 160.304635738624
11000 25210961.0740986 -310244641.434341 -1198.55952425888 164.400803727336
12000 24012237.4575414 -310078189.153492 -1198.88520158035 168.505110696887
13000 22813195.6992408 -309907628.515113 -1199.19579399058 172.617511143224
14000 21613850.9253863 -309732951.448782 -1199.49121892066 176.737958834309
15000 20414218.3447717 -309554149.930676 -1199.77139373199 180.866406805271
16000 19214313.2488622 -309371215.984304 -1200.03623572187 185.002807353577
17000 18014151.0118549 -309184141.68125 -1200.28566212921 189.14711203423
18000 16813747.0907353 -308992919.141915 -1200.51959014035 193.299271654983
19000 15613117.0253259 -308797540.536268 -1200.73793689488 197.459236271587
20000 14412276.438331 -308597998.084599 -1200.94061949168 201.626955183057
21000 13211241.0353734 -308394284.058283 -1201.1275549949 205.802376926964
22000 12010026.6050269 -308186390.780535 -1201.29866044018 209.985449274764
23000 10808649.0188411 -307974310.627189 -1201.45385284083 214.176119227146
24000 9607124.23136088 -307758036.027463 -1201.59304919419 218.374333009423
25000 8405468.28013916 -307537559.464737 -1201.71616648802 222.58003606694
26000 7203697.28574315 -307312873.477342 -1201.82312170702 226.793173060529
27000 6001827.4517541 -307083970.659338 -1201.91383183944 231.013687861994
28000 4799875.06476051 -306850843.661313 -1201.98821388372 235.241523549632
29000 3597856.49434448 -306613485.191174 -1202.04618485534 239.476622403786
30000 2395788.19306128 -306371888.014948 -1202.08766179365 243.718925902453
31000 1193686.69641198 -306126044.957588 -1202.11256176882 247.968374716913
32000 -8431.37719084352 -305875948.903781 -1202.12080188893 252.224908707419
33000 -1210549.32646466 -305621592.798759 -1202.11229930712 256.488466918912
34000 -2412650.36730557 -305362969.649119 -1202.08697122879 260.758987576796
35000 -3614717.63284432 -305100072.523646 -1202.04473491899 265.036408082753
36000 -4816734.17350959 -304832894.554137 -1201.98550770981 269.320665010606
37000 -6018682.95709879 -304561428.936228 -1201.90920700791 273.611694102232
38000 -7220546.86885645 -304285668.930233 -1201.81575030215 277.90943026353
39000 -8422308.71156028 -304005607.86198 -1201.70505517127 282.213807560432
40000 -9623951.20561496 -303721239.123651 -1201.57703929172 286.524759214978
41000 -10825456.9891536 -303432556.17463 -1201.43162044555 290.842217601448
42000 -12026808.6181477 -303139552.542353 -1201.26871652838 295.16611424254
43000 -13227988.5665244 -302842221.823161 -1201.08824555749 299.49637980562
44000 -14428979.2262923 -302540557.683155 -1200.89012568002 303.83294409902
45000 -15629762.9076757 -302234553.859061 -1200.67427518122 308.175736068413
46000 -16830321.8392565 -301924204.15909 -1200.44061249281 312.524683793245
47000 -18030638.1681252 -301609502.46381 -1200.18905620145 316.879714483223
48000 -19230693.9600398 -301290442.727013 -1199.91952505728 321.24075447489
49000 -20430471.1995942 -300967018.976597 -1199.63193798257 325.607729228261
50000 -21629951.7903937 -300639225.315434 -1199.32621408046 329.980563323518
51000 -22829117.5552414 -300307055.922261 -1199.00227264377 334.359180457799
52000 -24027950.2363312 -299970505.052558 -1198.66003316396 338.743503442045
53000 -25226431.4954522 -299629567.039442 -1198.29941534011 343.133454197934
54000 -26424542.9141996 -299284236.294552 -1197.92033908803 347.528953754883
55000 -27622265.9941969 -298934507.308944 -1197.52272454949 351.929922247142
56000 -28819582.1573261 -298580374.65399 -1197.10649210148 356.336278910956
57000 -30016472.7459677 -298221832.982276 -1196.67156236559 360.747942081824
58000 -31212919.0232502 -297858877.028503 -1196.2178562175 365.164829191838
59000 -32408902.1733087 -297491501.610394 -1195.74529479655 369.586856767101
60000 -33604403.3015534 -297119701.629598 -1195.25379951534 374.013940425247
61000 -34799403.434948 -296743472.072604 -1194.74329206954 378.445994873047
62000 -35993883.5222971 -296362808.011648 -1194.21369444767 382.882933904106
63000 -37187824.4345449 -295977704.605631 -1193.66492894105 387.324670396659
64000 -38381206.965082 -295588157.101036 -1193.09691815378 391.771116311454
65000 -39574011.8300641 -295194160.832843 -1192.50958501287 396.222182689747
66000 -40766219.6687395 -294795711.225452 -1191.90285277837 400.67777965139
67000 -41957811.0437868 -294392803.793604 -1191.27664505366 405.137816393021
68000 -43148766.441665 -293985434.143305 -1190.63088579582 409.602201186355
69000 -44339066.2729705 -293573597.972756 -1189.96549932605 414.070841376594
70000 -45528690.8728075 -293157291.073272 -1189.28041034015 418.543643380931
71000 -46717620.501168 -292736509.330217 -1188.57554391918 423.020512687173
72000 -47905835.343322 -292311248.723934 -1187.85082554013 427.501353852469
73000 -49093315.5102188 -291881505.330674 -1187.10618108663 431.986070502159
74000 -50280041.0388994 -291447275.323527 -1186.34153685985 436.474565328735
75000 -51465991.8929192 -291008554.97336 -1185.55681958941 440.966740090918
76000 -52651147.9627818 -290565340.649748 -1184.75195644436 445.462495612861
77000 -53835489.0663844 -290117628.821908 -1183.92687504427 449.961731783466
78000 -55018994.9494738 -289665416.059637 -1183.08150347037 454.464347555832
79000 -56201645.2861132 -289208699.034247 -1182.21577027679 458.97024094682
80000 -57383419.6791613 -288747474.519501 -1181.32960450186 463.479309036756
81000 -58564297.660762 -288281739.392549 -1180.42293567946 467.991447969256
82000 -59744258.6928457 -287811490.634869 -1179.49569385049 472.506552951187
83000 -60923282.1676415 -287336725.333197 -1178.54780957434 477.024518252752
84000 -62101347.4082024 -286857440.68047 -1177.57921394052 481.545237207721
85000 -63278433.6689409 -286373633.976756 -1176.58983858028 486.068602213801
86000 -64454520.1361761 -285885302.630195 -1175.57961567831 490.594504733129
87000 -65629585.9286937 -285392444.157931 -1174.54847798453 495.122835292924
88000 -66803610.0983168 -284895056.187052 -1173.49635882594 499.65348348627
89000 -67976571.6304892 -284393136.455516 -1172.42319211847 504.186337973052
90000 -69148449.4448697 -283886682.813089 -1171.32891237899 508.721286481032
91000 -70319222.3959397 -283375693.222271 -1170.21345473732 513.258215807078
92000 -71488869.2736216 -282860165.759235 -1169.07675494825 517.797011818541
93000 -72657368.8039106 -282340098.614749 -1167.91874940371 522.337559454785
94000 -73824699.6495172 -281815490.095103 -1166.73937514494 526.879742728871
95000 -74990840.4105226 -281286338.62304 -1165.5385698747 531.423444729402
96000 -76155769.6250472 -280752642.73867 -1164.31627196956 535.968547622512
97000 -77319465.7699298 -280214401.100405 -1163.0724204922 540.514932654035
98000 -78481907.2614202 -279671612.485863 -1161.80695520383 545.062480151808
99000 -79643072.4558831 -279124275.792798 -1160.51981657652 549.611069528171
100000 -80802939.6505171 -278572390.040003 -1159.21094580572 554.160579282604
101000 -81961487.0840821 -278015954.368232 -1157.8802848227 558.710887004531
102000 -83118692.937643 -277454968.041101 -1156.52777630708 563.261869376327
103000 -84274535.3353236 -276889430.445993 -1155.15336369944 567.813402176446
104000 -85428992.345074 -276319341.094968 -1153.75699121383 572.365360282749
105000 -86582041.9794501 -275744699.625655 -1152.33860385046 576.917617676009
106000 -87733662.1964062 -275165505.802149 -1150.8981474083 581.470047443567
107000 -88883830.9001014 -274581759.515902 -1149.43556849775 586.022521783193
108000 -90032525.9417147 -273993460.786612 -1147.9508145534 590.574912007113
109000 -91179725.120278 -273400609.763106 -1146.44383384666 595.127088546191
110000 -92325406.1835181 -272803206.724221 -1144.91457549854 599.678920954338
111000 -93469546.8287127 -272201252.079671 -1143.36298949238 604.230277913068
112000 -94612124.7035599 -271594746.370929 -1141.78902668663 608.781027236252
113000 -95753117.4070584 -270983690.272083 -1140.19263882759 613.331035875053
114000 -96892502.4904031 -270368084.590699 -1138.57377856222 617.880169923052
115000 -98030257.4578908 -269747930.268678 -1136.93239945088 622.428294621555
116000 -99166359.7678412 -269123228.3831 -1135.26845598015 626.975274365096
117000 -100300786.833529 -268493980.147073 -1133.58190357558 631.520972707123
118000 -101433516.02413 -267860186.910571 -1131.87269861451 636.065252365885
119000 -102564524.665676 -267221850.161264 -1130.14079843881 640.607975230505
120000 -103693790.042031 -266578971.525343 -1128.38616136762 645.149002367244
121000 -104821289.395871 -265931552.768345 -1126.60874671014 649.688194025972
122000 -105946999.929682 -265279595.795962 -1124.80851477835 654.225409646818
123000 -107070898.806768 -264623102.654844 -1122.98542689972 658.760507867039
124000 -108192963.152273 -263962075.533406 -1121.13944542989 663.29334652806
125000 -109313170.054218 -263296516.762615 -1119.27053376538 667.823782682738
126000 -110431496.564544 -262626428.816776 -1117.37865635615 672.351672602804
127000 -111547919.700175 -261951814.314312 -1115.46377871829 676.876871786536
128000 -112662416.44409 -261272676.018529 -1113.52586744655 681.399234966593
129000 -113774963.746406 -260589016.83838 -1111.56489022688 685.918616118077
130000 -114885538.525478 -259900839.829219 -1109.58081584893 690.434868466803
131000 -115994117.669007 -259208148.193544 -1107.5736142185 694.947844497752
132000 -117100678.035163 -258510945.281736 -1105.54325636993 699.457395963734
133000 -118205196.45372 -257809234.592786 -1103.48971447847 703.963373894271
134000 -119307649.727202 -257103019.775013 -1101.41296187255 708.465628604662
135000 -120408014.632045 -256392304.626772 -1099.31297304606 712.964009705272
136000 -121506267.919765 -255677093.09716 -1097.18972367047 717.45836611101
137000 -122602386.318143 -254957389.286698 -1095.04319060698 721.948546051026
138000 -123696346.532423 -254233197.448021 -1092.87335191857 726.43439707861
139000 -124788125.246517 -253504521.986541 -1090.68018688193 730.915766081295
140000 -125877699.124225 -252771367.461115 -1088.46367599938 735.392499291161
141000 -126965044.810466 -252033738.584688 -1086.22380101071 739.864442295362
142000 -128050138.932526 -251291640.224935 -1083.96054490486 744.331440046837
143000 -129132958.101306 -250545077.404895 -1081.67389193158 748.793336875251
144000 -130213478.912593 -249794055.30358 -1079.36382761302 753.249976498119
145000 -131291677.948338 -249038579.256588 -1077.03033875515 757.70120203215
146000 -132367531.777943 -248278654.756697 -1074.67341345915 762.146856004793
147000 -133441016.959565 -247514287.454443 -1072.29304113264 766.586780365984
148000 -134512110.041425 -246745483.158701 -1069.88921250087 771.020816500101
149000 -135580787.563135 -245972247.837236 -1067.46191961772 775.448805238129
150000 -136647026.057026 -245194587.617254 -1065.01115587671 779.870586870008
151000 -137710802.049502 -244412508.785938 -1062.53691602172 784.286001157214
152000 -138772092.062385 -243626017.790967 -1060.03919615777 788.694887345509
153000 -139830872.614291 -242835121.241027 -1057.51799376154 793.09708417792
154000 -140887120.222002 -242039825.906307 -1054.97330769182 797.492429907899
155000 -141940811.401852 -241240138.718981 -1052.40513819985 801.880762312695
156000 -142991922.67113 -240436066.77368 -1049.81348693945 806.261918706909
157000 -144040430.549482 -239627617.327944 -1047.19835697711 810.635735956274
158000 -145086311.560331 -238814797.802667 -1044.55975280181 815.002050491588
159000 -146129542.232305 -237997615.782524 -1041.89768033484 819.360698322886
160000 -147170099.100674 -237176079.016384 -1039.21214693933 823.711515053777
161000 -148207958.708796 -236350195.417709 -1036.50316142973 828.054335895981
162000 -149243097.609571 -235519973.064939 -1033.77073408105 832.388995684058
163000 -150275492.36691 -234685420.201864 -1031.01487663802 836.71532889032
164000 -151305119.557207 -233846545.237973 -1028.23560232399 841.033169639937
165000 -152331955.770821 -233003356.748801 -1025.43292584975 845.342351726225
166000 -153355977.613571 -232155863.476246 -1022.60686342211 849.642708626115
167000 -154377161.708234 -231304074.328882 -1019.75743275233 853.934073515808
168000 -155395484.696053 -230447998.382251 -1016.88465306436 858.216279286609
169000 -156410923.238255 -229587644.879138 -1013.98854510289 862.489158560928
170000 -157423454.017575 -228723023.229835 -1011.06913114125 866.752543708476
171000 -158433053.73979 -227854143.012384 -1008.12643498905 871.006266862614
172000 -159439699.135257 -226981013.972802 -1005.16048199967 875.250159936882
172800 -160242872.715813 -226279458.245894 -1002.77099271289 878.638083654591
