0 52743548.4441191 309699847.236841 -292.641137124012 1163.77023714424
1000 52450570.1132192 310861631.395303 -293.313728570887 1159.80251573369
2000 52156924.547944 312019461.083717 -293.975636977011 1155.86124075313
3000 51862622.3387275 313173362.580647 -294.627046859042 1151.94607748362
4000 51567673.8935579 314323361.832948 -295.268138611691 1148.05669720107
5000 51272089.4420421 315469484.461692 -295.899088620955 1144.19277703791
6000 50975879.0393595 316611755.767953 -296.520069373656 1140.35399984866
7000 50679052.5701082 317750200.738467 -297.131249563423 1136.54005407922
8000 50381619.7520462 318884844.051161 -297.732794193254 1132.75063363983
9000 50083590.1397324 320015710.08055 -298.324864674785 1128.98543778156
10000 49784973.1280695 321142822.903017 -298.907618924387 1125.24417097617
11000 49485777.9557527 322266206.301987 -299.481211456207 1121.52654279927
12000 49186013.7086266 323385883.772959 -300.045793472268 1117.83226781665
13000 48885689.322953 324501878.528448 -300.601512949736 1114.16106547376
14000 48584813.5885937 325614213.502807 -301.148514725457 1110.51265998809
15000 48283395.1521099 326722911.356954 -301.686940577861 1106.8867802445
16000 47981442.5197803 327827994.482978 -302.216929306323 1103.28315969334
17000 47678964.0605414 328929485.008662 -302.738616808086 1099.70153625124
18000 47375968.0088525 330027404.801898 -303.252136152823 1096.14165220459
19000 47072462.4674868 331121775.47501 -303.75761765492 1092.60325411552
20000 46768455.4102514 332212618.388984 -304.255188943569 1089.08609273038
21000 46463954.6846385 333299954.657608 -304.744975030736 1085.58992289053
22000 46158968.0144094 334383805.15152 -305.227098377095 1082.11450344558
23000 45853503.0021134 335464190.50218 -305.701678955985 1078.65959716879
24000 45547567.1315444 336541131.105745 -306.168834315454 1075.2249706746
25000 45241167.7701358 337614647.126874 -306.628679638483 1071.8103943384
26000 44934312.171296 338684758.502452 -307.081327801414 1068.41564221824
27000 44627007.4766866 339751484.945231 -307.526889430679 1065.0404919786
28000 44319260.7184449 340814845.947397 -307.965472957868 1061.68472481601
29000 44011078.8213515 341874860.784069 -308.397184673186 1058.3481253866
30000 43702468.6049461 342931548.516725 -308.822128777379 1055.03048173548
31000 43393436.7855911 343984927.996551 -309.24040743215 1051.73158522779
32000 43083989.9784862 345035017.867732 -309.652120809146 1048.45123048156
33000 42774134.6996346 346081836.57067 -310.057367137533 1045.18921530217
34000 42463877.3677624 347125402.345136 -310.456242750226 1041.94534061844
35000 42153224.3061921 348165733.233369 -310.848842128815 1038.71941042029
36000 41842181.7446719 349202847.083103 -311.23525794722 1035.51123169788
37000 41530755.8211623 350236761.550536 -311.615581114129 1032.32061438231
38000 41218952.5835805 351267494.103243 -311.989900814253 1029.14737128766
39000 40906777.9915042 352295062.023034 -312.358304548431 1025.99131805448
40000 40594237.9178358 353319482.408747 -312.720878172632 1022.85227309461
41000 40281338.1504283 354340772.178994 -313.07770593588 1019.73005753733
42000 39968084.3936742 355358948.074858 -313.428870517144 1016.62449517677
43000 39654482.2700566 356374026.662522 -313.774453061224 1013.53541242059
44000 39340537.3216661 357386024.335864 -314.114533213651 1010.46263823983
45000 39026255.0116838 358394957.318994 -314.449189154663 1007.40600411997
46000 38711640.725829 359400841.668747 -314.778497632253 1004.36534401313
47000 38396699.7737759 360403693.277121 -315.10253399433 1001.34049429132
48000 38081437.3905376 361403527.873679 -315.421372220038 998.331293700901
49000 37765858.7378198 362400361.0279 -315.735084950227 995.337583317922
50000 37449968.9053442 363394208.15148 -316.043743517122 992.359206504634
51000 37133772.9121421 364385084.50061 -316.347417973218 989.396008866919
52000 36817275.7078209 365373005.178185 -316.646177119413 986.447838212699
53000 36500482.1738012 366357985.135997 -316.940088532403 983.514544511302
54000 36183397.1245278 367340039.176866 -317.229218591373 980.595979853726
55000 35866025.3086545 368319181.956754 -317.513632503987 977.691998413814
56000 35548371.4102023 369295427.986817 -317.793394331715 974.802456410283
57000 35230440.0496938 370268791.63544 -318.068567014515 971.927212069604
58000 34912235.7852622 371239287.130222 -318.339212394866 969.066125589706
59000 34593763.1137372 372206928.559931 -318.605391241212 966.219059104482
60000 34275026.4717074 373171729.876422 -318.867163270792 963.385876649083
61000 33956030.2365605 374133704.89652 -319.124587171909 960.566444125957
62000 33636778.7275015 375092867.303877 -319.377720625626 957.760629271646
63000 33317276.2065491 376049230.65078 -319.626620326927 954.96830162429
64000 32997526.8795114 377002808.359944 -319.871342005351 952.189332491849
65000 32677534.896941 377953613.726265 -320.111940445106 949.423594921002
66000 32357304.3550711 378901659.91854 -320.348469504694 946.670963666717
67000 32036839.2967311 379846959.981164 -320.580982136045 943.93131516247
68000 31716143.7122441 380789526.835792 -320.809530403188 941.204527491102
69000 31395221.5403052 381729373.282974 -321.034165500456 938.490480356293
70000 31074076.6688429 382666512.003764 -321.254937770263 935.789055054639
71000 30752712.9358621 383600955.561297 -321.471896720434 933.10013444832
72000 30431134.1302696 384532716.402342 -321.685091041126 930.423602938339
73000 30109343.9926846 385461806.858828 -321.894568621341 927.759346438321
74000 29787346.2162306 386388239.14934 -322.100376565034 925.107252348861
75000 29465144.4473134 387312025.380601 -322.302561206856 922.467209532395
76000 29142742.2863824 388233177.548913 -322.501168127495 919.839108288603
77000 28820143.2886768 389151707.54159 -322.696242168682 917.222840330314
78000 28497350.9649578 390067627.138354 -322.887827447824 914.618298759893
79000 28174368.782225 390980948.012714 -323.075967372294 912.025378046132
80000 27851200.1644201 391891681.733321 -323.260704653401 909.443974001598
81000 27527848.4931156 392799839.765302 -323.442081320015 906.873983760436
82000 27204317.108191 393705433.471573 -323.62013873189 904.31530575664
83000 26880609.3084951 394608474.114118 -323.794917592667 901.767839702737
84000 26556728.3524957 395508972.85527 -323.966457962585 899.231486568917
85000 26232677.4589169 396406940.758951 -324.1347992709 896.706148562573
86000 25908459.8073642 397302388.791898 -324.299980328012 894.191729108249
87000 25584078.5389369 398195327.824878 -324.462039337324 891.688132827986
88000 25259536.7568297 399085768.633866 -324.621013906825 889.195265522048
89000 24934837.5269221 399973721.90122 -324.776941060415 886.713034150054
90000 24609983.8783576 400859198.216831 -324.929857248971 884.241346812445
91000 24284978.8041102 401742208.079252 -325.079798361166 881.780112732333
92000 23959825.2615424 402622761.896812 -325.226799734046 879.329242237709
93000 23634526.1729508 403500869.988716 -325.370896163372 876.888646743985
94000 23309084.4261028 404376542.586118 -325.512121913727 874.458238736871
95000 22983502.8747629 405249789.833187 -325.650510728405 872.037931755592
96000 22657784.3392084 406120621.788151 -325.786095839075 869.627640376424
97000 22331931.6067373 406989048.424328 -325.91890997524 867.227280196544
98000 22005947.4321652 407855079.631134 -326.048985373483 864.836767818185
99000 21679834.5383135 408718725.215084 -326.176353786515 862.456020833103
100000 21353595.6164895 409579994.900775 -326.301046492021 860.084957807317
101000 21027233.3269564 410438898.33185 -326.423094301318 857.723498266162
102000 20700750.2993961 411295445.071948 -326.542527567824 855.371562679606
103000 20374149.1333622 412149644.60565 -326.659376195348 853.029072447847
104000 20047432.3987262 413001506.339391 -326.773669646193 850.695949887183
105000 19720602.6361145 413851039.602378 -326.885436949101 848.372118216139
106000 19393662.3573384 414698253.64748 -326.99470670701 846.057501541852
107000 19066614.045816 415543157.652112 -327.101507104659 843.752024846706
108000 18739460.1569866 416385760.719107 -327.205865916033 841.455613975224
109000 18412203.1187181 417226071.87756 -327.307810511643 839.16819562119
110000 18084845.3317062 418064100.083688 -327.40736786565 836.889697315004
111000 17757389.1698681 418899854.221648 -327.50456456286 834.620047411283
112000 17429836.9807278 419733343.104359 -327.599426805545 832.359175076665
113000 17102191.0857956 420564575.474305 -327.691980420143 830.107010277854
114000 16774453.7809405 421393560.004336 -327.782250863812 827.863483769872
115000 16446627.3367562 422220305.298445 -327.870263230843 825.628527084521
116000 16118713.9989212 423044819.892538 -327.956042258953 823.402072519054
117000 15790715.9885517 423867112.255199 -328.039612335437 821.184053125048
118000 15462635.5025495 424687190.788436 -328.120997503199 818.974402697477
119000 15134474.713943 425505063.828418 -328.20022146666 816.773055763976
120000 14806235.7722234 426320739.646204 -328.277307597549 814.579947574297
121000 14477920.8036737 427134226.44846 -328.352278940566 812.39501408995
122000 14149531.9116936 427945532.378165 -328.425158218946 810.218191974026
123000 13821071.1771181 428754665.515307 -328.495967839895 808.049418581199
124000 13492540.6585307 429561633.877573 -328.564729899928 805.888631947904
125000 13163942.3925715 430366445.421019 -328.631466190096 803.73577078268
126000 12835278.3942403 431169108.040744 -328.696198201108 801.590774456687
127000 12506550.657194 431969629.571546 -328.758947128355 799.453582994381
128000 12177761.15404 432768017.78857 -328.819733876829 797.324137064364
129000 11848911.8366237 433564280.407946 -328.87857906595 795.202377970368
130000 11520004.636312 434358425.087425 -328.935503034294 793.088247642414
131000 11191041.4642716 435150459.426995 -328.990525844227 790.981688628112
132000 10862024.2117431 435940390.969497 -329.043667286457 788.882644084108
133000 10532954.7503105 436728227.201232 -329.094946884485 786.791057767686
134000 10203834.9321658 437513975.552551 -329.144383898981 784.706874028495
135000 9874666.5903702 438297643.398452 -329.191997332063 782.630037800441
136000 9545451.53911012 439079238.059153 -329.237805931506 780.560494593681
137000 9216191.57394979 439858766.800666 -329.281828194863 778.498190486785
138000 8886888.47207926 440636236.835365 -329.324082373503 776.443072119009
139000 8557543.99255865 441411655.322542 -329.364586476581 774.395086682702
140000 8228159.87655841 442185029.36895 -329.403358274926 772.354181915837
141000 7898737.8475957 442956366.029351 -329.440415304856 770.320306094671
142000 7569279.61176711 443725672.307051 -329.475774871922 768.293408026517
143000 7239786.8579775 444492955.154427 -329.50945405458 766.273437042646
144000 6910261.25816532 445258221.473441 -329.541469707792 764.260342991299
145000 6580704.46752433 446021478.116166 -329.571838466565 762.254076230808
146000 6251118.1247218 446782731.885281 -329.600576749416 760.254587622845
147000 5921503.85211334 447541989.534577 -329.627700761779 758.261828525759
148000 5591863.25595422 448299257.769447 -329.653226499344 756.275750788044
149000 5262197.92660758 449054543.247378 -329.677169751338 754.296306741894
150000 4932509.43874919 449807852.578427 -329.699546103739 752.323449196872
151000 4602799.35156916 450559192.325694 -329.720370942436 750.357131433675
152000 4273069.20897044 451308569.005798 -329.739659456332 748.397307198002
153000 3943320.53976433 452055989.08933 -329.757426640383 746.443930694525
154000 3613554.85786287 452801459.001311 -329.773687298589 744.496956580943
155000 3283773.66246838 453544985.121651 -329.788456046923 742.556339962137
156000 2953978.43826002 454286573.785578 -329.801747316216 740.622036384426
157000 2624170.65557747 455026231.284089 -329.81357535498 738.694001829896
158000 2294351.77060195 455763963.864379 -329.823954232186 736.772192710838
159000 1964523.2255343 456499777.730264 -329.832897839988 734.85656586425
160000 1634686.44877053 457233679.042612 -329.840419896408 732.94707854645
161000 1304842.85507457 457965673.919753 -329.846533947951 731.043688427752
162000 974993.845748547 458695768.43789 -329.851253372201 729.146353587243
163000 645140.808800389 459423968.631511 -329.854591380347 727.25503250762
164000 315285.119108998 460150280.493782 -329.85656101968 725.369684070127
165000 -14571.8614130806 460874709.976952 -329.857175176038 723.490267549563
166000 -344428.78365942 461597262.992737 -329.856446576203 721.616742609351
167000 -674284.311171839 462317945.412709 -329.854387790277 719.749069296714
168000 -1004137.11998488 463036763.068677 -329.851011233984 717.887208037896
169000 -1333985.89847256 463753721.753065 -329.84632917096 716.031119633469
170000 -1663829.34719745 464468827.21928 -329.840353714989 714.180765253716
171000 -1993666.17876189 465182085.182087 -329.833096832201 712.33610643407
172000 -2323495.11766139 465893501.317963 -329.824570343239 710.497105070629
172800 -2587351.73642732 466461311.901647 -329.816842887513 709.029951970065
