0 223638112.68926 220639687.802956 -1194.00499833363 119.800099976194
1000 222442669.360254 220758066.066023 -1196.88260383318 116.952693791633
2000 221244345.596804 220873585.688079 -1199.76586365888 114.082780129753
3000 220043135.75548 220986224.047698 -1202.65475581224 111.190130617829
4000 218839034.215476 221095958.293643 -1205.54925703207 108.274513993402
5000 217632035.379898 221202765.341949 -1208.44934275839 105.335696062981
6000 216422133.677075 221306621.872978 -1211.35498709534 102.373439660139
7000 215209323.561913 221407504.328418 -1214.26616277313 99.387504603007
8000 213993599.517292 221505388.908253 -1217.18284110891 96.3776476511629
9000 212774956.055503 221600251.567677 -1220.10499196657 93.3436224618985
10000 211553387.719711 221692068.01397 -1223.03258371546 90.2851795458695
11000 210328889.08548 221780813.703335 -1225.96558318794 87.2020662221155
12000 209101454.762325 221866463.837675 -1228.90395563577 84.0940265724489
13000 207871079.395322 221948993.361341 -1231.84766468534 80.9608013952012
14000 206637757.66675 222028376.957817 -1234.79667229163 77.8021281583273
15000 205401484.297788 222104589.046373 -1237.75093869089 74.6177409518594
16000 204162254.050261 222177603.778657 -1240.71042235208 71.4073704397039
17000 202920061.728426 222247395.035252 -1243.67507992687 68.1707438107804
18000 201674902.18082 222313936.422167 -1246.64486619838 64.9075847294953
19000 200426770.302154 222377201.267296 -1249.61973402837 61.6176132855445
20000 199175661.035259 222437162.616812 -1252.5996343031 58.3005459430452
21000 197921569.373092 222493793.231519 -1255.58451587757 54.9560954889889
22000 196664490.360792 222547065.583147 -1258.57432551833 51.5839709810132
23000 195404419.097803 222596951.850597 -1261.56900784459 48.1838776944919
24000 194141350.740046 222643423.916133 -1264.56850526779 44.7555170689346
25000 192875280.502162 222686453.361516 -1267.57275792945 41.2985866537007
26000 191606203.659812 222726011.46409 -1270.58170363727 37.8127800530202
27000 190334115.552042 222762069.192806 -1273.5952777995 34.2977868703219
28000 189059011.58372 222794597.204197 -1276.61341335747 30.7532926518681
29000 187780887.228031 222823565.838289 -1279.63604071618 27.178978829696
30000 186499738.029058 222848945.114457 -1282.66308767305 23.5745226638628
31000 185215559.604417 222870704.727227 -1285.69447934462 19.9395971839993
32000 183928347.64798 222888814.042015 -1288.73013809121 16.2738711301707
33000 182638097.932669 222903242.090809 -1291.76998343949 12.577008893047
34000 181344806.313329 222913957.567784 -1294.81393200286 8.84867045338654
35000 180048468.729684 222920928.824869 -1297.86189739963 5.08851132083577
36000 178749081.20937 222924123.867238 -1300.91379016887 1.29618247204934
37000 177446639.871061 222923510.348752 -1303.96951768396 -2.5286697118636
38000 176141140.927677 222919055.567328 -1307.02898406361 -6.38640350856107
39000 174832580.689684 222910726.460251 -1310.09209008054 -10.2773819183505
40000 173520955.568487 222898489.599413 -1313.15873306743 -14.2019727287233
41000 172206262.07992 222882311.186501 -1316.22880682032 -18.1605485795323
42000 170888496.84783 222862157.048109 -1319.30220149929 -22.1534870288014
43000 169567656.607764 222837992.630786 -1322.3788035263 -26.1811706191557
44000 168243738.210759 222809782.996016 -1325.45849548017 -30.2439869448584
45000 166916738.62724 222777492.815138 -1328.54115598865 -34.3423287194407
46000 165586654.951028 222741086.364185 -1331.62665961738 -38.4765938439075
47000 164253484.403454 222700527.518673 -1334.7148767557 -42.6471854755009
48000 162917224.337599 222655779.748298 -1337.80567349938 -46.8545120970043
49000 161577872.242643 222606806.111584 -1340.89891152983 -51.0989875865624
50000 160235425.748344 222553569.250449 -1343.99444799008 -55.3810312879968
51000 158889882.62964 222496031.384707 -1347.09213535714 -59.7010680815903
52000 157541240.81138 222434154.306489 -1350.19182131081 -64.059528455313
53000 156189498.373185 222367899.374611 -1353.29334859873 -68.4568485764621
54000 154834653.554454 222297227.508846 -1356.39655489769 -72.8934703636794
55000 153476704.759505 222222099.184146 -1359.50127267094 -77.3698415593198
56000 152115650.562858 222142474.424778 -1362.60732902146 -81.8864158021228
57000 150751489.714676 222058312.798391 -1365.71454554117 -86.4436527001584
58000 149384221.146347 221969573.41001 -1368.82273815571 -91.0420179039968
59000 148013843.976233 221876214.895961 -1371.93171696503 -95.6819831800596
60000 146640357.51558 221778195.417711 -1375.04128607923 -100.364026484103
61000 145263761.274586 221675472.655648 -1378.15124344997 -105.08863203478
62000 143884054.96865 221568003.802779 -1381.26138069696 -109.856290387224
63000 142501238.52479 221455745.558357 -1384.37148292958 -114.667498506596
64000 141115312.088247 221338654.121434 -1387.48132856346 -119.522759841537
65000 139726276.029272 221216685.184341 -1390.59068913187 -124.422584397438
66000 138334130.950105 221089793.926095 -1393.69932909172 -129.36748880948
67000 136938877.692148 220957935.005733 -1396.80700562415 -134.357996415352
68000 135540517.343346 220821062.555572 -1399.91346842939 -139.394637327563
69000 134139051.245774 220679130.1744 -1403.01845951593 -144.477948505267
70000 132734481.00343 220532090.920592 -1406.12171298358 -149.608473825511
71000 131326808.490264 220379897.305159 -1409.22295480058 -154.786764153795
72000 129916035.858415 220222501.28472 -1412.32190257424 -160.013377413852
73000 128502165.546695 220059854.254417 -1415.41826531528 -165.288878656525
74000 127085200.289304 219891907.040745 -1418.51174319535 -170.613840127636
75000 125665143.124793 219718609.894331 -1421.60202729793 -175.988841334713
76000 124241997.40528 219539912.482635 -1424.68879936198 -181.414469112444
77000 122815766.805928 219355763.88259 -1427.77173151862 -186.891317686721
78000 121386455.334682 219166112.573186 -1430.85048602024 -192.419988737121
79000 119954067.342292 218970906.427976 -1433.92471496211 -198.001091457681
80000 118518607.532608 218770092.707542 -1436.9940599962 -203.635242615772
81000 117080080.973174 218563618.051884 -1440.05815203691 -209.323066608932
82000 115638493.106114 218351428.472771 -1443.11661095868 -215.065195519451
83000 114193849.759326 218133469.34602 -1446.16904528517 -220.862269166517
84000 112746157.157991 217909685.403744 -1449.21505186971 -226.714935155716
85000 111295421.936412 217680020.726536 -1452.254215567 -232.623848925673
86000 109841651.150173 217444418.735615 -1455.28610889561 -238.589673791602
87000 108384852.288653 217202822.184931 -1458.31029169119 -244.613080985518
88000 106925033.287887 216955173.153228 -1461.3263107502 -250.69474969286
89000 105462202.543782 216701413.036072 -1464.33369946369 -256.835367085256
90000 103996368.925714 216441482.537855 -1467.33197744118 -263.035628349145
91000 102527541.790502 216175321.663764 -1470.3206501242 -269.296236709955
92000 101055730.996772 215902869.711732 -1473.29920838924 -275.617903451524
93000 99580946.9197241 215624065.264372 -1476.26712814006 -282.001347930439
94000 98103200.4663165 215338846.180902 -1479.22386988883 -288.447297584924
95000 96622503.0908694 215047149.58906 -1482.16887832602 -294.956487937939
96000 95138866.8111069 214748911.877016 -1485.10158187879 -301.529662594078
97000 93652304.2246456 214444068.685302 -1488.0213922575 -308.167573229878
98000 92162828.5259443 214132554.898742 -1490.92770399017 -314.870979577093
99000 90670453.523723 213814304.638411 -1493.81989394464 -321.640649398515
100000 89175193.658868 213489251.253621 -1496.69732083808 -328.477358455834
101000 87677064.0228331 213157327.313935 -1499.5593247337 -335.381890469072
102000 86176080.37655 212818464.601241 -1502.40522652428 -342.355037067054
103000 84672259.1698637 212472594.101867 -1505.23432740235 -349.397597728379
104000 83165617.561502 212119645.998763 -1508.04590831675 -356.510379712318
105000 81656173.4395981 211759549.663766 -1510.83922941524 -363.69419797903
106000 80143945.4427746 211392233.649938 -1513.61352947302 -370.94987509848
107000 78628952.9818091 211017625.684008 -1516.36802530681 -378.278241147389
108000 77111216.2618922 210635652.658925 -1519.1019111743 -385.680133593526
109000 75590756.3054906 210246240.626525 -1521.81435815872 -393.156397166622
110000 74067594.975838 209849314.790344 -1524.50451353836 -400.707883715138
111000 72541755.0010609 209444799.498575 -1527.17150014064 -408.335452048101
112000 71013259.9989578 209032618.237194 -1529.81441568077 -416.039967761172
113000 69482134.5024504 208612693.623266 -1532.43233208463 -423.822303046075
114000 67948403.9857172 208184947.398453 -1535.02429479567 -431.683336482475
115000 66412094.8910291 207749300.422736 -1537.58932206585 -439.62395281136
116000 64873234.6563025 207305672.668377 -1540.12640423015 -447.645042688928
117000 63331851.7433852 206853983.214134 -1542.63450296492 -455.747502419931
118000 61787975.6670939 206394150.239754 -1545.11255052951 -463.932233669413
119000 60241637.0250161 205926091.020769 -1547.5594489915 -472.200143151679
120000 58692867.5280972 205449721.923612 -1549.97406943512 -480.55214229535
121000 57141700.0320253 204964958.401074 -1552.35525115311 -488.989146883229
122000 55588168.5694355 204471714.988153 -1554.70180082176 -497.512076665732
123000 54032308.382944 203969905.298278 -1557.01249165932 -506.121854946524
124000 52474155.9590354 203459442.019985 -1559.28606256784 -514.819408138963
125000 50913749.0628135 202940236.914037 -1561.52121725837 -523.605665291923
126000 49351126.7736374 202412200.811039 -1563.71662335995 -532.481557583461
127000 47786329.5216555 201875243.609579 -1565.87091151224 -541.44801778078
128000 46219399.1252553 201329274.27492 -1567.9826744424 -550.505979664841
129000 44650378.8294439 200774200.83829 -1570.0504660262 -559.656377417952
130000 43079313.3451752 200209930.396806 -1572.07280033388 -568.900144972548
131000 41506248.889639 199636369.114062 -1574.04815066125 -578.238215319386
132000 39931233.2275252 199053422.221438 -1575.97494854637 -587.671519773218
133000 38354315.7132797 198460994.020158 -1577.85158277242 -597.200987194031
134000 36775547.334363 197858987.884155 -1579.67639835756 -606.827543161805
135000 35194980.7555256 197247306.263786 -1581.44769553231 -616.552109102729
136000 33612670.3641115 196625850.690442 -1583.16372870547 -626.375601364691
137000 32028672.316402 195994521.782107 -1584.8227054194 -636.298930239832
138000 30443044.5850077 195353219.249933 -1586.42278529576 -646.322998931884
139000 28855847.0073207 194701841.90586 -1587.96207897291 -656.448702465914
140000 27267141.3350317 194040287.671372 -1589.43864703615 -666.676926538057
141000 25676991.2847207 193368453.587421 -1590.8504989424 -677.008546302751
142000 24085462.5895242 192686235.82561 -1592.19559194065 -687.44442509491
143000 22492623.0518848 191993529.70067 -1593.47182999015 -697.98541308444
144000 20898542.5973816 191290229.684333 -1594.67706267803 -708.632345860401
145000 19303293.3296431 190576229.420652 -1595.80908413848 -719.386042942101
146000 17706949.586339 189851421.742838 -1596.86563197573 -730.247306214328
147000 16109587.9962463 189115698.691724 -1597.84438619319 -741.216918283919
148000 14511287.5373821 188368951.535884 -1598.74296813143 -752.295640754742
149000 12912129.5961924 187611070.793543 -1599.55893941784 -763.484212418253
150000 11312198.0277846 186841946.256327 -1600.28980093102 -774.783347356631
151000 9711579.21718667 186061467.014957 -1600.9329917832 -786.193732955577
152000 8110362.14161369 185269521.486982 -1601.48588832428 -797.716027823762
153000 6508638.4337175 184465997.446632 -1601.94580317125 -809.350859616009
154000 4906502.44579278 183650782.056905 -1602.30998426726 -821.098822757193
155000 3304051.31490754 182823761.903973 -1602.57561397445 -832.960476063923
156000 1701385.02892169 181984823.034028 -1602.73980820558 -844.93634026113
157000 98606.4933527075 181133850.992658 -1602.7996155992 -857.026895390666
158000 -1504178.40095794 180270730.866871 -1602.75201674388 -869.232578109122
159000 -3106860.70942947 179395347.329879 -1602.59392345712 -881.553778872176
160000 -4709328.36463523 178507584.688757 -1602.32217812505 -893.99083900285
161000 -6311466.10656893 177607326.935089 -1601.9335531093 -906.544047641193
162000 -7913155.4123541 176694457.798726 -1601.42475022795 -919.213638573096
163000 -9514274.42547454 175768860.804777 -1600.79240031766 -931.999786936025
164000 -11114697.8846107 174830419.333958 -1600.03306288468 -944.902605799798
165000 -12714297.0521747 173879016.686422 -1599.1432258528 -957.922142620644
166000 -14312939.6426457 172914536.149196 -1598.11930541664 -971.05837556712
167000 -15910489.7508141 171936861.067364 -1596.95764600928 -984.311209716733
168000 -17506807.7800554 170945874.919109 -1595.65452039351 -997.680473122501
169000 -19101750.3707606 169941461.394765 -1594.20612988659 -1011.16591274898
170000 -20695170.3290624 168923504.479982 -1592.60860472865 -1024.7671902778
171000 -22286916.556006 167891888.543172 -1590.85800460562 -1038.48387778319
172000 -23876833.9773255 166846498.427324 -1588.95031933768 -1052.31545327842
172800 -25147344.3840047 166000191.902147 -1587.30833090254 -1063.46301939875
