0 -155128221.219755 -273186954.780412 499.376203856571 1091.15691219082
1000 -154627845.228179 -272094037.658598 501.378524414939 1094.68170685564
2000 -154125458.638188 -270997582.551619 503.397443370232 1098.23294704202
3000 -153621044.722387 -269897562.819013 505.433219671526 1101.81102401309
4000 -153114586.491545 -268793951.42487 507.486118072271 1105.41633744139
5000 -152606066.688701 -267686720.929304 509.556409300412 1109.04929564697
6000 -152095467.783112 -266575843.479681 511.64437023468 1112.71031584383
7000 -151582771.963998 -265461290.801603 513.750284087319 1116.3998243951
8000 -151067961.134127 -264343034.189621 515.87444059353 1120.11825707735
9000 -150551016.903185 -263221044.497694 518.017136207932 1123.86605935438
10000 -150031920.580962 -262095292.12935 520.178674308336 1127.64368666084
11000 -149510653.170318 -260965747.027579 522.359365407166 1131.45160469635
12000 -148987195.359944 -259832378.664412 524.559527370893 1135.2902897302
13000 -148461527.516892 -258695156.030193 526.77948564778 1139.16022891746
14000 -147933629.678878 -257554047.622532 529.019573504404 1143.06192062676
15000 -147403481.546339 -256409021.434923 531.280132271267 1146.99587478036
16000 -146871062.474244 -255260044.945016 533.561511597985 1150.96261320706
17000 -146336351.463643 -254107085.102525 535.864069718466 1154.96267000854
18000 -145799327.152946 -252950108.316767 538.188173726549 1158.99659193963
19000 -145259967.808919 -251789080.443817 540.534199862586 1163.06493880336
20000 -144718251.317391 -250623966.77325 542.902533811538 1167.16828386124
21000 -144174155.173657 -249454732.014474 545.293571013045 1171.30721425967
22000 -143627656.472558 -248281340.282624 547.707716984145 1175.48233147312
23000 -143078731.898241 -247103755.084005 550.145387655188 1179.69425176489
24000 -142527357.713573 -245921939.301066 552.607009719612 1183.94360666635
25000 -141973509.749192 -244735855.176884 555.093020998285 1188.23104347547
26000 -141417163.392194 -243545464.299139 557.603870819089 1192.55722577563
27000 -140858293.574433 -242350727.583559 560.140020412568 1196.92283397561
28000 -140296874.760405 -241151605.256821 562.701943324404 1201.32856587196
29000 -139732880.934727 -239948056.838866 565.290125845598 1205.7751372347
30000 -139166285.589167 -238740041.124626 567.905067461256 1210.26328241756
31000 -138597061.709215 -237527516.165121 570.547281318968 1214.79375499406
32000 -138025181.760179 -236310439.247916 573.217294717751 1219.3673284206
33000 -137450617.672781 -235088766.876889 575.915649618677 1223.98479672817
34000 -136873340.828231 -233862454.751302 578.642903178345 1228.64697524389
35000 -136293322.04275 -232631457.744127 581.399628306357 1233.35470134406
36000 -135710531.551535 -231395729.879611 584.186414248169 1238.10883524044
37000 -135124938.992114 -230155224.310031 587.003867194627 1242.91026080138
38000 -134536513.387089 -228909893.291609 589.852610919711 1247.7598864097
39000 -133945223.126217 -227659688.159557 592.733287447991 1252.6586458594
40000 -133351035.947819 -226404559.302199 595.646557753497 1257.60749929307
41000 -132753918.91946 -225144456.134134 598.593102491734 1262.60743418249
42000 -132153838.417893 -223879327.0684 601.573622766761 1267.65946635466
43000 -131550760.108207 -222609119.487584 604.588840935297 1272.76464106576
44000 -130944648.922162 -221333779.713837 607.639501450039 1277.92403412579
45000 -130335469.035647 -220053252.977734 610.726371744442 1283.1387530768
46000 -129723183.845242 -218767483.38593 613.850243161423 1288.40993842769
47000 -129107755.943828 -217476413.887551 617.011931928573 1293.73876494882
48000 -128489147.095189 -216179986.239258 620.212280182717 1299.1264430301
49000 -127867318.207572 -214878140.968921 623.45215704673 1304.57422010602
50000 -127242229.306138 -213570817.337834 626.732459761872 1310.08338215181
51000 -126613839.504254 -212257953.301395 630.054114879021 1315.65525525489
52000 -125982106.973562 -210939485.468172 633.418079512502 1321.29120726616
53000 -125346988.912761 -209615349.05728 636.825342660421 1326.99264953608
54000 -124708441.515031 -208285477.853979 640.276926595749 1332.76103874064
55000 -124066419.934038 -206949804.163393 643.773888332683 1338.59787880297
56000 -123420878.248419 -205608258.76226 647.317321173167 1344.50472291643
57000 -122771769.424691 -204260770.848607 650.908356338816 1350.48317567581
58000 -122119045.278473 -202907267.989234 654.548164693894 1356.53489532346
59000 -121462656.433946 -201547676.064895 658.237958565419 1362.6615961178
60000 -120802552.281436 -200181919.213038 661.978993666984 1368.86505083231
61000 -120138680.933019 -198809919.767991 665.772571133329 1375.14709339354
62000 -119470989.176032 -197431598.198423 669.620039673343 1381.50962166755
63000 -118799422.424373 -196046873.041945 673.522797849718 1387.95460040467
64000 -118123924.667452 -194655660.83669 677.48229649423 1394.48406435363
65000 -117444438.416647 -193257876.049672 681.500041268258 1401.10012155647
66000 -116760904.649141 -191853431.001777 685.577595379064 1407.80495683715
67000 -116073262.748937 -190442235.789142 689.716582463144 1414.6008354974
68000 -115381450.444922 -189024198.200741 693.918689649004 1421.49010723463
69000 -114685403.745759 -187599223.63193 698.185670812732 1428.475210298
70000 -113985056.871429 -186167214.993716 702.519350040912 1435.55867590005
71000 -113280342.181193 -184728072.617469 706.921625316731 1442.74313290282
72000 -112571190.097755 -183281694.154811 711.394472446518 1450.03131279901
73000 -111857529.027371 -181827974.472361 715.939949245532 1457.42605501055
74000 -111139285.275624 -180366805.541016 720.560200003533 1464.93031252892
75000 -110416382.958603 -178898076.31941 725.257460252579 1472.54715792379
76000 -109688743.909129 -177421672.631167 730.034061861576 1480.27978974895
77000 -108956287.577737 -175937477.035534 734.892438484492 1488.13153937718
78000 -108218930.927998 -174445368.690958 739.835131391659 1496.10587829862
79000 -107476588.32582 -172945223.211105 744.86479571654 1504.20642592058
80000 -106729171.422279 -171436912.512829 749.984207153486 1512.43695791035
81000 -105976589.0295 -169920304.655484 755.196269145577 1520.80141512639
82000 -105218746.989096 -168395263.671015 760.504020605632 1529.30391318819
83000 -104455548.0326 -166861649.384121 765.910644217914 1537.94875273976
84000 -103686891.633282 -165319317.221786 771.419475372946 1546.74043046725
85000 -102912673.848684 -163768118.011389 777.034011793528 1555.68365093784
86000 -102132787.15317 -162207897.766538 782.757923916198 1564.78333933351
87000 -101347120.259675 -160638497.459678 788.595066099396 1574.04465516151
88000 -100555557.929808 -159059752.780477 794.549488737513 1583.47300703179
89000 -99757980.771349 -157471493.878848 800.625451368878 1593.07406860182
90000 -98954265.0220966 -155873545.091405 806.827436875772 1602.85379580002
91000 -98144282.3189331 -154265724.649995 813.160166885927 1612.81844545175
92000 -97327899.4508294 -152647844.370861 819.628618497896 1622.97459544583
93000 -96504978.0944097 -151019709.322789 826.238042467197 1633.32916659548
94000 -95675374.5305358 -149381117.472486 832.993983006938 1643.88944636603
95000 -94838939.3402123 -147731859.305217 839.902299375434 1654.66311466174
96000 -93995517.0779304 -146071717.418528 846.969189445198 1665.65827188827
97000 -93144945.9203616 -144400466.086679 854.201215472329 1676.88346953348
98000 -92287057.2880826 -142717870.793123 861.605332313991 1688.34774354006
99000 -91421675.4377398 -141023687.728082 869.188918374307 1700.06065077866
100000 -90548617.0217741 -139317663.247961 876.959809596871 1712.03230897018
101000 -89667690.6124824 -137599533.292956 884.926336865678 1724.27344045227
102000 -88778696.186802 -135869022.758786 893.09736722693 1736.7954202387
103000 -87881424.5677722 -134125844.818005 901.48234940287 1749.61032888169
104000 -86975656.8181112 -132369700.185817 910.091364137309 1762.73101071958
105000 -86061163.5807789 -130600276.324674 918.935179992486 1776.17113817474
106000 -85137704.360725 -128817246.581244 928.025315310504 1789.94528286485
107000 -84205026.7412525 -127020269.248487 937.374107162749 1804.06899440343
108000 -83262865.5275503 -125208986.54469 946.994788240404 1818.55888789961
109000 -82310941.8089072 -123383023.500156 956.901572792674 1833.43274132378
110000 -81348961.9299386 -121541986.741051 967.10975290141 1848.70960409108
111000 -80376616.3597508 -119685463.158413 977.635806597727 1864.40991843458
112000 -79393578.4463455 -117813018.448633 988.497519585395 1880.55565540072
113000 -78399503.0416457 -115924195.509763 999.714122646942 1897.17046761149
114000 -77394024.9802742 -114018512.675635 1011.30644718306 1914.27986131081
115000 -76376757.3925324 -112095461.767084 1023.29710178943 1931.91139066168
116000 -75347289.8288739 -110154505.936313 1035.71067332606 1950.09487780306
117000 -74305186.1693717 -108195077.276604 1048.57395660683 1968.86266283315
118000 -73249982.2871628 -106216574.16507 1061.91621766239 1988.24988868813
119000 -72181183.429404 -104218358.300627 1075.76949654685 2008.29482686735
120000 -71098261.2726938 -102199751.392904 1090.16895692028 2029.03925116591
121000 -70000650.6019335 -100160031.449879 1105.15329121132 2050.5288680721
122000 -68887745.5518384 -98098428.6024863 1120.76519213607 2072.81381435093
123000 -67758895.338345 -96014120.3928057 1137.05190383793 2095.94923466862
124000 -66613399.3923792 -93906226.4381676 1154.06586907348 2119.99595505347
125000 -65450501.7900811 -91773802.3659225 1171.86549291276 2145.02127171967
126000 -64269384.8506293 -89615832.8918146 1190.51604863309 2171.09987954694
127000 -63069161.7438871 -87431223.8876703 1210.09075825269 2198.31497064506
128000 -61848867.913419 -85218793.2498723 1230.67208901601 2226.75954139482
129000 -60607451.0735337 -82977260.3367316 1252.35331885816 2256.53795677634
130000 -59343759.4785445 -80705233.6874982 1275.24043950896 2287.76783455782
131000 -58056528.083776 -78401196.6644515 1299.45448697179 2320.58233026958
132000 -56744362.1145004 -76063490.5668417 1325.13441783635 2355.13292861869
133000 -55405717.4217962 -73690294.6438357 1352.44068950353 2391.59288070388
134000 -54038876.8201443 -71279602.2722835 1381.5597577482 2430.16147288171
135000 -52641921.3512586 -68829192.3486145 1412.70978345047 2471.06937811653
136000 -51212695.0739223 -66336594.6500246 1446.14795307983 2514.58543277145
137000 -49748761.4979129 -63799047.5149239 1482.17998236157 2561.02531445194
138000 -48247349.0962712 -61213445.6261704 1521.17261794963 2610.76279080059
139000 -46705282.3422757 -58576274.875625 1563.57032456757 2664.24449906473
140000 -45118893.2624575 -55883530.123746 1609.91792352977 2722.00965791326
141000 -43483906.3074028 -53130609.9483052 1660.89186875228 2784.71680136994
142000 -41795285.966828 -50312179.8801435 1717.34435092427 2853.18072552315
143000 -40047031.2093736 -47421991.6044783 1780.36695786294 2928.42465035582
144000 -38231892.0948483 -44452639.2035081 1851.38505152298 3011.7556796533
145000 -36340969.1281879 -41395222.9789275 1932.30208465372 3104.87707956581
146000 -34363129.8670148 -38238873.387327 2025.72845104359 3210.06091767207
147000 -32284129.0805716 -34970055.4718448 2135.36043383009 3330.42402951355
148000 -30085224.2608525 -31571513.7013242 2266.64148729261 3470.39025885997
149000 -27740879.6341682 -28020596.0125774 2427.99369069785 3636.51038095816
150000 -25214696.0447515 -24286433.7693453 2633.30908577204 3839.02518485443
151000 -22451533.4628236 -20324828.8717935 2907.57439737033 4095.13758377507
152000 -19360290.5060067 -16068001.6331143 3301.67582310314 4436.78770881134
153000 -15768719.9488603 -11400852.7197779 3941.62363237575 4932.80603626716
154000 -11260849.8356446 -6092378.67786339 5277.16466894887 5771.9135674266
154765 -6247259.09400915 -1253866.39776863 8663.45156673471 6996.50464130293
