0 -202176253.534524 -240459226.871717 -1191.37036302464 143.654648746703
1000 -203366324.620266 -240314030.254805 -1188.77197820652 146.735060566899
2000 -204553797.841668 -240165763.771484 -1186.17464553095 149.794409637983
3000 -205738674.284183 -240014448.400535 -1183.57843136988 152.832863644121
4000 -206920955.098888 -239860104.953807 -1180.98340060032 155.850588767586
5000 -208100641.501001 -239702754.077713 -1178.38961663326 158.847749700359
6000 -209277734.768429 -239542416.254716 -1175.79714144215 161.824509655754
7000 -210452236.240347 -239379111.804796 -1173.20603559074 164.781030380054
8000 -211624147.315799 -239212860.88692 -1170.61635826045 167.717472164154
9000 -212793469.452331 -239043683.500483 -1168.02816727715 170.63399385522
10000 -213960204.164649 -238871599.486752 -1165.44151913753 173.530752868343
11000 -215124353.023299 -238696628.530291 -1162.85646903483 176.407905198182
12000 -216285917.653383 -238518790.160373 -1160.27307088419 179.265605430616
13000 -217444899.733286 -238338103.752384 -1157.69137734744 182.104006754367
14000 -218601300.993441 -238154588.529217 -1155.11143985745 184.92326097262
15000 -219755123.215106 -237968263.562649 -1152.53330864201 187.723518514619
16000 -220906368.229178 -237779147.774709 -1149.95703274723 190.504928447236
17000 -222055037.915016 -237587259.939038 -1147.38266006049 193.267638486523
18000 -223201134.199297 -237392618.682227 -1144.81023733302 196.011795009227
19000 -224344659.054893 -237195242.485161 -1142.23981020191 198.737543064275
20000 -225485614.49976 -236995149.68433 -1139.67142321182 201.445026384226
21000 -226624002.595867 -236792358.473147 -1137.10511983625 204.134387396682
22000 -227759825.448124 -236586886.903247 -1134.5409424983 206.805767235661
23000 -228893085.203351 -236378752.88577 -1131.97893259118 209.459305752923
24000 -230023784.049255 -236167974.192641 -1129.41913049825 212.095141529257
25000 -231151924.213427 -235954568.457837 -1126.86157561262 214.713411885712
26000 -232277507.962367 -235738553.178638 -1124.30630635651 217.314252894786
27000 -233400537.600517 -235519945.716871 -1121.75336020011 219.89779939156
28000 -234521015.469323 -235298763.300143 -1119.20277368012 222.464184984778
29000 -235638943.946307 -235075023.023058 -1116.65458241801 225.013542067871
30000 -236754325.444163 -234848741.848434 -1114.10882113777 227.546001829924
31000 -237867162.409867 -234619936.608494 -1111.56552368349 230.06169426659
32000 -238977457.323808 -234388624.006059 -1109.02472303646 232.560748190934
33000 -240085212.69893 -234154820.615723 -1106.48645133205 235.043291244221
34000 -241190431.079897 -233918542.885021 -1103.95073987618 237.509449906644
35000 -242293115.042272 -233679807.135584 -1101.41761916154 239.95934950798
36000 -243393267.191709 -233438629.564284 -1098.88711888348 242.393114238186
37000 -244490890.163164 -233195026.244366 -1096.35926795556 244.81086715793
38000 -245585986.620127 -232949013.126579 -1093.83409452483 247.212730209047
39000 -246678559.253853 -232700606.040281 -1091.31162598685 249.598824224939
40000 -247768610.782625 -232449820.69455 -1088.79188900034 251.96926894089
41000 -248856143.951024 -232196672.679271 -1086.27490950163 254.324183004324
42000 -249941161.529208 -231941177.466224 -1083.7607127188 256.663683984989
43000 -251023666.312219 -231683350.41015 -1081.24932318552 258.987888385067
44000 -252103661.119287 -231423206.749821 -1078.74076475467 261.296911649206
45000 -253181148.793164 -231160761.609087 -1076.23506061169 263.5908681745
46000 -254256132.199457 -230896029.997921 -1073.73223328766 265.869871320366
47000 -255328614.225983 -230629026.813451 -1071.23230467215 268.134033418381
48000 -256398597.782131 -230359766.840985 -1068.73529602577 270.383465782011
49000 -257466085.798245 -230088264.755019 -1066.24122799255 272.618278716293
50000 -258531081.225007 -229814535.120249 -1063.75012061208 274.83858152743
51000 -259593587.032842 -229538592.392556 -1061.26199333132 277.044482532302
52000 -260653606.211331 -229260450.919997 -1058.77686501633 279.236089067927
53000 -261711141.768636 -228980124.943777 -1056.29475396365 281.413507500822
54000 -262766196.730932 -228697628.599217 -1053.81567791153 283.576843236299
55000 -263818774.141862 -228412975.916708 -1051.33965405094 285.726200727687
56000 -264868877.061989 -228126180.822662 -1048.86669903636 287.861683485472
57000 -265916508.568266 -227837257.140445 -1046.39682899634 289.983394086367
58000 -266961671.753517 -227546218.591314 -1043.9300595439 292.091434182303
59000 -268004369.725925 -227253078.795327 -1041.4664057867 294.185904509343
60000 -269044605.608531 -226957851.272265 -1039.00588233706 296.266904896524
61000 -270082382.538749 -226660549.442527 -1036.54850332173 298.334534274618
62000 -271117703.667875 -226361186.628028 -1034.0942823915 300.388890684823
63000 -272150572.160627 -226059776.053083 -1031.64323273065 302.430071287375
64000 -273180991.194675 -225756330.845284 -1029.19536706619 304.458172370085
65000 -274208963.96019 -225450864.036365 -1026.75069767694 306.473289356801
66000 -275234493.659404 -225143388.56307 -1024.30923640241 308.475516815793
67000 -276257583.506174 -224833917.267994 -1021.87099465155 310.464948468069
68000 -277278236.725549 -224522462.900433 -1019.43598341133 312.441677195607
69000 -278296456.553363 -224209038.117217 -1017.00421325509 314.405795049524
70000 -279312246.235814 -223893655.483539 -1014.57569435086 316.357393258157
71000 -280325609.029075 -223576327.473769 -1012.15043646937 318.296562235086
72000 -281336548.198892 -223257066.472268 -1009.72844899204 320.22339158707
73000 -282345067.020199 -222935884.774191 -1007.30974091874 322.137970121919
74000 -283351168.776744 -222612794.586282 -1004.89432087541 324.040385856282
75000 -284354856.760718 -222287808.027659 -1002.48219712159 325.930726023377
76000 -285356134.272388 -221960937.130597 -1000.07337755773 327.809077080639
77000 -286355004.61975 -221632193.841296 -997.667869732406 329.675524717295
78000 -287351471.118171 -221301590.020651 -995.265680849416 331.530153861876
79000 -288345537.090055 -220969137.445003 -992.866817774695 333.37304868965
80000 -289337205.864504 -220634847.806892 -990.471287043127 335.204292629986
81000 -290326480.776995 -220298732.7158 -988.079094865231 337.023968373651
82000 -291313365.169052 -219960803.698882 -985.690247133701 338.832157880037
83000 -292297862.38794 -219621072.201698 -983.304749429845 340.628942384309
84000 -293279975.78635 -219279549.588932 -980.922607029883 342.414402404499
85000 -294259708.722098 -218936247.145106 -978.543824911133 344.188617748522
86000 -295237064.557832 -218591176.075285 -976.168407758097 345.951667521122
87000 -296212046.660739 -218244347.505777 -973.796359968392 347.703630130759
88000 -297184658.402265 -217895772.48483 -971.427685658612 349.444583296423
89000 -298154903.157832 -217545461.983312 -969.062388670056 351.174604054379
90000 -299122784.306572 -217193426.895396 -966.700472574349 352.893768764851
91000 -300088305.231051 -216839678.039227 -964.34194067896 354.602153118639
92000 -301051469.317015 -216484226.157594 -961.98679603262 356.29983214367
93000 -302012279.953134 -216127081.918585 -959.635041430638 357.986880211482
94000 -302970740.530743 -215768255.916243 -957.286679420101 359.663371043646
95000 -303926854.443607 -215407758.67121 -954.941712304996 361.329377718128
96000 -304880625.087675 -215045600.631372 -952.600142151229 362.984972675576
97000 -305832055.860843 -214681792.172488 -950.26197079154 364.630227725559
98000 -306781150.162725 -214316343.598822 -947.927199830346 366.265214052732
99000 -307727911.394431 -213949265.143762 -945.595830648462 367.890002222946
100000 -308672342.958338 -213580566.970438 -943.267864407773 369.50466218929
101000 -309614448.257879 -213210259.172329 -940.943302055776 371.109263298081
102000 -310554230.697329 -212838351.773872 -938.622144330075 372.703874294789
103000 -311491693.681595 -212464854.731054 -936.304391762757 374.288563329899
104000 -312426840.61602 -212089777.932006 -933.990044684712 375.863397964718
105000 -313359674.906175 -211713131.197592 -931.679103229858 377.428445177121
106000 -314290199.957671 -211334924.281987 -929.371567339295 378.983771367243
107000 -315218419.175963 -210955166.87325 -927.067436765373 380.529442363108
108000 -316144335.966166 -210573868.593899 -924.766711075682 382.065523426202
109000 -317067953.732873 -210191039.001469 -922.469389656983 383.592079256991
110000 -317989275.879975 -209806687.589075 -920.175471719046 385.109174000383
111000 -318908305.810485 -209420823.78596 -917.884956298429 386.616871251127
112000 -319825046.926368 -209033456.958048 -915.597842262176 388.115234059172
113000 -320739502.628372 -208644596.40848 -913.314128311453 389.604324934951
114000 -321651676.315868 -208254251.378157 -911.033812985112 391.084205854631
115000 -322561571.38668 -207862431.046268 -908.7568946632 392.554938265296
116000 -323469191.236938 -207469144.530816 -906.483371570376 394.016583090077
117000 -324374539.260922 -207074400.889143 -904.213241779286 395.46920073324
118000 -325277618.850907 -206678209.118441 -901.946503213871 396.91285108521
119000 -326178433.39702 -206280578.15627 -899.683153652609 398.347593527549
120000 -327076986.287095 -205881516.881058 -897.423190731698 399.77348693788
121000 -327973280.906532 -205481034.112607 -895.166611948172 401.190589694764
122000 -328867320.63816 -205079138.612586 -892.913414662974 402.598959682522
123000 -329759108.862102 -204675839.085028 -890.663596103962 403.99865429601
124000 -330648648.955643 -204271144.176811 -888.41715336885 405.38973044535
125000 -331535944.293104 -203865062.478144 -886.174083428114 406.772244560597
126000 -332420998.245713 -203457602.523044 -883.934383127831 408.146252596371
127000 -333303814.181482 -203048772.789811 -881.698049192455 409.511810036441
128000 -334184395.465088 -202638581.701492 -879.465078227568 410.868971898253
129000 -335062745.457758 -202227037.62635 -877.235466722553 412.217792737416
130000 -335938867.517146 -201814148.87832 -875.009211053237 413.558326652141
131000 -336812764.997232 -201399923.717467 -872.786307484458 414.89062728764
132000 -337684441.248202 -200984370.350434 -870.566752172624 416.214747840464
133000 -338553899.616347 -200567496.930891 -868.350541168183 417.530741062812
134000 -339421143.443959 -200149311.559976 -866.137670418068 418.838659266789
135000 -340286176.069219 -199729822.286733 -863.928135768101 420.138554328616
136000 -341149000.82611 -199309037.108547 -861.721932965334 421.4304776928
137000 -342009621.044316 -198886963.97157 -859.519057660362 422.714480376266
138000 -342868040.049119 -198463610.771153 -857.319505409579 423.990612972435
139000 -343724261.16131 -198038985.352259 -855.123271677409 425.258925655267
140000 -344578287.697105 -197613095.50989 -852.930351838479 426.519468183258
141000 -345430122.968048 -197185948.989492 -850.740741179749 427.772289903404
142000 -346279770.280927 -196757553.487369 -848.554434902631 429.01743975511
143000 -347127232.937688 -196327916.651088 -846.371428125026 430.25496627407
144000 -347972514.235356 -195897046.079882 -844.191715883362 431.484917596102
145000 -348815617.465952 -195464949.325044 -842.015293134561 432.707341460942
146000 -349656545.916416 -195031633.890326 -839.842154757991 433.922285216002
147000 -350495302.868527 -194597107.232325 -837.672295557375 435.129795820086
148000 -351331891.598834 -194161376.760874 -835.505710262663 436.329919847067
149000 -352166315.378576 -193724449.839422 -833.342393531863 437.52270348953
150000 -352998577.473615 -193286333.785414 -831.182339952855 438.708192562373
151000 -353828681.144371 -192847035.870669 -829.025544045145 439.886432506371
152000 -354656629.645747 -192406563.32175 -826.872000261617 441.057468391706
153000 -355482426.227065 -191964923.320333 -824.721702990218 442.221344921455
154000 -356306074.132007 -191522123.003575 -822.574646555641 443.378106435046
155000 -357127576.598544 -191078169.464472 -820.430825220965 444.52779691168
156000 -357946936.858882 -190633069.75222 -818.29023318925 445.670459973713
157000 -358764158.139405 -190186830.872569 -816.152864605129 446.806138889997
158000 -359579243.660605 -189739459.788178 -814.018713556348 447.934876579206
159000 -360392196.637039 -189290963.418959 -811.887774075286 449.056715613106
160000 -361203020.27727 -188841348.642424 -809.760040140447 450.171698219804
161000 -362011717.783812 -188390622.294028 -807.635505677922 451.279866286959
162000 -362818292.353076 -187938791.167508 -805.51416456282 452.381261364957
163000 -363622747.175329 -187485862.015218 -803.396010620677 453.475924670062
164000 -364425085.434635 -187031841.548461 -801.281037628837 454.563897087528
165000 -365225310.308813 -186576736.437816 -799.169239317808 455.645219174671
166000 -366023424.969392 -186120553.313473 -797.06060937259 456.719931163924
167000 -366819432.581561 -185663298.765547 -794.955141433965 457.788072965858
168000 -367613336.30413 -185204979.344403 -792.852829099803 458.84968417216
169000 -368405139.289482 -184745601.560973 -790.753665926292 459.904804058591
170000 -369194844.683541 -184285171.887069 -788.657645429179 460.95347158791
171000 -369982455.625725 -183823696.755696 -786.564761084976 461.995725412769
172000 -370767975.248908 -183361182.56136 -784.47500633214 463.031603878573
172800 -371394887.298868 -182990427.353276 -782.805451402724 463.855741966407
