0 -202176253.534524 -240459226.871717 -1180.61243134575 214.835488110989
1000 -203355566.458099 -240242849.267014 -1178.01335551246 217.9163440569
2000 -204532280.13802 -240023400.914533 -1175.41395704247 220.977007183593
3000 -205706394.290417 -239800901.936711 -1172.81431322224 224.017618086489
4000 -206877908.707976 -239575372.315886 -1170.21449988951 227.038316376734
5000 -208046823.258511 -239346831.895274 -1167.61459145719 230.039240683984
6000 -209213137.883543 -239115300.379951 -1165.01466093689 233.020528659353
7000 -210376852.596915 -238880797.33783 -1162.41477996205 235.982316978486
8000 -211537967.483423 -238643342.200634 -1159.81501881078 238.924741344785
9000 -212696482.697474 -238402954.264869 -1157.21544642821 241.847936492749
10000 -213852398.461762 -238159652.692788 -1154.61613044861 244.752036191453
11000 -215005715.065967 -237913456.513356 -1152.0171372171 247.63717324814
12000 -216156432.865484 -237664384.623212 -1149.41853181103 250.503479511922
13000 -217304552.280155 -237412455.787621 -1146.820378061 253.351085877604
14000 -218450073.793039 -237157688.64143 -1144.22273857157 256.180122289592
15000 -219592997.949198 -236900101.690016 -1141.62567474165 258.990717745924
16000 -220733325.354494 -236639713.310228 -1139.02924678452 261.783000302372
17000 -221871056.67442 -236376541.751328 -1136.43351374757 264.557097076645
18000 -223006192.632942 -236110605.13593 -1133.8385335317 267.313134252679
19000 -224138734.011361 -235841921.460927 -1131.24436291043 270.051237085009
20000 -225268681.647194 -235570508.598422 -1128.65105754868 272.771529903209
21000 -226396036.433081 -235296384.296646 -1126.05867202129 275.474136116408
22000 -227520799.315694 -235019566.180883 -1123.46725983116 278.159178217886
23000 -228642971.294683 -234740071.754377 -1120.8768734272 280.826777789715
24000 -229762553.421626 -234457918.399245 -1118.28756422191 283.477055507485
25000 -230879546.799003 -234173123.377378 -1115.69938260873 286.110131145066
26000 -231993952.579183 -233885703.831345 -1113.11237797906 288.726123579441
27000 -233105771.963436 -233595676.785283 -1110.52659873906 291.325150795581
28000 -234215006.200949 -233303059.145784 -1107.94209232611 293.907329891371
29000 -235321656.58787 -233007867.702791 -1105.35890522511 296.472777082586
30000 -236425724.466363 -232710119.130465 -1102.77708298436 299.0216077079
31000 -237527211.223678 -232409829.988066 -1100.19667023135 301.553936233936
32000 -238626118.291238 -232107016.72082 -1097.61771068816 304.069876260359
33000 -239722447.143744 -231801695.660789 -1095.0402471867 306.569540525001
34000 -240816199.298288 -231493883.027721 -1092.46432168362 309.053040909006
35000 -241907376.313486 -231183594.929912 -1089.88997527508 311.520488442024
36000 -242995979.788629 -230870847.36505 -1087.31724821118 313.971993307405
37000 -244082011.362839 -230555656.221062 -1084.74617991021 316.407664847442
38000 -245165472.714246 -230238037.276952 -1082.17680897265 318.827611568619
39000 -246246365.55918 -229918006.20363 -1079.60917319494 321.231941146884
40000 -247324691.651367 -229595578.564747 -1077.04330958307 323.62076043294
41000 -248400452.781152 -229270769.81751 -1074.47925436584 325.994175457548
42000 -249473650.774726 -228943595.313505 -1071.91704300801 328.352291436846
43000 -250544287.493367 -228614070.299507 -1069.35671022323 330.695212777673
44000 -251612364.832697 -228282209.918286 -1066.79828998664 333.023043082914
45000 -252677884.721948 -227948029.20941 -1064.24181554743 335.33588515684
46000 -253740849.123244 -227611543.110037 -1061.68731944105 337.633841010461
47000 -254801260.030893 -227272766.455713 -1059.13483350133 339.917011866881
48000 -255859119.470691 -226931713.981148 -1056.5843888723 342.185498166656
49000 -256914429.499238 -226588400.321002 -1054.03601601993 344.439399573153
50000 -257967192.203264 -226242840.01066 -1051.48974474357 346.678814977907
51000 -259017409.698972 -225895047.486997 -1048.94560418727 348.903842505978
52000 -260065084.131385 -225545037.089144 -1046.40362285085 351.114579521307
53000 -261110217.67371 -225192823.059247 -1043.86382860092 353.311122632058
54000 -262152812.526704 -224838419.543221 -1041.32624868153 355.493567695967
55000 -263192870.918067 -224481840.591492 -1038.79090972479 357.662009825674
56000 -264230395.101825 -224123100.159749 -1036.25783776127 359.816543394048
57000 -265265387.35774 -223762212.10967 -1033.72705823022 361.957262039514
58000 -266297849.990722 -223399190.209665 -1031.19859598963 364.084258671348
59000 -267327785.330252 -223034048.135595 -1028.67247532613 366.197625474983
60000 -268355195.729815 -222666799.471494 -1026.14871996469 368.297453917283
61000 -269380083.566347 -222297457.710289 -1023.62735307823 370.383834751823
62000 -270402451.23968 -221926036.254504 -1021.10839729702 372.456858024135
63000 -271422301.172014 -221552548.416973 -1018.59187471792 374.516613076953
64000 -272439635.807379 -221177007.421534 -1016.07780691351 376.563188555437
65000 -273454457.611124 -220799426.403728 -1013.566214941 378.596672412378
66000 -274466769.069394 -220419818.411487 -1011.05711935111 380.617151913385
67000 -275476572.688644 -220038196.405818 -1008.55054019665 382.624713642065
68000 -276483870.995127 -219654573.261484 -1006.04649704111 384.619443505161
69000 -277488666.534425 -219268961.767678 -1003.54500896699 386.601426737697
70000 -278490961.870964 -218881374.628689 -1001.04609458404 388.570747908079
71000 -279490759.587545 -218491824.464573 -998.549772037398 390.527490923194
72000 -280488062.284886 -218100323.811804 -996.056059015537 392.47173903347
73000 -281482872.581169 -217706885.123934 -993.564972758104 394.403574837928
74000 -282475193.111594 -217311520.772239 -991.076530063626 396.323080289205
75000 -283465026.527943 -216914243.046363 -988.590747297101 398.23033669855
76000 -284452375.498148 -216515064.154957 -986.107640397449 400.125424740807
77000 -285437242.705872 -216113996.226316 -983.627224884842 402.008424459361
78000 -286419630.850088 -215711051.309001 -981.149515867925 403.879415271066
79000 -287399542.644679 -215306241.372471 -978.674528050899 405.738475971158
80000 -288376980.81803 -214899578.307696 -976.202275740505 407.585684738115
81000 -289351948.112638 -214491073.927777 -973.732772852882 409.421119138525
82000 -290324447.284724 -214080739.968548 -971.266032920307 411.244856131899
83000 -291294481.103852 -213668588.08919 -968.802069097843 413.056972075474
84000 -292262052.352555 -213254629.872821 -966.34089416986 414.857542728985
85000 -293227163.825967 -212838876.827099 -963.882520556448 416.646643259414
86000 -294189818.331464 -212421340.38481 -961.426960319734 418.4243482457
87000 -295150018.688306 -212002031.90445 -958.974225170096 420.190731683433
88000 -296107767.727292 -211580962.670813 -956.524326472259 421.945866989517
89000 -297063068.290413 -211158143.895561 -954.077275251301 423.689827006803
90000 -298015923.23052 -210733586.717798 -951.633082198565 425.422684008693
91000 -298966335.410991 -210307302.20464 -949.191757677465 427.144509703721
92000 -299914307.705403 -209879301.351771 -946.753311729189 428.855375240101
93000 -300859842.997218 -209449595.084008 -944.317754078331 430.555351210245
94000 -301802944.179466 -209018194.255853 -941.885094138403 432.244507655255
95000 -302743614.154437 -208585109.652036 -939.45534101728 433.922914069391
96000 -303681855.833379 -208150351.988067 -937.028503522535 435.590639404494
97000 -304617672.136199 -207713931.910775 -934.604590166697 437.2477520744
98000 -305551065.99117 -207275859.998841 -932.183609172422 438.894319959307
99000 -306482040.334647 -206836146.76333 -929.765568477575 440.530410410126
100000 -307410598.110781 -206394802.648218 -927.350475740236 442.156090252793
101000 -308336742.271244 -205951838.030919 -924.938338343606 443.771425792559
102000 -309260475.774956 -205507263.222798 -922.529163400849 445.376482818244
103000 -310181801.587815 -205061088.469689 -920.122957759848 446.971326606462
104000 -311100722.682441 -204613323.952403 -917.719728007882 448.556021925826
105000 -312017242.037906 -204163979.787234 -915.319480476225 450.130633041107
106000 -312931362.639495 -203713066.026463 -912.922221244674 451.695223717382
107000 -313843087.478443 -203260592.658851 -910.527956145998 453.249857224134
108000 -314752419.551697 -202806569.61014 -908.13669077031 454.794596339333
109000 -315659361.861677 -202351006.743534 -905.748430469375 456.329503353492
110000 -316563917.416036 -201893913.860192 -903.363180360843 457.854640073677
111000 -317466089.227428 -201435300.699703 -900.98094533241 459.370067827504
112000 -318365880.313284 -200975176.940569 -898.601730045917 460.875847467096
113000 -319263293.695584 -200513552.200674 -896.225538941374 462.372039373016
114000 -320158332.400638 -200050436.037758 -893.852376240918 463.858703458173
115000 -321050999.458873 -199585837.949877 -891.482245952715 465.335899171683
116000 -321941297.904616 -199119767.37587 -889.115151874782 466.803685502723
117000 -322829230.775892 -198652233.695816 -886.751097598764 468.26212098434
118000 -323714801.114213 -198183246.231487 -884.390086513635 469.711263697235
119000 -324598011.964382 -197712814.246796 -882.032121809344 471.151171273523
120000 -325478866.374292 -197240946.948251 -879.677206480397 472.581900900454
121000 -326357367.394737 -196767653.485391 -877.325343329387 474.003509324115
122000 -327233518.079216 -196292942.95123 -874.976534970456 475.416052853095
123000 -328107321.483754 -195816824.382687 -872.630783832711 476.819587362131
124000 -328978780.666708 -195339306.761026 -870.288092163569 478.214168295711
125000 -329847898.688595 -194860399.012277 -867.948462032069 479.599850671665
126000 -330714678.611916 -194380110.007666 -865.611895332101 480.976689084717
127000 -331579123.500978 -193898448.564033 -863.278393785609 482.344737710008
128000 -332441236.421725 -193415423.444251 -860.947958945726 483.7040503066
129000 -333301020.44157 -192931043.357642 -858.620592199853 485.054680220942
130000 -334158478.629234 -192445316.960386 -856.296294772704 486.396680390314
131000 -335013614.05458 -191958252.855928 -853.97506772929 487.730103346238
132000 -335866429.788458 -191469859.595383 -851.656911977851 489.055001217872
133000 -336716928.902554 -190980145.677939 -849.341828272751 490.371425735361
134000 -337565114.469223 -190489119.551248 -847.029817217304 491.679428233178
135000 -338410989.561359 -189996789.611827 -844.720879266589 492.979059653421
136000 -339254557.25223 -189503164.205445 -842.415014730177 494.270370549095
137000 -340095820.615349 -189008251.627511 -840.112223774849 495.553411087359
138000 -340934782.724319 -188512060.123458 -837.812506427246 496.828231052751
139000 -341771446.652705 -188014597.889124 -835.515862576482 498.094879850392
140000 -342605815.473891 -187515873.071132 -833.222291976717 499.353406509147
141000 -343437892.26095 -187015893.767263 -830.93179424969 500.603859684773
142000 -344267680.086512 -186514668.026825 -828.644368887195 501.846287663039
143000 -345095182.022634 -186012203.851025 -826.36001525354 503.080738362817
144000 -345920401.140676 -185508509.193336 -824.078732587941 504.307259339146
145000 -346743340.511174 -185003591.959853 -821.800520006899 505.525897786279
146000 -347564003.203719 -184497460.009657 -819.525376506515 506.736700540688
147000 -348382392.286841 -183990121.155171 -817.253300964789 507.939714084064
148000 -349198510.827889 -183481583.162512 -814.984292143862 509.134984546275
149000 -350012361.892919 -182971853.751842 -812.718348692245 510.322557708305
150000 -350823948.546578 -182460940.597714 -810.455469146975 511.502479005171
151000 -351633273.851994 -181948851.329419 -808.195651935771 512.674793528814
152000 -352440340.87067 -181435593.531326 -805.938895379138 513.839546030959
153000 -353245152.662376 -180921174.743222 -803.685197692439 514.996780925955
154000 -354047712.285049 -180405602.460647 -801.434556987923 516.146542293604
155000 -354848022.794684 -179888884.135225 -799.186971276744 517.288873881934
156000 -355646087.245239 -179371027.174999 -796.942438470922 518.423819109981
157000 -356441908.688536 -178852038.944757 -794.70095638528 519.55142107053
158000 -357235490.174159 -178331926.766355 -792.462522739359 520.671722532835
159000 -358026834.749369 -177810697.919039 -790.227135159281 521.784765945316
160000 -358815945.459011 -177288359.639767 -787.994791179604 522.890593438234
161000 -359602825.345411 -176764919.123527 -785.765488245129 523.989246826343
162000 -360387477.448302 -176240383.523646 -783.53922371268 525.080767611519
163000 -361169904.804727 -175714759.952105 -781.315994852874 526.165196985359
164000 -361950110.44896 -175188055.479848 -779.095798851827 527.242575831773
165000 -362728097.412419 -174660277.137087 -776.878632812865 528.31294472954
166000 -363503868.723583 -174131431.913609 -774.664493758179 529.376343954846
167000 -364277427.407914 -173601526.759073 -772.453378630485 530.432813483799
168000 -365048776.487777 -173070568.583311 -770.245284294616 531.482392994926
169000 -365817918.982364 -172538564.256624 -768.040207539128 532.525121871646
170000 -366584857.90762 -172005520.610079 -765.838145077851 533.561039204718
171000 -367349596.276165 -171471444.435793 -763.639093551427 534.59018379467
172000 -368112137.097225 -170936342.48723 -761.44304952882 535.612594154216
172800 -368720589.539871 -170507526.884724 -759.688377362979 536.425699494217
