0 2.2206210711241 0 0.314910197511201 -0
0.0390625 2.19082591115296 -1.54244154710289 0.314962074417652 0
0.078125 2.10011782525669 -3.1490313245027 0.315103556683446 0
0.1171875 1.94480783892618 -4.86771563830393 0.315271482321731 0
0.15625 1.71982754101419 -6.70688429362337 0.315296400293688 0
0.1953125 1.42083250348686 -8.60152855667677 0.314859843616084 0
0.234375 1.04783312252382 -10.3787475288599 0.313644812925732 0
0.2734375 0.609992852794677 -11.757516795161 0.311862657958261 0
0.3125 0.129277122901869 -12.4298264959301 0.310638394908069 -0
0.3515625 -0.361087342199863 -12.2148741315041 0.311058604792375 -0
0.390625 -0.825009918621886 -11.1727089946638 0.312727405364708 -0
0.4296875 -1.23395523240797 -9.56482898855854 0.314326363087711 -0
0.46875 -1.57226218335302 -7.7026511609458 0.315149270768147 -0
0.5078125 -1.83572485435686 -5.82006029120047 0.315319268477876 -0
0.546875 -2.02695439360306 -4.035423254751 0.315195826116246 -0
0.5859375 -2.15099229613428 -2.37413545280332 0.315027493936893 0
0.625 -2.21243372585332 -0.805424413358427 0.314924684815541 0
0.6640625 -2.21391607842791 0.728677174237981 0.314922074469883 -0
0.703125 -2.15550582161598 2.29415891286509 0.315020325292612 -0
0.7421875 -2.03468491336033 3.94978022014632 0.315187120801042 -0
0.78125 -1.84692924191704 5.72826073441669 0.315317342774235 -0
0.8203125 -1.58716454348402 7.60785576123415 0.315170239282923 -0
0.859375 -1.25256551057063 9.47564192186189 0.314387209653832 0
0.8984375 -0.846880018338561 11.10330493109 0.312818809459264 0
0.9375 -0.385119812829224 12.1809562249477 0.311122366295529 0
0.9765625 0.10475718673548 12.4406764411508 0.310616432557963 0
1.015625 0.586808034135681 11.8100471548366 0.311776268766603 0
1.0546875 1.02741712070709 10.4595701023667 0.313563647854049 0
1.09375 1.40396194838308 8.69484133610304 0.314819261856653 0
1.1328125 1.70670160009014 6.80096098059913 0.315288747258415 0
1.171875 1.93528702499239 4.9567149715778 0.315278146786815 0
1.2109375 2.09394495724465 3.23176842578893 0.315112158333706 0
1.25 2.18776893325715 1.62051028470591 0.314967260854101 0
1.2890625 2.2205473232373 0.0763279431066172 0.314910328760237 0
1.328125 2.19373205381235 -1.46453532760958 0.31495711958574 -0
1.3671875 2.1061305007678 -3.06658055845907 0.315095042448023 -0
1.40625 1.95415544768274 -4.77903067210233 0.315264497962164 -0
1.4453125 1.73276872950981 -6.61296855185577 0.315302919780256 -0
1.484375 1.43751727956901 -8.50794882652706 0.314898385149021 -0
1.5234375 1.06808522743738 -10.2969432067174 0.313724332695043 -0
1.5625 0.633068591544208 -11.7032038851325 0.311950410183723 -0
1.6015625 0.153772423911404 -12.4167171927566 0.310664832906976 -0
1.640625 -0.336987439139902 -12.2466915436473 0.310998169432498 0
1.6796875 -0.803000352936039 -11.2406983630531 0.312635643106613 0
1.71875 -1.21516699875343 -9.65340321178282 0.314263395877572 0
1.7578125 -1.55717247885657 -7.79742138431278 0.315126644211691 0
1.796875 -1.82434054440286 -5.91212266901 0.31532049738568 0
1.8359375 -2.01905706237298 -4.12138405421141 0.315204450030869 0
1.875 -2.14632367363813 -2.45434732489296 0.315034840083866 0
1.9140625 -2.21080294713024 -0.882259186600922 0.314927549987453 0
1.953125 -2.21525017259133 0.652009292747203 0.314919720385371 -0
1.9921875 -2.15986472113437 2.21441141823416 0.315013341013649 -0
2.03125 -2.04224928054178 3.86445337228759 0.315178353992553 -0
2.0703125 -1.8579543014244 5.63673143308911 0.315314761266101 -0
2.109375 -1.6018796373317 7.51305645027898 0.315189597984065 -0
2.1484375 -1.27099676624635 9.38587804809493 0.314445919858241 -0
2.1875 -0.868607914824281 11.0325270211313 0.312909700074865 -0
2.2265625 -0.409080592720471 12.1449623354855 0.311189286663211 -0
2.265625 0.0802172676355248 12.4492588473798 0.310599008133939 -0
2.3046875 0.563517754731076 11.8607598159659 0.311691437747452 -0
2.34375 1.00683912825786 10.539370237965 0.313480924850192 -0
2.3828125 1.38690605457209 8.78785772752843 0.314776612502761 -0
2.421875 1.69339051322102 6.89518442689799 0.31527991115274 -0
2.4609375 1.9255923379235 5.04602614229256 0.315284460832129 0
2.5 2.08761130558762 3.31479611964778 0.315120834903008 0
2.5390625 2.18456078477098 1.69874899924692 0.314972675261256 0
2.578125 2.22032607115379 0.152664275655036 0.314910722441002 0
2.6171875 2.19648768130653 -1.38678407519131 0.314952399732806 -0
2.65625 2.11198356527947 -2.98441163900534 0.315086627478056 0
2.6953125 1.96333052200924 -4.69066215528773 0.31525722314393 0
2.734375 1.74552558439761 -6.51922724473635 0.315308354744227 0
2.7734375 1.45401589351421 -8.41413082273487 0.314934916938561 0
2.8125 1.08817161387145 -10.2141975572 0.313802127238179 0
2.8515625 0.656031709357959 -11.6471443961568 0.312039331316758 0
2.890625 0.178238457921703 -12.401358395378 0.310695671870822 0
2.9296875 -0.312824415280944 -12.2763853305991 0.310941220534785 0
2.96875 -0.780854146031356 -11.3072324497741 0.312543684046786 -0
3.0078125 -1.19620195041955 -9.74132796423047 0.314198329635035 -0
3.046875 -1.54189539323686 -7.89214439047515 0.315102312338163 -0
3.0859375 -1.81277573092542 -6.00443985084599 0.315320987472616 -0
3.125 -2.0109922565842 -4.20766386156809 0.315212971728469 -0
3.1640625 -2.14149947011042 -2.53480065927554 0.315042356439347 -0
3.203125 -2.20902355809011 -0.959189625129476 0.314930668383604 -0
3.2421875 -2.21643615957367 0.57541255156176 0.314917623836038 0
3.28125 -2.16406945249934 2.13488653222396 0.31500654755054 0
3.3203125 -2.04964814924367 3.77944080882462 0.315169544713163 0
3.359375 -1.86880063930992 5.54547925193831 0.315311563886701 0
3.3984375 -1.61640758268599 7.41827372148319 0.315207395870386 0
3.4375 -1.28924800481905 9.29557278851856 0.314502483630991 0
3.4765625 -0.890190958582976 10.9604163195926 0.312999928262782 0
3.515625 -0.432965479850873 12.1069183101151 0.311259192406099 0
3.5546875 0.0556620343947659 12.4555672322438 0.310586171197665 0
3.59375 0.540125710168173 11.9096205120088 0.311608360348525 0
3.6328125 0.986101136895454 10.6181070216745 0.313396738768727 -0
3.671875 1.36966532123649 8.88054754189386 0.314731871563861 -0
3.7109375 1.67989391360591 6.98953973985024 0.315269842054232 -0
3.75 1.91572311341229 5.1356461609364 0.315290392832846 -0
3.7890625 2.08111626992907 3.39811842322109 0.31512957322564 -0
3.828125 2.18120111522644 1.77716505188912 0.314978313732729 -0
3.8671875 2.21995728960791 0.229017382893279 0.314911378354157 -0
3.90625 2.19909309826498 -1.30918015194674 0.314947917986407 0
3.9453125 2.11767759023707 -2.90251985482735 0.315078323003401 0
3.984375 1.97233373460659 -4.60261173530197 0.315249686225683 0
4.0234375 1.7580985484166 -6.42567317601384 0.315312753629408 -0
4.0625 1.47032801773051 -8.32010245520715 0.314969472325447 -0
4.1015625 1.10809054410354 -10.1305506919688 0.313878124010186 -0
4.140625 0.678878744920448 -11.5893750638892 0.312129228920675 -0
4.1796875 0.202670617237198 -12.3837616310643 0.310730825077977 -0
4.21875 -0.288602632506448 -12.3039337853368 0.310887910729337 -0
4.2578125 -0.758574209742237 -11.372270987831 0.312451695231365 -0
4.296875 -1.17706130343075 -9.82856605375366 0.314131192101714 0
4.3359375 -1.52643093269174 -7.98679735968042 0.315076229016072 0
4.375 -1.80102984715578 -6.09700322436703 0.315320695709564 0
4.4140625 -2.00275930959542 -4.2942635737668 0.315221369459805 0
4.453125 -2.13651918885631 -2.61550142235715 0.315050035257507 0
4.4921875 -2.20709535821707 -1.03622381022001 0.314934038227957 0
4.53125 -2.21747417402975 0.498878696964326 0.314915785940678 -0
4.5703125 -2.16812046001673 2.055577674997 0.314999950960574 -0
4.609375 -2.05688216817061 3.69474031379539 0.315160711125038 -0
4.6484375 -1.87946887300147 5.45451049889323 0.315307789491561 -0
4.6875 -1.63074853544457 7.32352730148525 0.315223682539032 -0
4.7265625 -1.30731830257293 9.20476092681384 0.314556896295434 -0
4.765625 -0.911626588037243 10.8870140319515 0.313089351719609 -0
4.8046875 -0.456770331326719 12.0668512840203 0.311331904588925 -0
4.84375 0.0310961685268416 12.459596824706 0.31057795834827 -0
4.8828125 0.516635670603437 11.9565959158346 0.311527231600057 0
4.921875 0.965205224451423 10.6957393597839 0.313311191955099 0
4.9609375 1.35224030808655 8.97287984826001 0.314685018692957 0
5 1.66621146259674 7.08401131011865 0.315258489743002 0
5.0390625 1.90567869168957 5.2255715654464 0.315295910057022 0
5.078125 2.07445924114724 3.48173910439108 0.315138359440961 0
5.1171875 2.17768955922012 1.8557657005476 0.314984172075731 0
5.15625 2.21944093650252 0.305395641675841 0.314912296166441 0
5.1953125 2.20154859372605 -1.23171583833427 0.314943677239038 -0
5.234375 2.12321313663265 -2.82090028040838 0.315070139657184 -0
5.2734375 1.98116575931914 -4.51488063702512 0.315241914503262 -0
5.3125 1.77048808686506 -6.33231847487224 0.315316164218462 -0
5.3515625 1.48645337846975 -8.2258908610858 0.315002087256223 -0
5.390625 1.12784036334274 -10.0460423732532 0.313952257749873 0
5.4296875 0.701606318059341 -11.5299333289141 0.312219912895913 0
5.46875 0.227064322021323 -12.3639400682584 0.310770194194792 0
5.5078125 -0.264326499773343 -12.3293166652653 0.310838384253881 0
5.546875 -0.73616354245253 -11.4357740876283 0.312359848987177 0
5.5859375 -1.1577463503693 -9.91507975125351 0.31406201737324 0
5.625 -1.51077914801921 -8.08135669113075 0.315048349458284 -0
5.6640625 -1.78910234186389 -6.18980356922987 0.315319578098402 -0
5.703125 -1.99435755186529 -4.38118373044062 0.315229620519893 -0
5.7421875 -2.13138232080457 -2.69645540959818 0.315057868320172 -0
5.78125 -2.20501813074015 -1.11336976863129 0.314937657562913 -0
5.8203125 -2.21836433397889 0.422399443232208 0.314914207667843 0
5.859375 -2.17201817423764 1.9764781300929 0.314993556925974 0
5.8984375 -2.06395198006538 3.61034936805163 0.315151870555157 0
5.9375 -1.8899596298586 5.36383093804438 0.315303475843483 0
5.9765625 -1.64490268803066 7.2288361559137 0.315238508022543 0
6.015625 -1.32520680517785 9.11347658842034 0.314609158307285 0
6.0546875 -0.932912329560325 10.8123614601128 0.313177835024609 0
6.09375 -0.480491066106534 12.0247896313529 0.311407239605397 0
6.1328125 0.00652436038912232 12.461344574408 0.310574393039464 -0
6.171875 0.493051478769094 12.0016536966272 0.311448245368975 -0
6.2109375 0.944153555438124 10.7722260254451 0.313224394218848 -0
6.25 1.33463163700699 9.06482298524231 0.314636037455539 -0
6.2890625 1.65234285116018 7.17858280231645 0.315245803813626 -0
6.328125 1.89545841843797 5.31579840844546 0.315300978660739 -0
6.3671875 2.06763960181998 3.56566167250165 0.31514717896817 -0
6.40625 2.17402573660216 1.93455809417613 0.314990245796564 -0
6.4453125 2.21877695292749 0.381807416251769 0.314913475409129 -0
6.484375 2.20385444099683 -1.15438333829103 0.314939680159304 0
6.5234375 2.1285907546235 -2.73954778428816 0.315062087499422 0
6.5625 1.98982727034931 -4.42746967494313 0.315233934225855 0
6.6015625 1.78269468626857 -6.23917460739092 0.315318633561632 0
6.640625 1.5023917541469 -8.1315224004913 0.315032800037789 0
6.6796875 1.14741949873019 -9.9607119758065 0.314024470359198 0
6.71875 0.724211131037016 -11.468857277225 0.312311196095444 -0
6.7578125 0.251415023946987 -12.3419084911398 0.310813669755085 -0
6.796875 -0.240000469833282 -12.3525152304029 0.310792776280459 -0
6.8359375 -0.713625228428239 -11.4977022954932 0.312268322477029 -0
6.875 -1.13825846166869 -10.0008308204156 0.313990846109274 -0
6.9140625 -1.49494013627321 -8.17579800186548 0.315018630431473 -0
6.953125 -1.77699268056443 -6.28283104457232 0.315317589712913 -0
6.9921875 -1.98578631163042 -4.46842450250475 0.315237701225923 0
7.03125 -2.12608834482261 -2.77766823812191 0.315065846915544 0
7.0703125 -2.20279164273369 -1.19063546790064 0.314941524241122 0
7.109375 -2.21910674075235 0.345966476979438 0.314912889840203 -0
7.1484375 -2.17576301171967 1.89758105079732 0.314987370771443 -0
7.1875 -2.07085822115881 3.52626515947895 0.315143039520589 -0
7.2265625 -1.90027354613538 5.27344580260806 0.315298659601742 -0
7.265625 -1.65887026783006 7.1342184959098 0.315251922635379 -0
7.3046875 -1.34291272614243 9.02175322162308 0.314659274988873 -0
7.34375 -0.954045797390752 10.7364999493518 0.313265249836445 0
7.3828125 -0.504123667599316 11.9807629142572 0.311485009958471 0
7.421875 -0.0180486947144055 12.4608091576495 0.310575485462095 0
7.4609375 0.46937704784205 12.044762575773 0.311371593597695 0
7.5 0.922948381517861 10.8475257068258 0.313136462771819 0
7.5390625 1.31683999368781 9.15634457402525 0.314584915600171 0
7.578125 1.63828780136358 7.27323714617178 0.315231733795951 0
7.6171875 1.88506164573248 5.40632224440297 0.315305563686225 0
7.65625 2.06065672670757 3.64988936887189 0.315156016480934 0
7.6953125 2.1702092526756 2.01354926691869 0.314996530085428 0
7.734375 2.21796526318559 0.458261054034762 0.314914915475868 0
7.7734375 2.20601089752207 -1.07717478424987 0.314935929202417 -0
7.8125 2.13381098316607 -2.65845703712462 0.315054176040174 -0
7.8515625 1.99831894149671 -4.3403792651618 0.315225770613788 -0
7.890625 1.7947188530753 -6.14625238829981 0.315320207912737 -0
7.9296875 1.51814297366078 -8.03702265354776 0.315061651099022 -0
7.96875 1.16682645826688 -9.87459845067245 0.314094710759232 -0
8.0078125 0.746689969701999 -11.4061855806623 0.312402894905584 -0
8.046875 0.275718209777638 -12.3176832711902 0.310861131689761 0
8.0859375 -0.215629035859733 -12.37351227895 0.310751212277134 0
8.125 -0.690962437015329 -11.5580166526736 0.312177297214748 0
8.1640625 -1.11859908684986 -10.0857805492921 0.313917725727464 0
8.203125 -1.47891404242877 -8.27009612673351 0.314987030474277 0
8.2421875 -1.76470034675091 -6.37607517666988 0.315314684745808 0
8.28125 -1.97704491560611 -4.55598568056972 0.315245586896176 0
8.3203125 -2.12063672804542 -2.85914533913749 0.315073961816349 0
8.359375 -2.20041564522622 -1.26802881155849 0.314945635916642 -0
8.3984375 -2.21970147894843 0.26957146145965 0.314911833138285 0
8.4375 -2.17935537479969 1.81887946635719 0.314981397481035 0
8.4765625 -2.07760152063927 3.44248459301036 0.315134233753897 0
8.515625 -1.91041126597075 5.18335980788059 0.315293376315248 0
8.5546875 -1.6726515356486 7.03969178536817 0.315263976829851 -0
8.59375 -1.36043534523887 8.92962358035712 0.314707256260194 -0
8.6328125 -0.975024693433204 10.6594708365415 0.313351475050159 -0
8.671875 -0.527664186134057 11.9348018302961 0.311565025041094 -0
8.7109375 -0.042618300441324 12.4579909799844 0.310581232493056 -0
8.75 0.445616359177225 12.0858923815658 0.311297465531767 -0
8.7890625 0.901592041868505 10.9215970567507 0.313047522129812 -0
8.828125 1.29886612923587 9.24741153299824 0.314531645329476 -0
8.8671875 1.62404606788399 7.3679565282851 0.315216229284971 -0
8.90625 1.87448773300815 5.49713811673564 0.315309629063207 -0
8.9453125 2.05350998325396 3.73442515710092 0.315164855881934 -0
8.984375 2.16623969840666 2.09274613211992 0.315003019800568 -0
9.0234375 2.21700577482583 0.534764881348914 0.314916615619891 -0
9.0625 2.20801820476204 -1.00008224206064 0.314932426620038 0
9.1015625 2.13887434966485 -2.5776225195617 0.315046414262206 0
9.140625 2.00664144542128 -4.25360943725812 0.315217447877749 0
9.1796875 1.80656111237905 -6.05356199299371 0.315320932672113 0
9.21875 1.53370691471865 -7.94241641863614 0.315088682760017 0
9.2578125 1.18605982967311 -9.78774029078232 0.314162934724795 0
9.296875 0.769039704501282 -11.3419574374613 0.312494829790182 0
9.3359375 0.29996940487144 -12.2912823358566 0.310912449902638 0
9.375 -0.191216727987512 -12.3922921801238 0.310713807409338 -0
9.4140625 -0.668178421700728 -11.6166787546713 0.312086958541154 -0
9.453125 -1.09876975569621 -10.1698897837286 0.31384271057928 -0
9.4921875 -1.46270106105452 -8.36422511951031 0.31495351012379 -0
9.53125 -1.75222484315795 -6.46952484679827 0.315310816562236 -0
9.5703125 -1.96813268971064 -4.64386666317986 0.315253251830111 -0
9.609375 -2.11502692621888 -2.94089195017413 0.31508220325746 -0
9.6484375 -2.19788987331799 -1.34555763425575 0.314949990035448 -0
9.6875 -2.22014861639511 0.193206040835485 0.314911038103589 0
9.7265625 -2.18279565137772 1.74036628804701 0.314975641714369 0
9.765625 -2.08418250014144 3.35900430043178 0.315125468228603 0
9.8046875 -1.92037344040649 5.09357716416143 0.315287660419354 0
9.84375 -1.68624678419132 6.9452727488445 0.31527472106137 0
9.8828125 -1.37777400690301 8.83711970869382 0.314753116368244 0
9.921875 -0.995846806949619 10.5813153997499 0.313436396915519 0
9.9609375 -0.551108741297552 11.8869381584416 0.31164709191268 0
10 -0.0671797633213709 12.4528921754257 0.310591617710949 0
