0 0.0628947576194153 0 0.000387931222356657 -0
0.001953125 0.0628888773506386 -0.0060211141170619 0.000387931218971465 0
0.00390625 0.0628712376423955 -0.0120411038447761 0.000387931208818396 0
0.005859375 0.0628418417887449 -0.0180588450012677 0.000387931191905 0
0.0078125 0.0628006952791093 -0.0240732138195737 0.00038793116824386 0
0.009765625 0.0627478057972622 -0.0300830871550136 0.000387931137852546 0
0.01171875 0.0626831832199101 -0.0360873426924576 0.000387931100753641 0
0.013671875 0.0626068396148698 -0.0420848591534591 0.000387931056974711 0
0.015625 0.0625187892388419 -0.0480745165032159 0.000387931006548341 0
0.017578125 0.0624190485347791 -0.0540551961573276 0.000387930949511988 0
0.01953125 0.0623076361288523 -0.0600257811883142 0.000387930885908051 0
0.021484375 0.0621845728270123 -0.0659851565318612 0.000387930815783788 0
0.0234375 0.0620498816111497 -0.071932209192759 0.000387930739191378 0
0.025390625 0.061903587634853 -0.0778658284505 0.00038793065618775 0
0.02734375 0.0617457182187649 -0.0837849060645015 0.000387930566834599 0
0.029296875 0.0615763028455386 -0.0896883364789189 0.000387930471198369 0
0.03125 0.0613953731543942 -0.0955750170270144 0.00038793036935019 -0
0.033203125 0.0612029629352768 -0.10144384813505 0.000387930261365787 -0
0.03515625 0.0609991081226166 -0.107293733525665 0.000387930147325473 -0
0.037109375 0.0607838467886922 -0.113123580420714 0.000387930027314053 -0
0.0390625 0.0605572191365982 -0.118932299743513 0.000387929901420831 -0
0.041015625 0.0603192674928191 -0.124718806320484 0.000387929769739443 -0
0.04296875 0.0600700362994088 -0.13048201908214 0.000387929632367853 -0
0.044921875 0.0598095721057795 -0.136220861263395 0.000387929489408247 -0
0.046875 0.0595379235600987 -0.141934260603147 0.000387929340967034 -0
0.048828125 0.0592551414002984 -0.147621149543119 0.000387929187154676 -0
0.05078125 0.0589612784446959 -0.153280465425905 0.000387929028085633 -0
0.052734375 0.0586563895822285 -0.158911150692204 0.000387928863878329 -0
0.0546875 0.0583405317623045 -0.164512153077189 0.000387928694655018 -0
0.056640625 0.0580137639842707 -0.170082425805997 0.000387928520541652 -0
0.05859375 0.0576761472864998 -0.175620927788286 0.000387928341667894 -0
0.060546875 0.0573277447350977 -0.181126623811843 0.000387928158166958 -0
0.0625 0.0569686214122348 -0.18659848473519 0.000387927970175521 -0
0.064453125 0.0565988444041009 -0.192035487679171 0.000387927777833602 -0
0.06640625 0.056218482788488 -0.197436616217476 0.000387927581284531 -0
0.068359375 0.0558276076220014 -0.202800860566066 0.000387927380674716 -0
0.0703125 0.0554262919269018 -0.208127217771471 0.000387927176153669 -0
0.072265625 0.0550146106775816 -0.213414691897928 0.000387926967873856 -0
0.07421875 0.0545926407866755 -0.218662294213312 0.000387926755990496 -0
0.076171875 0.0541604610908108 -0.22386904337384 0.000387926540661556 -0
0.078125 0.0537181523359965 -0.229033965607512 0.000387926322047633 -0
0.080078125 0.0532657971626565 -0.234156094896239 0.000387926100311713 -0
0.08203125 0.052803480090308 -0.239234473156651 0.00038792587561923 -0
0.083984375 0.0523312875018883 -0.244268150419526 0.000387925648137806 -0
0.0859375 0.0518493076277318 -0.249256185007817 0.000387925418037134 -0
0.087890625 0.0513576305292015 -0.254197643713248 0.000387925185488971 -0
0.08984375 0.0508563480819769 -0.259091601971432 0.00038792495066683 -0
0.091796875 0.0503455539590006 -0.26393714403549 0.000387924713746067 -0
0.09375 0.0498253436130883 -0.268733363148129 0.000387924474903532 -0
0.095703125 0.0492958142592032 -0.273479361712152 0.000387924234317568 -0
0.09765625 0.0487570648564002 -0.278174251459356 0.000387923992167903 -0
0.099609375 0.0482091960894401 -0.2828171536178 0.000387923748635411 -0
0.1015625 0.0476523103500806 -0.287407199077394 0.000387923503902012 -0
0.103515625 0.047086511718044 -0.29194352855379 0.000387923258150624 -0
0.10546875 0.0465119059416674 -0.29642529275053 0.000387923011564911 -0
0.107421875 0.0459286004182373 -0.300851652519426 0.000387922764329184 -0
0.109375 0.0453367041740134 -0.305221779019141 0.000387922516628297 -0
0.111328125 0.0447363278439438 -0.309534853871924 0.000387922268647488 -0
0.11328125 0.0441275836510762 -0.313790069318491 0.000387922020572196 -0
0.115234375 0.0435105853856684 -0.317986628370995 0.000387921772588044 -0
0.1171875 0.042885448384002 -0.322123744964071 0.000387921524880497 -0
0.119140625 0.0422522895069025 -0.326200644103918 0.000387921277634977 -0
0.12109375 0.0416112271179711 -0.330216562015383 0.000387921031036512 -0
0.123046875 0.0409623810615299 -0.334170746287022 0.000387920785269698 -0
0.125 0.0403058726402874 -0.338062456014107 0.000387920540518548 -0
0.126953125 0.0396418245927248 -0.341890961939538 0.000387920296966318 -0
0.12890625 0.0389703610702111 -0.345655546592651 0.000387920054795452 -0
0.130859375 0.0382916076138473 -0.349355504425862 0.000387919814187324 -0
0.1328125 0.0376056911310475 -0.352990141949153 0.000387919575322218 -0
0.134765625 0.0369127398718584 -0.356558777862332 0.000387919338379122 -0
0.13671875 0.0362128834050228 -0.360060743185075 0.00038791910353562 -0
0.138671875 0.0355062525937917 -0.363495381384694 0.000387918870967743 -0
0.140625 0.0347929795714889 -0.366862048501611 0.000387918640849882 -0
0.142578125 0.0340731977168323 -0.370160113272522 0.000387918413354543 -0
0.14453125 0.0333470416290181 -0.3733889572512 0.000387918188652365 -0
0.146484375 0.0326146471025698 -0.376547974926933 0.000387917966911882 -0
0.1484375 0.0318761511019597 -0.379636573840553 0.00038791774829946 -0
0.150390625 0.0311316917360051 -0.382654174698041 0.000387917532979111 -0
0.15234375 0.0303814082320455 -0.385600211481672 0.000387917321112412 -0
0.154296875 0.0296254409099049 -0.388474131558689 0.00038791711285841 -0
0.15625 0.0288639311556444 -0.391275395787463 0.000387916908373411 -0
0.158203125 0.0280970213951101 -0.394003478621125 0.000387916707810927 -0
0.16015625 0.0273248550672806 -0.396657868208648 0.000387916511321572 -0
0.162109375 0.02654757659742 -0.399238066493353 0.000387916319052897 -0
0.1640625 0.0257653313700409 -0.401743589308802 0.000387916131149312 -0
0.166015625 0.0249782657016825 -0.404173966472087 0.000387915947751963 -0
0.16796875 0.0241865268135094 -0.406528741874455 0.000387915768998634 -0
0.169921875 0.0233902628037354 -0.408807473569281 0.000387915595023651 -0
0.171875 0.0225896226198794 -0.411009733857345 0.00038791542595771 -0
0.173828125 0.0217847560308552 -0.413135109369403 0.000387915261927924 -0
0.17578125 0.0209758135989051 -0.415183201146033 0.000387915103057555 -0
0.177734375 0.0201629466513785 -0.41715362471473 0.000387914949466041 -0
0.1796875 0.0193463072523632 -0.419046010164236 0.000387914801268835 -0
0.181640625 0.0185260481741745 -0.420860002216092 0.00038791465857739 -0
0.18359375 0.0177023228687066 -0.422595260293381 0.000387914521499 -0
0.185546875 0.0168752854386534 -0.424251458586658 0.000387914390136742 -0
0.1875 0.0160450906086025 -0.425828286117043 0.000387914264589437 -0
0.189453125 0.0152118936960087 -0.427325446796475 0.000387914144951506 -0
0.19140625 0.0143758505820537 -0.428742659485082 0.000387914031312947 -0
0.193359375 0.0135371176823951 -0.430079658045696 0.000387913923759247 -0
0.1953125 0.0126958519178127 -0.431336191395458 0.000387913822371347 -0
0.197265625 0.0118522106847566 -0.43251202355453 0.000387913727225505 -0
0.19921875 0.0110063518258029 -0.433606933691884 0.000387913638393341 -0
0.201171875 0.0101584336000227 -0.434620716168168 0.000387913555941668 -0
0.203125 0.00930861465327095 -0.43555318057563 0.000387913479932571 -0
0.205078125 0.00845705398839914 -0.436404151775096 0.000387913410423254 -0
0.20703125 0.00760391093539948 -0.437173469929989 0.000387913347466025 -0
0.208984375 0.00674934512148512 -0.437860990537382 0.000387913291108262 -0
0.2109375 0.00589351644111283 -0.438466584456079 0.000387913241392383 -0
0.212890625 0.00503658502595356 -0.438990137931713 0.000387913198355835 -0
0.21484375 0.00417871121481707 -0.439431552618856 0.000387913162031011 -0
0.216796875 0.00332005552353616 -0.439790745600142 0.000387913132445241 -0
0.21875 0.00246077861481652 -0.440067649402385 0.000387913109620786 -0
0.220703125 0.00160104126805809 -0.440262212009698 0.000387913093574855 -0
0.22265625 0.000741004349153638 -0.440374396873611 0.000387913084319537 -0
0.224609375 -0.000119171219729453 -0.44040418292018 0.000387913081861754 -0
0.2265625 -0.000979324490378314 -0.440351564554078 0.0003879130862034 -0
0.228515625 -0.00183929451876882 -0.44021655165969 0.000387913097341188 -0
0.23046875 -0.00269892039529898 -0.43999916959919 0.000387913115266741 -0
0.232421875 -0.00355804127501565 -0.439699459207606 0.000387913139966544 -0
0.234375 -0.00441649640782869 -0.439317476784879 0.000387913171422041 -0
0.236328125 -0.00527412516870659 -0.438853294084919 0.000387913209609511 -0
0.23828125 -0.0061307670878479 -0.438306998301648 0.000387913254500227 -0
0.240234375 -0.0069862618808224 -0.437678692052052 0.000387913306060401 -0
0.2421875 -0.00784044947867623 -0.436968493356228 0.000387913364251209 -0
0.244140625 -0.00869317005799517 -0.436176535614449 0.000387913429028844 -0
0.24609375 -0.00954426407092017 -0.435302967581235 0.000387913500344584 -0
0.248046875 -0.0103935722751094 -0.43434795333645 0.000387913578144733 -0
0.25 -0.0112409357636407 -0.433311672253425 0.00038791366237071 -0
0.251953125 -0.0120861959948493 -0.432194318964119 0.000387913752959189 -0
0.25390625 -0.0129291948220943 -0.430996103321326 0.000387913849841952 -0
0.255859375 -0.0137697745234482 -0.42971725035793 0.000387913952946119 -0
0.2578125 -0.0146077778313049 -0.42835800024323 0.000387914062194109 -0
0.259765625 -0.0154430479618984 -0.426918608236342 0.000387914177503738 -0
0.26171875 -0.0162754286447282 -0.425399344636684 0.000387914298788254 -0
0.263671875 -0.0171047641518854 -0.423800494731558 0.000387914425956411 -0
0.265625 -0.0179308993272733 -0.42212235874085 0.000387914558912565 -0
0.267578125 -0.0187536796157169 -0.420365251758854 0.000387914697556732 -0
0.26953125 -0.0195729510919563 -0.418529503693233 0.000387914841784625 -0
0.271484375 -0.0203885604895186 -0.416615459201138 0.000387914991487833 -0
0.2734375 -0.0212003552294608 -0.414623477622494 0.000387915146553749 -0
0.275390625 -0.0220081834489814 -0.41255393291048 0.000387915306865819 -0
0.27734375 -0.0228118940298923 -0.410407213559206 0.000387915472303528 -0
0.279296875 -0.0236113366269471 -0.408183722528611 0.000387915642742563 -0
0.28125 -0.0244063616960197 -0.40588387716661 0.00038791581805478 -0
0.283203125 -0.0251968205221291 -0.403508109128484 0.000387915998108484 -0
0.28515625 -0.0259825652473029 -0.401056864293563 0.000387916182768367 -0
0.287109375 -0.0267634488982759 -0.398530602679197 0.000387916371895696 -0
0.2890625 -0.0275393254140185 -0.395929798352047 0.00038791656534846 -0
0.291015625 -0.0283100496730885 -0.393254939336719 0.000387916762981308 -0
0.29296875 -0.0290754775208025 -0.390506527521753 0.000387916964645836 -0
0.294921875 -0.0298354657962204 -0.387685078563001 0.000387917170190661 -0
0.296875 -0.0305898723589393 -0.384791121784405 0.000387917379461435 -0
0.298828125 -0.0313385561156907 -0.381825200076211 0.000387917592301107 -0
0.30078125 -0.0320813770467369 -0.378787869790628 0.000387917808549909 -0
0.302734375 -0.0328181962320604 -0.375679700634971 0.000387918028045592 -0
0.3046875 -0.0335488758773423 -0.372501275562302 0.000387918250623459 -0
0.306640625 -0.0342732793397256 -0.369253190659598 0.000387918476116534 -0
0.30859375 -0.0349912711533564 -0.365936055033473 0.000387918704355699 -0
0.310546875 -0.0357027170547001 -0.362550490693477 0.000387918935169782 -0
0.3125 -0.0364074840076278 -0.359097132433006 0.000387919168385723 -0
0.314453125 -0.0371054402282665 -0.355576627707831 0.000387919403828682 -0
0.31640625 -0.0377964552096115 -0.351989636512304 0.000387919641322167 -0
0.318359375 -0.0384803997458927 -0.348336831253237 0.000387919880688213 -0
0.3203125 -0.0391571459566944 -0.344618896621502 0.000387920121747462 -0
0.322265625 -0.0398265673108205 -0.340836529461376 0.000387920364319289 -0
0.32421875 -0.0404885386499029 -0.336990438637654 0.000387920608222017 -0
0.326171875 -0.0411429362117488 -0.333081344900572 0.000387920853272985 -0
0.328125 -0.0417896376534208 -0.32910998074855 0.0003879210992887 -0
0.330078125 -0.0424285220740478 -0.325077090288806 0.000387921346084948 -0
0.33203125 -0.0430594700373614 -0.320983429095854 0.000387921593477043 -0
0.333984375 -0.0436823635939535 -0.316829764067932 0.000387921841279802 -0
0.3359375 -0.0442970863032518 -0.312616873281371 0.00038792208930779 -0
0.337890625 -0.0449035232552089 -0.308345545842956 0.000387922337375487 -0
0.33984375 -0.0455015610917008 -0.304016581740299 0.000387922585297297 -0
0.341796875 -0.0460910880276319 -0.299630791690257 0.000387922832887838 -0
0.34375 -0.0466719938717409 -0.295188996985426 0.000387923079961953 -0
0.345703125 -0.0472441700471062 -0.290692029338748 0.000387923326334937 -0
0.34765625 -0.0478075096113454 -0.286140730726256 0.000387923571822619 -0
0.349609375 -0.0483619072765057 -0.281535953227997 0.000387923816241544 -0
0.3515625 -0.0489072594286423 -0.276878558867153 0.000387924059409067 -0
0.353515625 -0.0494434641470805 -0.272169419447411 0.000387924301143523 -0
0.35546875 -0.0499704212233587 -0.267409416388597 0.00038792454126436 -0
0.357421875 -0.0504880321798485 -0.262599440560619 0.000387924779592214 -0
0.359375 -0.0509962002880486 -0.257740392115742 0.000387925015949152 -0
0.361328125 -0.0514948305865506 -0.252833180319242 0.000387925250158677 -0
0.36328125 -0.0519838298986707 -0.247878723378456 0.000387925482046018 -0
0.365234375 -0.0524631068497477 -0.242877948270278 0.000387925711438054 -0
0.3671875 -0.0529325718841014 -0.237831790567117 0.000387925938163645 -0
0.369140625 -0.0533921372816505 -0.232741194261366 0.000387926162053611 -0
0.37109375 -0.0538417171741849 -0.227607111588411 0.000387926382940933 -0
0.373046875 -0.0542812275612927 -0.222430502848207 0.000387926600660889 -0
0.375 -0.0547105863259357 -0.217212336225464 0.000387926815051084 -0
0.376953125 -0.0551297132496734 -0.211953587608473 0.000387927025951684 -0
0.37890625 -0.0555385300275313 -0.206655240406608 0.000387927233205458 -0
0.380859375 -0.0559369602825117 -0.201318285366534 0.000387927436657921 -0
0.3828125 -0.0563249295797443 -0.195943720387156 0.000387927636157434 -0
0.384765625 -0.0567023654402741 -0.190532550333354 0.000387927831555314 -0
0.38671875 -0.057069197354484 -0.185085786848516 0.000387928022706007 -0
0.388671875 -0.0574253567951511 -0.179604448165931 0.000387928209467097 -0
0.390625 -0.0577707772301322 -0.174089558919048 0.000387928391699487 -0
0.392578125 -0.0581053941346786 -0.168542149950659 0.00038792856926742 -0
0.39453125 -0.0584291450033769 -0.162963258121025 0.00038792874203868 -0
0.396484375 -0.0587419693617139 -0.15735392611499 0.000387928909884621 -0
0.3984375 -0.0590438087772636 -0.151715202248103 0.000387929072680287 -0
0.400390625 -0.0593346068704955 -0.146048140271804 0.000387929230304491 -0
0.40234375 -0.0596143093252003 -0.140353799177683 0.000387929382639916 -0
0.404296875 -0.0598828638985333 -0.134633243000872 0.000387929529573177 -0
0.40625 -0.0601402204306725 -0.128887540622576 0.000387929670994916 -0
0.408203125 -0.0603863308540903 -0.123117765571811 0.000387929806799934 -0
0.41015625 -0.0606211492024374 -0.117324995826349 0.000387929936887168 -0
0.412109375 -0.0608446316190369 -0.111510313612931 0.000387930061159837 -0
0.4140625 -0.0610567363649879 -0.105674805206768 0.000387930179525531 -0
0.416015625 -0.0612574238268759 -0.0998195607303662 0.00038793029189618 -0
0.41796875 -0.0614466565240909 -0.0939456739517185 0.000387930398188195 -0
0.419921875 -0.0616243991157498 -0.0880542420818849 0.00038793049832256 -0
0.421875 -0.0617906184072232 -0.082146365572005 0.0003879305922248 -0
0.423828125 -0.0619452833562654 -0.0762231479097728 0.000387930679825061 -0
0.42578125 -0.0620883650787458 -0.0702856954154093 0.000387930761058272 -0
0.427734375 -0.0622198368539819 -0.0643351170371665 0.000387930835863983 -0
0.4296875 -0.0623396741296722 -0.0583725241463979 0.000387930904186591 -0
0.431640625 -0.0624478545264287 -0.0523990303322279 0.000387930965975299 -0
0.43359375 -0.0625443578419075 -0.0464157511958568 0.000387931021184212 -0
0.435546875 -0.0626291660545376 -0.0404238041445335 0.000387931069772252 -0
0.4375 -0.0627022633268471 -0.0344243081852307 0.0003879311117033 -0
0.439453125 -0.0627636360083861 -0.0284183837180566 0.000387931146946211 -0
0.44140625 -0.0628132726382457 -0.0224071523294385 0.000387931175474785 -0
0.443359375 -0.062851163947173 -0.0163917365851098 0.000387931197267813 -0
0.4453125 -0.0628773028592813 -0.0103732598229369 0.000387931212309109 -0
0.447265625 -0.0628916844933563 -0.0043528459456192 0.00038793122058748 -0
0.44921875 -0.0628943061637564 0.00166838078670395 0.000387931222096753 0
0.451171875 -0.0628851673809083 0.0076892959639051 0.000387931216835856 0
0.453125 -0.0628642698513974 0.0137087752333449 0.000387931204808658 0
0.455078125 -0.062831617477653 0.019725694507339 0.000387931186024128 0
0.45703125 -0.0627872163572281 0.0257389301705815 0.000387931160496197 0
0.458984375 -0.0627310747816742 0.0317473592874908 0.000387931128243851 0
0.4609375 -0.0626632032350113 0.0377498598094433 0.000387931089291072 0
0.462890625 -0.0625836143917936 0.043745310781862 0.000387931043666808 0
0.46484375 -0.0624923231147697 0.049732592551125 0.000387930991404979 0
0.466796875 -0.0623893464521407 0.0557105869712594 0.000387930932544411 0
0.46875 -0.0622747036344132 0.0616781776103881 0.000387930867128892 0
0.470703125 -0.0621484160708501 0.0676342499568936 0.000387930795207012 0
0.47265625 -0.0620105073455191 0.0735776916252656 0.00038793071683227 0
0.474609375 -0.0618610032129389 0.0795073925615985 0.000387930632062913 0
0.4765625 -0.0616999315933254 0.0854222452487034 0.000387930540961981 0
0.478515625 -0.0615273225674362 0.0913211449108019 0.000387930443597231 0
0.48046875 -0.0613432083710175 0.0972029897177669 0.000387930340041048 0
0.482421875 -0.0611476233888512 0.103066680988875 0.000387930230370426 0
0.484375 -0.0609406041484047 0.10891112339604 0.000387930114666968 0
0.486328125 -0.0607221893130854 0.114735225166488 0.000387929993016695 0
0.48828125 -0.0604924196750982 0.120537898284841 0.00038792986551012 0
0.490234375 -0.0602513381479102 0.126318058694583 0.000387929732242072 0
0.4921875 -0.0599989897583224 0.132074626498862 0.00038792959331173 0
0.494140625 -0.0597354216381491 0.137806526160599 0.000387929448822462 0
0.49609375 -0.0594606830155076 0.143512686701871 0.000387929298881781 0
0.498046875 -0.0591748252057199 0.149192041902537 0.000387929143601267 0
0.5 -0.0588779016018258 0.154843530498057 0.000387928983096491 0
0.501953125 -0.0585699676647118 0.160466096376495 0.000387928817486945 0
0.50390625 -0.0582510809128551 0.166058688774647 0.000387928646895896 0
0.505859375 -0.0579213009116859 0.171620262473273 0.00038792847145038 0
0.5078125 -0.0575806892625689 0.177149777991397 0.000387928291281035 0
0.509765625 -0.057229309591407 0.18264620177964 0.000387928106522051 0
0.51171875 -0.0568672275368672 0.188108506412548 0.000387927917311008 0
0.513671875 -0.056494510738233 0.193535670779888 0.000387927723788888 0
0.515625 -0.0561112288228833 0.198926680276866 0.000387927526099859 0
0.517578125 -0.0557174533934015 0.204280526993253 0.000387927324391212 0
0.51953125 -0.0553132580143159 0.209596209901356 0.000387927118813293 0
0.521484375 -0.0548987181984743 0.214872735042828 0.000387926909519343 0
0.5234375 -0.0544739113930548 0.220109115714265 0.000387926696665336 0
0.525390625 -0.0540389169652154 0.225304372651559 0.000387926480410023 0
0.52734375 -0.0535938161873847 0.230457534212981 0.000387926260914609 0
0.529296875 -0.053138692222196 0.235567636560948 0.000387926038342846 0
0.53125 -0.0526736301070685 0.240633723842451 0.000387925812860719 0
0.533203125 -0.0521987167384364 0.245654848368096 0.000387925584636463 0
0.53515625 -0.0517140408556306 0.250630070789744 0.00038792535384035 0
0.537109375 -0.051219693024414 0.255558460276694 0.000387925120644641 0
0.5390625 -0.0507157656201747 0.260439094690396 0.000387924885223398 0
0.541015625 -0.0502023528107796 0.265271060757642 0.000387924647752375 0
0.54296875 -0.0496795505390902 0.270053454242212 0.000387924408408843 0
0.544921875 -0.049147456505146 0.274785380114943 0.000387924167371574 0
0.546875 -0.0486061701480162 0.279465952722181 0.000387923924820581 0
0.548828125 -0.0480557926273249 0.28409429595258 0.000387923680937064 0
0.55078125 -0.0474964268044514 0.288669543402231 0.000387923435903262 0
0.552734375 -0.04692817722341 0.29319083853807 0.000387923189902278 0
0.5546875 -0.0463511500914121 0.29765733485954 0.000387922943117958 0
0.556640625 -0.0457654532591149 0.302068196058476 0.000387922695734802 0
0.55859375 -0.0451711962005587 0.306422596177174 0.000387922447937801 0
0.560546875 -0.0445684899927978 0.310719719764624 0.000387922199912227 0
0.5625 -0.0439574472952281 0.314958762030856 0.000387921951843617 0
0.564453125 -0.0433381823286148 0.319138928999384 0.000387921703917511 0
0.56640625 -0.0427108108538243 0.323259437657711 0.000387921456319439 0
0.568359375 -0.0420754501502643 0.327319516105859 0.000387921209234692 0
0.5703125 -0.0414322189940358 0.331318403702894 0.000387920962848199 0
0.572265625 -0.0407812376357999 0.335255351211424 0.000387920717344403 0
0.57421875 -0.0401226277783661 0.339129620940027 0.00038792047290713 0
0.576171875 -0.0394565125540029 0.342940486883584 0.000387920229719425 0
0.578125 -0.0387830165014771 0.346687234861488 0.000387919987963433 0
0.580078125 -0.0381022655428253 0.350369162653696 0.00038791974782026 0
0.58203125 -0.0374143869598611 0.3539855801346 0.000387919509469827 0
0.583984375 -0.0367195093704245 0.357535809404675 0.000387919273090775 0
0.5859375 -0.0360177627043741 0.361019184919894 0.000387919038860228 0
0.587890625 -0.0353092781793311 0.364435053618862 0.000387918806953823 0
0.58984375 -0.0345941882761754 0.367782775047656 0.000387918577545401 0
0.591796875 -0.0338726267143012 0.371061721482334 0.000387918350806987 0
0.59375 -0.0331447284266351 0.374271278049087 0.000387918126908661 0
0.595703125 -0.032410629534422 0.377410842842013 0.000387917906018333 0
0.59765625 -0.0316704673217835 0.380479827038476 0.000387917688301764 0
0.599609375 -0.0309243802100529 0.38347765501203 0.000387917473922264 0
0.6015625 -0.0301725077318927 0.386403764442887 0.000387917263040768 0
0.603515625 -0.0294149905051979 0.389257606425891 0.000387917055815544 0
0.60546875 -0.0286519702067916 0.392038645575984 0.000387916852402148 0
0.607421875 -0.0278835895459167 0.394746360131133 0.00038791665295329 0
0.609375 -0.0271099922375293 0.397380242052702 0.000387916457618758 0
0.611328125 -0.0263313229753984 0.399939797123228 0.000387916266545237 0
0.61328125 -0.0255477274050167 0.40242454504161 0.000387916079876249 0
0.615234375 -0.0247593520963296 0.404834019515646 0.000387915897752005 0
0.6171875 -0.0239663445162837 0.407167768351936 0.000387915720309362 0
0.619140625 -0.0231688530012048 0.409425353543107 0.000387915547681646 0
0.62109375 -0.022367026729006 0.41160635135234 0.000387915379998567 0
0.623046875 -0.0215610156912347 0.413710352395191 0.000387915217386152 0
0.625 -0.0207509706649623 0.415736961718674 0.000387915059966656 0
0.626953125 -0.0199370431845212 0.417685798877597 0.000387914907858399 0
0.62890625 -0.0191193855130967 0.419556498008115 0.000387914761175757 0
0.630859375 -0.018298150614177 0.421348707898515 0.000387914620029012 0
0.6328125 -0.0174734921228681 0.423062092057173 0.000387914484524307 0
0.634765625 -0.0166455643170786 0.424696328777706 0.000387914354763555 0
0.63671875 -0.0158145220885802 0.426251111201277 0.000387914230844356 0
0.638671875 -0.0149805209139486 0.42772614737605 0.000387914112859894 0
0.640625 -0.0141437168253925 0.429121160313775 0.000387914000898968 0
0.642578125 -0.013304266381473 0.43043588804349 0.000387913895045787 0
0.64453125 -0.0124623266377226 0.431670083662334 0.000387913795379995 0
0.646484375 -0.011618055117167 0.432823515383447 0.000387913701976564 0
0.6484375 -0.010771609780756 0.433895966580949 0.000387913614905835 0
0.650390625 -0.00992314899771014 0.434887235831993 0.000387913534233277 0
0.65234375 -0.00907283151578728 0.435797136955873 0.000387913460019605 0
0.654296875 -0.00822081643147626 0.436625499050184 0.000387913392320723 0
0.65625 -0.0073672631601225 0.437372166524021 0.000387913331187522 0
0.658203125 -0.0065123314059918 0.438036999128206 0.000387913276666062 0
0.66015625 -0.00565618113227795 0.438619871982545 0.000387913228797373 0
0.662109375 -0.00479897253105999 0.4391206756001 0.000387913187617478 0
0.6640625 -0.00394086599321506 0.439539315908469 0.000387913153157379 0
0.666015625 -0.00308202207829253 0.439875714268081 0.000387913125443028 0
0.66796875 -0.00222260148435537 0.440129807487477 0.000387913104495268 0
0.669921875 -0.00136276501779457 0.440301547835605 0.000387913090329899 0
0.671875 -0.000502673563122539 0.440390903051099 0.000387913082957553 0
0.673828125 0.00035751194724878 0.440397856348554 0.000387913082383797 0
0.67578125 0.001217630563239 0.440322406421788 0.000387913088609074 0
0.677734375 0.00207752134733389 0.440164567444101 0.000387913101628676 0
0.6796875 0.00293702340481752 0.439924369065512 0.000387913121432809 0
0.681640625 0.00379597591399605 0.439601856406997 0.000387913148006563 0
0.68359375 0.00465421815640735 0.439197090051716 0.000387913181329935 0
0.685546875 0.00551158954701056 0.438710146033227 0.000387913221377849 0
0.6875 0.00636792966434964 0.438141115820708 0.000387913268120141 0
0.689453125 0.0072230782806852 0.43749010630117 0.000387913321521628 0
0.69140625 0.00807687539208859 0.436757239758683 0.000387913381542113 0
0.693359375 0.00892916124849255 0.435942653850603 0.000387913448136424 0
0.6953125 0.00977977638369251 0.435046501580824 0.000387913521254444 0
0.697265625 0.0106285616452926 0.434068951270051 0.000387913600841147 0
0.69921875 0.0114753582245911 0.433010186523097 0.000387913686836595 0
0.701171875 0.0123200076863985 0.431870406193228 0.000387913779176118 0
0.703125 0.0131623519987834 0.430649824343547 0.000387913877790225 0
0.705078125 0.0140022335627405 0.429348670205444 0.000387913982604692 0
0.70703125 0.0148394952417735 0.427967188134102 0.000387914093540677 0
0.708984375 0.0156739803913893 0.426505637561092 0.000387914210514698 0
0.7109375 0.0165055328884965 0.424964292944055 0.000387914333438781 0
0.712890625 0.017333997160702 0.423343443713482 0.000387914462220456 0
0.71484375 0.0181592182155023 0.421643394216614 0.000387914596762834 0
0.716796875 0.0189810416693607 0.419864463658475 0.000387914736964775 0
0.71875 0.0197993137766682 0.41800698604004 0.000387914882720817 0
0.720703125 0.0206138814585796 0.416071310093572 0.000387915033921357 0
0.72265625 0.0214245923317212 0.414057799215125 0.000387915190452727 0
0.724609375 0.0222312947367637 0.411966831394247 0.000387915352197261 0
0.7265625 0.023033837766855 0.409798799140886 0.000387915519033348 0
0.728515625 0.0238320712959077 0.407554109409522 0.000387915690835633 0
0.73046875 0.0246258460067359 0.40523318352055 0.000387915867474955 0
0.732421875 0.0254150134190349 0.402836457078918 0.000387916048818643 0
0.734375 0.0261994259172004 0.400364379890055 0.000387916234730402 0
0.736328125 0.0269789367779804 0.397817415873098 0.000387916425070617 0
0.73828125 0.0277534001979547 0.395196042971445 0.000387916619696252 0
0.740234375 0.0285226713208376 0.392500753060654 0.000387916818461199 0
0.7421875 0.0292866062645979 0.389732051853706 0.000387917021216197 0
0.744140625 0.0300450621483912 0.38689045880366 0.000387917227808985 0
0.74609375 0.0307978971192997 0.383976507003719 0.000387917438084468 0
0.748046875 0.0315449703788744 0.380990743084733 0.000387917651884862 0
0.75 0.0322861422094744 0.37793372711016 0.000387917869049671 0
0.751953125 0.0330212740003985 0.37480603246851 0.000387918089415948 0
0.75390625 0.0337502282738045 0.3716082457633 0.000387918312818372 0
0.755859375 0.0344728687104114 0.368340966700543 0.000387918539089374 0
0.7578125 0.0351890601749785 0.365004807973794 0.000387918768059221 0
0.759765625 0.035898668741559 0.361600395146788 0.000387918999556214 0
0.76171875 0.0366015617185207 0.358128366533679 0.000387919233406798 0
0.763671875 0.0372976076733312 0.354589373076935 0.000387919469435673 0
0.765625 0.0379866764571025 0.350984078222885 0.000387919707465906 0
0.767578125 0.0386686392288893 0.347313157794969 0.000387919947319108 0
0.76953125 0.0393433684797391 0.343577299864712 0.000387920188815597 0
0.771484375 0.0400107380564859 0.339777204620443 0.000387920431774436 0
0.7734375 0.0406706231852877 0.335913584233805 0.000387920676013667 0
0.775390625 0.0413229004948992 0.331987162724061 0.000387920921350355 0
0.77734375 0.0419674480396785 0.327998675820253 0.0003879211676008 0
0.779296875 0.042604145322322 0.323948870821223 0.000387921414580665 0
0.78125 0.0432328733163239 0.319838506453536 0.000387921662105107 0
0.783203125 0.0438535144881562 0.315668352727331 0.000387921909988847 0
0.78515625 0.0444659528191651 0.311439190790133 0.000387922158046433 0
0.787109375 0.0450700738271801 0.307151812778663 0.000387922406092289 0
0.7890625 0.0456657645878317 0.30280702166866 0.000387922653940872 0
0.791015625 0.0462529137555733 0.298405631122765 0.000387922901406849 0
0.79296875 0.046831411584405 0.293948465336493 0.000387923148305178 0
0.794921875 0.047401149948294 0.289436358882314 0.000387923394451277 0
0.796875 0.0479620223612891 0.284870156551896 0.000387923639661159 0
0.798828125 0.0485139239973248 0.280250713196521 0.000387923883751599 0
0.80078125 0.049056751709713 0.275578893565721 0.000387924126540195 0
0.802734375 0.0495904040503159 0.270855572144161 0.000387924367845598 0
0.8046875 0.0501147812884011 0.266081632986802 0.000387924607487515 0
0.806640625 0.0506297854291706 0.26125796955238 0.000387924845287036 0
0.80859375 0.0511353202319651 0.256385484535226 0.000387925081066586 0
0.810546875 0.0516312912281364 0.251465089695476 0.000387925314650125 0
0.8125 0.052117605738588 0.246497705687681 0.000387925545863292 0
0.814453125 0.0525941728909789 0.241484261887878 0.000387925774533573 0
0.81640625 0.0530609036365876 0.236425696219133 0.000387926000490328 0
0.818359375 0.0535177107668349 0.2313229549756 0.000387926223564954 0
0.8203125 0.053964508929461 0.226176992645126 0.000387926443591053 0
0.822265625 0.0544012146443549 0.220988771730447 0.000387926660404554 0
0.82421875 0.0548277463190331 0.215759262568986 0.000387926873843764 0
0.826171875 0.055244024263765 0.210489443151313 0.000387927083749529 0
0.828125 0.0556499707063429 0.205180298938283 0.000387927289965397 0
0.830078125 0.0560455098064927 0.199832822676892 0.000387927492337612 0
0.83203125 0.0564305676699245 0.194448014214888 0.000387927690715416 0
0.833984375 0.0568050723620196 0.189026880314168 0.000387927884950934 0
0.8359375 0.0571689539211517 0.18357043446299 0.00038792807489949 0
0.837890625 0.0575221443716406 0.178079696687053 0.000387928260419532 0
0.83984375 0.0578645777363355 0.172555693359449 0.000387928441372932 0
0.841796875 0.058196190048826 0.166999457009553 0.000387928617624907 0
0.84375 0.0585169193652791 0.161412026130867 0.000387928789044173 0
0.845703125 0.0588267057758997 0.15579444498785 0.000387928955503157 0
0.84765625 0.0591254914160128 0.150147763421781 0.000387929116877878 0
0.849609375 0.059413220476766 0.144473036655686 0.000387929273048256 0
0.8515625 0.0596898392154491 0.138771325098349 0.000387929423898033 0
0.853515625 0.0599552959654314 0.133043694147466 0.000387929569314928 0
0.85546875 0.0602095411457127 0.12729121399195 0.000387929709190751 0
0.857421875 0.0604525272700875 0.121514959413449 0.000387929843421422 0
0.859375 0.0606842089559214 0.115716009587081 0.000387929971907061 0
0.861328125 0.060904542932537 0.109895447881448 0.000387930094552105 0
0.86328125 0.0611134880492084 0.104054361657948 0.000387930211265304 0
0.865234375 0.0613110052827634 0.0981938420694194 0.000387930321959869 0
0.8671875 0.061497057744792 0.0923149838581585 0.00038793042655345 0
0.869140625 0.0616716106884593 0.0864188851533417 0.000387930524968252 0
0.87109375 0.0618346315149223 0.080506647267884 0.000387930617131138 0
0.873046875 0.0619860897793495 0.0745793744947719 0.000387930702973546 0
0.875 0.0621259571965425 0.0686381739029024 0.000387930782431659 0
0.876953125 0.0622542076461577 0.0626841551324638 0.000387930855446391 0
0.87890625 0.0623708171775287 0.0567184301898908 0.000387930921963475 0
0.880859375 0.062475764014087 0.050742113242431 0.000387930981933442 0
0.8828125 0.0625690285573819 0.0447563204123528 0.000387931035311728 0
0.884765625 0.0626505933906977 0.0387621695708333 0.000387931082058657 0
0.88671875 0.062720443282268 0.0327607801315565 0.000387931122139474 0
0.888671875 0.0627785651880866 0.026753272844059 0.000387931155524383 0
0.890625 0.0628249482543151 0.0207407695868551 0.000387931182188573 0
0.892578125 0.0628595838192853 0.0147243931603761 0.000387931202112242 0
0.89453125 0.0628824654150978 0.00870526707975922 0.000387931215280573 0
0.896484375 0.0628935887688156 0.00268451536751762 0.000387931221683748 0
0.8984375 0.0628929518032522 -0.00333673765387192 0.000387931221317055 -0
0.900390625 0.0628805546373551 -0.00935736756943108 0.00038793121418074 -0
0.90234375 0.0628563995861841 -0.015376250079157 0.000387931200280092 -0
0.904296875 0.0628204911604834 -0.0213922612054809 0.000387931179625484 -0
0.90625 0.0627728360658502 -0.0274042775006726 0.000387931152232255 -0
0.908203125 0.0627134432014964 -0.0334111762541598 0.000387931118120747 -0
0.91015625 0.0626423236586074 -0.0394118356997241 0.000387931077316313 -0
0.912109375 0.0625594907182944 -0.0454051352225438 0.000387931029849293 -0
0.9140625 0.0624649598491443 -0.0513899555660455 0.000387930975754987 -0
0.916015625 0.0623587487043645 -0.0573651790385342 0.00038793091507357 -0
0.91796875 0.062240877118525 -0.0633296897195637 0.000387930847850183 -0
0.919921875 0.0621113671038975 -0.0692823736660171 0.000387930774134782 -0
0.921875 0.0619702428463922 -0.0752221191178609 0.000387930693982177 -0
0.923828125 0.0618175307010933 -0.0811478167035383 0.000387930607451965 -0
0.92578125 0.061653259187394 -0.0870583596449696 0.000387930514608459 -0
0.927734375 0.0614774589837302 -0.0929526439621235 0.000387930415520744 -0
0.9296875 0.0612901629219169 -0.098829568677126 0.000387930310262451 -0
0.931640625 0.0610914059810851 -0.104688036017873 0.000387930198911877 -0
0.93359375 0.0608812252812221 -0.11052695162111 0.00038793008155186 -0
0.935546875 0.0606596600763152 -0.116345224734952 0.00038792995826968 -0
0.9375 0.0604267517471012 -0.122141768420794 0.000387929829157036 -0
0.939453125 0.0601825437934215 -0.127915499754599 0.000387929694309968 -0
0.94140625 0.0599270818261848 -0.133665340027512 0.000387929553828836 -0
0.943359375 0.059660413558939 -0.139390214945769 0.000387929407818134 -0
0.9453125 0.0593825887990529 -0.145089054829876 0.000387929256386529 -0
0.947265625 0.0590936594385098 -0.150760794813013 0.000387929099646735 -0
0.94921875 0.0587936794443145 -0.156404375038635 0.000387928937715405 -0
0.951171875 0.0584827048485151 -0.162018740857227 0.000387928770713066 -0
0.953125 0.058160793737841 -0.167602843022195 0.000387928598764058 -0
0.955078125 0.0578280062429597 -0.17315563788484 0.000387928421996425 -0
0.95703125 0.0574844045273534 -0.178676087588397 0.000387928240541792 -0
0.958984375 0.0571300527758175 -0.184163160261086 0.000387928054535311 -0
0.9609375 0.0567650171825835 -0.189615830208163 0.0003879278641155 -0
0.962890625 0.0563893659390669 -0.195033078102921 0.000387927669424218 -0
0.96484375 0.056003169221244 -0.200413891176605 0.000387927470606548 -0
0.966796875 0.0556064991766583 -0.205757263407226 0.000387927267810635 -0
0.96875 0.0551994299110595 -0.211062195707209 0.000387927061187607 -0
0.970703125 0.054782037474677 -0.216327696109873 0.000387926850891489 -0
0.97265625 0.0543543998481303 -0.221552779954688 0.000387926637079045 -0
0.974609375 0.053916596927979 -0.226736470071278 0.0003879264199097 -0
0.9765625 0.0534687105119144 -0.231877796962142 0.000387926199545412 -0
0.978515625 0.0530108242835956 -0.236975798984053 0.000387925976150495 -0
0.98046875 0.0525430237971329 -0.242029522528108 0.000387925749891643 -0
0.982421875 0.0520653964612202 -0.247038022198381 0.000387925520937637 -0
0.984375 0.0515780315229205 -0.252000360989166 0.000387925289459323 -0
0.986328125 0.0510810200511063 -0.256915610460753 0.000387925055629456 -0
0.98828125 0.0505744549195582 -0.261782850913723 0.000387924819622596 -0
0.990234375 0.0500584307897245 -0.266601171561717 0.000387924581614897 -0
0.9921875 0.0495330440931452 -0.271369670702647 0.000387924341784113 -0
0.994140625 0.0489983930135423 -0.276087455888316 0.000387924100309338 -0
0.99609375 0.0484545774685815 -0.280753644092424 0.000387923857370941 -0
0.998046875 0.0479016990913063 -0.2853673618769 0.000387923613150411 -0
1 0.0473398612112498 -0.28992774555656 0.000387923367830241 -0
1.001953125 0.046769168835226 -0.294433941362037 0.000387923121593772 -0
1.00390625 0.0461897286278044 -0.298885105600948 0.000387922874625039 -0
1.005859375 0.0456016488914723 -0.303280404817285 0.000387922627108675 -0
1.0078125 0.0450050395464869 -0.307619015948978 0.000387922379229763 -0
1.009765625 0.0444000121104216 -0.311900126483602 0.000387922131173679 -0
1.01171875 0.0437866796774103 -0.316122934612207 0.000387921883125961 -0
1.013671875 0.0431651568970927 -0.320286649381225 0.000387921635272172 -0
1.015625 0.0425355599532649 -0.324390490842428 0.000387921387797791 -0
1.017578125 0.0418980065422394 -0.32843369020091 0.000387921140888026 -0
1.01953125 0.0412526158509176 -0.332415489961051 0.000387920894727655 -0
1.021484375 0.0405995085345791 -0.336335144070446 0.000387920649500975 -0
1.0234375 0.0399388066943924 -0.340191918061753 0.000387920405391647 -0
1.025390625 0.0392706338546503 -0.343985089192443 0.000387920162582426 -0
1.02734375 0.0385951149397344 -0.347713946582415 0.000387919921255233 -0
1.029296875 0.0379123762508128 -0.351377791349442 0.000387919681590827 -0
1.03125 0.0372225454422757 -0.354975936742434 0.000387919443768809 -0
1.033203125 0.0365257514979127 -0.35850770827247 0.000387919207967376 -0
1.03515625 0.0358221247068363 -0.361972443841578 0.000387918974363301 -0
1.037109375 0.0351117966391565 -0.365369493869243 0.000387918743131686 -0
1.0390625 0.0343949001214096 -0.368698221416602 0.000387918514445929 -0
1.041015625 0.0336715692117479 -0.371958002308299 0.000387918288477501 -0
1.04296875 0.0329419391748928 -0.375148225251987 0.00038791806539591 -0
1.044921875 0.0322061464568573 -0.378268291955429 0.00038791784536847 -0
1.046875 0.0314643286594419 -0.381317617241189 0.000387917628560268 -0
1.048828125 0.0307166245145089 -0.384295629158879 0.000387917415134014 -0
1.05078125 0.02996317385804 -0.387201769094935 0.000387917205249844 -0
1.052734375 0.0292041176039818 -0.390035491879901 0.000387916999065335 -0
1.0546875 0.0284395977178842 -0.392796265893191 0.000387916796735264 -0
1.056640625 0.0276697571903366 -0.395483573165316 0.000387916598411547 -0
1.05859375 0.0268947400102072 -0.398096909477532 0.000387916404243096 -0
1.060546875 0.0261146911376899 -0.400635784458909 0.000387916214375743 -0
1.0625 0.0253297564771646 -0.403099721680779 0.000387916028952107 -0
1.064453125 0.0245400828498744 -0.405488258748553 0.000387915848111503 -0
1.06640625 0.023745817966428 -0.407800947390881 0.000387915671989781 -0
1.068359375 0.0229471103991288 -0.410037353546128 0.000387915500719283 -0
1.0703125 0.0221441095541385 -0.412197057446161 0.000387915334428729 -0
1.072265625 0.0213369656434797 -0.414279653697407 0.00038791517324309 -0
1.07421875 0.020525829656883 -0.416284751359178 0.000387915017283548 -0
1.076171875 0.0197108533334829 -0.418211974019238 0.000387914866667345 -0
1.078125 0.0188921891333703 -0.420060959866593 0.000387914721507724 -0
1.080078125 0.018069990209004 -0.421831361761491 0.000387914581913824 -0
1.08203125 0.0172444103764895 -0.423522847302606 0.000387914447990638 -0
1.083984375 0.0164156040867282 -0.425135098891399 0.000387914319838862 -0
1.0859375 0.015583726396445 -0.42666781379364 0.000387914197554912 -0
1.087890625 0.0147489329390968 -0.428120704198063 0.000387914081230765 -0
1.08984375 0.0139113798956713 -0.42949349727216 0.000387913970953941 -0
1.091796875 0.0130712239653775 -0.430785935215082 0.000387913866807375 -0
1.09375 0.0122286223362374 -0.43199777530764 0.000387913768869454 -0
1.095703125 0.011383732655582 -0.433128789959406 0.000387913677213852 -0
1.09765625 0.0105367130004584 -0.434178766752876 0.000387913591909554 -0
1.099609375 0.00968772184795356 -0.43514750848471 0.000387913513020772 -0
1.1015625 0.00883691804544003 -0.436034833204025 0.000387913440606831 -0
1.103515625 0.00798446078075034 -0.436840574247736 0.000387913374722271 -0
1.10546875 0.00713050955228481 -0.437564580272927 0.000387913315416658 -0
1.107421875 0.00627522413905922 -0.438206715286262 0.000387913262734657 -0
1.109375 0.00541876457069785 -0.438766858670416 0.000387913216715903 -0
1.111328125 0.00456129109737791 -0.43924490520751 0.00038791317739506 -0
1.11328125 0.00370296415973101 -0.439640765099576 0.000387913144801694 -0
1.115234375 0.00284394435870769 -0.439954363986007 0.000387913118960347 -0
1.1171875 0.00198439242541067 -0.440185642958019 0.000387913099890498 -0
1.119140625 0.00112446919090292 -0.440334558570105 0.000387913087606489 -0
1.12109375 0.000264335555996198 -0.440401082848485 0.000387913082117575 -0
1.123046875 -0.000595847538973969 -0.440385203296545 0.000387913083427856 -0
1.125 -0.00145591914438093 -0.440286922897267 0.000387913091536394 -0
1.126953125 -0.00231571833154142 -0.440106260112651 0.000387913106437063 -0
1.12890625 -0.00317508422294597 -0.439843248880122 0.000387913128118641 -0
1.130859375 -0.0040338560224794 -0.439497938605932 0.000387913156564804 -0
1.1328125 -0.00489187304562539 -0.43907039415555 0.00038791319175414 -0
1.134765625 -0.00574897474964951 -0.438560695841052 0.000387913233660163 -0
1.13671875 -0.0066050007637545 -0.437968939405504 0.000387913282251326 -0
1.138671875 -0.00745979091920226 -0.437295236004349 0.000387913337491039 -0
1.140625 -0.00831318527939649 -0.436539712183802 0.000387913399337757 -0
1.142578125 -0.00916502416992024 -0.43570250985625 0.000387913467744885 -0
1.14453125 -0.0100151482085225 -0.43478378627268 0.000387913542660973 -0
1.146484375 -0.0108633983350479 -0.433783713992125 0.000387913624029603 -0
1.1484375 -0.0117096158413042 -0.432702480848143 0.00038791371178957 -0
1.150390625 -0.012553642400861 -0.431540289912342 0.000387913805874829 -0
1.15234375 -0.0133953200987743 -0.430297359454947 0.000387913906214541 -0
1.154296875 -0.0142344914612318 -0.428973922902434 0.000387914012733269 -0
1.15625 -0.0150709994851119 -0.427570228792232 0.000387914125350829 -0
1.158203125 -0.0159046876674515 -0.426086540724506 0.000387914243982508 -0
1.16015625 -0.016735400034817 -0.424523137311031 0.000387914368539058 -0
1.162109375 -0.0175629811725727 -0.42288031212118 0.000387914498926795 -0
1.1640625 -0.0183872762540404 -0.421158373625024 0.000387914635047651 -0
1.166015625 -0.0192081310695455 -0.419357645133567 0.000387914776799243 -0
1.16796875 -0.0200253920553434 -0.417478464736135 0.000387914924075018 -0
1.169921875 -0.020838906322421 -0.415521185234918 0.00038791507676418 -0
1.171875 -0.0216485216851673 -0.413486174076704 0.000387915234751975 -0
1.173828125 -0.0224540866899081 -0.411373813281796 0.000387915397919599 -0
1.17578125 -0.0232554506432993 -0.409184499370157 0.000387915566144461 -0
1.177734375 -0.0240524636405728 -0.406918643284772 0.000387915739300073 -0
1.1796875 -0.0248449765936304 -0.404576670312269 0.000387915917256344 -0
1.181640625 -0.0256328412589801 -0.402159020000809 0.000387916099879533 -0
1.18359375 -0.0264159102655086 -0.399666146075256 0.000387916287032465 -0
1.185546875 -0.0271940371420866 -0.397098516349668 0.000387916478574535 -0
1.1875 -0.0279670763449995 -0.394456612637109 0.000387916674361891 -0
1.189453125 -0.0287348832852003 -0.391740930656817 0.000387916874247456 -0
1.19140625 -0.0294973143553777 -0.388951979938737 0.000387917078081199 -0
1.193359375 -0.030254226956836 -0.386090283725466 0.000387917285710051 -0
1.1953125 -0.0310054795261803 -0.383156378871598 0.000387917496978129 -0
1.197265625 -0.0317509315618031 -0.380150815740523 0.000387917711726921 -0
1.19921875 -0.0324904436501667 -0.377074158098687 0.000387917929795215 -0
1.201171875 -0.0332238774918761 -0.373926983007348 0.00038791815101942 -0
1.203125 -0.0339510959275392 -0.370709880711842 0.000387918375233549 -0
1.205078125 -0.0346719629634068 -0.367423454528391 0.000387918602269423 -0
1.20703125 -0.0353863437967907 -0.364068320728483 0.000387918831956772 -0
1.208984375 -0.0360941048412524 -0.360645108420837 0.000387919064123357 -0
1.2109375 -0.0367951137515596 -0.357154459430998 0.00038791929859513 -0
1.212890625 -0.0374892394484047 -0.35359702817857 0.000387919535196318 -0
1.21484375 -0.0381763521428821 -0.34997348155213 0.000387919773749582 -0
1.216796875 -0.0388563233607178 -0.346284498781842 0.000387920014076183 -0
1.21875 -0.0395290259662487 -0.342530771309802 0.000387920255996014 -0
1.220703125 -0.0401943341861467 -0.338713002658147 0.000387920499327893 -0
1.22265625 -0.0408521236328821 -0.334831908294943 0.000387920743889562 -0
1.224609375 -0.0415022713279238 -0.330888215497901 0.000387920989497849 -0
1.2265625 -0.0421446557246708 -0.32688266321594 0.000387921235968907 -0
1.228515625 -0.0427791567311111 -0.322816001928616 0.000387921483118209 -0
1.23046875 -0.0434056557322044 -0.318688993503477 0.000387921730760754 -0
1.232421875 -0.044024035611984 -0.314502411051341 0.000387921978711239 -0
1.234375 -0.0446341807753737 -0.310257038779551 0.000387922226784171 -0
1.236328125 -0.0452359771697166 -0.305953671843231 0.000387922474793947 -0
1.23828125 -0.0458293123060113 -0.301593116194569 0.000387922722555064 -0
1.240234375 -0.0464140752798517 -0.297176188430168 0.000387922969882266 -0
1.2421875 -0.0469901567920667 -0.292703715636486 0.000387923216590632 -0
1.244140625 -0.0475574491690567 -0.288176535233414 0.000387923462495714 -0
1.24609375 -0.0481158463828222 -0.283595494815999 0.000387923707413756 -0
1.248046875 -0.0486652440706817 -0.278961451994373 0.000387923951161701 -0
1.25 -0.0492055395546752 -0.274275274231892 0.00038792419355745 -0
1.251953125 -0.04973663186065 -0.269537838681545 0.000387924434419937 -0
1.25390625 -0.050258421737025 -0.264750032020644 0.000387924673569242 -0
1.255859375 -0.0507708116732307 -0.259912750283839 0.00038792491082678 -0
1.2578125 -0.0512737059178212 -0.255026898694493 0.000387925146015399 -0
1.259765625 -0.051767010496256 -0.250093391494442 0.000387925378959555 -0
1.26171875 -0.0522506332283464 -0.245113151772176 0.000387925609485351 -0
1.263671875 -0.0527244837453661 -0.240087111289481 0.000387925837420768 -0
1.265625 -0.0531884735068209 -0.235016210306572 0.000387926062595713 -0
1.267578125 -0.0536425158168761 -0.229901397405743 0.000387926284842244 -0
1.26953125 -0.0540865258404371 -0.224743629313577 0.000387926503994525 -0
1.271484375 -0.0545204206188823 -0.219543870721754 0.000387926719889162 -0
1.2734375 -0.054944119085444 -0.214303094106474 0.000387926932365145 -0
1.275390625 -0.0553575420802357 -0.209022279546546 0.00038792714126408 -0
1.27734375 -0.0557606123649227 -0.203702414540167 0.000387927346430212 -0
1.279296875 -0.0561532546370332 -0.198344493820434 0.000387927547710637 -0
1.28125 -0.0565353955439087 -0.192949519169609 0.000387927744955353 -0
1.283203125 -0.0569069636962895 -0.187518499232189 0.000387927938017406 -0
1.28515625 -0.0572678896815345 -0.1820524493268 0.000387928126752943 -0
1.287109375 -0.0576181060764723 -0.176552391256956 0.000387928311021355 -0
1.2890625 -0.057957547459882 -0.171019353120722 0.000387928490685427 -0
1.291015625 -0.0582861504246001 -0.165454369119306 0.000387928665611356 -0
1.29296875 -0.0586038535892543 -0.159858479364615 0.000387928835668851 -0
1.294921875 -0.0589105976096182 -0.154232729685821 0.000387929000731331 -0
1.296875 -0.0592063251895895 -0.148578171434957 0.00038792916067591 -0
1.298828125 -0.059490981091786 -0.142895861291587 0.000387929315383505 -0
1.30078125 -0.0597645121477598 -0.137186861066577 0.000387929464739 -0
1.302734375 -0.0600268672678273 -0.131452237505008 0.000387929608631242 -0
1.3046875 -0.0602779974505137 -0.125693062088263 0.000387929746953153 -0
1.306640625 -0.0605178557916096 -0.119910410835324 0.000387929879601814 -0
1.30859375 -0.0607463974928392 -0.1141053641033 0.000387930006478535 -0
1.310546875 -0.0609635798701381 -0.108279006387248 0.000387930127488919 -0
1.3125 -0.0611693623615394 -0.102432426119294 0.000387930242542971 -0
1.314453125 -0.0613637065346666 -0.096566715467099 0.000387930351555133 -0
1.31640625 -0.0615465760938327 -0.090682970131712 0.000387930454444283 -0
1.318359375 -0.0617179368867436 -0.084782289144829 0.000387930551133951 -0
1.3203125 -0.0618777569108047 -0.0788657746655042 0.000387930641552214 -0
1.322265625 -0.0620260063190307 -0.0729345317763421 0.000387930725631843 -0
1.32421875 -0.0621626574255561 -0.0669896682792064 0.000387930803310342 -0
1.326171875 -0.0622876847107464 -0.061032294490479 0.000387930874529927 -0
1.328125 -0.0624010648259095 -0.0550635230359044 0.000387930939237682 -0
1.330078125 -0.0625027765976054 -0.049084468645053 0.000387930997385487 -0
1.33203125 -0.0625928010315542 -0.0430962479454377 0.000387931048930112 -0
1.333984375 -0.0626711213161422 -0.0370999792563171 0.000387931093833268 -0
1.3359375 -0.0627377228255242 -0.0310967823822212 0.000387931132061557 -0
1.337890625 -0.0627925931223228 -0.0250877784062317 0.000387931163586556 -0
1.33984375 -0.0628357219599236 -0.0190740894830531 0.000387931188384844 -0
1.341796875 -0.062867101284366 -0.0130568386319063 0.000387931206438005 -0
1.34375 -0.0628867252358294 -0.00703714952928142 0.000387931217732601 -0
1.345703125 -0.0628945901497147 -0.00101614630158142 0.000387931222260247 -0
1.34765625 -0.06289069455732 0.00500504668230723 0.000387931220017578 0
1.349609375 -0.062875039186112 0.0110253050184843 0.000387931211006269 0
1.3515625 -0.0628476269595915 0.0170435044755111 0.000387931195232976 0
1.353515625 -0.0628084629967545 0.0230585212018574 0.000387931172709489 0
1.35546875 -0.0627575546111468 0.029069231933286 0.000387931143452495 0
1.357421875 -0.0626949113095151 0.0350745142001411 0.000387931107483751 0
1.359375 -0.0626205447900525 0.0410732465345052 0.00038793106482999 0
1.361328125 -0.0625344689402397 0.0470643086771926 0.000387931015522945 0
1.36328125 -0.0624366998342822 0.0530465817845429 0.000387930959599227 0
1.365234375 -0.0623272557301438 0.0590189486349822 0.000387930897100453 0
1.3671875 -0.0622061570661768 0.0649802938353174 0.000387930828073035 0
1.369140625 -0.0620734264573496 0.070929504026729 0.000387930752568324 0
1.37109375 -0.0619290886910724 0.0768654680904289 0.000387930670642438 0
1.373046875 -0.0617731707226214 0.0827870773529482 0.000387930582356278 0
1.375 -0.0616057016701624 0.0886932257910222 0.000387930487775514 0
1.376953125 -0.0614267128093752 0.094582810236037 0.000387930386970464 0
1.37890625 -0.0612362375676779 0.100454730578004 0.000387930280016093 0
1.380859375 -0.0610343115180548 0.106307889969029 0.00038793016699196 0
1.3828125 -0.0608209723724864 0.11214119502624 0.000387930047982074 0
1.384765625 -0.0605962599749836 0.11795355603414 0.000387929923075005 0
1.38671875 -0.060360216294228 0.123743887146351 0.000387929792363674 0
1.388671875 -0.0601128854158182 0.129511106586719 0.000387929655945296 0
1.390625 -0.0598543135341237 0.135254136849731 0.000387929513921365 0
1.392578125 -0.0595845489437489 0.140971904900232 0.00038792936639758 0
1.39453125 -0.0593036420306071 0.146663342372389 0.000387929213483727 0
1.396484375 -0.0590116452626067 0.152327385767876 0.000387929055293599 0
1.3984375 -0.0587086131799514 0.157962976653243 0.000387928891944974 0
1.400390625 -0.058394602385055 0.163569061856439 0.000387928723559388 0
1.40234375 -0.0580696715320746 0.16914459366245 0.000387928550262282 0
1.404296875 -0.0577338813160611 0.174688530008016 0.00038792837218262 0
1.40625 -0.0573872944617308 0.1801998346754 0.000387928189453079 0
1.408203125 -0.0570299757118603 0.185677477485168 0.000387928002209729 0
1.41015625 -0.0566619918153044 0.191120434487952 0.000387927810592022 0
1.412109375 -0.0562834115146417 0.196527688155149 0.00038792761474275 0
1.4140625 -0.0558943055334483 0.201898227568541 0.000387927414807821 0
1.416015625 -0.0554947465632021 0.207231048608783 0.000387927210936237 0
1.41796875 -0.0550848092498203 0.212525154142736 0.000387927003279926 0
1.419921875 -0.0546645701798321 0.217779554209611 0.000387926791993686 0
1.421875 -0.054234107866189 0.222993266205877 0.000387926577235014 0
1.423828125 -0.0537935027337154 0.228165315068916 0.0003879263591641 0
1.42578125 -0.053342837104201 0.233294733459383 0.000387926137943521 0
1.427734375 -0.0528821951811396 0.238380561942231 0.000387925913738292 0
1.4296875 -0.0524116630341142 0.243421849166379 0.000387925686715665 0
1.431640625 -0.0519313285828335 0.248417652042978 0.000387925457045016 0
1.43359375 -0.0514412815808213 0.253367035922247 0.000387925224897761 0
1.435546875 -0.0509416135987622 0.258269074768851 0.000387924990447135 0
1.4375 -0.0504324180075055 0.263122851335766 0.000387924753868156 0
1.439453125 -0.0499137899607319 0.267927457336627 0.000387924515337466 0
1.44140625 -0.0493858263772843 0.272681993616498 0.000387924275033167 0
1.443359375 -0.0488486259231674 0.27738557032105 0.000387924033134722 0
1.4453125 -0.0483022889932177 0.282037307064104 0.000387923789822851 0
1.447265625 -0.0477469176924483 0.286636333093508 0.000387923545279318 0
1.44921875 -0.0471826158170712 0.291181787455311 0.000387923299686867 0
1.451171875 -0.0466094888352009 0.295672819156214 0.000387923053229041 0
1.453125 -0.0460276438672422 0.30010858732425 0.000387922806090048 0
1.455078125 -0.0454371896659656 0.304488261367664 0.000387922558454681 0
1.45703125 -0.0448382365962748 0.30881102113197 0.0003879223105081 0
1.458984375 -0.0442308966146688 0.313076057055143 0.000387922062435764 0
1.4609375 -0.0436152832484031 0.317282570320914 0.000387921814423195 0
1.462890625 -0.0429915115743528 0.321429773010145 0.000387921566655969 0
1.46484375 -0.0423596981975823 0.325516888250239 0.00038792131931949 0
1.466796875 -0.0417199612296253 0.329543150362569 0.000387921072598877 0
1.46875 -0.0410724202664785 0.333507805007879 0.000387920826678787 0
1.470703125 -0.0404171963663132 0.33741010932964 0.00038792058174336 0
1.47265625 -0.0397544120269096 0.34124933209532 0.000387920337975974 0
1.474609375 -0.0390841911628159 0.345024753835547 0.000387920095559227 0
1.4765625 -0.0384066590822395 0.348735666981121 0.000387919854674702 0
1.478515625 -0.0377219424636709 0.352381375997867 0.00038791961550285 0
1.48046875 -0.0370301693322478 0.355961197519271 0.000387919378222907 0
1.482421875 -0.0363314690358612 0.3594744604769 0.000387919143012692 0
1.484375 -0.0356259722210099 0.362920506228555 0.000387918910048513 0
1.486328125 -0.0349138108084059 0.366298688684134 0.000387918679505015 0
1.48828125 -0.0341951179683375 0.369608374429187 0.000387918451555083 0
1.490234375 -0.0334700280957919 0.372848942846122 0.000387918226369666 0
1.4921875 -0.0327386767853448 0.376019786233041 0.000387918004117636 0
1.494140625 -0.0320012008058191 0.37912030992018 0.000387917784965764 0
1.49609375 -0.0312577380747191 0.382149932383921 0.000387917569078449 0
1.498046875 -0.0305084276324444 0.385108085358361 0.000387917356617689 0
1.5 -0.029753409616288 0.387994213944397 0.000387917147742967 0
1.501953125 -0.0289928252342241 0.390807776716315 0.000387916942611069 0
1.50390625 -0.0282268167384899 0.393548245825852 0.000387916741375986 0
1.505859375 -0.0274555273989669 0.39621510710371 0.000387916544188836 0
1.5078125 -0.0266791014763661 0.398807860158494 0.000387916351197667 0
1.509765625 -0.0258976841952228 0.401326018473053 0.000387916162547425 0
1.51171875 -0.0251114217167057 0.403769109498205 0.00038791597837986 0
1.513671875 -0.0243204611112454 0.406136674743819 0.000387915798833309 0
1.515625 -0.0235249503309877 0.408428269867232 0.00038791562404266 0
1.517578125 -0.0227250381820765 0.410643464758983 0.000387915454139257 0
1.51953125 -0.0219208742967729 0.412781843625846 0.000387915289250819 0
1.521484375 -0.0211126091054131 0.414843005071131 0.000387915129501269 0
1.5234375 -0.0203003938082138 0.416826562172252 0.000387914975010692 0
1.525390625 -0.0194843803469277 0.418732142555518 0.000387914825895233 0
1.52734375 -0.0186647213763563 0.420559388468158 0.000387914682266992 0
1.529296875 -0.017841570235724 0.422307956847541 0.000387914544234021 0
1.53125 -0.0170150809199206 0.423977519387578 0.00038791441190007 0
1.533203125 -0.0161854080506163 0.4255677626023 0.000387914285364694 0
1.53515625 -0.0153527068472553 0.427078387886585 0.000387914164723074 0
1.537109375 -0.0145171330979343 0.428509111574023 0.000387914050065941 0
1.5390625 -0.0136788431301693 0.429859664991909 0.000387913941479578 0
1.541015625 -0.0128379937815596 0.431129794513342 0.000387913839045648 0
1.54296875 -0.0119947423703516 0.432319261606426 0.000387913742841244 0
1.544921875 -0.0111492466659095 0.433427842880553 0.000387913652938777 0
1.546875 -0.0103016648590994 0.434455330129761 0.000387913569405858 0
1.548828125 -0.00945215553259016 0.435401530373159 0.000387913492305382 0
1.55078125 -0.00860087763107927 0.436266265892401 0.000387913421695357 0
1.552734375 -0.00774799043144797 0.437049374266202 0.000387913357628959 0
1.5546875 -0.00689365351285192 0.437750708401898 0.000387913300154362 0
1.556640625 -0.00603802672675306 0.438370136564025 0.000387913249314847 0
1.55859375 -0.00518127016689869 0.43890754239992 0.000387913205148702 0
1.560546875 -0.00432354413925337 0.439362824962342 0.000387913167689145 0
1.5625 -0.00346500913188955 0.43973589872909 0.000387913136964386 0
1.564453125 -0.00260582578484286 0.440026693619636 0.000387913112997568 0
1.56640625 -0.00174615485993784 0.440235155008747 0.000387913095806724 0
1.568359375 -0.000886157210589943 0.440361243737112 0.000387913085404796 0
1.5703125 -2.59937515897494e-05 0.440404936118954 0.000387913081799604 0
1.572265625 0.000834174571124721 0.440366223946636 0.000387913084993883 -0
1.57421875 0.0016941868107018 0.440245114492261 0.000387913094985215 -0
1.576171875 0.00255388204961012 0.440041630506253 0.000387913111766078 -0
1.578125 0.00341309942986685 0.439755810212935 0.000387913135323843 -0
1.580078125 0.00427167818325439 0.439387707303096 0.000387913165640757 -0
1.58203125 0.00512945766151957 0.43893739092355 0.000387913202694031 -0
1.583984375 0.00598627736654951 0.438404945663689 0.000387913246455755 -0
1.5859375 0.00684197698051835 0.437790471539039 0.000387913296892969 -0
1.587890625 0.00769639639599888 0.437094083971816 0.00038791335396774 -0
1.58984375 0.00854937574603326 0.436315913768491 0.000387913417637093 -0
1.591796875 0.00940075543415705 0.435456107094366 0.000387913487853097 -0
1.59375 0.0102503761643706 0.434514825445174 0.000387913564562903 -0
1.595703125 0.0110980789710523 0.433492245615703 0.000387913647708789 -0
1.59765625 0.011943705248807 0.432388559665457 0.000387913737228186 -0
1.599609375 0.0127870967822455 0.431203974881357 0.00038791383305371 -0
1.6015625 0.0136280957756873 0.429938713737496 0.000387913935113279 -0
1.603515625 0.0144665448827825 0.428593013851962 0.000387914043330087 -0
1.60546875 0.0153022872360465 0.427167127940726 0.00038791415762272 -0
1.607421875 0.016135166476301 0.42566132376862 0.00038791427790521 -0
1.609375 0.0169650267820177 0.424075884097409 0.00038791440408704 -0
1.611328125 0.0177917128985565 0.42241110663098 0.000387914536073308 -0
1.61328125 0.0186150701672949 0.420667303957642 0.00038791467376478 -0
1.615234375 0.0194349445546411 0.418844803489577 0.000387914817057865 -0
1.6171875 0.0202511826809261 0.41694394739943 0.000387914965844834 -0
1.619140625 0.0210636318491701 0.414965092554083 0.000387915120013827 -0
1.62109375 0.0218721400737155 0.412908610445596 0.000387915279448913 -0
1.623046875 0.0226765561087232 0.410774887119361 0.000387915444030243 -0
1.625 0.0234767294765255 0.40856432309947 0.000387915613634127 -0
1.626953125 0.0242725104958305 0.406277333311317 0.000387915788133092 -0
1.62890625 0.0250637503097728 0.403914347001462 0.000387915967396028 -0
1.630859375 0.025850300913805 0.401475807654763 0.000387916151288224 -0
1.6328125 0.0266320151834242 0.398962172908804 0.000387916339671507 -0
1.634765625 0.02740874690173 0.396373914465638 0.00038791653240441 -0
1.63671875 0.0281803507868056 0.393711518000869 0.000387916729342158 -0
1.638671875 0.0289466825189209 0.390975483070082 0.000387916930336862 -0
1.640625 0.0297075987675481 0.388166323012664 0.000387917135237588 -0
1.642578125 0.0304629572181891 0.385284564853016 0.000387917343890524 -0
1.64453125 0.0312126165990052 0.382330749199202 0.000387917556139051 -0
1.646484375 0.0319564367072485 0.379305430139034 0.00038791777182384 -0
1.6484375 0.0326942784354858 0.376209175133637 0.000387917990783062 -0
1.650390625 0.0334260037976142 0.373042564908515 0.000387918212852426 -0
1.65234375 0.0341514759546597 0.36980619334213 0.000387918437865357 -0
1.654296875 0.0348705592403569 0.36650066735204 0.000387918665653049 -0
1.65625 0.0355831191865036 0.363126606778599 0.000387918896044677 -0
1.658203125 0.0362890225480858 0.359684644266272 0.000387919128867501 -0
1.66015625 0.0369881373281687 0.356175425142564 0.000387919363946966 -0
1.662109375 0.037680332802549 0.352599607294615 0.000387919601106854 -0
1.6640625 0.0383654795441633 0.348957861043469 0.000387919840169438 -0
1.666015625 0.03904344944725 0.34525086901606 0.000387920080955565 -0
1.66796875 0.0397141157512573 0.34147932601493 0.000387920323284862 -0
1.669921875 0.0403773530644958 0.337643938885724 0.000387920566975773 -0
1.671875 0.0410330373875297 0.333745426382471 0.000387920811845819 -0
1.673828125 0.0416810461363024 0.329784519030703 0.00038792105771162 -0
1.67578125 0.0423212581649934 0.325761958988418 0.000387921304389097 -0
1.677734375 0.0429535537886009 0.32167849990494 0.000387921551693598 -0
1.6796875 0.043577814805247 0.317534906777686 0.000387921799440051 -0
1.681640625 0.0441939245182012 0.313331955806888 0.000387922047443041 -0
1.68359375 0.0448017677576177 0.309070434248287 0.000387922295517049 -0
1.685546875 0.0454012309019836 0.304751140263838 0.000387922543476511 -0
1.6875 0.0459922018992733 0.300374882770459 0.000387922791135948 -0
1.689453125 0.0465745702878057 0.295942481286847 0.000387923038310171 -0
1.69140625 0.0471482272168001 0.291454765778398 0.00038792328481441 -0
1.693359375 0.0477130654666276 0.286912576500268 0.000387923530464381 -0
1.6953125 0.0482689794687542 0.282316763838597 0.000387923775076503 -0
1.697265625 0.0488158653253721 0.277668188149936 0.000387924018467995 -0
1.69921875 0.0493536208287149 0.272967719598909 0.00038792426045699 -0
1.701171875 0.0498821454800553 0.268216237994136 0.000387924500862734 -0
1.703125 0.0504013405083795 0.263414632622458 0.000387924739505711 -0
1.705078125 0.0509111088887368 0.258563802081498 0.000387924976207664 -0
1.70703125 0.0514113553602604 0.253664654110576 0.000387925210791896 -0
1.708984375 0.0519019864438562 0.248718105420039 0.000387925443083311 -0
1.7109375 0.0523829104595574 0.243725081519004 0.000387925672908518 -0
1.712890625 0.0528540375435398 0.238686516541584 0.000387925900096017 -0
1.71484375 0.0533152796647979 0.233603353071602 0.000387926124476275 -0
1.716796875 0.0537665506414758 0.228476541965841 0.000387926345881967 -0
1.71875 0.054207766156852 0.223307042175866 0.000387926564147879 -0
1.720703125 0.0546388437749753 0.218095820568435 0.000387926779111293 -0
1.72265625 0.0550597029559475 0.212843851744558 0.000387926990611891 -0
1.724609375 0.0554702650708524 0.207552117857217 0.000387927198492024 -0
1.7265625 0.0558704534163272 0.202221608427789 0.000387927402596701 -0
1.728515625 0.0562601932287735 0.196853320161209 0.000387927602773802 -0
1.73046875 0.0566394116982069 0.191448256759904 0.000387927798874182 -0
1.732421875 0.0570080379817419 0.186007428736528 0.000387927990751702 -0
1.734375 0.057366003216709 0.180531853225545 0.00038792817826342 -0
1.736328125 0.0577132405334042 0.175022553793674 0.000387928361269662 -0
1.73828125 0.0580496850674655 0.169480560249258 0.000387928539634136 -0
1.740234375 0.0583752739718778 0.163906908450558 0.000387928713224012 -0
1.7421875 0.0586899464286005 0.15830264011304 0.000387928881910006 -0
1.744140625 0.0589936436598194 0.152668802615663 0.000387929045566567 -0
1.74609375 0.059286308938818 0.147006448806216 0.000387929204071831 -0
1.748046875 0.0595678876004687 0.141316636805736 0.000387929357307835 -0
1.75 0.0598383270513404 0.135600429812039 0.000387929505160535 -0
1.751953125 0.0600975767794219 0.129858895902399 0.000387929647519901 -0
1.75390625 0.0603455883634591 0.124093107835413 0.000387929784279987 -0
1.755859375 0.060582315481904 0.11830414285208 0.000387929915339057 -0
1.7578125 0.0608077139214751 0.112493082476134 0.000387930040599583 -0
1.759765625 0.0610217415853264 0.106661012313664 0.000387930159968435 -0
1.76171875 0.0612243585008253 0.10080902185205 0.000387930273356763 -0
1.763671875 0.061415526826936 0.0949382042582575 0.000387930380680291 -0
1.765625 0.0615952108612091 0.0890496561765219 0.00038793048185915 -0
1.767578125 0.0617633770463755 0.0831444775254517 0.000387930576818141 -0
1.76953125 0.0619199939765429 0.0772237712945932 0.000387930665486634 -0
1.771484375 0.062065032402995 0.0712886433404844 0.000387930747798692 -0
1.7734375 0.0621984652395917 0.0653402021822365 0.00038793082369312 -0
1.775390625 0.0623202675677694 0.0593795587966746 0.000387930893113501 -0
1.77734375 0.0624304166411412 0.0534078264130729 0.000387930956008241 -0
1.779296875 0.0625288918896955 0.0474261203075184 0.000387931012330556 -0
1.78125 0.0626156749235924 0.0414355575969372 0.000387931062038574 -0
1.783203125 0.0626907495365585 0.0354372570328179 0.000387931105095382 -0
1.78515625 0.0627541017088769 0.0294323387946652 0.000387931141468959 -0
1.787109375 0.0628057196099752 0.0234219242832196 0.000387931171132252 -0
1.7890625 0.0628455936006082 0.017407135913475 0.000387931194063234 -0
1.791015625 0.0628737162346372 0.0113890969075306 0.000387931210244872 -0
1.79296875 0.0628900822604033 0.00536893108730973 0.000387931219665089 -0
1.794921875 0.062894688621697 -0.000652237332820071 0.000387931222316942 0
1.796875 0.0628875344583219 -0.00667328395349106 0.000387931218198434 0
1.798828125 0.0628686211062536 -0.0126930843978099 0.00038793120731261 0
1.80078125 0.062837952097393 -0.0187105145188287 0.000387931189667593 0
1.802734375 0.0627955331589145 -0.0247244506069777 0.000387931165276474 0
1.8046875 0.0627413722122095 -0.0307337695974272 0.000387931134157402 0
1.806640625 0.0626754793714245 -0.0367373492773421 0.000387931096333485 0
1.80859375 0.0625978669415948 -0.0427340684929978 0.000387931051832862 0
1.810546875 0.0625085494163737 -0.048722807356721 0.000387931000688568 0
1.8125 0.0624075434753577 -0.0547024474536227 0.000387930942938669 0
1.814453125 0.062294867981008 -0.0606718720480888 0.000387930878626063 0
1.81640625 0.0621705439751698 -0.0666299662899939 0.000387930807798584 0
1.818359375 0.0620345946751877 -0.0725756174206052 0.000387930730508853 0
1.8203125 0.0618870454696206 -0.0785077149781409 0.000387930646814358 0
1.822265625 0.0617279239135544 -0.0844251510029501 0.000387930556777315 0
1.82421875 0.0615572597235153 -0.0903268202422792 0.000387930460464695 0
1.826171875 0.061375084771983 -0.0962116203545919 0.000387930357948087 0
1.828125 0.0611814330815052 -0.102078452113406 0.000387930249303723 0
1.830078125 0.060976340818415 -0.107926219610618 0.000387930134612435 0
1.83203125 0.0607598462861512 -0.113753830459271 0.000387930013959519 0
1.833984375 0.0605319899181834 -0.119560195995749 0.000387929887434702 0
1.8359375 0.0602928142705428 -0.125344231481339 0.00038792975513214 0
1.837890625 0.0600423640139595 -0.131104856303154 0.000387929617150225 0
1.83984375 0.0597806859256086 -0.13684099417436 0.000387929473591639 0
1.841796875 0.0595078288804659 -0.142551573333686 0.000387929324563215 0
1.84375 0.0592238438422739 -0.148235526744173 0.000387929170175835 0
1.845703125 0.0589287838541214 -0.153891792291143 0.000387929010544437 0
1.84765625 0.0586227040286366 -0.159519312979332 0.000387928845787818 0
1.849609375 0.0583056615377959 -0.16511703712917 0.000387928676028637 0
1.8515625 0.0579777156023508 -0.170683918572173 0.000387928501393278 0
1.853515625 0.0576389274808734 -0.176218916845394 0.000387928322011816 0
1.85546875 0.0572893604584235 -0.181720997384929 0.000387928138017793 0
1.857421875 0.0569290798348385 -0.187189131718412 0.000387927949548299 0
1.859375 0.0565581529126484 -0.192622297656487 0.000387927756743681 0
1.861328125 0.0561766489846178 -0.198019479483219 0.000387927559747597 0
1.86328125 0.0557846393209171 -0.203379668145394 0.000387927358706842 0
1.865234375 0.0553821971559249 -0.208701861440696 0.000387927153771246 0
1.8671875 0.0549693976746644 -0.213985064204714 0.000387926945093516 0
1.869140625 0.0545463179988752 -0.219228288496742 0.000387926732829256 0
1.87109375 0.054113037172724 -0.224430553784352 0.000387926517136677 0
1.873046875 0.0536696361481551 -0.229590887126685 0.000387926298176657 0
1.875 0.0532161977698854 -0.234708323356449 0.000387926076112459 0
1.876953125 0.052752806760044 -0.239781905260571 0.000387925851109747 0
1.87890625 0.0522795497024613 -0.244810683759479 0.00038792562333635 0
1.880859375 0.0517965150266085 -0.249793718084975 0.000387925392962248 0
1.8828125 0.0513037929911918 -0.254730075956672 0.000387925160159328 0
1.884765625 0.0508014756674027 -0.259618833756954 0.000387924925101398 0
1.88671875 0.0502896569218287 -0.264459076704427 0.000387924687963873 0
1.888671875 0.0497684323990261 -0.269249899025829 0.000387924448923855 0
1.890625 0.0492378995037591 -0.273990404126366 0.000387924208159823 0
1.892578125 0.0486981573829075 -0.278679704758439 0.000387923965851596 0
1.89453125 0.0481493069070464 -0.283316923188727 0.00038792372218021 0
1.896484375 0.0475914506517015 -0.287901191363598 0.000387923477327707 0
1.8984375 0.0470246928782824 -0.292431651072808 0.000387923231477055 0
1.900390625 0.0464491395146983 -0.296907454111465 0.000387922984812019 0
1.90234375 0.0458648981356595 -0.301327762440212 0.000387922737516969 0
1.904296875 0.0452720779426663 -0.305691748343605 0.000387922489776817 0
1.90625 0.0446707897436922 -0.309998594586659 0.000387922241776794 0
1.908203125 0.0440611459325621 -0.314247494569517 0.000387921993702427 0
1.91015625 0.0434432604680301 -0.318437652480214 0.000387921745739274 0
1.912109375 0.0428172488525613 -0.322568283445512 0.000387921498072826 0
1.9140625 0.042183228110821 -0.326638613679763 0.000387921250888472 0
1.916015625 0.0415413167678747 -0.330647880631784 0.000387921004371184 0
1.91796875 0.0408916348271031 -0.334595333129687 0.000387920758705516 0
1.919921875 0.0402343037478369 -0.338480231523666 0.000387920514075402 0
1.921875 0.0395694464227138 -0.342301847826685 0.00038792027066402 0
1.923828125 0.0388971871547639 -0.346059465853045 0.000387920028653661 0
1.92578125 0.0382176516342254 -0.349752381354804 0.000387919788225672 0
1.927734375 0.0375309669150967 -0.353379902156017 0.000387919549560137 0
1.9296875 0.0368372613914284 -0.356941348284762 0.000387919312835928 0
1.931640625 0.0361366647733593 -0.360436052102935 0.000387919078230442 0
1.93359375 0.0354293080629013 -0.363863358433769 0.000387918845919576 0
1.935546875 0.0347153235294774 -0.367222624687062 0.000387918616077473 0
1.9375 0.0339948446852175 -0.370513220982085 0.000387918388876505 0
1.939453125 0.0332680062600161 -0.373734530268131 0.000387918164487032 0
1.94140625 0.0325349441763576 -0.376885948442693 0.000387917943077402 0
1.943359375 0.0317957955239119 -0.379966884467231 0.000387917724813709 0
1.9453125 0.0310506985339075 -0.382976760480512 0.000387917509859704 0
1.947265625 0.0302997925532849 -0.385915011909493 0.000387917298376713 0
1.94921875 0.029543218018636 -0.388781087577714 0.000387917090523472 0
1.951171875 0.0287811164299344 -0.391574449811194 0.000387916886455988 0
1.953125 0.028013630324061 -0.394294574541785 0.000387916686327503 0
1.955078125 0.0272409032481306 -0.396940951407979 0.000387916490288271 0
1.95703125 0.0264630797326236 -0.399513083853122 0.000387916298485508 0
1.958984375 0.0256803052643293 -0.402010489221042 0.000387916111063296 0
1.9609375 0.0248927262591039 -0.404432698849034 0.000387915928162389 0
1.962890625 0.0241004900344503 -0.406779258158213 0.000387915749920243 0
1.96484375 0.0233037447819234 -0.409049726741186 0.000387915576470755 0
1.966796875 0.0225026395393675 -0.41124367844704 0.000387915407944291 0
1.96875 0.0216973241629897 -0.413360701463621 0.000387915244467481 0
1.970703125 0.0208879492992752 -0.415400398397079 0.000387915086163224 0
1.97265625 0.0200746663567511 -0.41736238634867 0.000387914933150516 0
1.974609375 0.0192576274776008 -0.419246296988778 0.000387914785544406 0
1.9765625 0.0184369855091386 -0.421051776628172 0.000387914643455872 0
1.978515625 0.017612893975147 -0.422778486286436 0.000387914506991773 0
1.98046875 0.0167855070470823 -0.424426101757603 0.000387914376254712 0
1.982421875 0.0159549795151563 -0.425994313672933 0.000387914251343028 0
1.984375 0.0151214667592974 -0.427482827560857 0.00038791413235069 0
1.986328125 0.0142851247199967 -0.428891363904042 0.0003879140193672 0
1.98828125 0.0134461098690472 -0.430219658193585 0.00038791391247757 0
1.990234375 0.012604579180178 -0.431467460980314 0.000387913811762222 0
1.9921875 0.0117606900995928 -0.432634537923175 0.000387913717296907 0
1.994140625 0.0109146005164156 -0.433720669834711 0.000387913629152732 0
1.99609375 0.010066468733051 -0.434725652723606 0.000387913547396041 0
1.998046875 0.00921645343546404 -0.435649297834295 0.000387913472088332 0
2 0.00836471366338579 -0.436491431683615 0.000387913403286305 0
