0 1.04686422452993 0 0.0980433685221843 -0
0.0390625 1.01446190453828 -1.64303629124914 0.0979904375902999 0
0.078125 0.918502014276091 -3.21789550188651 0.0978140905026205 0
0.1171875 0.763063818453398 -4.64133434980738 0.0974859358847376 0
0.15625 0.555897768197389 -5.80899745433392 0.0970313205651081 0
0.1953125 0.309235892333561 -6.60609536556831 0.0965874663398565 -0
0.234375 0.0397965677623655 -6.93576206901667 0.0963649379752451 -0
0.2734375 -0.232620519308366 -6.75302956505607 0.0964913394094061 -0
0.3125 -0.48778386700764 -6.08319278590726 0.0968925567237515 -0
0.3515625 -0.707869955707371 -5.01129095361319 0.0973634008096445 -0
0.390625 -0.87929097275867 -3.65043714192348 0.0977351412259962 -0
0.4296875 -0.993060357420143 -2.10997190716294 0.0979535008111254 -0
0.46875 -1.04413252800577 -0.479260517183695 0.0980390519803356 -0
0.5078125 -1.03050258532512 1.17047343349992 0.0980171073750867 0
0.546875 -0.952689291013594 2.77277454914933 0.0978799370868109 0
0.5859375 -0.813879573672827 4.2499589398179 0.0975970334776214 0
0.625 -0.62066124884032 5.50354079410228 0.0971703860243789 0
0.6640625 -0.383915449133587 6.41951789696612 0.0967027597194752 0
0.703125 -0.119136413139842 6.89220713523312 0.0963957731463519 0
0.7421875 0.154538233306501 6.85861069625103 0.0964192530702274 0
0.78125 0.416692547504769 6.32340805713882 0.0967593043764353 0
0.8203125 0.648554487770471 5.35699539782816 0.0972316847371838 0
0.859375 0.835207812960094 4.06802366820113 0.0976427994460977 0
0.8984375 0.966368836848684 2.56944695694347 0.0979054030093287 0
0.9375 1.0359458564713 0.956954608825131 0.0980259517513304 0
0.9765625 1.04113091566315 -0.694000395676834 0.098034277227665 -0
1.015625 0.98172707555905 -2.31728171151194 0.0979333441184422 -0
1.0546875 0.860093281951277 -3.83990251406758 0.0976953419112913 -0
1.09375 0.68173469164752 -5.16965984202772 0.0973052352819612 -0
1.1328125 0.456213606792862 -6.19539215041247 0.0968317240453048 -0
1.171875 0.197719679896546 -6.80562978794272 0.096455746642462 -0
1.2109375 -0.0754762203901637 -6.92157687021224 0.0963750298270641 -0
1.25 -0.343028513088785 -6.52712167169238 0.0966371733278909 -0
1.2890625 -0.585407600991131 -5.6755678199149 0.0970940026030972 0
1.328125 -0.786432249019636 -4.46811702730441 0.0975373264187377 0
1.3671875 -0.934479243749288 -3.01948721603888 0.0978452388425366 0
1.40625 -1.02232968777267 -1.43147936216148 0.0980036305720576 0
1.4453125 -1.04631356891815 0.215247990257383 0.09804250061535 -0
1.484375 -1.00551343853382 1.85346068042687 0.0979751771621662 -0
1.5234375 -0.901511953259804 3.41377084315143 0.0977802964670753 -0
1.5625 -0.738812591412611 4.81023625283379 0.0974322280102587 -0
1.6015625 -0.525712246007164 5.93612513749028 0.0969686898486999 -0
1.640625 -0.275052815046183 6.67707421534874 0.0965416304973492 -0
1.6796875 -0.00406582293304431 6.94116207749889 0.096361083652855 -0
1.71875 0.267225472258418 6.69208905856292 0.0965317915194358 -0
1.7578125 0.518753634767184 5.96414247583147 0.0969544946626087 0
1.796875 0.733174103182751 4.84803495527296 0.0974197030074017 0
1.8359375 0.897506365647884 3.45795992880501 0.0977722340261497 0
1.875 1.00332722262064 1.90116040992064 0.0979714083214657 0
1.9140625 1.04603452267293 0.264205434883067 0.0980420603721241 0
1.953125 1.02396827222088 -1.38320536779273 0.0980063513077308 -0
1.9921875 0.937971603314126 -2.97401401468082 0.0978519614277989 -0
2.03125 0.791623427323943 -4.42813105240507 0.097548679375394 0
2.0703125 0.59202386484498 -5.64435700617354 0.0971082256297638 0
2.109375 0.350658036216635 -6.50805610431447 0.0966489725593625 0
2.1484375 0.0835819816954124 -6.9171259897282 0.0963781865059677 0
2.1875 -0.18974243173088 -6.81641900477996 0.0964483675942082 0
2.2265625 -0.448950753053022 -6.21993799272724 0.0968180900660504 0
2.265625 -0.675675087412695 -5.20498167098236 0.0972917684695626 0
2.3046875 -0.855589946098519 -3.88256479846651 0.0976859092577863 0
2.34375 -0.979000462292891 -2.3642200279961 0.0979284353701097 0
2.3828125 -1.04029463578571 -0.742798002603945 0.0980329410544278 0
2.421875 -1.03703155624632 0.908281600232299 0.0980277030934446 -0
2.4609375 -0.969335135767567 2.52291508263572 0.0979108541959088 -0
2.5 -0.839928815415409 4.02613020777781 0.0976528428064894 -0
2.5390625 -0.654793713284925 5.3228811907613 0.097245473380875 -0
2.578125 -0.424078722387183 6.30050605490737 0.0967725006504087 -0
2.6171875 -0.162566677745287 6.84976341456646 0.0964253924051119 -0
2.65625 0.111059044375822 6.89864163481376 0.0963912459793787 -0
2.6953125 0.376389699974538 6.44033435297867 0.0966902615472667 -0
2.734375 0.61421016570228 5.53609134899851 0.0971563059019365 -0
2.7734375 0.808896836615047 4.29083511482159 0.0975862565761476 -0
2.8125 0.949431659047717 2.81874988365943 0.0978737953587493 -0
2.8515625 1.02911167127594 1.21894763189796 0.0980148304262302 -0
2.890625 1.04466194278975 -0.430354919799049 0.0980398906991813 0
2.9296875 0.995490193166639 -2.06259003958915 0.0979577696534152 0
2.96875 0.883522095946843 -3.60690244442753 0.0977438179865635 0
3.0078125 0.713700939695738 -4.97456795650391 0.0973763829310327 0
3.046875 0.494883974344975 -6.05670053143105 0.0969065692157006 0
3.0859375 0.240521210677687 -6.73989270436515 0.0965001303871446 0
3.125 -0.0316701431835524 -6.93776348586782 0.0963635102486514 0
3.1640625 -0.301491561655737 -6.62295285479665 0.0965766806686385 -0
3.203125 -0.549088334964541 -5.83848373564794 0.0970170505829242 -0
3.2421875 -0.757623103503232 -4.68015032428591 0.0974739143232024 -0
3.28125 -0.914725079049378 -3.2626900570096 0.0978066360160969 -0
3.3203125 -1.01252076420711 -1.69101619915675 0.0979871500905044 -0
3.359375 -1.0468357196085 -0.0489771286773482 0.0980433236222196 -0
3.3984375 -1.01634710238503 1.59499777925478 0.0979936180949562 0
3.4375 -0.922226518104219 3.1729698624778 0.0978214079784573 0
3.4765625 -0.768458831878947 4.60229501293645 0.0974978373419875 0
3.515625 -0.562672220218559 5.77918494626081 0.0970455930859624 0
3.5546875 -0.316960007952322 6.5888239757866 0.0965984524964432 0
3.59375 -0.0479203471102302 6.93330581624525 0.0963666888608454 0
3.6328125 0.224704508941839 6.76573463370847 0.0964828001420281 0
3.671875 0.480652671148244 6.10933038288322 0.0968786013743796 0
3.7109375 0.70199594510459 5.04776098780073 0.0973503220753399 0
3.75 0.875008998320177 3.69381596508462 0.0977263242766234 0
3.7890625 0.990575317376826 2.15727606635946 0.0979491155472466 0
3.828125 1.04354619100451 0.528149804808759 0.0980381218779365 0
3.8671875 1.03183702087751 -1.12195851780652 0.0980192854055505 -0
3.90625 0.955893181800875 -2.72669115460738 0.0978859488705119 -0
3.9453125 0.818814274423809 -4.20888799508298 0.0976076762780004 -0
3.984375 0.627073807185017 -5.47069367285874 0.0971844213949813 -0
4.0234375 0.39141633123172 -6.39830945934328 0.0967154006556109 -0
4.0625 0.127205880673824 -6.88532337322771 0.0964006056249572 -0
4.1015625 -0.146499557301695 -6.86701297990757 0.0964134056359182 -0
4.140625 -0.409279508381456 -6.34592902671678 0.0967462241002446 -0
4.1796875 -0.642275262513943 -5.3908265461856 0.0972178330460668 -0
4.21875 -0.830437832302205 -4.10973476128088 0.0976326184750111 -0
4.2578125 -0.963348290739012 -2.61588054264937 0.097899825833363 0
4.296875 -1.03480349969669 -1.00559461595095 0.0980241044263923 0
4.3359375 -1.04191037011018 0.645179055233502 0.0980355203054456 -0
4.375 -0.98439888600657 2.2702566430797 0.0979381320844878 -0
4.4140625 -0.864546569869578 3.79707266425238 0.0977046347108863 -0
4.453125 -0.687752584111853 5.13407156523345 0.0973186193001426 -0
4.4921875 -0.463447228835715 6.17047950541545 0.0968454412840962 -0
4.53125 -0.205683872751271 6.79440223679416 0.0964633970581885 0
4.5703125 0.0673654459138292 6.9255747355847 0.0963721904367753 0
4.609375 0.335376653466284 6.5457827242959 0.0966255491881698 0
4.6484375 0.578754721249447 5.70646561805629 0.0970797598377718 0
4.6875 0.781194279876932 4.50789262645979 0.09752584596184 0
4.7265625 0.930933832691618 3.06483988730984 0.0978383820483188 0
4.765625 1.02063489607301 1.47970291529367 0.0980008066952777 0
4.8046875 1.04653562294894 -0.166283246675051 0.0980428507374553 -0
4.84375 1.00764401742652 -1.80569393787169 0.0979788348775674 -0
4.8828125 0.905465784052709 -3.3694397616244 0.0977882198781053 -0
4.921875 0.744406536049617 -4.77220099644239 0.0974446422273299 -0
4.9609375 0.532637581205647 -5.90776860831416 0.0969829113401428 -0
5 0.282862113525074 -6.66163689896711 0.0965516940426874 0
5.0390625 0.0121971984738417 -6.94070654700918 0.0963614090613806 0
5.078125 -0.259380585460018 -6.70667959841042 0.0965221823603841 0
5.1171875 -0.511762145151973 -5.99181771597084 0.0969403313719991 0
5.15625 -0.72749134452024 -4.88559407824778 0.0974070696155704 0
5.1953125 -0.893449182515081 -3.50200448631241 0.0977640322227745 0
5.234375 -1.0010854450134 -1.94879117616928 0.0979675273875653 0
5.2734375 -1.04569849315331 -0.313153916316619 0.0980415298453914 0
5.3125 -1.02555059472563 1.33488275778193 0.0980089697310517 -0
5.3515625 -0.941410777701592 2.92842263467805 0.0978585505334513 -0
5.390625 -0.796767576391411 4.38793762377134 0.0975599034075878 -0
5.4296875 -0.598603150844456 5.61283620956272 0.0971224240794507 -0
5.46875 -0.358264747519323 6.48858826418228 0.0966609409668943 -0
5.5078125 -0.0916821927052159 6.91222266432962 0.0963816586430856 -0
5.546875 0.181752648131428 6.82676853633092 0.0964412640345128 -0
5.5859375 0.441659099195637 6.24411433489586 0.0968045453747745 -0
5.625 0.669574080545168 5.24003397548387 0.0972782222925756 -0
5.6640625 0.851036753530314 3.92505681071156 0.0976763370061121 -0
5.703125 0.976219143882009 2.41106949129111 0.097923404855954 -0
5.7421875 1.03940155753743 0.791570172701289 0.098031511314051 -0
5.78125 1.0380605636243 -0.85957732336951 0.0980293590499829 0
5.8203125 0.97224707914919 -2.47628709547115 0.0979161803356761 0
5.859375 0.844600634290613 -3.98405715964922 0.0976627479757362 0
5.8984375 0.660992613551595 -5.28848700412578 0.0972591950882414 0
5.9375 0.431437587093287 -6.27722559526287 0.0967858068260302 0
5.9765625 0.170584363921683 -6.84047225282318 0.096431820159696 0
6.015625 -0.102974307658524 -6.90462605178982 0.0963870267276916 0
6.0546875 -0.368839546374397 -6.46075642556114 0.0966779121943854 0
6.09375 -0.607720903405488 -5.5683422746895 0.0971421854570776 -0
6.1328125 -0.803866286584514 -4.33151365801592 0.0975753465999399 -0
6.171875 -0.946120407937982 -2.86461488683869 0.0978675228395154 -0
6.2109375 -1.02766432461879 -1.26737933314701 0.0980124538246238 -0
6.25 -1.04513441834009 0.381434689658766 0.0980406383394791 0
6.2890625 -0.997864739489196 2.01513247876768 0.097961923066119 0
6.328125 -0.887702193436367 3.56321448471694 0.0977523546503725 0
6.3671875 -0.719488607870685 4.93759505218785 0.0973892655814328 0
6.40625 -0.501952579984191 6.02985644322831 0.0969206330180677 0
6.4453125 -0.248406073243474 6.72632567418689 0.096509168276923 0
6.484375 0.0235416133116599 6.93930980946069 0.096362406513855 0
6.5234375 0.293727505620642 6.63939441927174 0.0965661010925646 0
6.5625 0.542244302317264 5.86764081634002 0.0970027884240898 0
6.6015625 0.752136944397206 4.71873995163787 0.0974617746054106 -0
6.640625 0.910895861038973 3.30735107668745 0.0977990439846513 -0
6.6796875 1.01052374726341 1.73893561238195 0.0979837546766925 -0
6.71875 1.04675020575631 0.0979525979903019 0.0980431889056746 -0
6.7578125 1.01817629398141 -1.54690254101992 0.0979966925090066 0
6.796875 0.925898444739132 -3.12791557142483 0.0978285890183347 -0
6.8359375 0.773807889963841 -4.56303528777832 0.0975096168465518 -0
6.875 0.569411312881451 -5.74904919807193 0.0970598629380932 -0
6.9140625 0.324663421364472 -6.57114075176154 0.0966096334607051 -0
6.953125 0.0560409416500808 -6.93039504322579 0.0963687618849366 -0
6.9921875 -0.216773691387543 -6.7780063367855 0.0964745172675428 -0
7.03125 -0.473490803411286 -6.13511052001902 0.0968647090449334 -0
7.0703125 -0.696079200764029 -5.08397499807924 0.0973371496920766 -0
7.109375 -0.870676350136226 -3.73703628391733 0.0977173671065213 -0
7.1484375 -0.98803516044507 -2.20450048658892 0.0979446128680558 -0
7.1875 -1.04290295065099 -0.577021101672142 0.0980371000552565 -0
7.2265625 -1.03311493401321 1.0734046552172 0.0980213652281994 0
7.265625 -0.959043211962142 2.68050195334514 0.0978918315783568 0
7.3046875 -0.823700718908117 4.16762512809529 0.0976181840372828 0
7.34375 -0.633447498829698 5.4375530528272 0.0971984076817887 0
7.3828125 -0.398891886655992 6.37671147599012 0.0967281782820155 0
7.421875 -0.135266914767969 6.87799122501404 0.096405740642309 0
7.4609375 0.13845117779823 6.87496920186416 0.0964078534275009 0
7.5 0.401840054127668 6.36806641861315 0.09673326592099 0
7.5390625 0.635956366752383 5.4243715580536 0.0972039222990156 0
7.578125 0.825619082100605 4.15126069145512 0.0976223005525193 0
7.6171875 0.960273608272314 2.66221364660016 0.0978941217393023 0
7.65625 1.03360452324124 1.05419988058132 0.0980221604944202 0
7.6953125 1.04263297394273 -0.596335678838146 0.0980366707294711 -0
7.734375 0.987015798332012 -2.22314690750069 0.097942800256716 -0
7.7734375 0.868949621794238 -3.75407793859265 0.097713787469594 -0
7.8125 0.693728459379461 -5.09821991477085 0.097331917200201 -0
7.8515625 0.470651190952765 -6.14520278058876 0.0968592357813062 -0
7.890625 0.213634492145965 -6.78273775392119 0.0964713145852925 -0
7.9296875 -0.0592501960723274 -6.92911907322918 0.0963696699838964 0
7.96875 -0.327702935450065 -6.56403705871214 0.0966141060104166 0
8.0078125 -0.572065591284213 -5.73704737692586 0.0970655022599676 0
8.046875 -0.775909761772398 -4.5474549152756 0.0975142395232984 0
8.0859375 -0.927335506540119 -3.11006965863488 0.0978313903476646 0
8.125 -1.01888395385325 -1.52787419026295 0.0979978788296565 0
8.1640625 -1.04670067765441 0.117312866566844 0.0980431108678425 -0
8.203125 -1.00971888615271 1.75786211838954 0.0979823824265069 -0
8.2421875 -0.909367699655229 3.32496919811384 0.0977960046410874 -0
8.28125 -0.74995566755007 4.73393220321951 0.0974569433652689 -0
8.3203125 -0.539529246278705 5.87907581228925 0.0969971536110924 -0
8.359375 -0.290652869714973 6.64577898499868 0.0965619768140049 -0
8.3984375 -0.0203277630756835 6.9397955446522 0.0963620596883526 -0
8.4375 0.251518657210981 6.72084405078064 0.096512808176706 -0
8.4765625 0.504738178391554 6.01914796804648 0.0969262056280006 -0
8.515625 0.721764592214612 4.92291058840232 0.0973943303356916 -0
8.5546875 0.889340568110486 3.54590196508339 0.0977556907757017 -0
8.59375 0.998788183236752 1.99635101466217 0.0979635333847916 -0
8.6328125 1.04530549113097 0.362091768108781 0.0980409088399436 -0
8.671875 1.02707660262025 -1.28651334672906 0.0980114866508312 0
8.7109375 0.94479663591776 -2.8827154091115 0.0978650069187801 0
8.75 0.801864461283414 -4.34753965042112 0.097570997184108 0
8.7890625 0.60514510072861 -5.58100847104492 0.097136593203758 0
8.828125 0.36584817448303 -6.46872043109867 0.0966730725944201 0
8.8671875 0.0997763170490266 -6.90686752155877 0.096385444228313 0
8.90625 -0.173750850638749 -6.83667708377379 0.0964344399453657 0
8.9453125 -0.4343390801208 -6.26791850574192 0.0967910960229182 0
8.984375 -0.663431983899837 -5.27481367715489 0.0972646002860242 0
9.0234375 -0.846433898648526 -3.96737582709817 0.0976666254826945 -0
9.0625 -0.973383220391881 -2.45782798351643 0.097918251598967 -0
9.1015625 -1.03845170986075 -0.840315196513761 0.0980299875053571 -0
9.140625 -1.03903284511952 0.810843503981552 0.0980309201905981 0
9.1796875 -0.975104561112188 2.42956515394542 0.0979213823833529 0
9.21875 -0.849223067467533 3.94180728726817 0.0976725144504203 0
9.2578125 -0.667150866794362 5.25381591769241 0.0972728460738135 0
9.296875 -0.438768698897813 6.25356928277017 0.0967992168148594 0
9.3359375 -0.178590766577943 6.8307383828346 0.0964385327010614 0
9.375 0.0948827372611397 6.91015962235456 0.0963831178230353 -0
9.4140625 0.361265453918507 6.48078174781363 0.0966657176929978 -0
9.453125 0.60119381130908 5.60029051380632 0.0971280292151925 -0
9.4921875 0.798788150309626 4.37199169306387 0.097564304663316 -0
9.53125 0.942755662329695 2.91036726929709 0.0978611187058335 -0
9.5703125 1.02616059322346 1.31576674758099 0.0980099768129465 -0
9.609375 1.04554993948446 -0.33250150017222 0.0980412951742057 0
9.6484375 1.00018391352251 -1.96760122461286 0.0979659620380889 0
9.6875 0.891831093811581 -3.5193758569145 0.0977607513675974 0
9.7265625 0.725232674701062 -4.90037529049935 0.0974020460084185 0
9.765625 0.508989274241319 -6.0026633656088 0.0969347423476705 -0
9.8046875 0.256274599262874 -6.7123301454485 0.0965184481692557 -0
9.84375 -0.015411518371845 -6.9404008408982 0.0963616274150509 -0
9.8828125 -0.285944216432298 -6.65541807766999 0.0965557331484142 -0
9.921875 -0.535366055689813 -5.89646573619225 0.0969885394478218 -0
9.9609375 -0.746605602072318 -4.75710023698474 0.0974495187800249 -0
10 -0.907014511704246 -3.35187609125165 0.0977913139165317 -0
