0 0.603789587146387 0 0.034690135367403 -0
0.001953125 0.603736469533836 -0.0543903407269001 0.0346901351395577 0
0.00390625 0.603577124877922 -0.108772303214988 0.0346901344560788 0
0.005859375 0.603311577724402 -0.163137508675462 0.0346901333171373 0
0.0078125 0.602939868984659 -0.217477577222458 0.034690131723019 0
0.009765625 0.602462055938377 -0.271784127331821 0.0346901296741256 0
0.01171875 0.601878212237269 -0.326048775308614 0.0346901271709758 0
0.013671875 0.601188427909828 -0.380263134766286 0.034690124214208 0
0.015625 0.600392809367088 -0.434418816120369 0.0346901208045819 0
0.017578125 0.599491479409358 -0.488507426099597 0.0346901169429818 0
0.01953125 0.598484577233887 -0.542520567277274 0.0346901126304195 0
0.021484375 0.597372258443431 -0.596449837625759 0.0346901078680376 0
0.0234375 0.596154695055661 -0.650286830096841 0.0346901026571143 0
0.025390625 0.594832075513365 -0.704023132230804 0.0346900969990666 0
0.02734375 0.593404604695384 -0.757650325796926 0.0346900908954559 0
0.029296875 0.591872503928221 -0.811159986468115 0.0346900843479925 0
0.03125 0.590236010998243 -0.864543683532369 0.0346900773585412 0
0.033203125 0.588495380164422 -0.917792979643685 0.0346900699291265 0
0.03515625 0.58665088217151 -0.970899430615003 0.0346900620619394 0
0.037109375 0.584702804263582 -1.02385458525574 0.0346900537593428 0
0.0390625 0.582651450197855 -1.07664998525638 0.0346900450238784 0
0.041015625 0.580497140258675 -1.12927716512257 0.0346900358582733 0
0.04296875 0.578240211271595 -1.1817276521611 0.034690026265447 0
0.044921875 0.57588101661742 -1.23399296652008 0.0346900162485183 0
0.046875 0.573419926246126 -1.28606462128553 0.0346900058108132 0
0.048828125 0.570857326690524 -1.33793412263658 0.0346899949558713 0
0.05078125 0.568193621079576 -1.38959297006152 0.0346899836874545 0
0.052734375 0.565429229151221 -1.4410326566364 0.0346899720095536 0
0.0546875 0.56256458726459 -1.49224466936855 0.0346899599263966 0
0.056640625 0.5596001484115 -1.54322048960656 0.0346899474424564 0
0.05859375 0.556536382227065 -1.59395159351867 0.0346899345624581 0
0.060546875 0.553373774999318 -1.64442945264122 0.034689921291387 0
0.0625 0.550112829677685 -1.69464553449879 0.0346899076344965 0
0.064453125 0.546754065880182 -1.74459130329747 0.0346898935973147 0
0.06640625 0.543298019899179 -1.79425822069275 0.0346898791856529 0
0.068359375 0.539745244705601 -1.84363774663324 0.0346898644056121 0
0.0703125 0.536096309951393 -1.89272134028154 0.0346898492635903 0
0.072265625 0.532351801970126 -1.94150046101318 0.0346898337662893 0
0.07421875 0.52851232377556 -1.98996656949478 0.0346898179207214 0
0.076171875 0.524578495058037 -2.03811112884211 0.0346898017342153 0
0.078125 0.520550952178521 -2.08592560585894 0.0346897852144225 0
0.080078125 0.51643034816015 -2.13340147235722 0.0346897683693226 0
0.08203125 0.512217352677125 -2.18053020655901 0.0346897512072285 0
0.083984375 0.507912652040779 -2.22730329458067 0.0346897337367913 0
0.0859375 0.50351694918267 -2.27371223199941 0.0346897159670045 0
0.087890625 0.499030963634531 -2.31974852550237 0.0346896979072075 0
0.08984375 0.494455431504926 -2.36540369461811 0.0346896795670896 0
0.091796875 0.489791105452429 -2.41066927353041 0.0346896609566919 0
0.09375 0.485038754655198 -2.45553681297401 0.0346896420864099 0
0.095703125 0.48019916477675 -2.49999788221178 0.0346896229669947 0
0.09765625 0.475273137927808 -2.54404407109287 0.0346896036095541 0
0.099609375 0.470261492624043 -2.58766699219088 0.0346895840255524 0
0.1015625 0.465165063739563 -2.63085828302122 0.0346895642268102 0
0.103515625 0.459984702455992 -2.67360960833675 0.0346895442255027 0
0.10546875 0.454721276206997 -2.71591266250023 0.034689524034158 0
0.107421875 0.4493756686181 -2.75775917193242 0.0346895036656539 0
0.109375 0.443948779441636 -2.7991408976343 0.0346894831332145 0
0.111328125 0.438441524486716 -2.84004963778169 0.0346894624504055 0
0.11328125 0.432854835544051 -2.88047723039046 0.034689441631129 0
0.115234375 0.427189660305503 -2.92041555605047 0.0346894206896172 0
0.1171875 0.421446962278229 -2.95985654072607 0.0346893996404254 0
0.119140625 0.415627720693292 -2.99879215862081 0.034689378498424 0
0.12109375 0.409732930408617 -3.03721443510412 0.0346893572787894 0
0.123046875 0.403763601806167 -3.07511544969735 0.0346893359969947 0
0.125 0.397720760683236 -3.11248733911637 0.0346893146687987 0
0.126953125 0.391605448137743 -3.14932230036806 0.0346892933102344 0
0.12890625 0.385418720447424 -3.18561259389759 0.0346892719375963 0
0.130859375 0.379161648942831 -3.22135054678344 0.0346892505674275 0
0.1328125 0.372835319874051 -3.25652855597681 0.0346892292165049 0
0.134765625 0.366440834271046 -3.2911390915823 0.0346892079018241 0
0.13671875 0.359979307797557 -3.32517470017596 0.0346891866405836 0
0.138671875 0.353451870598484 -3.3586280081575 0.0346891654501677 0
0.140625 0.346859667140692 -3.39149172513259 0.0346891443481287 0
0.142578125 0.340203856047185 -3.42375864732166 0.0346891233521684 0
0.14453125 0.333485609924592 -3.45542166099101 0.0346891024801187 0
0.146484375 0.326706115183939 -3.48647374590236 0.0346890817499213 0
0.1484375 0.319866571854661 -3.5169079787766 0.0346890611796072 0
0.150390625 0.312968193391843 -3.54671753676754 0.0346890407872746 0
0.15234375 0.306012206476663 -3.57589570094121 0.0346890205910672 0
0.154296875 0.298999850810041 -3.60443585975662 0.0346890006091509 -0
0.15625 0.291932378899488 -3.63233151254312 0.0346889808596903 -0
0.158203125 0.284811055839169 -3.6595762729702 0.0346889613608251 -0
0.16015625 0.277637159083198 -3.68616387250491 0.0346889421306453 -0
0.162109375 0.270411978212197 -3.71208816385245 0.0346889231871663 -0
0.1640625 0.26313681469315 -3.73734312437517 0.0346889045483037 -0
0.166015625 0.255812981632607 -3.76192285948539 0.0346888862318473 -0
0.16796875 0.248441803523285 -3.78582160600729 0.0346888682554356 -0
0.169921875 0.241024615984141 -3.80903373550315 0.0346888506365294 -0
0.171875 0.233562765493976 -3.83155375755943 0.0346888333923855 -0
0.173828125 0.226057609118674 -3.85337632302764 0.0346888165400303 -0
0.17578125 0.218510514232149 -3.87449622721576 0.0346888000962334 -0
0.177734375 0.210922858231113 -3.89490841302521 0.034688784077481 -0
0.1796875 0.203296028243769 -3.91460797402901 0.0346887684999501 -0
0.181640625 0.195631420832562 -3.93359015748641 0.0346887533794816 -0
0.18359375 0.187930441691088 -3.95185036728961 0.0346887387315551 -0
0.185546875 0.180194505335337 -3.96938416683813 0.0346887245712627 -0
0.1875 0.172425034789377 -3.98618728183637 0.0346887109132844 -0
0.189453125 0.164623461265663 -4.00225560301028 0.0346886977718626 -0
0.19140625 0.156791223840118 -4.01758518873875 0.0346886851607783 -0
0.193359375 0.148929769122153 -4.03217226759585 0.0346886730933273 -0
0.1953125 0.141040550919821 -4.04601324079993 0.0346886615822967 -0
0.197265625 0.133125029900278 -4.05910468456555 0.0346886506399434 -0
0.19921875 0.125184673245737 -4.07144335235492 0.0346886402779712 -0
0.201171875 0.117220954305141 -4.08302617702494 0.0346886305075113 -0
0.203125 0.109235352241734 -4.09385027286661 0.0346886213391014 -0
0.205078125 0.101229351676756 -4.10391293753354 0.0346886127826673 -0
0.20703125 0.0932044423294932 -4.11321165385649 0.0346886048475046 -0
0.208984375 0.0851621186538794 -4.12174409154089 0.034688597542262 -0
0.2109375 0.0771038794719116 -4.12950810874483 0.0346885908749252 -0
0.212890625 0.0690312276040949 -4.13650175353473 0.0346885848528027 -0
0.21484375 0.0609456694971665 -4.14272326521653 0.0346885794825116 -0
0.216796875 0.0528487148493428 -4.14817107554005 0.0346885747699659 -0
0.21875 0.0447418762333382 -4.15284380977472 0.0346885707203654 -0
0.220703125 0.0366266687174103 -4.1567402876548 0.0346885673381858 -0
0.22265625 0.0285046094846867 -4.15985952419258 0.0346885646271706 -0
0.224609375 0.0203772174510331 -4.16220073035825 0.0346885625903236 -0
0.2265625 0.0122460128817247 -4.16376331362533 0.034688561229904 -0
0.228515625 0.00411251700718413 -4.1645468783806 0.0346885605474217 -0
0.23046875 -0.0040217483619495 -4.16455122619821 0.0346885605436342 -0
0.232421875 -0.0121552612201526 -4.16377635597703 0.0346885612185458 -0
0.234375 -0.0202864997524848 -4.16222246394152 0.0346885625714072 -0
0.236328125 -0.0284139427199242 -4.15988994350572 0.034688564600717 -0
0.23828125 -0.036536069844304 -4.15677938500079 0.0346885673042244 -0
0.240234375 -0.0446513621925835 -4.15289157526651 0.0346885706789338 -0
0.2421875 -0.0527583025601888 -4.14822749710741 0.0346885747211099 -0
0.244140625 -0.0608553758531593 -4.14278832861436 0.0346885794262851 -0
0.24609375 -0.0689410694688387 -4.13657544235288 0.0346885847892678 -0
0.248046875 -0.0770138736748503 -4.12959040441935 0.0346885908041518 -0
0.25 -0.0850722819861018 -4.12183497336678 0.0346885974643276 -0
0.251953125 -0.0931147915395643 -4.11331109900181 0.0346886047624947 -0
0.25390625 -0.101139903466578 -4.10402092105498 0.0346886126906746 -0
0.255859375 -0.109146123262435 -4.09396676772638 0.0346886212402261 -0
0.2578125 -0.117131961153009 -4.0831511541091 0.0346886304018605 -0
0.259765625 -0.125095932458174 -4.07157678049291 0.0346886401656592 -0
0.26171875 -0.133036557951809 -4.05924653055112 0.034688650521091 -0
0.263671875 -0.140952364218139 -4.04616346941325 0.0346886614570315 -0
0.265625 -0.148841884004205 -4.03233084162689 0.0346886729617828 -0
0.267578125 -0.156703656568244 -4.01775206901179 0.0346886850230943 -0
0.26953125 -0.164536228023782 -4.00243074840963 0.0346886976281846 -0
0.271484375 -0.172338151679219 -3.98637064933314 0.0346887107637636 -0
0.2734375 -0.18010798837274 -3.96957571151807 0.0346887244160554 -0
0.275390625 -0.187844306802337 -3.95205004238201 0.0346887385708227 -0
0.27734375 -0.195545683850794 -3.9337979143939 0.0346887532133902 -0
0.279296875 -0.203210704905438 -3.91482376235839 0.0346887683286703 -0
0.28125 -0.210837964172507 -3.89513218061902 0.0346887839011877 -0
0.283203125 -0.218426064985981 -3.87472792018481 0.0346887999151051 -0
0.28515625 -0.225973620110729 -3.85361588578429 0.0346888163542493 -0
0.287109375 -0.233479252039826 -3.83180113285156 0.0346888332021374 -0
0.2890625 -0.24094159328593 -3.80928886444886 0.0346888504420029 -0
0.291015625 -0.248359286666579 -3.78608442813018 0.0346888680568219 -0
0.29296875 -0.255730985583314 -3.76219331275051 0.0346888860293402 -0
0.294921875 -0.263055354294511 -3.73762114522538 0.034688904342099 -0
0.296875 -0.27033106818185 -3.71237368724537 0.0346889229774618 -0
0.298828125 -0.277556814010313 -3.68645683195023 0.0346889419176403 -0
0.30078125 -0.284731290181656 -3.65987660056736 0.03468896114472 -0
0.302734375 -0.29185320698128 -3.63263913901935 0.0346889806406866 -0
0.3046875 -0.29892128681845 -3.60475071450517 0.0346890003874508 -0
0.306640625 -0.305934264459815 -3.5762177120599 0.0346890203668734 -0
0.30859375 -0.312890887256184 -3.54704663109739 0.0346890405607898 -0
0.310546875 -0.31978991536254 -3.51724408194062 0.0346890609510339 -0
0.3125 -0.326630121951265 -3.48681678234435 0.0346890815194619 -0
0.314453125 -0.333410293418572 -3.45577155401443 0.0346891022479748 -0
0.31640625 -0.340129229584134 -3.42411531912842 0.0346891231185408 -0
0.318359375 -0.346785743883918 -3.39185509686176 0.034689144113217 -0
0.3203125 -0.35337866355625 -3.3589979999239 0.0346891652141702 -0
0.322265625 -0.35990682982112 -3.32555123110856 0.034689186403697 -0
0.32421875 -0.366369098052768 -3.2915220798624 0.0346892076642434 -0
0.326171875 -0.372764337945583 -3.25691791887592 0.0346892289784231 -0
0.328125 -0.379091433673377 -3.22174620070087 0.0346892503290355 -0
0.330078125 -0.385349284042071 -3.18601445439771 0.0346892716990825 -0
0.33203125 -0.391536802635868 -3.14973028221706 0.0346892930717847 -0
0.333984375 -0.397652917956981 -3.11290135631869 0.0346893144305965 -0
0.3359375 -0.403696573558988 -3.07553541553161 0.0346893357592203 -0
0.337890625 -0.409666728173901 -3.03764026215846 0.0346893570416202 -0
0.33984375 -0.415562355833044 -2.99922375882779 0.0346893782620344 -0
0.341796875 -0.421382445981822 -2.96029382539689 0.0346893994049865 -0
0.34375 -0.427126003588501 -2.92085843590863 0.0346894204552966 -0
0.345703125 -0.43279204924709 -2.88092561560477 0.0346894413980908 -0
0.34765625 -0.438379619274457 -2.84050343799859 0.0346894622188105 -0
0.349609375 -0.443887765801772 -2.79960002200946 0.0346894829032196 -0
0.3515625 -0.449315556860431 -2.75822352916163 0.0346895034374125 -0
0.353515625 -0.45466207646256 -2.71638216084955 0.0346895238078195 -0
0.35546875 -0.45992642467625 -2.67408415567187 0.0346895440012128 -0
0.357421875 -0.465107717695653 -2.63133778683597 0.0346895640047107 -0
0.359375 -0.470205087906078 -2.58815135963501 0.0346895838057812 -0
0.361328125 -0.475217683944228 -2.54453320899898 0.034689603392245 -0
0.36328125 -0.48014467075373 -2.50049169712129 0.0346896227522777 -0
0.365234375 -0.484985229636108 -2.45603521116242 0.034689641874411 -0
0.3671875 -0.489738558297333 -2.41117216103158 0.0346896607475331 -0
0.369140625 -0.494403870890137 -2.36591097724768 0.0346896793608888 -0
0.37109375 -0.498980398052207 -2.32026010888029 0.0346896977040789 -0
0.373046875 -0.503467386940451 -2.27422802157155 0.034689715767058 -0
0.375 -0.507864101261471 -2.22782319563951 0.0346897335401332 -0
0.376953125 -0.512169821298418 -2.18105412426345 0.0346897510139611 -0
0.37890625 -0.516383843934375 -2.13392931175144 0.0346897681795444 -0
0.380859375 -0.520505482672447 -2.08645727189033 0.0346897850282281 -0
0.3828125 -0.524534067652697 -2.03864652637832 0.0346898015516956 -0
0.384765625 -0.528468945666112 -1.99050560333981 0.0346898177419636 -0
0.38671875 -0.532309480165743 -1.94204303592259 0.0346898335913771 -0
0.388671875 -0.536055051275185 -1.89326736097671 0.0346898490926037 -0
0.390625 -0.539705055794558 -1.84418711781477 0.0346898642386276 -0
0.392578125 -0.543258907204148 -1.79481084705291 0.0346898790227436 -0
0.39453125 -0.546716035665858 -1.74514708953184 0.0346898934385503 -0
0.396484375 -0.550075888022632 -1.69520438531692 0.0346899074799435 -0
0.3984375 -0.553337927796003 -1.64499127277652 0.0346899211411087 -0
0.400390625 -0.556501635181915 -1.59451628773737 0.0346899344165146 -0
0.40234375 -0.559566507044977 -1.54378796271591 0.0346899473009049 -0
0.404296875 -0.562532056911275 -1.49281482622411 0.0346899597892913 -0
0.40625 -0.565397814959915 -1.44160540214857 0.0346899718769457 -0
0.408203125 -0.568163328013417 -1.39016820920128 0.0346899835593926 -0
0.41015625 -0.570828159527107 -1.33851176044045 0.0346899948324013 -0
0.412109375 -0.573391889577638 -1.28664456285974 0.0346900056919783 -0
0.4140625 -0.575854114850778 -1.23457511704412 0.0346900161343593 -0
0.416015625 -0.578214448628591 -1.18231191689039 0.0346900261560021 -0
0.41796875 -0.580472520776131 -1.12986344939057 0.0346900357535786 -0
0.419921875 -0.582627977727773 -1.07723819447602 0.0346900449239675 -0
0.421875 -0.584680482473303 -1.02444462492015 0.0346900536642473 -0
0.423828125 -0.586629714543867 -0.971491206297655 0.0346900619716886 -0
0.42578125 -0.588475369997903 -0.918386396997966 0.0346900698437478 -0
0.427734375 -0.590217161407141 -0.865138648290558 0.0346900772780599 -0
0.4296875 -0.591854817842788 -0.81175640443983 0.0346900842724323 -0
0.431640625 -0.593388084861984 -0.758248102867063 0.0346900908248384 -0
0.43359375 -0.594816724494613 -0.704622174356991 0.0346900969334117 -0
0.435546875 -0.596140515230566 -0.650887043306432 0.0346901025964403 -0
0.4375 -0.597359252007528 -0.59705112801241 0.0346901078123612 -0
0.439453125 -0.598472746199364 -0.543122840997115 0.0346901125797556 -0
0.44140625 -0.599480825605173 -0.489110589367045 0.034690116897344 -0
0.443359375 -0.600383334439079 -0.435022775203602 0.0346901207639822 -0
0.4453125 -0.601180133320812 -0.380867795982409 0.0346901241786569 -0
0.447265625 -0.601871099267136 -0.326654045018559 0.0346901271404826 -0
0.44921875 -0.602456125684166 -0.272389911934999 0.034690129648698 -0
0.451171875 -0.602935122360632 -0.2180837831512 0.0346901317026636 -0
0.453125 -0.6033080154621 -0.163744042389287 0.0346901333018592 -0
0.455078125 -0.603574747526215 -0.109379071194719 0.0346901344458818 -0
0.45703125 -0.603735277458955 -0.0549972494686692 0.0346901351344443 -0
0.458984375 -0.603789580531952 -0.000606956009171856 0.0346901353673745 -0
0.4609375 -0.603737648380866 0.0537834309418555 0.0346901351446142 0
0.462890625 -0.603579489004835 0.108165533148638 0.0346901344662189 0
0.46484375 -0.603315126767004 0.162530971831537 0.0346901333323586 0
0.466796875 -0.602944602396118 0.216871367119931 0.0346901317433176 0
0.46875 -0.602467972989191 0.271178337510903 0.0346901296994963 0
0.470703125 -0.601885312015216 0.325443499336638 0.0346901272014123 0
0.47265625 -0.601196709319908 0.379658466243443 0.0346901242497024 0
0.474609375 -0.600402271131453 0.433814848685269 0.0346901208451251 0
0.4765625 -0.599502120067231 0.487904253434615 0.0346901169885633 0
0.478515625 -0.598496395141474 0.54191828311366 0.0346901126810271 0
0.48046875 -0.597385251773818 0.595848535748471 0.034690107923658 0
0.482421875 -0.596168861798706 0.649686604349073 0.0346901027177324 0
0.484375 -0.594847413475579 0.703424076518183 0.0346900970646658 0
0.486328125 -0.593421111499807 0.757052534091338 0.034690090966018 0
0.48828125 -0.591890177014285 0.810563552811137 0.0346900844234975 0
0.490234375 -0.590254847621638 0.863948702038278 0.0346900774389674 0
0.4921875 -0.588515377396948 0.917199544502009 0.0346900700144506 0
0.494140625 -0.586672036900928 0.970307636092591 0.0346900621521359 0
0.49609375 -0.584725113193461 1.02326452569832 0.0346900538543843 0
0.498046875 -0.582674909847418 1.07606175508958 0.0346900451237355 0
0.5 -0.580521746962643 1.12869085885236 0.0346900359629146 0
0.501953125 -0.578265961180026 1.18114336437368 0.0346900263748388 0
0.50390625 -0.575907905695558 1.2334107918811 0.0346900163626248 0
0.505859375 -0.573447950274241 1.28548465453868 0.034690005929596 0
0.5078125 -0.570886481263767 1.33735645860159 0.0346899950792897 0
0.509765625 -0.568223901607829 1.38901770363132 0.0346899838154652 0
0.51171875 -0.565460630858957 1.44045988277372 0.0346899721421109 0
0.513671875 -0.562597105190744 1.49167448310172 0.0346899600634519 0
0.515625 -0.559633777409341 1.54265298602452 0.0346899475839584 0
0.517578125 -0.556571116964085 1.59338686776527 0.0346899347083527 0
0.51953125 -0.553409609957133 1.64386759990874 0.0346899214416172 0
0.521484375 -0.550149759151942 1.69408665002057 0.034689907789002 0
0.5234375 -0.54679208398049 1.74403548233979 0.0346898937560324 0
0.525390625 -0.543337120549052 1.79370555854583 0.0346898793485163 0
0.52734375 -0.53978542164242 1.84308833860142 0.0346898645725514 0
0.529296875 -0.536137556726391 1.89217528167256 0.0346898494345326 0
0.53125 -0.532394111948387 1.94095784712661 0.034689833941158 0
0.533203125 -0.528555690136052 1.98942749560953 0.0346898180994366 0
0.53515625 -0.524622910793662 2.03757569020309 0.0346898019166934 0
0.537109375 -0.520596410096196 2.08539389766278 0.0346897854005763 0
0.5390625 -0.516476840880917 2.13287358973707 0.0346897685590613 0
0.541015625 -0.512264872636286 2.18000624456844 0.0346897514004574 0
0.54296875 -0.507961191488071 2.22678334817669 0.0346897339334121 0
0.544921875 -0.503566500182471 2.27319639602451 0.0346897161669148 0
0.546875 -0.499081518066101 2.31923689466565 0.0346896981103012 0
0.548828125 -0.494506981062683 2.36489636347554 0.0346896797732567 0
0.55078125 -0.489843641646274 2.41016633646409 0.0346896611658183 0
0.552734375 -0.48509226881087 2.4550383641706 0.0346896422983777 0
0.5546875 -0.480253648036233 2.49950401564 0.034689623181682 0
0.556640625 -0.475328581249776 2.54355488048005 0.0346896038268348 0
0.55859375 -0.470317886784358 2.58718257099868 0.0346895842452968 0
0.560546875 -0.465222399331813 2.63037872442046 0.0346895644488844 0
0.5625 -0.46004296989209 2.67313500518136 0.0346895444497688 0
0.564453125 -0.454780465717823 2.71544310730035 0.0346895242604743 0
0.56640625 -0.449435770254198 2.75729475682669 0.0346895038938749 0
0.568359375 -0.444009783073969 2.79868171436129 0.0346894833631906 0
0.5703125 -0.438503419807474 2.83959577765055 0.0346894626819835 0
0.572265625 -0.432917612067521 2.88002878425082 0.0346894418641519 0
0.57421875 -0.427253307368995 2.91997261426156 0.0346894209239244 0
0.576171875 -0.421511469043062 2.95941919312508 0.0346893998758528 0
0.578125 -0.41569307614585 2.9983604944906 0.0346893787348038 0
0.580078125 -0.409799123361458 3.03678854314023 0.0346893575159507 0
0.58203125 -0.403830620899208 3.07469541797435 0.0346893362347632 0
0.583984375 -0.397788594384996 3.11207325505362 0.0346893149069971 0
0.5859375 -0.391674084746655 3.14891425069486 0.0346892935486822 0
0.587890625 -0.385488148093219 3.18521066461779 0.0346892721761104 0
0.58984375 -0.379231855587992 3.22095482313952 0.0346892508058219 0
0.591796875 -0.37290629331533 3.25613912241355 0.0346892294545911 0
0.59375 -0.366512562141064 3.2907560317099 0.0346892081394113 0
0.595703125 -0.360051777566464 3.32479809673284 0.0346891868774789 0
0.59765625 -0.353525069575701 3.35825794297273 0.0346891656861761 0
0.599609375 -0.346933582476726 3.39112827908799 0.0346891445830535 0
0.6015625 -0.340278474735514 3.4234019003136 0.0346891235858114 0
0.603515625 -0.333560918803626 3.45507169189207 0.0346891027122801 0
0.60546875 -0.32678210093906 3.4861306325227 0.0346890819804005 0
0.607421875 -0.319943221020335 3.51657179782529 0.0346890614082025 0
0.609375 -0.313045492353805 3.54638836381369 0.0346890410137838 0
0.611328125 -0.306090141474187 3.57557361037521 0.0346890208152876 0
0.61328125 -0.299078407938277 3.60412092475125 0.0346890008308798 0
0.615234375 -0.292011544111878 3.63202380501479 0.034688981078725 0
0.6171875 -0.284890814949938 3.65927586354032 0.0346889615769636 0
0.619140625 -0.277717497769923 3.68587083046135 0.034688942343686 0
0.62109375 -0.270492882018449 3.7118025571113 0.0346889233969086 0
0.623046875 -0.263218269031208 3.73706501944269 0.0346889047545484 0
0.625 -0.255894971786251 3.76165232142033 0.0346888864343966 0
0.626953125 -0.248524314650659 3.78555869838354 0.0346888684540937 0
0.62890625 -0.24110763312069 3.80877852037288 0.0346888508311025 0
0.630859375 -0.233646273555453 3.8313062954166 0.0346888335826823 0
0.6328125 -0.226141592904219 3.85313667277215 0.0346888167258621 0
0.634765625 -0.218594958427437 3.87426444611812 0.0346888002774146 0
0.63671875 -0.21100774741157 3.89468455669184 0.0346887842538293 0
0.638671875 -0.203381346877859 3.91439209636821 0.0346887686712868 0
0.640625 -0.195717153285132 3.93338231067513 0.0346887535456318 0
0.642578125 -0.188016572226784 3.95165060174095 0.0346887388923482 0
0.64453125 -0.180281018122081 3.96919253116965 0.0346887247265326 0
0.646484375 -0.172511913901903 3.98600382283934 0.0346887110628695 0
0.6484375 -0.164710690689115 4.00208036561982 0.0346886979156065 0
0.650390625 -0.156878787473701 4.01741821600494 0.03468868529853 0
0.65234375 -0.149017650782845 4.0320136006559 0.034688673224941 0
0.654296875 -0.141128734346138 4.04586291885132 0.0346886617076328 0
0.65625 -0.133213498756083 4.0589627448404 0.0346886507588679 0
0.658203125 -0.125273411124106 4.07130983009541 0.0346886403903568 0
0.66015625 -0.117309944732272 4.0829011054599 0.0346886306132369 0
0.662109375 -0.109324578680903 4.09373368318943 0.0346886214380529 0
0.6640625 -0.101318797532314 4.10380485888125 0.0346886128747372 0
0.666015625 -0.093294090950898 4.11311211329012 0.0346886049325928 0
0.66796875 -0.0852519533397741 4.12165311402723 0.0346885976202757 0
0.669921875 -0.0771938834742292 4.12942571713946 0.034688590945779 0
0.671875 -0.0691213841321981 4.13642796856648 0.0346885849164187 0
0.673828125 -0.0610359617220164 4.1426581054733 0.0346885795388199 0
0.67578125 -0.052939125907693 4.14811455745609 0.0346885748189045 0
0.677734375 -0.0448323892319535 4.15279594761935 0.0346885707618801 0
0.6796875 -0.036717266737305 4.15670109352257 0.0346885673722308 0
0.681640625 -0.028595275585381 4.15982900799494 0.034688564653708 0
0.68359375 -0.0204679346748247 4.1621788998167 0.0346885626093242 0
0.685546875 -0.012336764257972 4.16375017426607 0.0346885612413467 0
0.6875 -0.00420328555659788 4.16454243353075 0.0346885605512936 0
0.689453125 0.00393097962300749 4.16455547698341 0.0346885605399312 0
0.69140625 0.0120645092753686 4.16378930132078 0.0346885612072719 0
0.693359375 0.0201957815812918 4.16224410056583 0.034688562552575 0
0.6953125 0.0283232752932038 4.15992026593341 0.0346885645743474 0
0.697265625 0.0364454701200942 4.15681838555932 0.0346885672703466 0
0.69921875 0.0445608471117949 4.15293924409323 0.0346885706375853 0
0.701171875 0.0526678890423333 4.1482838221564 0.0346885746723365 0
0.703125 0.0607650807920933 4.14285329566474 0.0346885793701406 0
0.705078125 0.0688509097285238 4.13664903501861 0.034688584725814 0
0.70703125 0.0769238660851348 4.12967260416045 0.0346885907334587 0
0.708984375 0.0849824433385255 4.12192575950205 0.0346885973864727 0
0.7109375 0.0930251385831897 4.11341044872297 0.0346886046775632 0
0.712890625 0.10105045290385 4.10412880944218 0.0346886125987593 0
0.71484375 0.109056891745073 4.09408316776513 0.034688621141427 0
0.716796875 0.117042965277932 4.0832760367085 0.0346886302962848 0
0.71875 0.125007188763466 4.07171011450525 0.0346886400534209 0
0.720703125 0.132948082912718 4.05938828279273 0.034688650402311 0
0.72265625 0.140864174243125 4.04631360468666 0.0346886613318371 0
0.724609375 0.148753995431026 4.03248932274413 0.0346886728303076 0
0.7265625 0.156616085660094 4.01791885681895 0.034688684885478 0
0.728515625 0.164448990965475 4.00260580181251 0.0346886974845728 0
0.73046875 0.172251264573424 3.98655392532405 0.0346887106143071 0
0.732421875 0.180021467236272 3.96976716520365 0.0346887242609107 0
0.734375 0.187758167562501 3.95224962701209 0.034688738410151 0
0.736328125 0.195459942341788 3.93400558139136 0.0346887530473577 0
0.73828125 0.203125376864811 3.91503946134984 0.0346887681574475 0
0.740234375 0.210753065237685 3.89535585946654 0.0346887837249493 0
0.7421875 0.218341610690852 3.87495952501837 0.0346887997340297 0
0.744140625 0.225889625882288 3.853855361035 0.0346888161685193 0
0.74609375 0.233395733194895 3.83204842128569 0.0346888330119383 0
0.748046875 0.240858565027936 3.80954390720248 0.0346888502475231 0
0.75 0.248276764082405 3.78634716474451 0.0346888678582528 0
0.751953125 0.255648983640219 3.76246368120777 0.0346888858268755 0
0.75390625 0.262973887837123 3.73789908198523 0.0346889041359346 0
0.755859375 0.270250151929224 3.7126591272818 0.0346889227677954 0
0.7578125 0.277476462553067 3.68674970878888 0.034688941704671 0
0.759765625 0.28465151797918 3.66017684632319 0.0346889609286484 0
0.76171875 0.291774028359017 3.63294668443467 0.0346889804217142 0
0.763671875 0.298842715965253 3.60506548898794 0.0346890001657798 0
0.765625 0.305856315425376 3.57653964372218 0.0346890201427064 0
0.767578125 0.312813573948543 3.547375646794 0.0346890403343295 0
0.76953125 0.319713251545666 3.51758010730795 0.034689060722483 0
0.771484375 0.326554121242715 3.48715974183914 0.0346890812890226 0
0.7734375 0.333334969287225 3.45612137095265 0.0346891020158487 0
0.775390625 0.340054595347999 3.42447191572406 0.0346891228849287 0
0.77734375 0.346711812708022 3.39221839426554 0.0346891438783185 0
0.779296875 0.353305448450598 3.35936791826185 0.0346891649781837 0
0.78125 0.359834343638732 3.32592768952047 0.0346891861668193 0
0.783203125 0.366297353487788 3.2919049965399 0.0346892074266694 0
0.78515625 0.372693347531466 3.25730721110048 0.0346892287403459 0
0.787109375 0.379021209781149 3.22214178488134 0.034689250090646 0
0.7890625 0.385279838878659 3.18641624610754 0.0346892714605691 0
0.791015625 0.391468148242507 3.15013819623116 0.0346892928333334 0
0.79296875 0.397585066207687 3.11331530664982 0.0346893141923906 0
0.794921875 0.403629536159107 3.07595531546626 0.0346893355214402 0
0.796875 0.409600516658727 3.03806602429231 0.0346893568044435 0
0.798828125 0.415496981566499 2.9996552951005 0.0346893780256352 0
0.80078125 0.421317920155213 2.96073104712642 0.034689399169536 0
0.802734375 0.427062337219337 2.92130125382486 0.0346894202209625 0
0.8046875 0.432729253177967 2.88137393988252 0.0346894411650375 0
0.806640625 0.438317704172003 2.84095717828994 0.0346894619871985 0
0.80859375 0.443826742155662 2.80005908747539 0.0346894826732061 0
0.810546875 0.449255434982454 2.75868782850291 0.0346895032091507 0
0.8125 0.454602866485751 2.71685160233686 0.034689523581459 0
0.814453125 0.459868136554082 2.67455864717519 0.0346895437768994 0
0.81640625 0.465050361201279 2.63181723585315 0.0346895637825861 0
0.818359375 0.470148672631633 2.5886356733195 0.0346895835859833 0
0.8203125 0.475162219300184 2.54502229418674 0.0346896031749078 0
0.822265625 0.4800901659683 2.50098546035687 0.0346896225375312 0
0.82421875 0.484931693754703 2.45653355872414 0.0346896416623812 0
0.826171875 0.489686000182067 2.41167499895588 0.034689660538342 0
0.828125 0.494352299219374 2.36641821135251 0.0346896791546545 0
0.830078125 0.498929821320162 2.32077164478765 0.0346896975009154 0
0.83203125 0.503417813456826 2.27474376472913 0.0346897155670755 0
0.833984375 0.507815539151135 2.2283430513414 0.034689733343438 0
0.8359375 0.512122278501128 2.18157799766995 0.0346897508206554 0
0.837890625 0.516337328204534 2.13445710790789 0.0346897679897267 0
0.83984375 0.520460001578893 2.08698889574512 0.0346897848419932 0
0.841796875 0.524489628578538 2.03918188279988 0.0346898013691345 0
0.84375 0.528425555808581 1.99104459713278 0.0346898175631635 0
0.845703125 0.532267146536088 1.94258557184298 0.0346898334164217 0
0.84765625 0.536013780698592 1.89381334374622 0.0346898489215729 0
0.849609375 0.539664854910097 1.84473645213414 0.0346898640715981 0
0.8515625 0.543219782464741 1.79536343761446 0.0346898788597885 0
0.853515625 0.546677993338278 1.74570284103103 0.0346898932797394 0
0.85546875 0.550038934187519 1.6957632024631 0.0346899073253432 0
0.857421875 0.5533020683479 1.64555306030278 0.0346899209907825 0
0.859375 0.556466875829326 1.59508095040954 0.0346899342705225 0
0.861328125 0.559532853310437 1.54435540534073 0.0346899471593041 0
0.86328125 0.562499514131439 1.49338495365656 0.0346899596521361 0
0.865234375 0.565366388285658 1.4421781192984 0.0346899717442874 0
0.8671875 0.568133022409948 1.39074342103878 0.0346899834312799 0
0.869140625 0.570798979774091 1.33908937200137 0.03468999470888 0
0.87109375 0.573363840269328 1.28722447924954 0.0346900055730916 0
0.873046875 0.575827200396159 1.23515724344142 0.0346900160201481 0
0.875 0.578188673251521 1.18289615854976 0.0346900260465046 0
0.876953125 0.580447888515494 1.13044971164461 0.0346900356488308 0
0.87890625 0.582604492437633 1.07782638273675 0.0346900448240032 0
0.880859375 0.58465814782306 1.0250346446798 0.0346900535690979 0
0.8828125 0.586608534018414 0.972082963128808 0.0346900618813837 0
0.884765625 0.588455346897781 0.918979796553121 0.0346900697583147 0
0.88671875 0.590198298848699 0.865733596301121 0.034690077197524 0
0.888671875 0.591837118758333 0.812352806714567 0.0346900841968171 0
0.890625 0.593371551999928 0.758845865290045 0.0346900907541657 0
0.892578125 0.594801360419622 0.705221202885048 0.0346900968677015 0
0.89453125 0.596126322323698 0.651487243966159 0.0346901025357108 0
0.896484375 0.597346232466365 0.597652406896742 0.0346901077566291 0
0.8984375 0.598460902038138 0.54372510426151 0.0346901125290359 0
0.900390625 0.599470158654886 0.489713743225293 0.0346901168516502 0
0.90234375 0.600373846347612 0.435626725923306 0.0346901207233264 0
0.904296875 0.601171825553024 0.381472449880157 0.0346901241430497 0
0.90625 0.601863973104956 0.327259308454823 0.0346901271099331 0
0.908203125 0.602450182226676 0.272995691308789 0.0346901296232141 0
0.91015625 0.602930362524131 0.218689984894513 0.0346901316822518 0
0.912109375 0.60330443998017 0.164350572961369 0.0346901332865245 0
0.9140625 0.603572356949761 0.10998583707619 0.0346901344356281 0
0.916015625 0.603734072156249 0.0556041571555232 0.0346901351292743 0
0.91796875 0.60378956068865 0.00121391200670417 0.0346901353672895 0
0.919921875 0.603738814000025 -0.0531765201251757 0.0346901351496141 -0
0.921875 0.603581839906911 -0.10755876100731 0.0346901344763025 -0
0.923828125 0.60331866258984 -0.161924431869156 0.0346901333475234 -0
0.92578125 0.602949322594922 -0.216265152855267 0.0346901317635597 -0
0.927734375 0.602473876836499 -0.270572542483896 0.0346901297248107 -0
0.9296875 0.601892398600845 -0.324838217114286 0.0346901272317925 -0
0.931640625 0.601204977550897 -0.379053790425541 0.0346901242851406 -0
0.93359375 0.600411719731995 -0.433210872909967 0.0346901208856123 -0
0.935546875 0.599512747578592 -0.487301071383771 0.0346901170340888 -0
0.9375 0.598508199921902 -0.541315988517953 0.034690112731579 -0
0.939453125 0.597398231998444 -0.595247222392233 0.0346901079792228 -0
0.94140625 0.596183015459432 -0.649086366074825 0.034690102778295 -0
0.943359375 0.594862738380964 -0.702825007230833 0.0346900971302098 -0
0.9453125 0.593437605274937 -0.756454727762011 0.034690091036525 -0
0.947265625 0.591907837100644 -0.809967103480617 0.0346900844989477 -0
0.94921875 0.590273671276966 -0.863353703820016 0.0346900775193391 -0
0.951171875 0.588535361695097 -0.91660609158468 0.0346900700997203 -0
0.953125 0.586693178731713 -0.969715822742173 0.0346900622422783 -0
0.955078125 0.58474740926251 -1.02267444625965 0.0346900539493721 -0
0.95703125 0.582698356676011 -1.07547350398739 0.0346900452235393 -0
0.958984375 0.580546340887559 -1.12810453059174 0.0346900360675029 -0
0.9609375 0.578291698353387 -1.18055905353992 0.0346900264841781 -0
0.962890625 0.575934782084669 -1.23282859313896 0.034690016476679 -0
0.96484375 0.573475961661438 -1.28490466263102 0.0346900060483269 -0
0.966796875 0.570915623246266 -1.33677876834727 0.0346899952026568 -0
0.96875 0.568254169597582 -1.3884424099225 0.0346899839434251 -0
0.970703125 0.565492020082507 -1.43988708057238 0.0346899722746178 -0
0.97265625 0.562629610689096 -1.49110426743545 0.0346899602004575 -0
0.974609375 0.559667394037837 -1.54208545198163 0.0346899477254113 -0
0.9765625 0.556605839392292 -1.59282211048905 0.0346899348541988 -0
0.978515625 0.553445432668739 -1.64330571459094 0.0346899215917994 -0
0.98046875 0.550186676444672 -1.69352773189413 0.0346899079434603 -0
0.982421875 0.546830089966028 -1.74347962667065 0.0346898939147035 -0
0.984375 0.543376209152989 -1.79315286062402 0.0346898795113339 -0
0.986328125 0.539825586604215 -1.84253889373117 0.0346898647394458 -0
0.98828125 0.536178791599352 -1.89162918516164 0.0346898496054307 -0
0.990234375 0.532436410099678 -1.94041519427474 0.0346898341159835 -0
0.9921875 0.528599044746716 -1.98888838169594 0.0346898182781094 -0
0.994140625 0.524667314858678 -2.03704021047314 0.0346898020991301 -0
0.99609375 0.520641856424556 -2.08486214731371 0.0346897855866897 -0
0.998046875 0.516523322095734 -2.13234566390281 0.0346897687487606 -0
1 0.512312381174935 -2.17948223830357 0.0346897515936481 -0
1.001953125 0.50800971960236 -2.22626335643939 0.0346897341299956 -0
1.00390625 0.503616039938844 -2.27268051365864 0.034689716366789 -0
1.005859375 0.499132061345881 -2.31872521638192 0.0346896983133601 -0
1.0078125 0.494558519562352 -2.36438898383171 0.0346896799793902 -0
1.009765625 0.489896166877788 -2.40966334984436 0.0346896613749125 -0
1.01171875 0.485145772102022 -2.45453986476392 0.0346896425103145 -0
1.013671875 0.480308120531054 -2.49901009741763 0.0346896233963396 -0
1.015625 0.475384013908985 -2.54306563717216 0.0346896040440875 -0
1.017578125 0.470374270385851 -2.58669809607003 0.0346895844650146 -0
1.01953125 0.465279724471211 -2.62989911104526 0.0346895646709334 -0
1.021484375 0.46010122698333 -2.67266034621722 0.0346895446740114 -0
1.0234375 0.4548396449938 -2.7149734952614 0.0346895244867687 -0
1.025390625 0.449495861767465 -2.75683028385587 0.0346895041220755 -0
1.02734375 0.444070776697488 -2.79822247220179 0.034689483593148 -0
1.029296875 0.438565305235427 -2.83914185761648 0.0346894629135446 -0
1.03125 0.432980378816174 -2.87958027719712 0.0346894420971597 -0
1.033203125 0.427316944777626 -2.91952961055309 0.0346894211582183 -0
1.03515625 0.421575966274951 -2.95898178260504 0.0346894001112686 -0
1.037109375 0.415758422189325 -2.99792876644821 0.034689378971174 -0
1.0390625 0.409865307031013 -3.03636258627778 0.0346893577531043 -0
1.041015625 0.403897630836677 -3.07427532037352 0.034689336472526 -0
1.04296875 0.397856419060803 -3.11165910414128 0.0346893151451917 -0
1.044921875 0.391742712461125 -3.14850613320819 0.0346892937871283 -0
1.046875 0.385557566977959 -3.18480866656893 0.0346892724146248 -0
1.048828125 0.37930205360734 -3.22055902977967 0.0346892510442187 -0
1.05078125 0.372977258267882 -3.25574961819657 0.0346892296926819 -0
1.052734375 0.36658428166126 -3.2903729002555 0.0346892083770053 -0
1.0546875 0.360124239126259 -3.3244214207894 0.0346891871143831 -0
1.056640625 0.353598260486302 -3.35788780437966 0.0346891659221957 -0
1.05859375 0.347007489890401 -3.39076475873789 0.0346891448179917 -0
1.060546875 0.340353085647482 -3.42304507811408 0.0346891238194698 -0
1.0625 0.333636220054018 -3.45472164672731 0.0346891029444593 -0
1.064453125 0.326858079214953 -3.48578744221496 0.0346890822108997 -0
1.06640625 0.320019862857866 -3.5162355390961 0.03468906163682 -0
1.068359375 0.313122784140359 -3.54605911224513 0.0346890412403175 -0
1.0703125 0.306168069450658 -3.57525144037102 0.0346890210395348 -0
1.072265625 0.29915695820141 -3.60380590949801 0.0346890010526377 -0
1.07421875 0.292090702616682 -3.63171601644316 0.0346889812977911 -0
1.076171875 0.284970567512179 -3.65897537228635 0.0346889617931356 -0
1.078125 0.277797830068688 -3.68557770582803 0.0346889425567624 -0
1.080078125 0.270573779598788 -3.71151686703022 0.034688923606689 -0
1.08203125 0.263299717306851 -3.73678683043605 0.0346889049608333 -0
1.083984375 0.255976956042397 -3.76138169856324 0.0346888866369884 -0
1.0859375 0.248606820046839 -3.78529570526668 0.0346888686527965 -0
1.087890625 0.241190644693699 -3.80852321906558 0.0346888510257224 -0
1.08984375 0.233729776222364 -3.83105874643042 0.0346888337730279 -0
1.091796875 0.226225571465455 -3.85289693502499 0.0346888169117448 -0
1.09375 0.218679397569922 -3.87403257689884 0.0346888004586487 -0
1.095703125 0.211092631711944 -3.89446061162561 0.0346887844302326 -0
1.09765625 0.20346666080576 -3.9141761293825 0.0346887688426804 -0
1.099609375 0.195802881206544 -3.93317437396637 0.034688753711841 -0
1.1015625 0.188102698407454 -3.95145074574209 0.0346887390532021 -0
1.103515625 0.180367526730989 -3.96900080451846 0.0346887248818651 -0
1.10546875 0.172598789014803 -3.98582027234765 0.034688711212519 -0
1.107421875 0.164797916292131 -4.00190503624362 0.0346886980594166 -0
1.109375 0.156966347466977 -4.0172511508155 0.0346886854363494 -0
1.111328125 0.149105528984258 -4.03185484081191 0.0346886733566241 -0
1.11328125 0.141216914495055 -4.04571250357208 0.0346886618330397 -0
1.115234375 0.133301964517179 -4.05882071138009 0.0346886508778648 -0
1.1171875 0.125362146091227 -4.07117621371852 0.0346886405028162 -0
1.119140625 0.117398932432341 -4.08277593941789 0.0346886307190377 -0
1.12109375 0.109413802577876 -4.0936169986985 0.0346886215370807 -0
1.123046875 0.101408241031175 -4.10369668510147 0.0346886129668847 -0
1.125 0.0933837374016981 -4.11301247730581 0.0346886050177597 -0
1.126953125 0.0853417860416995 -4.12156204082864 0.0346885976983689 -0
1.12890625 0.0772838856797113 -4.12934322960582 0.0346885910167132 -0
1.130859375 0.0692115390510518 -4.13635408745043 0.034688584980116 -0
1.1328125 0.061126252525608 -4.14259284938671 0.0346885795952102 -0
1.134765625 0.0530295357331349 -4.14805794285732 0.0346885748679256 -0
1.13671875 0.0449229011863216 -4.15274798880192 0.034688570803478 -0
1.138671875 0.0368078639018774 -4.15666180260534 0.0346885674063594 -0
1.140625 0.0286859410198945 -4.15979839491377 0.0346885646803295 -0
1.142578125 0.0205586514217455 -4.16215697231757 0.0346885626284091 -0
1.14453125 0.012427515346779 -4.16373693789969 0.0346885612528738 -0
1.146484375 0.00429405400807482 -4.16453789164878 0.0346885605552502 -0
1.1484375 -0.00384021079247405 -4.1645596307361 0.0346885605363128 -0
1.150390625 -0.0119737570494881 -4.16380214965616 0.0346885611960826 -0
1.15234375 -0.0201050629395684 -4.16226564023048 0.0346885625338271 -0
1.154296875 -0.0282326072066384 -4.1599504914747 0.0346885645480618 -0
1.15625 -0.0363548695468915 -4.15685728932915 0.0346885672365524 -0
1.158203125 -0.0444703309930804 -4.15298681625337 0.03468857059632 -0
1.16015625 -0.0525774742978812 -4.14834005068525 0.0346885746236456 -0
1.162109375 -0.0606747843160696 -4.14291816636565 0.034688579314078 -0
1.1640625 -0.068760748385247 -4.13672253152961 0.0346885846624415 -0
1.166015625 -0.0768338567048572 -4.12975470796554 0.0346885906628459 -0
1.16796875 -0.0848926027132374 -4.12201644994386 0.0346885973086973 -0
1.169921875 -0.0929354834624504 -4.11350970301687 0.0346886045927102 -0
1.171875 -0.100960999990647 -4.1042366026918 0.0346886125069214 -0
1.173828125 -0.108967657691715 -4.09419947297924 0.0346886210427041 -0
1.17578125 -0.116953966681972 -4.08340082481926 0.034688630190784 -0
1.177734375 -0.124918442163665 -4.0718433543878 0.0346886399412563 -0
1.1796875 -0.13285960478505 -4.05952994128601 0.0346886502836033 -0
1.181640625 -0.140775980996814 -4.04646364661552 0.0346886612067135 -0
1.18359375 -0.148666103404641 -4.0326477109427 0.0346886726989017 -0
1.185546875 -0.156528511117684 -4.0180855521551 0.0346886847479295 -0
1.1875 -0.164361750092747 -4.00278076321357 0.0346886973410269 -0
1.189453125 -0.172164373473987 -3.98673710980352 0.034688710464915 -0
1.19140625 -0.179934941927917 -3.96995852788905 0.0346887241058285 -0
1.193359375 -0.187672023973554 -3.95244912117382 0.0346887382495401 -0
1.1953125 -0.195374196307503 -3.93421315847248 0.034688752881384 -0
1.197265625 -0.203040044123837 -3.91525507099688 0.0346887679862816 -0
1.19921875 -0.210668161428584 -3.89557944956108 0.0346887835487658 -0
1.201171875 -0.218257151348685 -3.87519104170951 0.0346887995530073 -0
1.203125 -0.225805626435262 -3.85409474877263 0.0346888159828401 -0
1.205078125 -0.233312208961078 -3.83229562285446 0.0346888328217879 -0
1.20703125 -0.240775531212037 -3.80979886375648 0.03468885005309 -0
1.208984375 -0.248194235772626 -3.78660981584254 0.0346888676597282 -0
1.2109375 -0.255566975805172 -3.76273396484925 0.0346888856244532 -0
1.212890625 -0.262892415322819 -3.73817693464662 0.0346889039298103 -0
1.21484375 -0.270169229456135 -3.71294448395345 0.0346889225581669 -0
1.216796875 -0.277396104713262 -3.68704250301238 0.0346889414917374 -0
1.21875 -0.284571739233527 -3.66047701022905 0.0346889607126103 -0
1.220703125 -0.291694843034469 -3.63325414878031 0.0346889802027731 -0
1.22265625 -0.298764138252201 -3.60538018319598 0.0346889999441377 -0
1.224609375 -0.305778359375078 -3.57686149591892 0.034689019918566 -0
1.2265625 -0.312736253470634 -3.5477045838481 0.0346890401078936 -0
1.228515625 -0.319636580405735 -3.51791605486917 0.0346890604939541 -0
1.23046875 -0.326478113059966 -3.48750262437718 0.0346890810586031 -0
1.232421875 -0.333259637532208 -3.45647111179598 0.0346891017837402 -0
1.234375 -0.33997995334042 -3.42482843709876 0.034689122651332 -0
1.236328125 -0.346637873614625 -3.39258161733398 0.0346891436434333 -0
1.23828125 -0.35323222528313 -3.3597377631613 0.0346891647422083 -0
1.240234375 -0.359761849251974 -3.32630407540147 0.0346891859299504 -0
1.2421875 -0.366225600577667 -3.2922878416045 0.0346892071891021 -0
1.244140625 -0.372622348633242 -3.25769643264008 0.0346892285022732 -0
1.24609375 -0.378950977267668 -3.2225372993143 0.0346892498522588 -0
1.248046875 -0.385210384958688 -3.18681796901645 0.0346892712220559 -0
1.25 -0.391399484959138 -3.15054604239964 0.0346892925948803 -0
1.251953125 -0.397517205436812 -3.11372919009893 0.0346893139541808 -0
1.25390625 -0.403562489607962 -3.07637514949041 0.0346893352836543 -0
1.255859375 -0.409534295864509 -3.03849172149468 0.0346893565672589 -0
1.2578125 -0.415431597895051 -3.00008676742789 0.0346893777892263 -0
1.259765625 -0.421253384799774 -2.96116820590353 0.0346893989340739 -0
1.26171875 -0.426998661199361 -2.92174400978797 0.034689419986615 -0
1.263671875 -0.432666447338008 -2.88182220321244 0.0346894409319689 -0
1.265625 -0.43825577918066 -2.84141085864442 0.0346894617555695 -0
1.267578125 -0.443765708504588 -2.80051809402072 0.0346894824431738 -0
1.26953125 -0.449195302985428 -2.75915206994482 0.0346895029808684 -0
1.271484375 -0.45454364627781 -2.71732098695068 0.0346895233550764 -0
1.2734375 -0.459809838090704 -2.6750330828352 0.0346895435525622 -0
1.275390625 -0.464992994257635 -2.6322966300612 0.0346895635604361 -0
1.27734375 -0.470092246801881 -2.58911993323273 0.0346895833661586 -0
1.279296875 -0.475106743996825 -2.5455113266445 0.0346896029575423 -0
1.28125 -0.480035650421586 -2.50147917190684 0.034689622322755 -0
1.283203125 -0.484878147012086 -2.45703185564748 0.0346896414503202 -0
1.28515625 -0.489633431107709 -2.41217778729157 0.0346896603291184 -0
1.287109375 -0.494300716493694 -2.36692539692082 0.0346896789483864 -0
1.2890625 -0.498879233439431 -2.32128313321265 0.0346896972977168 -0
1.291015625 -0.503368228732806 -2.27525946146035 0.0346897153670568 -0
1.29296875 -0.507766965710761 -2.22886286167454 0.0346897331467053 -0
1.294921875 -0.512074724286222 -2.18210182676666 0.0346897506273112 -0
1.296875 -0.516290800971568 -2.13498486081472 0.0346897677998695 -0
1.298828125 -0.52041450889878 -2.08752047741143 0.0346897846557177 -0
1.30078125 -0.524445177836456 -2.03971719809492 0.0346898011865318 -0
1.302734375 -0.528382154203838 -1.99158355086182 0.0346898173843209 -0
1.3046875 -0.53222480108201 -1.94312806876248 0.0346898332414227 0
1.306640625 -0.535972498222441 -1.89435928857817 0.0346898487504978 0
1.30859375 -0.539624642053019 -1.84528574957947 0.0346898639045234 0
1.310546875 -0.543180645681736 -1.79591599236551 0.0346898786967874 0
1.3125 -0.546639938898196 -1.74625855778317 0.0346898931208817 0
1.314453125 -0.550001968173077 -1.69632198592546 0.0346899071706955 0
1.31640625 -0.553266196655718 -1.64611481520813 0.0346899208404081 0
1.318359375 -0.556432104169983 -1.59564558152331 0.0346899341244816 0
1.3203125 -0.559499187208543 -1.54492281746915 0.034689947017654 0
1.322265625 -0.562466958925722 -1.49395505165404 0.0346899595149309 0
1.32421875 -0.565334949129067 -1.44275080807406 0.0346899716115786 0
1.326171875 -0.568102704269762 -1.39131860556218 0.034689983303116 0
1.328125 -0.570769787432044 -1.33966695730752 0.034689994585307 0
1.330078125 -0.573335778321744 -1.28780437044309 0.0346900054541528 0
1.33203125 -0.575800273254087 -1.23573934570017 0.0346900159058842 0
1.333984375 -0.578162885140885 -1.18348037712742 0.0346900259369541 0
1.3359375 -0.580423243477241 -1.13103595187289 0.0346900355440297 0
1.337890625 -0.582580994327889 -1.07841455002678 0.0346900447239852 0
1.33984375 -0.584635800313283 -1.02562464452292 0.0346900534738946 0
1.341796875 -0.586587340595557 -0.972674701096705 0.0346900617910244 0
1.34375 -0.588435310864442 -0.919573178297404 0.0346900696728268 0
1.345703125 -0.590179423323281 -0.866328527552322 0.0346900771169331 0
1.34765625 -0.591819406675194 -0.812949193280601 0.0346900841211468 0
1.349609375 -0.593355006109533 -0.759443613054154 0.0346900906834376 0
1.3515625 -0.594785983288687 -0.705820217803266 0.0346900968019357 0
1.353515625 -0.596112116335327 -0.652087432064322 0.0346901024749255 0
1.35546875 -0.597333199820188 -0.598253674267065 0.0346901077008409 0
1.357421875 -0.598449044750433 -0.544327357058773 0.03469011247826 0
1.359375 -0.599459478558699 -0.490316887662661 0.0346901168059001 0
1.361328125 -0.600364345092865 -0.436230668267808 0.0346901206826142 0
1.36328125 -0.60116350460662 -0.382077096447862 0.0346901241073859 0
1.365234375 -0.601856833750865 -0.327864565605742 0.034690127079327 0
1.3671875 -0.602444225566017 -0.273601465441533 0.0346901295976735 0
1.369140625 -0.602925589475246 -0.219296182440742 0.0346901316617831 0
1.37109375 -0.603300851278676 -0.164957100380058 0.034690133271133 0
1.373046875 -0.603569953148605 -0.110592600847751 0.0346901344253177 0
1.375 -0.603732853625738 -0.0562110637758146 0.0346901351240475 0
1.376953125 -0.60378952761648 -0.00182086798095012 0.0346901353671475 0
1.37890625 -0.603739966391288 0.0525696082885075 0.0346901351545571 -0
1.380859375 -0.603584177584103 0.106951986802652 0.0346901344863293 -0
1.3828125 -0.603322185192841 0.161317888799968 0.0346901333626313 -0
1.384765625 -0.602954029580978 0.215658934440115 0.0346901317837451 -0
1.38671875 -0.602479767480184 0.269966742262454 0.0346901297500683 -0
1.388671875 -0.601899471994015 0.324232928653218 0.034690127262116 -0
1.390625 -0.601213232602632 0.378449107324242 0.0346901243205223 -0
1.392578125 -0.60042115516853 0.432606888806131 0.034690120926043 -0
1.39453125 -0.599523361943233 0.486697879958741 0.0346901170795579 -0
1.396484375 -0.598519991574941 0.540713683501833 0.0346901127820746 -0
1.3984375 -0.597411199117054 0.594645897568732 0.0346901080347315 -0
1.400390625 -0.596197156037563 0.648486115285791 0.0346901028388018 -0
1.40234375 -0.594878050229219 0.702225924380455 0.034690097195698 -0
1.404296875 -0.593454086020452 0.755856906820657 0.0346900911069766 -0
1.40625 -0.591925484186951 0.809370638488276 0.0346900845743427 -0
1.408203125 -0.590292481963857 0.862758688889311 0.0346900775996559 -0
1.41015625 -0.588555333058477 0.916012620903437 0.0346900701849354 -0
1.412109375 -0.586714307663453 0.969123990575496 0.0346900623323663 -0
1.4140625 -0.584769692470292 1.0220843469515 0.0346900540443058 -0
1.416015625 -0.582721790683174 1.07488523196159 0.0346900453232894 -0
1.41796875 -0.580570922032942 1.12751818035248 0.0346900361720379 -0
1.419921875 -0.578317422791172 1.1799747196716 0.0346900265934643 -0
1.421875 -0.575961645784224 1.23224637030548 0.0346900165906807 -0
1.423828125 -0.573503960407166 1.28432464557436 0.0346900061670058 -0
1.42578125 -0.570944752637449 1.33620105188546 0.0346899953259722 -0
1.427734375 -0.568284425048238 1.38786708894689 0.0346899840713339 -0
1.4296875 -0.565523396821251 1.43931425004419 0.0346899724070742 -0
1.431640625 -0.562662103759003 1.49053402238158 0.034689960337413 -0
1.43359375 -0.559700998296323 1.54151788748974 0.0346899478668147 -0
1.435546875 -0.556640549510996 1.59225732170184 0.034689934999996 -0
1.4375 -0.553481243133425 1.64274379669968 0.0346899217419335 -0
1.439453125 -0.550223581555138 1.69296878013132 0.034689908097871 -0
1.44140625 -0.546868083836037 1.74292373630194 0.0346898940733279 -0
1.443359375 -0.543415285710209 1.79260012693918 0.0346898796741054 -0
1.4453125 -0.539865739590181 1.84198941203436 0.034689864906295 -0
1.447265625 -0.53622001456945 1.89108305076064 0.0346898497762845 -0
1.44921875 -0.532478696423147 1.93987250246944 0.0346898342907655 -0
1.451171875 -0.528642387606678 1.98834922776586 0.0346898184567396 -0
1.453125 -0.524711707252187 2.03650468966409 0.0346898022815251 -0
1.455078125 -0.520687291162678 2.08433035482355 0.0346897857727625 -0
1.45703125 -0.516569791803657 2.13181769486629 0.0346897689384203 -0
1.458984375 -0.512359878292107 2.17895818777623 0.0346897517868001 -0
1.4609375 -0.508058236382656 2.22574331938057 0.0346897343265418 -0
1.462890625 -0.503665568450776 2.27216458491358 0.034689716566627 -0
1.46484375 -0.499182593472837 2.31821349066293 0.0346896985163839 -0
1.466796875 -0.494610047002874 2.36388155569839 0.0346896801854898 -0
1.46875 -0.489948681145891 2.40916031368293 0.0346896615839741 -0
1.470703125 -0.48519926452755 2.45404131476565 0.0346896427222202 -0
1.47265625 -0.480362582260087 2.49851612755634 0.0346896236109675 -0
1.474609375 -0.475439435904283 2.54257634118083 0.0346896042613118 -0
1.4765625 -0.47043064342735 2.58621356741653 0.0346895846847054 -0
1.478515625 -0.465337039156562 2.62941944290718 0.034689564892957 -0
1.48046875 -0.460159473728494 2.67218563145585 0.0346895448982301 -0
1.482421875 -0.454898814033688 2.71450382639485 0.0346895247130409 -0
1.484375 -0.449555943156639 2.75636575303137 0.0346895043502555 -0
1.486328125 -0.444131760310909 2.79776317116716 0.0346894838230866 -0
1.48828125 -0.438627180769267 2.8386878776908 0.0346894631450885 -0
1.490234375 -0.43304313578868 2.8791317092406 0.034689442330152 -0
1.4921875 -0.427380572530046 2.91908654493624 0.0346894213924986 -0
1.494140625 -0.421640453972522 2.95854430917705 0.0346894003466728 -0
1.49609375 -0.415823758822323 2.99749697450468 0.0346893792075344 -0
1.498046875 -0.409931481415863 3.03593656452772 0.0346893579902501 -0
1.5 -0.403964631617137 3.07385515690573 0.0346893367102829 -0
1.501953125 -0.3979242347092 3.11124488639011 0.0346893153833824 -0
1.50390625 -0.391811331279675 3.14809794791873 0.0346892940255725 -0
1.505859375 -0.385626977100143 3.18440659976161 0.0346892726531393 -0
1.5078125 -0.379372242999356 3.22016316671437 0.0346892512826177 -0
1.509765625 -0.373048214730165 3.25536004333626 0.034689229930777 -0
1.51171875 -0.366655992830074 3.28998969722941 0.0346892086146058 -0
1.513671875 -0.360196692475363 3.32404467235582 0.034689187351296 -0
1.515625 -0.353671443328684 3.35751759238837 0.034689166158226 -0
1.517578125 -0.347081389380095 3.39040116409225 0.0346891450529429 -0
1.51953125 -0.340427688781449 3.42268818073289 0.0346891240531436 -0
1.521484375 -0.333711513674108 3.45437152550642 0.034689103176656 -0
1.5234375 -0.326934050009939 3.48544417498865 0.0346890824414186 -0
1.525390625 -0.320096497365558 3.51589920259844 0.0346890618654595 -0
1.52734375 -0.313200068749789 3.5457297820711 0.0346890414668754 -0
1.529296875 -0.306245990404343 3.57492919093773 0.0346890212638085 -0
1.53125 -0.299235501597689 3.60349081400584 0.0346890012744244 -0
1.533203125 -0.292169854412133 3.631408146837 0.0346889815168882 -0
1.53515625 -0.285050313524107 3.65867479921692 0.0346889620093409 -0
1.537109375 -0.277878155977692 3.68528449861339 0.0346889427698744 -0
1.5390625 -0.270654670951398 3.71123109361747 0.0346889238165071 -0
1.541015625 -0.263381159518248 3.73650855736335 0.0346889051671582 -0
1.54296875 -0.256058934399198 3.76111099092204 0.0346888868396224 -0
1.544921875 -0.248689319709959 3.78503262666442 0.0346888688515435 -0
1.546875 -0.24127365070129 3.80826783158878 0.0346888512203887 -0
1.548828125 -0.233813273492815 3.83081111060823 0.0346888339634221 -0
1.55078125 -0.226309544800476 3.85265710979326 0.0346888170976783 -0
1.552734375 -0.218763831657686 3.87380061956483 0.0346888006399357 -0
1.5546875 -0.211177511130301 3.89423657783324 0.0346887846066907 -0
1.556640625 -0.203551970025524 3.91396007307834 0.0346887690141308 -0
1.55859375 -0.195888604594839 3.93296634736638 0.0346887538781087 -0
1.560546875 -0.188188820231125 3.95125079929907 0.0346887392141166 -0
1.5625 -0.180454031160077 3.96880898689039 0.0346887250372599 -0
1.564453125 -0.172685660126084 3.98563663036689 0.0346887113622327 -0
1.56640625 -0.164885138072706 4.00172961488702 0.0346886982032925 -0
1.568359375 -0.157053903817931 4.01708399317554 0.0346886855742363 -0
1.5703125 -0.149193403724364 4.03169598806877 0.0346886734883764 -0
1.572265625 -0.141305091364538 4.04556199496683 0.0346886619585173 -0
1.57421875 -0.133390427181525 4.05867858418898 0.0346886509969338 -0
1.576171875 -0.12545087814505 4.07104250322838 0.034688640615349 -0
1.578125 -0.117487917403289 4.08265067890275 0.0346886308249132 -0
1.580078125 -0.109503023930586 4.09350021939741 0.0346886216361845 -0
1.58203125 -0.101497682171268 4.10358841619756 0.0346886130591093 -0
1.583984375 -0.0934733816798141 4.11291274590666 0.0346886051030048 -0
1.5859375 -0.0854316167575703 4.12147087194796 0.0346885977765415 -0
1.587890625 -0.0773738860862673 4.1292606461465 0.0346885910877276 -0
1.58984375 -0.0693016923585606 4.13628011018891 0.0346885850438943 -0
1.591796875 -0.0612165419058419 4.14252749695882 0.0346885796516823 -0
1.59375 -0.0531199443235652 4.1480012317455 0.0346885749170292 -0
1.595703125 -0.045013412094336 4.15269993332392 0.0346885708451589 -0
1.59765625 -0.0368984602090186 4.15662241490435 0.0346885674405714 -0
1.599609375 -0.0287766057861159 4.15976768495003 0.0346885647070349 -0
1.6015625 -0.0206493676896826 4.16213494786152 0.0346885626475781 -0
1.603515625 -0.0125182661460318 4.1637236045266 0.0346885612644853 -0
1.60546875 -0.00438482235950054 4.16453325273483 0.0346885605592912 -0
1.607421875 0.00374944187246358 4.16456368745612 0.0346885605327788 -0
1.609375 0.0118830045446249 4.16381490098277 0.0346885611849776 -0
1.611328125 0.0200143438294275 4.16228708293481 0.0346885625151634 -0
1.61328125 0.0281419384623391 4.15998062012863 0.0346885645218601 -0
1.615234375 0.036264268126805 4.15689609630906 0.0346885672028418 -0
1.6171875 0.0443798138385463 4.15303429174543 0.0346885705551377 -0
1.619140625 0.0524870583289356 4.14839618269219 0.0346885745750373 -0
1.62109375 0.0605844864271877 4.14298294071502 0.0346885792580973 -0
1.623046875 0.0686705854411036 4.13679593188357 0.0346885845991502 -0
1.625 0.0767438455361079 4.12983671583206 0.0346885905923135 -0
1.626953125 0.0848027601123226 4.12210704468938 0.0346885972310013 -0
1.62890625 0.0928458261794258 4.11360886188041 0.0346886045079357 -0
1.630859375 0.100871544729043 4.10434430080046 0.0346886124151609 -0
1.6328125 0.108878421104428 4.09431568336508 0.0346886209440575 -0
1.634765625 0.116864965367188 4.08352551843751 0.0346886300853583 -0
1.63671875 0.124829692660824 4.07197650013644 0.0346886398291654 -0
1.638671875 0.132771123570846 4.05967150602657 0.0346886501649678 -0
1.640625 0.14068778448124 4.04661359519522 0.0346886610816608 0
1.642578125 0.148578207927077 4.03280600621773 0.0346886725675652 0
1.64453125 0.156440932943028 4.01825215501515 0.0346886846104487 0
1.646484375 0.164274505407605 4.00295563260746 0.0346886971975472 0
1.6484375 0.172077478382901 3.98692020276596 0.0346887103155873 0
1.650390625 0.17984841244966 3.97014979956845 0.034688723950809 0
1.65234375 0.187585876037466 3.95264852486113 0.0346887380889899 0
1.654296875 0.195288445749898 3.93442064563101 0.0346887527154693 0
1.65625 0.202954706684462 3.91547059129302 0.0346887678151727 0
1.658203125 0.210583252747137 3.89580295089592 0.0346887833726374 0
1.66015625 0.218172686961399 3.87542247025131 0.0346887993720379 0
1.662109375 0.225721621771556 3.85433404899006 0.0346888157972119 0
1.6640625 0.233228679340266 3.83254273755056 0.0346888326316863 0
1.666015625 0.240692491840113 3.81005373410332 0.0346888498587036 0
1.66796875 0.248111701739107 3.78687238141655 0.0346888674612483 0
1.669921875 0.255484962080021 3.76300416366705 0.0346888854220733 0
1.671875 0.262810936753432 3.73845470320145 0.0346889037237263 0
1.673828125 0.270088300764402 3.71322975725205 0.0346889223485764 0
1.67578125 0.277315740492698 3.68733521461229 0.0346889412788397 0
1.677734375 0.284491953946481 3.66077709227632 0.0346889604966058 0
1.6796875 0.291615651009402 3.63356153204747 0.0346889799838632 0
1.681640625 0.298685553681041 3.60569479712033 0.0346889997225247 0
1.68359375 0.305700396310653 3.57718326864103 0.0346890196944524 0
1.685546875 0.312658925824171 3.54803344225044 0.0346890398814822 0
1.6875 0.319559901944444 3.51825192461488 0.0346890602654476 0
1.689453125 0.326402097404697 3.48784542994891 0.0346890808282037 0
1.69140625 0.333184298155182 3.45682077653475 0.0346891015516495 0
1.693359375 0.339905303563036 3.42518488324271 0.0346891224177508 0
1.6953125 0.346563926605349 3.39294476605714 0.0346891434085614 0
1.697265625 0.353158994055447 3.36010753461217 0.0346891645062439 0
1.69921875 0.359689346662428 3.3266803887414 0.0346891856930905 0
1.701171875 0.366153839323968 3.29267061504589 0.0346892069515416 0
1.703125 0.372551341252451 3.2580855834843 0.0346892282642052 0
1.705078125 0.378880736134454 3.22293274398926 0.0346892496138741 0
1.70703125 0.385140922283659 3.18721962311385 0.0346892709835432 0
1.708984375 0.391330812787242 3.15095382071181 0.0346892923564256 0
1.7109375 0.397449335645814 3.11414300665523 0.0346893137159674 0
1.712890625 0.403495433906989 3.07679491759318 0.0346893350458627 0
1.71484375 0.409468065792663 3.03891735375461 0.0346893563300667 0
1.716796875 0.415366204820093 3.00051817579892 0.0346893775528079 0
1.71875 0.421188839916877 2.96160530171713 0.0346893986986004 0
1.720703125 0.426934975529925 2.92218670378676 0.0346894197522543 0
1.72265625 0.432603631728544 2.88227040558329 0.0346894406988852 0
1.724609375 0.438193844301735 2.84186447905074 0.0346894615239236 0
1.7265625 0.443704664849836 2.80097704163409 0.0346894822131228 0
1.728515625 0.449135160870618 2.75961625347594 0.0346895027525659 0
1.73046875 0.454484415839976 2.71779031467953 0.0346895231286719 0
1.732421875 0.459751529287335 2.67550746264039 0.0346895433282014 0
1.734375 0.464935616865915 2.63277596944856 0.0346895633382611 0
1.736328125 0.470035810417994 2.5896041393631 0.0346895831463072 0
1.73828125 0.475051258035303 2.54600030636065 0.0346896027401487 0
1.740234375 0.479981124114715 2.50197283175953 0.0346896221079492 0
1.7421875 0.484824589409363 2.45753010192073 0.0346896412382284 0
1.744140625 0.489580851075343 2.41268052602694 0.0346896601198626 0
1.74609375 0.494249122714156 2.36743253394088 0.0346896787420847 0
1.748046875 0.498828634411049 2.32179457414355 0.0346896970944835 0
1.75 0.503318632769404 2.27577511175344 0.034689715167002 0
1.751953125 0.507718380941336 2.22938262662711 0.0346897329499355 0
1.75390625 0.512027158654666 2.18262561154178 0.0346897504339287 0
1.755859375 0.516244262236421 2.13551257046011 0.0346897676099729 0
1.7578125 0.520369004633026 2.08805201687745 0.0346897844694019 0
1.759765625 0.524400715427349 2.04025247225162 0.0346898010038876 0
1.76171875 0.528338740852759 1.99212246451506 0.0346898172054358 0
1.763671875 0.532182443804361 1.94367052666923 0.0346898330663805 0
1.765625 0.535931203847561 1.89490519546072 0.0346898485793786 0
1.767578125 0.539584417224129 1.84583501013891 0.0346898637374037 0
1.76953125 0.543141496855916 1.79646851129421 0.0346898785337406 0
1.771484375 0.546601872346372 1.7468142397764 0.0346898929619775 0
1.7734375 0.549964989980042 1.69688073569215 0.0346899070160006 0
1.775390625 0.55323031272017 1.64667653748074 0.0346899206899857 0
1.77734375 0.556397320204577 1.59621018106684 0.0346899339783922 0
1.779296875 0.559465508739962 1.54549019908934 0.0346899468759546 0
1.78125 0.562434391294769 1.49452512020472 0.0346899593776759 0
1.783203125 0.565303497490762 1.44332346846371 0.0346899714788194 0
1.78515625 0.568072373593456 1.39189376275967 0.0346899831749013 0
1.787109375 0.570740582501542 1.34024451634709 0.0346899944616826 0
1.7890625 0.573307703735437 1.2883842364286 0.0346900053351622 0
1.791015625 0.575773333425091 1.23632142380858 0.0346900157915682 0
1.79296875 0.578137084297189 1.18406457261159 0.034690025827351 0
1.794921875 0.580398585661855 1.13162217006364 0.0346900354391755 0
1.796875 0.582557483399 1.07900269633436 0.0346900446239137 0
1.798828125 0.584613439944411 1.02621462443776 0.0346900533786374 0
1.80078125 0.58656613427571 0.973266420189604 0.034690061700611 0
1.802734375 0.588415261898277 0.920166542219083 0.0346900695872847 0
1.8046875 0.590160534831253 0.86692344203244 0.0346900770362876 0
1.806640625 0.591801681593716 0.813545564126218 0.0346900840454216 0
1.80859375 0.593338447191121 0.760041346147686 0.0346900906126544 0
1.810546875 0.594770593102106 0.706419219099951 0.0346900967361145 0
1.8125 0.596097897265731 0.652687607589233 0.0346901024140846 0
1.814453125 0.597320154069251 0.598854930111698 0.034690107644997 0
1.81640625 0.598437174336479 0.544929599377233 0.0346901124274282 0
1.818359375 0.599448785316818 0.490920022667486 0.034690116760094 0
1.8203125 0.600354830675024 0.436834602225451 0.0346901206418457 0
1.822265625 0.601155170481762 0.382681735673872 0.0346901240716658 0
1.82421875 0.601849681205 0.328469816459669 0.0346901270486645 0
1.826171875 0.602438255702307 0.274207234321588 0.0346901295720764 0
1.828125 0.602920803214069 0.219902375778247 0.034690131641258 0
1.830078125 0.603297249357691 0.165563624633715 0.034690133255685 0
1.83203125 0.603567536122795 0.111199362497767 0.0346901344149506 0
1.833984375 0.603731621867448 0.0568179693179072 0.034690135118764 0
1.8359375 0.603789481315443 0.00242782392027368 0.034690135366949 0
1.837890625 0.603741105554636 -0.0519626954434876 0.0346901351594435 -0
1.83984375 0.603586502036367 -0.106345210546302 0.0346901344962994 -0
1.841796875 0.60332569457594 -0.160711342635613 0.0346901333776827 -0
1.84375 0.602958723354196 -0.215052711886121 0.0346901318038739 -0
1.845703125 0.602485644920135 -0.269360936858224 0.0346901297752695 -0
1.84765625 0.601906532194594 -0.323627633965083 0.0346901272923832 -0
1.849609375 0.601221474474959 -0.377844416951203 0.0346901243558477 -0
1.8515625 0.600430577440878 -0.432002896385423 0.0346901209664175 -0
1.853515625 0.599533963160953 -0.486094679171191 0.0346901171249711 -0
1.85546875 0.598531770100366 -0.540111368076975 0.0346901128325144 -0
1.857421875 0.597424153129403 -0.59404456128965 0.0346901080901845 -0
1.859375 0.596211283532828 -0.64788585199366 0.034690102899253 -0
1.861328125 0.594893349020052 -0.701626827978748 0.034690097261131 -0
1.86328125 0.593470553736036 -0.755259071278984 0.034690091177373 -0
1.865234375 0.591943118272869 -0.808774157845829 0.0346900846496828 -0
1.8671875 0.590311279681951 -0.862163657257891 0.034690077679918 0
1.869140625 0.588575291486705 -0.915419132470016 0.0346900702700961 0
1.87109375 0.58673542369574 -0.968532139604307 0.0346900624224003 0
1.873046875 0.584791962816376 -1.02149422778561 0.0346900541391857 0
1.875 0.582745211868453 -1.07429693902394 0.034690045422986 0
1.876953125 0.580595490398314 -1.12693180814635 0.0346900362765198 0
1.87890625 0.578343134492881 -1.17939036278052 0.0346900267026979 0
1.880859375 0.575988496793702 -1.23166412339244 0.0346900167046301 0
1.8828125 0.573531946510879 -1.28374460338049 0.0346900062856328 0
1.884765625 0.570973869436747 -1.33562330922797 0.0346899954492362 0
1.88671875 0.568314667959207 -1.38729174071632 0.0346899841991918 0
1.888671875 0.565554761074574 -1.43874139120099 0.0346899725394802 0
1.890625 0.562694584399828 -1.48996374795196 0.0346899604743187 0
1.892578125 0.559734590184137 -1.5409502925607 0.0346899480081689 0
1.89453125 0.556675247319513 -1.59169250141551 0.0346899351457447 0
1.896484375 0.553517041350483 -1.64218184624681 0.0346899218920196 0
1.8984375 0.550260474482612 -1.69240979474401 0.0346899082522346 0
1.900390625 0.546906065589764 -1.7423678112455 0.0346898942319057 0
1.90234375 0.543454350219934 -1.7920473575032 0.0346898798368313 0
1.904296875 0.539905880599517 -1.84143989352286 0.0346898650730992 0
1.90625 0.53626122563586 -1.89053687848144 0.0346898499470941 0
1.908203125 0.532520970917949 -1.93932977172258 0.0346898344655042 0
1.91015625 0.528685718715069 -1.98781003383115 0.0346898186353275 0
1.912109375 0.524756087973296 -2.03596912778781 0.0346898024638788 0
1.9140625 0.520732714309648 -2.08379852020417 0.0346897859587949 0
1.916015625 0.516616250003748 -2.13128968263934 0.0346897691280406 0
1.91796875 0.512407363986838 -2.17843409299823 0.0346897519799139 0
1.919921875 0.508106741827974 -2.22522323701204 0.0346897345230507 0
1.921875 0.503715085717259 -2.27164860980115 0.034689716766429 0
1.923828125 0.499233114445938 -2.31770171752048 0.034689698719373 0
1.92578125 0.494661563383195 -2.36337407908734 0.034689680391556 0
1.927734375 0.490001184449503 -2.40865722799154 0.0346896617930034 0
1.9296875 0.485252746086353 -2.45354271418751 0.034689642934095 0
1.931640625 0.480417033222208 -2.49802210606781 0.0346896238255659 0
1.93359375 0.475494847234526 -2.54208699251771 0.0346896044785079 0
1.935546875 0.470487005907686 -2.58572898504978 0.0346895849043696 0
1.9375 0.465394343386675 -2.62893972001778 0.0346895651149556 0
1.939453125 0.460217710126366 -2.67171086090876 0.0346895451224253 0
1.94140625 0.45495797283625 -2.71403410071218 0.034689524939291 0
1.943359375 0.44961601442046 -2.75590116436464 0.0346895045784152 0
1.9453125 0.444192733912951 -2.7973038112688 0.0346894840530065 0
1.947265625 0.438689046407691 -2.83823383788483 0.0346894633766154 0
1.94921875 0.433105882983713 -2.87868308039253 0.0346894425631293 0
1.951171875 0.427444190624907 -2.91864341742221 0.0346894216267656 0
1.953125 0.421704932134408 -2.95810677285225 0.0346894005820654 0
1.955078125 0.415889086043453 -2.99706511867107 0.0346893794438852 0
1.95703125 0.409997646514599 -3.03551047790103 0.0346893582273881 0
1.958984375 0.404031623239152 -3.07343492758188 0.0346893369480341 0
1.9609375 0.397992041328732 -3.11083060181095 0.0346893156215694 0
1.962890625 0.391879941200828 -3.14768969483722 0.0346892942640151 0
1.96484375 0.385696378458274 -3.18400446420647 0.0346892728916543 0
1.966796875 0.379442423762522 -3.21976723395416 0.0346892515210192 0
1.96875 0.373119162700641 -3.25497039784304 0.0346892301688767 0
1.970703125 0.366727695645948 -3.28960642264194 0.034689208852213 0
1.97265625 0.360269137612196 -3.3236678514423 0.0346891875882178 0
1.974609375 0.353744618101251 -3.35714730700893 0.0346891663942675 0
1.9765625 0.347155280944192 -3.39003749516103 0.0346891452879073 0
1.978515625 0.340502284135778 -3.42233120817988 0.0346891242868328 0
1.98046875 0.333786799662239 -3.45402132823909 0.0346891034088704 0
1.982421875 0.327010013322344 -3.48510083085336 0.0346890826719574 0
1.984375 0.320173124541719 -3.51556278834172 0.0346890620941213 0
1.986328125 0.313277346180385 -3.54540037330089 0.0346890416934578 0
1.98828125 0.306323904333512 -3.57460686208449 0.0346890214881089 0
1.990234375 0.299314038125367 -3.60317563828373 0.0346890014962401 0
1.9921875 0.292248999496466 -3.63110019620513 0.0346889817360166 0
1.994140625 0.285130052983941 -3.65837414434067 0.0346889622255797 0
1.99609375 0.277958475495135 -3.6849912088259 0.0346889429830221 0
1.998046875 0.270735556074465 -3.71094523688137 0.0346889240263632 0
2 0.263462595663568 -3.7362302002327 0.0346889053735234 0
