0 0.0849079192862106 0 0.000706812909848516 -0
0.001953125 0.0848999852288394 -0.00812409607267964 0.000706812903695739 0
0.00390625 0.0848761845359267 -0.0162466775125829 0.000706812885241897 0
0.005859375 0.0848365216448058 -0.0243662299631842 0.000706812854500681 0
0.0078125 0.084781003950133 -0.0324812396204195 0.000706812811494748 0
0.009765625 0.0847096418025386 -0.0405901935088163 0.00070681275625594 0
0.01171875 0.0846224485067392 -0.048691579757505 0.000706812688825041 0
0.013671875 0.0845194403191108 -0.0567838878760675 0.000706812609251909 0
0.015625 0.0844006364447233 -0.0648656090301875 0.000706812517595339 0
0.017578125 0.0842660590338366 -0.0729352363170584 0.000706812413923073 0
0.01953125 0.0841157331778598 -0.0809912650405107 0.00070681229831177 0
0.021484375 0.0839496869047721 -0.0890321929858179 0.000706812170846871 0
0.0234375 0.0837679511740089 -0.0970565206941401 0.000706812031622647 0
0.025390625 0.0835705598708106 -0.105062751736565 0.000706811880742003 0
0.02734375 0.083357549800038 -0.113049392987705 0.000706811718316536 0
0.029296875 0.0831289606794524 -0.121014954898814 0.000706811544466372 0
0.03125 0.0828848351324645 -0.12895795177037 0.000706811359320067 0
0.033203125 0.0826252186803494 -0.136876902024104 0.000706811163014606 0
0.03515625 0.0823501597339328 -0.144770328474408 0.0007068109556952 0
0.037109375 0.0820597095847462 -0.152636758599107 0.000706810737515289 0
0.0390625 0.081753922395655 -0.160474724809532 0.000706810508636322 0
0.041015625 0.081432855190959 -0.168282764719861 0.000706810269227705 -0
0.04296875 0.0810965678459681 -0.176059421415691 0.00070681001946669 -0
0.044921875 0.080745123076054 -0.183803243721792 0.000706809759538197 -0
0.046875 0.0803785864251799 -0.191512786468995 0.000706809489634713 -0
0.048828125 0.0799970262539095 -0.199186610760193 0.000706809209956159 -0
0.05078125 0.0796005137268978 -0.206823284235386 0.000706808920709768 -0
0.052734375 0.079189122799865 -0.214421381335743 0.000706808622109833 -0
0.0546875 0.0787629302060551 -0.221979483566638 0.000706808314377696 -0
0.056640625 0.0783220154421828 -0.229496179759607 0.00070680799774148 -0
0.05859375 0.0778664607538691 -0.236970066333192 0.000706807672435973 -0
0.060546875 0.0773963511205688 -0.244399747552624 0.000706807338702417 -0
0.0625 0.0769117742399917 -0.2517838357883 0.000706806996788423 -0
0.064453125 0.0764128205120207 -0.259120951773012 0.00070680664694768 -0
0.06640625 0.0758995830221284 -0.266409724857885 0.000706806289439845 -0
0.068359375 0.0753721575242946 -0.273648793266975 0.000706805924530313 -0
0.0703125 0.0748306424234292 -0.280836804350483 0.000706805552490086 -0
0.072265625 0.0742751387573005 -0.287972414836546 0.000706805173595508 -0
0.07421875 0.073705750177974 -0.295054291081551 0.000706804788128064 -0
0.076171875 0.0731225829327632 -0.302081109318935 0.000706804396374254 -0
0.078125 0.0725257458446969 -0.309051555906415 0.000706803998625283 -0
0.080078125 0.0719153502925038 -0.315964327571615 0.000706803595176906 -0
0.08203125 0.0712915101901203 -0.322818131656034 0.000706803186329253 -0
0.083984375 0.0706543419657224 -0.329611686357309 0.000706802772386502 -0
0.0859375 0.070003964540287 -0.336343720969741 0.000706802353656718 -0
0.087890625 0.0693404993056844 -0.343012976123012 0.000706801930451643 -0
0.08984375 0.0686640701023065 -0.349618204019073 0.000706801503086432 -0
0.091796875 0.0679748031962348 -0.356158168667137 0.000706801071879423 -0
0.09375 0.0672728272559505 -0.36263164611674 0.00070680063715194 -0
0.095703125 0.0665582733285913 -0.369037424688823 0.000706800199228015 -0
0.09765625 0.0658312748157598 -0.375374305204777 0.000706799758434164 -0
0.099609375 0.0650919674488852 -0.381641101213428 0.000706799315099162 -0
0.1015625 0.0643404892641448 -0.387836639215881 0.000706798869553774 -0
0.103515625 0.0635769805769481 -0.393959758888208 0.000706798422130485 -0
0.10546875 0.0628015839559878 -0.400009313301912 0.000706797973163339 -0
0.107421875 0.0620144441968625 -0.405984169142132 0.000706797522987628 -0
0.109375 0.0612157082952763 -0.41188320692353 0.000706797071939605 -0
0.111328125 0.0604055254198175 -0.41770532120383 0.000706796620356368 -0
0.11328125 0.0595840468843238 -0.423449420794937 0.000706796168575442 -0
0.115234375 0.0587514261198373 -0.429114428971619 0.000706795716934654 -0
0.1171875 0.0579078186461535 -0.434699283677682 0.000706795265771835 -0
0.119140625 0.0570533820429713 -0.440202937729595 0.000706794815424546 -0
0.12109375 0.0561882759206472 -0.445624359017532 0.000706794366229842 -0
0.123046875 0.0553126618905591 -0.450962530703771 0.000706793918524056 -0
0.125 0.0544267035350856 -0.456216451418402 0.000706793472642451 -0
0.126953125 0.053530566377206 -0.461385135452316 0.000706793028919113 -0
0.12890625 0.052624417849725 -0.466467612947403 0.000706792587686544 -0
0.130859375 0.0517084272641302 -0.471462930083939 0.000706792149275519 -0
0.1328125 0.0507827657790846 -0.4763701492651 0.000706791714014806 -0
0.134765625 0.0498476063685634 -0.48118834929856 0.00070679128223088 -0
0.13671875 0.0489031237896371 -0.485916625575142 0.000706790854247713 -0
0.138671875 0.0479494945499105 -0.490554090244453 0.000706790430386555 -0
0.140625 0.0469868968746197 -0.495099872387489 0.000706790010965612 -0
0.142578125 0.0460155106733968 -0.499553118186138 0.000706789596299905 -0
0.14453125 0.0450355175067051 -0.503912991089561 0.000706789186700922 -0
0.146484375 0.0440471005519532 -0.508178671977393 0.000706788782476458 -0
0.1484375 0.0430504445692934 -0.512349359319729 0.000706788383930356 -0
0.150390625 0.0420457358671106 -0.516424269333854 0.000706787991362277 -0
0.15234375 0.0410331622672081 -0.520402636137675 0.000706787605067457 -0
0.154296875 0.0400129130696978 -0.524283711899808 0.000706787225336527 -0
0.15625 0.0389851790175994 -0.528066766986297 0.000706786852455185 -0
0.158203125 0.0379501522611575 -0.531751090103903 0.000706786486704159 -0
0.16015625 0.0369080263218811 -0.535335988439948 0.000706786128358769 -0
0.162109375 0.035858996056314 -0.538820787798657 0.000706785777688886 -0
0.1640625 0.0348032576195426 -0.542204832733978 0.000706785434958677 -0
0.166015625 0.0337410084284469 -0.545487486678824 0.000706785100426377 -0
0.16796875 0.0326724471247034 -0.548668132070718 0.000706784774344065 -0
0.169921875 0.0315977735375456 -0.551746170473808 0.000706784456957576 -0
0.171875 0.0305171886462901 -0.554721022697195 0.00070678414850617 -0
0.173828125 0.0294308945426347 -0.557592128909571 0.000706783849222507 -0
0.17578125 0.0283390943927371 -0.560358948750116 0.00070678355933232 -0
0.177734375 0.0272419923990796 -0.563020961435622 0.00070678327905432 -0
0.1796875 0.0261397937621292 -0.565577665863829 0.000706783008599991 -0
0.181640625 0.025032704641799 -0.568028580712928 0.000706782748173475 -0
0.18359375 0.0239209321187193 -0.570373244537205 0.000706782497971361 -0
0.185546875 0.0228046841553256 -0.572611215858811 0.000706782258182555 -0
0.1875 0.0216841695567708 -0.574742073255615 0.000706782028988136 -0
0.189453125 0.0205595979316708 -0.576765415445124 0.00070678181056122 -0
0.19140625 0.0194311796526883 -0.578680861364447 0.000706781603066787 -0
0.193359375 0.0182991258169659 -0.580488050246266 0.000706781406661598 -0
0.1953125 0.0171636482064139 -0.58218664169082 0.000706781221494104 -0
0.197265625 0.0160249592478612 -0.583776315733842 0.000706781047704187 -0
0.19921875 0.0148832719730785 -0.585256772910467 0.000706780885423204 -0
0.201171875 0.0137387999786797 -0.586627734315067 0.000706780734773868 -0
0.203125 0.0125917573859103 -0.587888941657004 0.000706780595870013 -0
0.205078125 0.011442358800332 -0.589040157312288 0.000706780468816702 -0
0.20703125 0.0102908192714092 -0.590081164371111 0.000706780353709975 -0
0.208984375 0.00913735425200734 -0.591011766681269 0.000706780250636875 -0
0.2109375 0.00798217955781047 -0.591831788887422 0.00070678015967539 -0
0.212890625 0.00682551132666585 -0.592541076466222 0.000706780080894256 -0
0.21484375 0.0056675659778643 -0.593139495757256 0.000706780014353094 -0
0.216796875 0.00450856017136407 -0.593626933989835 0.000706779960102234 -0
0.21875 0.0033487107669665 -0.594003299305589 0.000706779918182688 -0
0.220703125 0.00218823478345161 -0.594268520776881 0.000706779888626212 -0
0.22265625 0.00102734935768181 -0.594422548421021 0.000706779871455113 -0
0.224609375 -0.000133728296318005 -0.594465353210294 0.000706779866682422 -0
0.2265625 -0.0012947809282959 -0.594396927077772 0.000706779874311702 -0
0.228515625 -0.00245559129271555 -0.594217282918936 0.000706779894337235 -0
0.23046875 -0.00361594218969799 -0.593926454589089 0.00070677992674384 -0
0.232421875 -0.00477561650595418 -0.593524496896571 0.000706779971507011 -0
0.234375 -0.00593439725570022 -0.593011485591765 0.00070678002859289 -0
0.236328125 -0.00709206762154701 -0.592387517351919 0.000706780097958287 -0
0.23828125 -0.00824841099535615 -0.591652709761765 0.000706780179550749 -0
0.240234375 -0.00940321101905391 -0.590807201289959 0.000706780273308549 -0
0.2421875 -0.0105562516253951 -0.589851151261336 0.000706780379160789 -0
0.244140625 -0.0117073170786685 -0.588784739824995 0.000706780497027419 -0
0.24609375 -0.0128561920153364 -0.58760816791823 0.000706780626819323 -0
0.248046875 -0.0140026614845991 -0.586321657226296 0.000706780768438335 -0
0.25 -0.0151465109888767 -0.584925450138053 0.000706780921777415 -0
0.251953125 -0.0162875265242009 -0.583419809697471 0.000706781086720621 -0
0.25390625 -0.0174254946205074 -0.581805019551029 0.000706781263143295 -0
0.255859375 -0.0185602023818221 -0.580081383891025 0.000706781450912088 -0
0.2578125 -0.0196914375263317 -0.578249227394792 0.000706781649885096 -0
0.259765625 -0.020818988426333 -0.576308895159872 0.000706781859911994 -0
0.26171875 -0.02194264414805 -0.574260752635134 0.000706782080834099 -0
0.263671875 -0.023062194491314 -0.572105185547879 0.000706782312484549 -0
0.265625 -0.0241774300290964 -0.569842599826938 0.000706782554688356 -0
0.267578125 -0.0252881421468879 -0.567473421521803 0.000706782807262676 -0
0.26953125 -0.0263941230819159 -0.564998096717794 0.000706783070016772 -0
0.271484375 -0.0274951659621918 -0.562417091447301 0.000706783342752315 -0
0.2734375 -0.0285910648453819 -0.559730891597124 0.00070678362526347 -0
0.275390625 -0.0296816147574931 -0.556940002811933 0.000706783917337073 -0
0.27734375 -0.0307666117313661 -0.55404495039388 0.000706784218752761 -0
0.279296875 -0.0318458528449692 -0.55104627919839 0.000706784529283181 -0
0.28125 -0.0329191362594848 -0.547944553526165 0.000706784848694184 -0
0.283203125 -0.0339862612571808 -0.54474035701142 0.000706785176744965 -0
0.28515625 -0.0350470282790606 -0.541434292506394 0.00070678551318821 -0
0.287109375 -0.0361012389622839 -0.538026981962169 0.000706785857770398 -0
0.2890625 -0.0371486961773503 -0.534519066305817 0.000706786210231925 -0
0.291015625 -0.038189204065041 -0.530911205313923 0.000706786570307325 -0
0.29296875 -0.0392225680731079 -0.527204077482514 0.000706786937725399 -0
0.294921875 -0.040248594992707 -0.523398379893425 0.000706787312209596 -0
0.296875 -0.0412670929945665 -0.51949482807715 0.000706787693478004 -0
0.298828125 -0.0422778716648834 -0.515494155872197 0.000706788081243789 -0
0.30078125 -0.0432807420409423 -0.511397115281008 0.000706788475215204 -0
0.302734375 -0.0442755166464498 -0.507204476322459 0.000706788875096025 -0
0.3046875 -0.0452620095265769 -0.502917026881002 0.000706789280585583 -0
0.306640625 -0.0462400362827037 -0.498535572552466 0.000706789691379095 -0
0.30859375 -0.04720941410686 -0.494060936486574 0.000706790107167903 -0
0.310546875 -0.0481699618158544 -0.489493959226215 0.000706790527639668 -0
0.3125 -0.0491214998850874 -0.484835498543506 0.000706790952478651 -0
0.314453125 -0.05006385048204 -0.480086429272687 0.000706791381365881 -0
0.31640625 -0.0509968374994338 -0.475247643139899 0.000706791813979492 -0
0.318359375 -0.0519202865880552 -0.47032004858988 0.000706792249994907 -0
0.3203125 -0.052834025189238 -0.465304570609629 0.000706792689085076 -0
0.322265625 -0.0537378825669991 -0.460202150549073 0.000706793130920794 -0
0.32421875 -0.0546316898398203 -0.455013745938794 0.000706793575170802 -0
0.326171875 -0.0555152800120725 -0.449740330304846 0.000706794021502262 -0
0.328125 -0.0563884880050737 -0.444382892980723 0.000706794469580792 -0
0.330078125 -0.0572511506877784 -0.438942438916505 0.000706794919070837 -0
0.33203125 -0.0581031069070913 -0.43341998848525 0.000706795369635879 -0
0.333984375 -0.0589441975177989 -0.42781657728665 0.000706795820938727 -0
0.3359375 -0.0597742654121172 -0.422133255948027 0.000706796272641736 -0
0.337890625 -0.0605931555488459 -0.416371089922691 0.000706796724407068 -0
0.33984375 -0.0614007149821277 -0.41053115928572 0.000706797175896929 -0
0.341796875 -0.0621967928898058 -0.404614558527206 0.000706797626773869 -0
0.34375 -0.0629812406013747 -0.398622396343009 0.000706798076700983 -0
0.345703125 -0.0637539116255207 -0.392555795423071 0.000706798525342186 -0
0.34765625 -0.064514661677246 -0.386415892237338 0.000706798972362448 -0
0.349609375 -0.0652633487045728 -0.380203836819331 0.000706799417428105 -0
0.3515625 -0.0659998329148215 -0.373920792547419 0.000706799860207017 -0
0.353515625 -0.0667239768004611 -0.367567935923836 0.000706800300368837 -0
0.35546875 -0.067435645164524 -0.361146456351495 0.000706800737585332 -0
0.357421875 -0.0681347051455841 -0.354657555908642 0.0007068011715305 -0
0.359375 -0.0688210262422922 -0.348102449121399 0.000706801601880941 -0
0.361328125 -0.0694944803374646 -0.34148236273424 0.000706802028316004 -0
0.36328125 -0.0701549417217228 -0.334798535478451 0.000706802450518017 -0
0.365234375 -0.0708022871166773 -0.32805221783862 0.000706802868172625 -0
0.3671875 -0.0714363956976549 -0.321244671817205 0.000706803280968921 -0
0.369140625 -0.0720571491159633 -0.314377170697217 0.000706803688599677 -0
0.37109375 -0.0726644315206909 -0.307450998803082 0.000706804090761642 -0
0.373046875 -0.0732581295800378 -0.300467451259717 0.000706804487155712 -0
0.375 -0.0738381325021742 -0.293427833749862 0.000706804877487124 -0
0.376953125 -0.0744043320556232 -0.286333462269731 0.000706805261465736 -0
0.37890625 -0.0749566225891653 -0.279185662883012 0.000706805638806214 -0
0.380859375 -0.07549490105126 -0.271985771473267 0.000706806009228202 -0
0.3828125 -0.0760190670089828 -0.264735133494784 0.000706806372456599 -0
0.384765625 -0.076529022666474 -0.257435103721913 0.000706806728221657 -0
0.38671875 -0.0770246728828965 -0.250087045996952 0.000706807076259315 -0
0.388671875 -0.0775059251898996 -0.242692332976601 0.00070680741631123 -0
0.390625 -0.0779726898085863 -0.235252345877056 0.000706807748125129 -0
0.392578125 -0.0784248796659818 -0.227768474217771 0.000706808071454847 -0
0.39453125 -0.0788624104109995 -0.220242115563933 0.000706808386060597 -0
0.396484375 -0.0792852004299034 -0.212674675267708 0.000706808691709153 -0
0.3984375 -0.079693170861264 -0.205067566208283 0.000706808988173878 -0
0.400390625 -0.0800862456104046 -0.197422208530765 0.000706809275235089 -0
0.40234375 -0.0804643513633373 -0.189740029383969 0.000706809552680092 -0
0.404296875 -0.0808274176001857 -0.182022462657142 0.000706809820303318 -0
0.40625 -0.0811753766080918 -0.174270948715675 0.000706810077906558 -0
0.408203125 -0.0815081634936063 -0.166486934135825 0.000706810325299048 -0
0.41015625 -0.0818257161945598 -0.158671871438516 0.000706810562297603 -0
0.412109375 -0.082127975491413 -0.150827218822241 0.000706810788726825 -0
0.4140625 -0.0824148850180842 -0.142954439895119 0.000706811004419057 -0
0.416015625 -0.0826863912722533 -0.135055003406141 0.000706811209214722 -0
0.41796875 -0.0829424436251394 -0.127130382975658 0.000706811402962294 -0
0.419921875 -0.083182994330752 -0.119182056825138 0.000706811585518403 -0
0.421875 -0.0834079985346126 -0.111211507506252 0.00070681175674802 -0
0.423828125 -0.0836174142819483 -0.103220221629314 0.000706811916524513 -0
0.42578125 -0.0838112025253521 -0.0952096895911227 0.000706812064729695 -0
0.427734375 -0.0839893271319136 -0.0871814053022511 0.000706812201254017 -0
0.4296875 -0.0841517548898141 -0.0791368659138158 0.000706812325996488 -0
0.431640625 -0.0842984555143894 -0.0710775715437747 0.000706812438864924 -0
0.43359375 -0.0844294016536569 -0.0630050250027891 0.000706812539775877 -0
0.435546875 -0.0845445688933066 -0.0549207315196932 0.000706812628654737 -0
0.4375 -0.0846439357611557 -0.0468261984666104 0.000706812705435845 -0
0.439453125 -0.0847274837310668 -0.0387229350837581 0.000706812770062417 -0
0.44140625 -0.0847951972263267 -0.0306124522039797 0.000706812822486715 -0
0.443359375 -0.0848470636224886 -0.0224962619770461 0.000706812862669993 -0
0.4453125 -0.0848830732496745 -0.0143758775937647 0.00070681289058254 -0
0.447265625 -0.0849032193943392 -0.00625281300993835 0.000706812906203723 -0
0.44921875 -0.0849074983004946 0.00187141732978725 0.00070681290952204 0
0.451171875 -0.0848959091703947 0.00999529876814726 0.000706812900535008 0
0.453125 -0.0848684541646815 0.0181173167115118 0.00070681287924926 0
0.455078125 -0.0848251384019904 0.0262359569061312 0.000706812845680549 0
0.45703125 -0.0847659699580169 0.0343497057143315 0.000706812799853686 0
0.458984375 -0.0846909598640438 0.0424570503906211 0.000706812741802511 0
0.4609375 -0.0846001221049286 0.0505564793576677 0.000706812671569937 0
0.462890625 -0.0844934736165529 0.058646482482105 0.00070681258920788 0
0.46484375 -0.0843710342827328 0.0667255513501308 0.000706812494777194 0
0.466796875 -0.0842328269315915 0.0747921795428538 0.000706812388347696 0
0.46875 -0.0840788773313936 0.0828448629113505 0.000706812269998053 0
0.470703125 -0.083909214185844 0.0908820998513912 0.000706812139815764 0
0.47265625 -0.0837238691288491 0.0989023915777947 0.000706811997897073 0
0.474609375 -0.0835228767187432 0.10690424239837 0.000706811844346918 0
0.4765625 -0.0833062744319805 0.114886159987409 0.000706811679278851 0
0.478515625 -0.0830741026562924 0.122846655658677 0.000706811502814927 0
0.48046875 -0.0828264046833137 0.130784244637882 0.000706811315085702 0
0.482421875 -0.0825632267006757 0.138697446334554 0.000706811116230032 0
0.484375 -0.0822846177835694 0.146584784613317 0.000706810906395066 0
0.486328125 -0.0819906298857799 0.1544447880645 0.000706810685736062 0
0.48828125 -0.0816813178301924 0.162275990274046 0.000706810454416304 0
0.490234375 -0.0813567392987719 0.170076930092682 0.000706810212607047 0
0.4921875 -0.0810169548220179 0.177846151904304 0.000706809960487316 0
0.494140625 -0.0806620277678957 0.185582205893531 0.000706809698243753 0
0.49609375 -0.0802920243302463 0.193283648312405 0.000706809426070641 0
0.498046875 -0.0799070135166754 0.20094904174616 0.000706809144169541 0
0.5 -0.0795070671359253 0.208576955378055 0.000706808852749314 0
0.501953125 -0.0790922597847299 0.216165965253202 0.000706808552025953 0
0.50390625 -0.078662668834155 0.223714654541354 0.000706808242222314 0
0.505859375 -0.0782183744154277 0.231221613798611 0.000706807923568094 0
0.5078125 -0.0777594594052542 0.238685441228001 0.000706807596299584 0
0.509765625 -0.0772860094106308 0.24610474293889 0.000706807260659527 0
0.51171875 -0.0767981127531492 0.253478133205172 0.000706806916896926 0
0.513671875 -0.0762958604527981 0.260804234722209 0.000706806565266853 0
0.515625 -0.0757793462112655 0.268081678862462 0.000706806206030329 0
0.517578125 -0.0752486663947416 0.275309105929771 0.000706805839454043 0
0.51953125 -0.0747039200162274 0.282485165412253 0.000706805465810251 0
0.521484375 -0.07414520871735 0.289608516233751 0.000706805085376477 0
0.5234375 -0.0735726367496893 0.296677827003803 0.000706804698435426 0
0.525390625 -0.0729863109556164 0.303691776266086 0.000706804305274658 0
0.52734375 -0.0723863407486499 0.310649052745283 0.000706803906186474 0
0.529296875 -0.0717728380933301 0.317548355592329 0.000706803501467638 0
0.53125 -0.0711459174846173 0.324388394627989 0.000706803091419243 0
0.533203125 -0.0705056959268146 0.33116789058473 0.000706802676346367 0
0.53515625 -0.0698522929120207 0.337885575346831 0.000706802256557954 0
0.537109375 -0.069185830398116 0.344540192188681 0.000706801832366527 0
0.5390625 -0.0685064327862837 0.351130496011241 0.000706801404088047 0
0.541015625 -0.0678142268980721 0.357655253576587 0.000706800972041519 0
0.54296875 -0.0671093419520001 0.364113243740529 0.000706800536548919 0
0.544921875 -0.0663919095397106 0.370503257683221 0.000706800097934888 0
0.546875 -0.065662063601675 0.376824099137741 0.000706799656526482 0
0.548828125 -0.0649199404024538 0.383074584616578 0.000706799212652937 0
0.55078125 -0.0641656785055165 0.389253543635995 0.000706798766645431 0
0.552734375 -0.0633994187476257 0.395359818938201 0.000706798318836873 0
0.5546875 -0.0626213042127892 0.401392266711304 0.000706797869561578 0
0.556640625 -0.0618314802057847 0.40734975680698 0.000706797419155073 0
0.55859375 -0.0610300942252619 0.41323117295583 0.000706796967953875 0
0.560546875 -0.060217295936426 0.419035412980358 0.000706796516295162 0
0.5625 -0.0593932371433074 0.424761389005544 0.00070679606451658 0
0.564453125 -0.0585580717606231 0.430408027666941 0.00070679561295596 0
0.56640625 -0.0577119557852334 0.435974270316273 0.000706795161951067 0
0.568359375 -0.0568550472672001 0.441459073224468 0.000706794711839424 0
0.5703125 -0.0559875062804503 0.446861407782097 0.000706794262957913 0
0.572265625 -0.0551094948930513 0.452180260697152 0.00070679381564262 0
0.57421875 -0.0542211771371021 0.457414634190139 0.00070679337022862 0
0.576171875 -0.0533227189782461 0.462563546186422 0.000706792927049615 0
0.578125 -0.0524142882848114 0.467626030505781 0.000706792486437721 0
0.580078125 -0.0514960547965829 0.472601137049139 0.00070679204872331 0
0.58203125 -0.0505681900932132 0.47748793198241 0.000706791614234599 0
0.583984375 -0.0496308675622766 0.482285497917423 0.000706791183297542 0
0.5859375 -0.0486842623669732 0.486992934089877 0.000706790756235486 0
0.587890625 -0.047728551413488 0.49160935653429 0.000706790333369034 0
0.58984375 -0.0467639133180112 0.496133898255885 0.00070678991501566 0
0.591796875 -0.045790528373426 0.500565709399385 0.000706789501489553 0
0.59375 -0.0448085785156698 0.504903957414659 0.000706789093101434 0
0.595703125 -0.043818247289775 0.509147827219191 0.000706788690158193 0
0.59765625 -0.0428197198155949 0.513296521357315 0.000706788292962704 0
0.599609375 -0.0418131827532229 0.517349260156195 0.000706787901813646 0
0.6015625 -0.0407988242681097 0.521305281878484 0.000706787517005208 0
0.603515625 -0.0397768339958851 0.525163842871642 0.000706787138826913 0
0.60546875 -0.0387474030068924 0.528924217713866 0.000706786767563339 0
0.607421875 -0.0377107237704403 0.532585699356593 0.000706786403493957 0
0.609375 -0.0366669901187807 0.536147599263537 0.000706786046892879 0
0.611328125 -0.0356163972108171 0.539609247546224 0.000706785698028684 0
0.61328125 -0.0345591414955532 0.542969993095991 0.000706785357164167 0
0.615234375 -0.0334954206752859 0.546229203712401 0.000706785024556174 0
0.6171875 -0.0324254336685517 0.549386266228061 0.000706784700455361 0
0.619140625 -0.0313493805728326 0.55244058662978 0.000706784385106055 0
0.62109375 -0.0302674626270291 0.555391590176061 0.000706784078746071 0
0.623046875 -0.0291798821737073 0.558238721510874 0.000706783781606406 0
0.625 -0.0280868426211272 0.560981444773684 0.00070678349391123 0
0.626953125 -0.0269885484050601 0.563619243705716 0.000706783215877585 0
0.62890625 -0.0258852049504018 0.566151621752397 0.000706782947715315 0
0.630859375 -0.0247770186325898 0.568578102161981 0.000706782689626805 0
0.6328125 -0.0236641967388315 0.570898228080305 0.00070678244180691 0
0.634765625 -0.0225469474291511 0.57311156264165 0.000706782204442721 0
0.63671875 -0.0214254796972626 0.575217689055697 0.000706781977713528 0
0.638671875 -0.0203000033312773 0.577216210690539 0.00070678176179054 0
0.640625 -0.0191707288742527 0.579106751151719 0.000706781556836897 0
0.642578125 -0.0180378675845909 0.580888954357297 0.000706781363007419 0
0.64453125 -0.0169016313962945 0.58256248460889 0.000706781180448619 0
0.646484375 -0.0157622328790874 0.584127026658695 0.000706781009298425 0
0.6484375 -0.014619885198409 0.585582285772452 0.00070678084968622 0
0.650390625 -0.0134748020752888 0.586927987788343 0.000706780701732644 0
0.65234375 -0.0123271977461108 0.588163879171803 0.000706780565549536 0
0.654296875 -0.0111772869222739 0.589289727066231 0.000706780441239897 0
0.65625 -0.0100252847497583 0.590305319339575 0.000706780328897697 0
0.658203125 -0.00887140676860371 0.5912104646268 0.000706780228607896 0
0.66015625 -0.00771586887230986 0.592004992368193 0.00070678014044634 0
0.662109375 -0.00655888726716545 0.592688752843531 0.000706780064479719 0
0.6640625 -0.00540067843151481 0.593261617202068 0.000706780000765476 0
0.666015625 -0.00424145907496987 0.593723477488357 0.000706779949351791 0
0.66796875 -0.00308144609757592 0.59407424666388 0.000706779910277581 0
0.669921875 -0.00192085654893909 0.594313858624503 0.000706779883572392 0
0.671875 -0.000759907587323954 0.594442268213719 0.00070677986925642 0
0.673828125 0.000401183561270748 0.594459451231706 0.000706779867340493 0
0.67578125 0.0015621996440499 0.594365404440177 0.000706779877826093 0
0.677734375 0.00272292342236519 0.594160145563029 0.000706779900705248 0
0.6796875 0.00388313771265548 0.593843713282794 0.000706779935960661 0
0.681640625 0.0050426254273761 0.593416167232874 0.000706779983565668 0
0.68359375 0.0062011696159089 0.592877587985598 0.000706780043484255 0
0.685546875 0.00735855350544484 0.592228077036062 0.000706780115671127 0
0.6875 0.00851456054183101 0.59146775678179 0.000706780200071632 0
0.689453125 0.00966897443037371 0.59059677049821 0.000706780296621987 0
0.69140625 0.0108215791765896 0.589615282309947 0.000706780405249125 0
0.693359375 0.0119721591268969 0.588523477157951 0.000706780525870946 0
0.6953125 0.0131204990092379 0.587321560762465 0.000706780658396212 0
0.697265625 0.0142663839736253 0.586009759581844 0.000706780802724732 0
0.69921875 0.0154095996326045 0.58458832076724 0.000706780958747384 0
0.701171875 0.0165499321016223 0.583057512113164 0.000706781126346219 0
0.703125 0.0176871680392965 0.581417622003941 0.000706781305394568 0
0.705078125 0.0188210946875752 0.579668959356071 0.000706781495757101 0
0.70703125 0.0199514999117812 0.577811853556522 0.000706781697289972 0
0.708984375 0.0210781722405304 0.575846654396954 0.00070678190984091 0
0.7109375 0.0222009009055193 0.573773732003925 0.000706782133249364 0
0.712890625 0.0233194758811707 0.571593476765061 0.000706782367346527 0
0.71484375 0.0244336879241328 0.569306299251243 0.000706782611955657 0
0.716796875 0.0255433286126209 0.566912630134821 0.000706782866892045 0
0.71875 0.0266481903855969 0.564412920103876 0.000706783131963182 0
0.720703125 0.0277480665817767 0.56180763977256 0.000706783406969043 0
0.72265625 0.0288427514784585 0.559097279587539 0.000706783691702027 0
0.724609375 0.0299320403301655 0.556282349730566 0.000706783985947344 0
0.7265625 0.0310157294070935 0.55336338001721 0.000706784289482996 0
0.728515625 0.0320936160333577 0.55034091979177 0.000706784602080034 0
0.73046875 0.0331654986250301 0.54721553781841 0.000706784923502786 0
0.732421875 0.0342311767279609 0.543987822168534 0.000706785253508868 0
0.734375 0.035290451055376 0.540658380104444 0.000706785591849616 0
0.736328125 0.0363431235252439 0.537227837959309 0.000706785938270014 0
0.73828125 0.0373889972974045 0.533696841013475 0.000706786292509116 0
0.740234375 0.0384278768104528 0.530066053367156 0.000706786654300116 0
0.7421875 0.03945956781837 0.526336157809543 0.000706787023370562 0
0.744140625 0.0404838774268963 0.522507855684351 0.000706787399442639 0
0.74609375 0.041500614129637 0.518581866751864 0.000706787782233315 0
0.748046875 0.0425095878438958 0.514558929047498 0.000706788171454575 0
0.75 0.0435106099462288 0.510439798736926 0.000706788566813646 0
0.751953125 0.0445034933077119 0.506225249967805 0.000706788968013217 0
0.75390625 0.0454880523289155 0.501916074718139 0.000706789374751677 0
0.755859375 0.0464641029745796 0.497513082641324 0.00070678978672335 0
0.7578125 0.0474314628079832 0.493017100907915 0.000706790203618669 0
0.759765625 0.0483899510250011 0.488428974044153 0.00070679062512453 0
0.76171875 0.0493393884878431 0.483749563767292 0.000706791050924389 0
0.763671875 0.0502795977584671 0.478979748817774 0.000706791480698639 0
0.765625 0.0512104031316626 0.474120424788296 0.000706791914124706 0
0.767578125 0.0521316306677964 0.469172503949798 0.000706792350877457 0
0.76953125 0.0530431082252165 0.464136915074437 0.00070679279062932 0
0.771484375 0.0539446654923059 0.459014603255572 0.00070679323305057 0
0.7734375 0.0548361340191835 0.453806529724815 0.000706793677809608 0
0.775390625 0.0557173472490435 0.448513671666191 0.000706794124573189 0
0.77734375 0.0565881405491296 0.443137022027447 0.000706794573006623 0
0.779296875 0.0574483512413382 0.437677589328565 0.000706795022774144 0
0.78125 0.0582978186324443 0.432136397467517 0.000706795473539062 0
0.783203125 0.0591363840439457 0.426514485523303 0.000706795924964042 0
0.78515625 0.0599638908415197 0.420812907556337 0.000706796376711364 0
0.787109375 0.0607801844640876 0.415032732406209 0.000706796828443157 0
0.7890625 0.0615851124524815 0.409175043486871 0.00070679727982174 0
0.791015625 0.0623785244777082 0.403240938579312 0.000706797730509727 0
0.79296875 0.0631602723688069 0.397231529621741 0.000706798180170388 0
0.794921875 0.0639302101402932 0.391147942497347 0.00070679862846786 0
0.796875 0.0646881940191872 0.384991316819676 0.000706799075067411 0
0.798828125 0.06543408247162 0.378762805715668 0.000706799519635706 0
0.80078125 0.066167736229014 0.372463575606406 0.000706799961840996 0
0.802734375 0.0668890183138325 0.366094805985623 0.000706800401353376 0
0.8046875 0.0675977940648953 0.35965768919601 0.000706800837845137 0
0.806640625 0.0682939311622544 0.353153430203386 0.000706801270990857 0
0.80859375 0.0689772996516273 0.346583246368753 0.000706801700467717 0
0.810546875 0.0696477719683824 0.339948367218312 0.000706802125955751 0
0.8125 0.0703052229610738 0.333250034211457 0.000706802547138033 0
0.814453125 0.0709495299145209 0.326489500506824 0.000706802963700963 0
0.81640625 0.0715805725724286 0.319668030726417 0.000706803375334468 0
0.818359375 0.072198233159546 0.312786900717868 0.000706803781732254 0
0.8203125 0.0728023964033578 0.305847397314888 0.000706804182591957 0
0.822265625 0.0733929495553072 0.298850818095929 0.000706804577615473 0
0.82421875 0.073969782411545 0.291798471141133 0.000706804966509074 0
0.826171875 0.0745327873332023 0.284691674787592 0.000706805348983742 0
0.828125 0.0750818592661841 0.277531757382979 0.000706805724755229 0
0.830078125 0.0756168957604796 0.270320057037587 0.000706806093544383 0
0.83203125 0.0761377969889871 0.263057921374825 0.000706806455077335 0
0.833984375 0.07664446576585 0.255746707280223 0.000706806809085598 0
0.8359375 0.0771368075643005 0.248387780648974 0.000706807155306454 0
0.837890625 0.07761473053401 0.24098251613208 0.000706807493482913 0
0.83984375 0.0780781455179414 0.23353229688113 0.000706807823364095 0
0.841796875 0.078526966068702 0.226038514291761 0.000706808144705283 0
0.84375 0.0789611084643936 0.218502567745852 0.000706808457268225 0
0.845703125 0.0793804917239592 0.210925864352482 0.000706808760821126 0
0.84765625 0.0797850376220205 0.203309818687707 0.000706809055139018 0
0.849609375 0.080174670703208 0.195655852533202 0.000706809340003765 0
0.8515625 0.0805493182959783 0.187965394613795 0.000706809615204291 0
0.853515625 0.0809089105259182 0.180239880333961 0.000706809880536742 0
0.85546875 0.0812533803285329 0.172480751513292 0.000706810135804613 0
0.857421875 0.081582663461517 0.164689456121015 0.000706810380818844 0
0.859375 0.0818966985165056 0.156867448009573 0.000706810615398055 0
0.861328125 0.0821954269303044 0.149016186647333 0.000706810839368601 0
0.86328125 0.0824787929955967 0.141137136850449 0.000706811052564701 0
0.865234375 0.0827467438711264 0.133231768513935 0.000706811254828608 0
0.8671875 0.0829992295913543 0.125301556341975 0.000706811446010667 0
0.869140625 0.0832362030755873 0.117347979577528 0.000706811625969417 0
0.87109375 0.083457620136579 0.109372521731255 0.000706811794571758 0
0.873046875 0.0836634394886 0.101376670309823 0.000706811951692992 0
0.875 0.0838536227549768 0.09336191654361 0.000706812097216938 0
0.876953125 0.0840281344750985 0.0853297551138784 0.00070681223103597 0
0.87890625 0.0841869421108903 0.0772816838794264 0.000706812353051154 0
0.880859375 0.0843300160527525 0.0692192036027839 0.000706812463172278 0
0.8828125 0.0844573296249637 0.0611438176759803 0.000706812561317964 0
0.884765625 0.0845688590905493 0.0530570318459289 0.000706812647415655 0
0.88671875 0.0846645836556119 0.0449603539394682 0.000706812721401698 0
0.888671875 0.0847444854731253 0.0368552935880998 0.000706812783221416 0
0.890625 0.0848085496461904 0.0287433619524643 0.000706812832829125 0
0.892578125 0.0848567642307521 0.0206260714465944 0.000706812870188174 0
0.89453125 0.0848891202377786 0.0125049354619861 0.000706812895270955 0
0.896484375 0.0849056116349005 0.00438146809152813 0.000706812908058909 0
0.8984375 0.0849062353475112 -0.00374281614667038 0.000706812908542608 -0
0.900390625 0.0848909912593276 -0.0118664025855142 0.000706812896721671 -0
0.90234375 0.0848598822124115 -0.0199877766851777 0.000706812872604857 -0
0.904296875 0.0848129140066511 -0.028105424309342 0.000706812836209987 -0
0.90625 0.0847500953987031 -0.0362178320013739 0.000706812787563958 -0
0.908203125 0.0846714381003957 -0.0443234872604057 0.000706812726702693 -0
0.91015625 0.0845769567765921 -0.052420878817277 0.000706812653671207 -0
0.912109375 0.0844666690425157 -0.0605084969102967 0.000706812568523446 -0
0.9140625 0.0843405954605363 -0.0685848335607868 0.000706812471322353 -0
0.916015625 0.0841987595364189 -0.0766483828483658 0.000706812362139796 -0
0.91796875 0.0840411877150349 -0.0846976411859332 0.000706812241056468 -0
0.919921875 0.0838679093755363 -0.0927311075943138 0.000706812108161875 -0
0.921875 0.0836789568259946 -0.10074728397652 0.00070681196355431 -0
0.923828125 0.0834743652975031 -0.108744675391596 0.000706811807340656 -0
0.92578125 0.0832541729377462 -0.116721790327993 0.000706811639636446 -0
0.927734375 0.0830184208040343 -0.124677140976451 0.000706811460565722 -0
0.9296875 0.0827671528558069 -0.132609243502329 0.000706811270260933 -0
0.931640625 0.0825004159466034 -0.140516618317353 0.000706811068862885 -0
0.93359375 0.0822182598155047 -0.148397790350737 0.000706810856520568 -0
0.935546875 0.0819207370780458 -0.156251289319636 0.000706810633391123 -0
0.9375 0.0816079032165999 -0.164075649998887 0.000706810399639678 -0
0.939453125 0.0812798165702377 -0.171869412490007 0.000706810155439293 -0
0.94140625 0.0809365383240608 -0.179631122489384 0.000706809900970724 -0
0.943359375 0.0805781324980135 -0.187359331555643 0.000706809636422438 -0
0.9453125 0.0802046659351716 -0.195052597376133 0.000706809361990369 -0
0.947265625 0.079816208289513 -0.202709484032485 0.000706809077877799 -0
0.94921875 0.0794128320131697 -0.210328562265217 0.000706808784295219 -0
0.951171875 0.0789946123431645 -0.217908409737325 0.000706808481460223 -0
0.953125 0.0785616272876333 -0.225447611296826 0.000706808169597297 -0
0.955078125 0.0781139576115362 -0.232944759238213 0.000706807848937608 -0
0.95703125 0.077651686821859 -0.240398453562765 0.000706807519718999 -0
0.958984375 0.0771749011523067 -0.24780730223768 0.000706807182185628 -0
0.9609375 0.0766836895474931 -0.255169921453985 0.000706806836587941 -0
0.962890625 0.0761781436466271 -0.262484935883175 0.000706806483182406 -0
0.96484375 0.0756583577666994 -0.269750978932537 0.000706806122231328 -0
0.966796875 0.0751244288851718 -0.276966692999119 0.000706805754002753 -0
0.96875 0.0745764566221716 -0.284130729722292 0.000706805378770102 -0
0.970703125 0.0740145432221941 -0.291241750234868 0.000706804996812166 -0
0.97265625 0.0734387935353166 -0.29829842541272 0.000706804608412748 -0
0.974609375 0.0728493149979257 -0.305299436122865 0.000706804213860549 -0
0.9765625 0.0722462176129617 -0.312243473469965 0.000706803813448888 -0
0.978515625 0.0716296139296836 -0.319129239041186 0.000706803407475576 -0
0.98046875 0.0709996190229571 -0.325955445149399 0.000706802996242614 -0
0.982421875 0.0703563504720688 -0.332720815074639 0.00070680258005599 -0
0.984375 0.0696999283390718 -0.339424083303804 0.000706802159225529 -0
0.986328125 0.0690304751466633 -0.346063995768542 0.000706801734064546 -0
0.98828125 0.0683481158556009 -0.352639310081264 0.000706801304889704 -0
0.990234375 0.0676529778416584 -0.359148795769257 0.000706800872020749 -0
0.9921875 0.0669451908721272 -0.365591234506838 0.000706800435780278 -0
0.994140625 0.066224887081866 -0.371965420345505 0.00070679999649351 -0
0.99609375 0.0654922009489026 -0.378270159942034 0.000706799554488004 -0
0.998046875 0.0647472692695925 -0.384504272784491 0.000706799110093477 -0
1 0.0639902311333382 -0.39066659141608 0.000706798663641546 -0
1.001953125 0.0632212278968734 -0.396755961656821 0.000706798215465435 -0
1.00390625 0.0624404031581162 -0.402771242822973 0.000706797765899775 -0
1.005859375 0.0616479027295961 -0.408711307944179 0.000706797315280382 -0
1.0078125 0.0608438746114593 -0.414575043978277 0.000706796863943867 -0
1.009765625 0.060028468964056 -0.420361352023729 0.000706796412227599 -0
1.01171875 0.0592018380801166 -0.426069147529627 0.00070679596046928 -0
1.013671875 0.0583641363565184 -0.431697360503219 0.000706795509006733 -0
1.015625 0.0575155202656509 -0.437244935714921 0.000706795058177701 -0
1.017578125 0.056656148326382 -0.442710832900757 0.000706794608319568 -0
1.01953125 0.0557861810746323 -0.448094026962185 0.000706794159769068 -0
1.021484375 0.0549057810335609 -0.453393508163269 0.000706793712862084 -0
1.0234375 0.0540151126833695 -0.458608282325131 0.000706793267933374 -0
1.025390625 0.0531143424307284 -0.463737371017669 0.000706792825316328 -0
1.02734375 0.0522036385778317 -0.46877981174846 0.000706792385342648 -0
1.029296875 0.051283171291086 -0.473734658148829 0.000706791948342243 -0
1.03125 0.0503531125694379 -0.47860098015703 0.000706791514642853 -0
1.033203125 0.0494136362123476 -0.483377864198486 0.000706791084569813 -0
1.03515625 0.0484649177874125 -0.488064413363059 0.000706790658445918 -0
1.037109375 0.0475071345976481 -0.492659747579294 0.000706790236591 -0
1.0390625 0.0465404656484309 -0.497163003785602 0.000706789819321828 -0
1.041015625 0.0455650916141106 -0.501573336098326 0.000706789406951851 -0
1.04296875 0.0445811948042968 -0.505889915976666 0.000706788999790881 -0
1.044921875 0.0435889591298268 -0.510111932384404 0.000706788598144905 -0
1.046875 0.0425885700684203 -0.514238591948391 0.000706788202315888 -0
1.048828125 0.0415802146300284 -0.518269119113766 0.000706787812601454 -0
1.05078125 0.0405640813218821 -0.522202756295854 0.000706787429294774 -0
1.052734375 0.0395403601132477 -0.526038764028701 0.000706787052684227 -0
1.0546875 0.038509242399895 -0.529776421110221 0.000706786683053226 -0
1.056640625 0.0374709209682859 -0.533415024743902 0.000706786320680043 -0
1.05859375 0.0364255899594891 -0.536953890677042 0.000706785965837552 -0
1.060546875 0.0353734448328287 -0.540392353335472 0.000706785618792969 -0
1.0625 0.0343146823292724 -0.543729765954731 0.000706785279807768 -0
1.064453125 0.033249500434568 -0.546965500707658 0.000706784949137384 -0
1.06640625 0.0321780983421332 -0.550098948828368 0.000706784627031042 -0
1.068359375 0.0311006764157072 -0.55312952073257 0.000706784313731563 -0
1.0703125 0.0300174361517715 -0.556056646134203 0.000706784009475213 -0
1.072265625 0.0289285801417455 -0.558879774158351 0.000706783714491436 -0
1.07421875 0.0278343120339655 -0.56159837345041 0.000706783429002793 -0
1.076171875 0.0267348364954548 -0.564211932281466 0.000706783153224668 -0
1.078125 0.025630359173491 -0.56671995864987 0.000706782887365193 -0
1.080078125 0.0245210866569788 -0.569121980378969 0.000706782631625029 -0
1.08203125 0.0234072264376357 -0.571417545210966 0.000706782386197265 -0
1.083984375 0.0222889868709984 -0.573606220896889 0.000706782151267224 -0
1.0859375 0.0211665771372572 -0.575687595282639 0.000706781927012315 -0
1.087890625 0.0200402072019256 -0.577661276391082 0.000706781713601932 -0
1.08984375 0.0189100877763545 -0.579526892500185 0.000706781511197277 -0
1.091796875 0.0177764302780968 -0.58128409221715 0.000706781319951311 -0
1.09375 0.0166394467911313 -0.582932544548534 0.000706781140008525 -0
1.095703125 0.0154993500259541 -0.584471938966334 0.000706780971504904 -0
1.09765625 0.014356353279544 -0.585901985470021 0.000706780814567851 -0
1.099609375 0.0132106703952118 -0.587222414644496 0.000706780669315984 -0
1.1015625 0.012062515722339 -0.588432977713958 0.000706780535859108 -0
1.103515625 0.0109121040760166 -0.589533446591667 0.000706780414298118 -0
1.10546875 0.00975965069659028 -0.590523613925581 0.000706780304724957 -0
1.107421875 0.00860537120911984 -0.591403293139865 0.000706780207222484 -0
1.109375 0.00744948158276268 -0.592172318472247 0.000706780121864415 -0
1.111328125 0.00629219809008763 -0.59283054500722 0.000706780048715325 -0
1.11328125 0.00513373726632823 -0.593377848705075 0.000706779987830544 -0
1.115234375 0.00397431586858343 -0.593814126426752 0.000706779939256113 -0
1.1171875 0.00281415083497373 -0.594139295954517 0.000706779903028796 -0
1.119140625 0.00165345924376109 -0.594353296008439 0.00070677987917598 -0
1.12109375 0.000492458272440764 -0.594456086258672 0.000706779867715709 -0
1.123046875 -0.000668634843186843 -0.594447647333547 0.000706779868656635 -0
1.125 -0.0018296028499559 -0.594327980823452 0.000706779881998108 -0
1.126953125 -0.00299022851827845 -0.594097109280514 0.000706779907729973 -0
1.12890625 -0.00415029468308291 -0.593755076214075 0.000706779945832782 -0
1.130859375 -0.00530958428473968 -0.593301946081975 0.000706779996277719 -0
1.1328125 -0.00646788040996563 -0.592737804277624 0.000706780059026626 -0
1.134765625 -0.00762496633269915 -0.592062757112888 0.000706780134032047 -0
1.13671875 -0.00878062555493785 -0.591276931796784 0.00070678022123724 -0
1.138671875 -0.00993464184753034 -0.590380476409988 0.000706780320576236 -0
1.140625 -0.0110867992909144 -0.589373559875171 0.000706780431973936 -0
1.142578125 -0.0122368823157927 -0.588256371923168 0.000706780555346088 -0
1.14453125 -0.0133846757437392 -0.587029123054987 0.000706780690599403 -0
1.146484375 -0.0145299648277263 -0.585692044499676 0.000706780837631632 -0
1.1484375 -0.0156725352925661 -0.584245388168059 0.000706780996331605 -0
1.150390625 -0.0168121733752577 -0.582689426602347 0.000706781166579343 -0
1.15234375 -0.0179486658652315 -0.581024452921649 0.000706781348246179 -0
1.154296875 -0.0190818001444829 -0.579250780763398 0.00070678154119484 -0
1.15625 -0.0202113642275885 -0.577368744220701 0.000706781745279502 -0
1.158203125 -0.0213371468015951 -0.575378697775637 0.000706781960345963 -0
1.16015625 -0.0224589372657746 -0.573281016228533 0.00070678218623177 -0
1.162109375 -0.0235765257712378 -0.571076094623212 0.000706782422766324 -0
1.1640625 -0.0246897032603965 -0.568764348168266 0.000706782669770954 -0
1.166015625 -0.0257982615062701 -0.566346212154354 0.000706782927059193 -0
1.16796875 -0.0269019931516245 -0.563822141867559 0.000706783194436774 -0
1.169921875 -0.0280006917479402 -0.561192612498831 0.00070678347170191 -0
1.171875 -0.029094151794198 -0.558458119049534 0.00070678375864536 -0
1.173828125 -0.0301821687754774 -0.555619176233129 0.000706784055050599 -0
1.17578125 -0.0312645392013587 -0.552676318373026 0.000706784360694049 -0
1.177734375 -0.0323410606441221 -0.549630099296623 0.00070678467534522 -0
1.1796875 -0.0334115317767361 -0.546481092225567 0.000706784998766804 -0
1.181640625 -0.0344757524106282 -0.543229889662281 0.000706785330715039 -0
1.18359375 -0.0355335235332294 -0.53987710327276 0.000706785670939727 -0
1.185546875 -0.0365846473452874 -0.536423363765696 0.000706786019184507 -0
1.1875 -0.0376289272979392 -0.532869320767954 0.000706786375187015 -0
1.189453125 -0.0386661681295372 -0.529215642696435 0.000706786738679162 -0
1.19140625 -0.0396961759022221 -0.525463016626354 0.000706787109387256 -0
1.193359375 -0.0407187580382339 -0.521612148155989 0.000706787487032211 -0
1.1953125 -0.0417337233559565 -0.517663761267911 0.000706787871329858 -0
1.197265625 -0.0427408821056867 -0.513618598186755 0.000706788261991056 -0
1.19921875 -0.0437400460051235 -0.509477419233559 0.000706788658721996 -0
1.201171875 -0.0447310282745678 -0.505241002676711 0.00070678906122433 -0
1.203125 -0.0457136436718294 -0.500910144579547 0.000706789469195489 -0
1.205078125 -0.0466877085268316 -0.496485658644636 0.000706789882328862 -0
1.20703125 -0.04765304077591 -0.491968376054797 0.000706790300314111 -0
1.208984375 -0.0486094599957957 -0.487359145310882 0.000706790722837239 -0
1.2109375 -0.0495567874372806 -0.482658832066379 0.000706791149581044 -0
1.212890625 -0.050494846058555 -0.477868318958864 0.000706791580225162 -0
1.21484375 -0.0514234605582137 -0.472988505438353 0.000706792014446434 -0
1.216796875 -0.0523424574079236 -0.468020307592598 0.000706792451919135 -0
1.21875 -0.0532516648847472 -0.462964657969361 0.000706792892315189 -0
1.220703125 -0.0541509131031164 -0.457822505395725 0.000706793335304405 -0
1.22265625 -0.0550400340464493 -0.452594814794472 0.000706793780554768 -0
1.224609375 -0.0559188615984073 -0.447282566997585 0.000706794227732701 -0
1.2265625 -0.0567872315737836 -0.441886758556905 0.000706794676503254 -0
1.228515625 -0.0576449817490202 -0.436408401552009 0.000706795126530397 -0
1.23046875 -0.0584919518923461 -0.43084852339533 0.000706795577477268 -0
1.232421875 -0.0593279837935332 -0.425208166634587 0.000706796029006437 -0
1.234375 -0.0601529212932625 -0.419488388752555 0.000706796480780129 -0
1.236328125 -0.0609666103120979 -0.413690261964233 0.000706796932460511 -0
1.23828125 -0.0617688988790603 -0.407814873011451 0.000706797383709899 -0
1.240234375 -0.0625596371597988 -0.401863322954958 0.000706797834191048 -0
1.2421875 -0.0633386774843531 -0.395836726964051 0.000706798283567434 -0
1.244140625 -0.0641058743745022 -0.38973621410378 0.000706798731503441 -0
1.24609375 -0.064861084570696 -0.383562927119778 0.000706799177664608 -0
1.248046875 -0.0656041670585638 -0.37731802222077 0.000706799621717917 -0
1.25 -0.0663349830949959 -0.3710026688588 0.000706800063332063 -0
1.251953125 -0.0670533962337935 -0.36461804950723 0.000706800502177648 -0
1.25390625 -0.0677592723508835 -0.35816535943655 0.000706800937927409 -0
1.255859375 -0.0684524796690925 -0.351645806488052 0.000706801370256528 -0
1.2578125 -0.0691328887824774 -0.34506061084542 0.000706801798842826 -0
1.259765625 -0.0698003726802074 -0.338411004804267 0.000706802223367015 -0
1.26171875 -0.0704548067699941 -0.331698232539685 0.000706802643512913 -0
1.263671875 -0.0710960689010656 -0.324923549871839 0.000706803058967726 -0
1.265625 -0.071724039386681 -0.318088224029666 0.000706803469422202 -0
1.267578125 -0.0723386010261814 -0.311193533412712 0.000706803874570954 -0
1.26953125 -0.0729396391265744 -0.304240767351161 0.000706804274112586 -0
1.271484375 -0.0735270415236469 -0.297231225864109 0.000706804667749956 -0
1.2734375 -0.074100698602606 -0.290166219416109 0.000706805055190425 -0
1.275390625 -0.0746605033182411 -0.283047068672063 0.000706805436146053 -0
1.27734375 -0.0752063512146063 -0.275875104250469 0.000706805810333736 -0
1.279296875 -0.0757381404442195 -0.268651666475113 0.00070680617747554 -0
1.28125 -0.0762557717867747 -0.26137810512521 0.000706806537298788 -0
1.283203125 -0.0767591486673649 -0.254055779184069 0.000706806889536337 -0
1.28515625 -0.0772481771742125 -0.246686056586313 0.000706807233926729 -0
1.287109375 -0.0777227660759051 -0.239270313963701 0.000706807570214408 -0
1.2890625 -0.0781828268381332 -0.231809936389603 0.000706807898149897 -0
1.291015625 -0.078628273639927 -0.224306317122163 0.000706808217489943 -0
1.29296875 -0.0790590233893916 -0.216760857346203 0.000706808527997736 -0
1.294921875 -0.0794749957389356 -0.209174965913909 0.000706808829443089 -0
1.296875 -0.0798761130999928 -0.201550059084339 0.000706809121602543 -0
1.298828125 -0.0802623006572338 -0.193887560261808 0.000706809404259616 -0
1.30078125 -0.0806334863822655 -0.186188899733178 0.000706809677204853 -0
1.302734375 -0.0809896010468166 -0.17845551440411 0.000706809940236125 -0
1.3046875 -0.0813305782354066 -0.170688847534318 0.000706810193158562 -0
1.306640625 -0.0816563543574975 -0.162890348471858 0.000706810435784938 -0
1.30859375 -0.0819668686591248 -0.15506147238651 0.000706810667935573 -0
1.310546875 -0.0822620632340073 -0.147203680002286 0.000706810889438675 -0
1.3125 -0.0825418830341337 -0.13931843732911 0.000706811100130264 -0
1.314453125 -0.0828062758798241 -0.131407215393705 0.000706811299854465 -0
1.31640625 -0.0830551924692654 -0.123471489969745 0.000706811488463489 -0
1.318359375 -0.0832885863875184 -0.115512741307292 0.000706811665817818 -0
1.3203125 -0.083506414114997 -0.107532453861584 0.00070681183178626 -0
1.322265625 -0.0837086350354153 -0.099532116021189 0.000706811986246093 -0
1.32421875 -0.0838952114432047 -0.0915132198355931 0.000706812129083054 -0
1.326171875 -0.084066108550398 -0.083477260742241 0.000706812260191563 -0
1.328125 -0.0842212944929791 -0.075425737293085 0.000706812379474674 -0
1.330078125 -0.0843607403366992 -0.067360150880676 0.0007068124868442 -0
1.33203125 -0.0844844200823568 -0.0592820054638405 0.000706812582220755 -0
1.333984375 -0.0845923106705423 -0.0511928072929814 0.000706812665533886 -0
1.3359375 -0.084684391985845 -0.0430940646350467 0.000706812736721962 -0
1.337890625 -0.0847606468605229 -0.034987287498203 0.000706812795732409 -0
1.33984375 -0.0848210610776348 -0.0268739873562567 0.000706812842521594 -0
1.341796875 -0.0848656233736333 -0.0187556768728613 0.00070681287705496 -0
1.34375 -0.0848943254404195 -0.0106338696255531 0.000706812899306961 -0
1.345703125 -0.0849071619268581 -0.00251007982965287 0.000706812909261172 -0
1.34765625 -0.084904130439754 0.00561417793792393 0.000706812906910231 0
1.349609375 -0.0848852315442881 0.0137373890149099 0.000706812892255878 0
1.3515625 -0.0848504687639146 0.0218580389299409 0.000706812865308949 0
1.353515625 -0.084799848579718 0.0299746136787831 0.00070681282608934 0
1.35546875 -0.0847333804292318 0.0380856000004928 0.000706812774626058 0
1.357421875 -0.0846510767047161 0.046189485653468 0.000706812710957094 0
1.359375 -0.084552952750898 0.0542847596913522 0.000706812635129556 0
1.361328125 -0.0844390268621718 0.0623699127387499 0.000706812547199429 0
1.36328125 -0.0843093202792622 0.0704434372667138 0.000706812447231769 0
1.365234375 -0.0841638571853487 0.0785038278679633 0.000706812335300415 0
1.3671875 -0.084002664701653 0.0865495815317936 0.00070681221148814 0
1.369140625 -0.0838257728824901 0.0945791979186361 0.000706812075886471 0
1.37109375 -0.0836332147097833 0.102591179634228 0.000706811928595676 0
1.373046875 -0.0834250260870439 0.110584032503351 0.000706811769724645 0
1.375 -0.0832012458328171 0.1185562658431 0.00070681159939091 0
1.376953125 -0.0829619156735943 0.126506392735636 0.000706811417720413 0
1.37890625 -0.0827070802361935 0.13443293030039 0.000706811224847548 0
1.380859375 -0.0824367870396084 0.142334399965669 0.000706811020915008 0
1.3828125 -0.0821510864863276 0.150209327739626 0.000706810806073669 0
1.384765625 -0.0818500318531255 0.158056244480555 0.000706810580482545 0
1.38671875 -0.0815336792813254 0.165873686166463 0.000706810344308607 0
1.388671875 -0.0812020877665377 0.173660194163883 0.000706810097726666 0
1.390625 -0.0808553191478728 0.181414315495885 0.000706809840919276 0
1.392578125 -0.0804934380966319 0.189134603109239 0.000706809574076666 0
1.39453125 -0.0801165121044773 0.196819616140692 0.000706809297396426 0
1.396484375 -0.0797246114710824 0.204467920182311 0.000706809011083539 0
1.3984375 -0.0793178092912652 0.212078087545858 0.000706808715350178 0
1.400390625 -0.0788961814416064 0.219648697526145 0.000706808410415461 0
1.40234375 -0.0784598065665537 0.227178336663329 0.000706808096505494 0
1.404296875 -0.0780087660640152 0.234665599004105 0.000706807773852965 0
1.40625 -0.0775431440704439 0.242109086361752 0.000706807442697196 0
1.408203125 -0.0770630274454146 0.249507408574987 0.000706807103283822 0
1.41015625 -0.0765685057556978 0.256859183765587 0.000706806755864661 0
1.412109375 -0.0760596712588303 0.264163038594726 0.000706806400697577 0
1.4140625 -0.0755366188861872 0.271417608517994 0.000706806038046188 0
1.416015625 -0.0749994462255569 0.278621538039047 0.000706805668179791 0
1.41796875 -0.0744482535032222 0.285773480961837 0.000706805291373109 0
1.419921875 -0.0738831435655497 0.292872100641388 0.000706804907906062 0
1.421875 -0.0733042218600918 0.299916070233071 0.000706804518063596 0
1.423828125 -0.0727115964162018 0.306904072940325 0.000706804122135521 0
1.42578125 -0.0721053778251686 0.313834802260778 0.000706803720416193 0
1.427734375 -0.0714856792198706 0.32070696223074 0.000706803313204411 0
1.4296875 -0.0708526162539548 0.327519267667992 0.000706802900803126 0
1.431640625 -0.0702063070805426 0.334270444412857 0.000706802483519217 0
1.43359375 -0.0695468723304671 0.34095922956748 0.000706802061663337 0
1.435546875 -0.0688744350900446 0.347584371733284 0.000706801635549575 0
1.4375 -0.0681891208783839 0.354144631246557 0.000706801205495368 0
1.439453125 -0.0674910576242377 0.360638780412112 0.000706800771821103 0
1.44140625 -0.0667803756423991 0.367065603734986 0.000706800334849992 0
1.443359375 -0.0660572076096479 0.373423898150124 0.000706799894907846 0
1.4453125 -0.0653216885402502 0.379712473249996 0.000706799452322736 0
1.447265625 -0.0645739557610151 0.385930151510115 0.000706799007424841 0
1.44921875 -0.0638141488859138 0.392075768512396 0.000706798560546156 0
1.451171875 -0.0630424097902636 0.398148173166308 0.000706798112020261 0
1.453125 -0.0622588825844829 0.404146227927785 0.000706797662182072 0
1.455078125 -0.0614637135874207 0.410068809015833 0.000706797211367621 0
1.45703125 -0.0606570512992648 0.415914806626801 0.000706796759913729 0
1.458984375 -0.0598390463740347 0.42168312514625 0.000706796308157822 0
1.4609375 -0.0590098515916623 0.427372683358396 0.000706795856437676 0
1.462890625 -0.058169621829666 0.432982414653061 0.00070679540509112 0
1.46484375 -0.0573185140344238 0.438511267230095 0.000706794954455849 0
1.466796875 -0.0564566871920485 0.443958204301219 0.000706794504869113 0
1.46875 -0.0555843022988721 0.449322204289243 0.000706794056667447 0
1.470703125 -0.0547015223315436 0.454602261024616 0.000706793610186537 0
1.47265625 -0.0538085122167447 0.459797383939255 0.000706793165760822 0
1.474609375 -0.0529054388005309 0.46490659825761 0.000706792723723293 0
1.4765625 -0.0519924708173009 0.46992894518493 0.000706792284405347 0
1.478515625 -0.0510697788584022 0.474863482092663 0.000706791848136359 0
1.48046875 -0.0501375353403765 0.479709282700964 0.00070679141524353 0
1.482421875 -0.0491959144728516 0.484465437258258 0.000706790986051649 0
1.484375 -0.0482450922260864 0.489131052717814 0.000706790560882844 0
1.486328125 -0.0472852462981726 0.49370525291129 0.000706790140056284 0
1.48828125 -0.0463165560819017 0.498187178719199 0.00070678972388799 0
1.490234375 -0.0453392026313008 0.502575988238259 0.000706789312690553 0
1.4921875 -0.044353368627846 0.50687085694558 0.000706788906772969 0
1.494140625 -0.0433592383463571 0.511070977859651 0.000706788506440296 0
1.49609375 -0.0423569976205817 0.515175561698076 0.000706788111993539 0
1.498046875 -0.041346833808474 0.519183837032031 0.000706787723729291 0
1.5 -0.0403289357571753 0.523095050437393 0.000706787341939663 0
1.501953125 -0.0393034937677029 0.526908466642495 0.00070678696691189 0
1.50390625 -0.0382706995593531 0.530623368672487 0.000706786598928227 0
1.505859375 -0.037230746233826 0.534239057990244 0.000706786238265745 0
1.5078125 -0.0361838282390787 0.537754854633797 0.000706785885195971 0
1.509765625 -0.0351301413329127 0.54117009735024 0.00070678553998489 0
1.51171875 -0.0340698825463043 0.544484143726087 0.000706785202892577 0
1.513671875 -0.0330032501464827 0.547696370314029 0.000706784874173015 0
1.515625 -0.0319304435997651 0.550806172756074 0.00070678455407403 0
1.517578125 -0.0308516635341543 0.553812965903019 0.000706784242836916 0
1.51953125 -0.0297671117017065 0.556716183930232 0.000706783940696374 0
1.521484375 -0.0286769909406768 0.559515280449705 0.000706783647880312 0
1.5234375 -0.0275815051374498 0.562209728618352 0.000706783364609621 0
1.525390625 -0.0264808591882614 0.564799021242512 0.000706783091098061 0
1.52734375 -0.0253752589607212 0.567282670878646 0.000706782827552012 0
1.529296875 -0.0242649112551417 0.569660209930172 0.000706782574170455 0
1.53125 -0.0231500237656815 0.571931190740437 0.000706782331144666 0
1.533203125 -0.0220308050413119 0.57409518568178 0.000706782098658179 0
1.53515625 -0.0209074644466121 0.576151787240674 0.000706781876886555 0
1.537109375 -0.019780212122403 0.578100608098911 0.000706781665997305 0
1.5390625 -0.0186492589462257 0.579941281210811 0.000706781466149769 0
1.541015625 -0.0175148164926732 0.58167345987644 0.000706781277494964 0
1.54296875 -0.0163770969935833 0.583296817810799 0.000706781100175413 0
1.544921875 -0.0152363132980998 0.58481104920898 0.000706780934325152 0
1.546875 -0.0140926788326108 0.586215868807259 0.000706780780069553 0
1.548828125 -0.0129464075605715 0.587511011940115 0.000706780637525215 0
1.55078125 -0.0117977139422197 0.588696234593151 0.000706780506799897 0
1.552734375 -0.010646812894192 0.589771313451909 0.000706780387992453 0
1.5546875 -0.00949391974904817 0.590736045946559 0.000706780281192719 0
1.556640625 -0.00833925021471322 0.59159025029245 0.000706780186481466 0
1.55859375 -0.00718302033384329 0.59233376552651 0.000706780103930314 0
1.560546875 -0.00602544644312528 0.592966451539492 0.000706780033601709 0
1.5625 -0.00486674513251715 0.593488189104039 0.000706779975548847 0
1.564453125 -0.00370713320443763 0.59389887989858 0.000706779929815614 0
1.56640625 -0.00254682763291332 0.594198446527035 0.000706779896436639 0
1.568359375 -0.0013860455226914 0.594386832534327 0.000706779875437136 0
1.5703125 -0.000225004068326109 0.594464002417704 0.000706779866833024 0
1.572265625 0.000936079486752754 0.594429941633855 0.00070677987063079 -0
1.57421875 0.00209698789118114 0.594284656601824 0.000706779886827589 -0
1.576171875 0.00325750392660363 0.594028174701728 0.000706779915411133 -0
1.578125 0.00441741044860976 0.593660544269262 0.000706779956359812 -0
1.580078125 0.00557649042765543 0.59318183458601 0.000706780009642667 -0
1.58203125 0.00673452698996136 0.592592135865559 0.000706780075219355 -0
1.583984375 0.00789130345838028 0.591891559235417 0.000706780153040321 -0
1.5859375 0.00904660339322471 0.591080236714736 0.000706780243046677 -0
1.587890625 0.0102002106330472 0.590158321187869 0.000706780345170359 -0
1.58984375 0.0113519093353648 0.589125986373738 0.000706780459334138 -0
1.591796875 0.0125014840173196 0.587983426791046 0.000706780585451688 -0
1.59375 0.0136487195962673 0.586730857719332 0.000706780723427638 -0
1.595703125 0.0147934014302858 0.585368515155881 0.000706780873157666 -0
1.59765625 0.015935315358595 0.583896655768516 0.000706781034528575 -0
1.599609375 0.0170742477418815 0.582315556844254 0.000706781207418405 -0
1.6015625 0.0182099855025179 0.580625516233885 0.00070678139169645 -0
1.603515625 0.0193423161646701 0.578826852292446 0.000706781587223483 -0
1.60546875 0.0204710278942852 0.576919903815646 0.00070678179385176 -0
1.607421875 0.02159590953895 0.574905029972231 0.00070678201142512 -0
1.609375 0.0227167506676143 0.572782610232329 0.000706782239779266 -0
1.611328125 0.02383334161017 0.570553044291785 0.000706782478741668 -0
1.61328125 0.0249454734968791 0.56821675199251 0.00070678272813193 -0
1.615234375 0.0260529382976408 0.565774173238876 0.000706782987761713 -0
1.6171875 0.0271555288610934 0.563225767910165 0.000706783257435032 -0
1.619140625 0.0282530389535399 0.560572015769112 0.000706783536948352 -0
1.62109375 0.0293452632976915 0.557813416366561 0.000706783826090733 -0
1.623046875 0.0304319976112218 0.554950488942264 0.000706784124644045 -0
1.625 0.0315130386451222 0.551983772321846 0.000706784432383096 -0
1.626953125 0.032588184221854 0.548913824809981 0.000706784749075759 -0
1.62890625 0.0336572332732862 0.545741224079783 0.000706785074483297 -0
1.630859375 0.0347199858784156 0.542466567058471 0.000706785408360402 -0
1.6328125 0.0357762433008584 0.539090469809318 0.000706785750455426 -0
1.634765625 0.0368258080261083 0.535613567409935 0.000706786100510651 -0
1.63671875 0.0378684837985534 0.532036513826907 0.000706786458262354 -0
1.638671875 0.0389040756582446 0.528359981786828 0.000706786823441133 -0
1.640625 0.0399323899774082 0.524584662643768 0.000706787195772018 -0
1.642578125 0.0409532344966968 0.520711266243198 0.000706787574974786 -0
1.64453125 0.0419664183611707 0.516740520782432 0.000706787960764077 -0
1.646484375 0.0429717521560032 0.512673172667594 0.000706788352849637 -0
1.6484375 0.0439690479419035 0.508509986367179 0.00070678875093659 -0
1.650390625 0.04495811929025 0.50425174426222 0.000706789154725611 -0
1.65234375 0.0459387813179278 0.499899246493123 0.000706789563913194 -0
1.654296875 0.0469108507218638 0.495453310803193 0.000706789978191855 -0
1.65625 0.0478741458132528 0.490914772378904 0.000706790397250327 -0
1.658203125 0.0488284865514689 0.486284483686945 0.000706790820773921 -0
1.66015625 0.0497736945776549 0.481563314308095 0.00070679124844464 -0
1.662109375 0.0507095932479849 0.476752150767955 0.000706791679941484 -0
1.6640625 0.0516360076665922 0.471851896364591 0.000706792114940689 -0
1.666015625 0.052552764718159 0.466863470993136 0.000706792553115937 -0
1.66796875 0.0534596931001592 0.46178781096737 0.000706792994138656 -0
1.669921875 0.0543566233547503 0.456625868838356 0.000706793437678208 -0
1.671875 0.055243387900309 0.451378613210153 0.000706793883402212 -0
1.673828125 0.0561198210626025 0.446047028552651 0.000706794330976748 -0
1.67578125 0.0569857591055928 0.440632115011595 0.000706794780066571 -0
1.677734375 0.0578410402618665 0.435134888215813 0.000706795230335456 -0
1.6796875 0.0586855047626858 0.42955637908172 0.000706795681446388 -0
1.681640625 0.0595189948676545 0.423897633615124 0.000706796133061839 -0
1.68359375 0.0603413548939949 0.418159712710402 0.000706796584843978 -0
1.685546875 0.0611524312454295 0.412343691947065 0.000706797036454995 -0
1.6875 0.0619520724406631 0.406450661383786 0.000706797487557287 -0
1.689453125 0.0627401291414599 0.400481725349913 0.000706797937813777 -0
1.69140625 0.0635164541803112 0.394438002234542 0.000706798386888071 -0
1.693359375 0.0642809025876886 0.388320624273163 0.000706798834444849 -0
1.6953125 0.0650333316188782 0.382130737331956 0.000706799280149938 -0
1.697265625 0.0657736007803915 0.375869500689772 0.000706799723670688 -0
1.69921875 0.0665015718559477 0.369538086817838 0.000706800164676245 -0
1.701171875 0.0672171089320237 0.363137681157246 0.000706800602837624 -0
1.703125 0.0679200784229682 0.356669481894276 0.00070680103782816 -0
1.705078125 0.0686103490956732 0.350134699733576 0.000706801469323579 -0
1.70703125 0.0692877920938024 0.34353455766928 0.00070680189700237 -0
1.708984375 0.0699522809615689 0.336870290754082 0.000706802320545953 -0
1.7109375 0.0706036916670606 0.330143145866332 0.000706802739638884 -0
1.712890625 0.0712419026251092 0.323354381475189 0.000706803153969149 -0
1.71484375 0.071866794719698 0.316505267403884 0.00070680356322842 -0
1.716796875 0.0724782513259056 0.309597084591141 0.000706803967112142 -0
1.71875 0.0730761583313822 0.302631124850797 0.00070680436531992 -0
1.720703125 0.073660404157354 0.295608690629668 0.000706804757555625 -0
1.72265625 0.0742308797791543 0.288531094763719 0.00070680514352769 -0
1.724609375 0.0747874787462748 0.281399660232562 0.000706805522949244 -0
1.7265625 0.0753300972019377 0.27421571991235 0.00070680589553838 -0
1.728515625 0.0758586339021824 0.266980616327102 0.000706806261018334 -0
1.73046875 0.0763729902344655 0.259695701398502 0.000706806619117704 -0
1.732421875 0.0768730702357703 0.252362336194229 0.000706806969570666 -0
1.734375 0.0773587806102242 0.244981890674845 0.00070680731211706 -0
1.736328125 0.077830030746219 0.237555743439312 0.000706807646502723 -0
1.73828125 0.078286732733034 0.230085281469149 0.000706807972479602 -0
1.740234375 0.0787288013769578 0.222571899871314 0.000706808289805915 -0
1.7421875 0.0791561542169063 0.215017001619814 0.000706808598246356 -0
1.744140625 0.0795687115395352 0.207421997296118 0.000706808897572285 -0
1.74609375 0.0799663963938443 0.199788304828406 0.000706809187561834 -0
1.748046875 0.0803491346052712 0.192117349229693 0.000706809468000132 -0
1.75 0.0807168547892728 0.184410562334879 0.000706809738679384 -0
1.751953125 0.0810694883643918 0.176669382536768 0.0007068099993991 -0
1.75390625 0.081406969564807 0.168895254521091 0.000706810249966193 -0
1.755859375 0.0817292354523648 0.16108962900059 0.000706810490195139 -0
1.7578125 0.0820362259280906 0.153253962448187 0.000706810719908096 -0
1.759765625 0.0823278837431781 0.145389716829306 0.000706810938935034 -0
1.76171875 0.082604154509455 0.137498359333355 0.000706811147113847 -0
1.763671875 0.082864986709324 0.129581362104453 0.000706811344290508 -0
1.765625 0.0831103317051756 0.121640201971405 0.000706811530319109 -0
1.767578125 0.0833401437482748 0.113676360176988 0.000706811705062068 -0
1.76953125 0.0835543799871169 0.105691322106588 0.000706811868390108 -0
1.771484375 0.0837530004752536 0.0976865770162265 0.000706812020182443 -0
1.7734375 0.0839359681785866 0.0896636177600087 0.000706812160326853 -0
1.775390625 0.0841032489821287 0.0816239405170546 0.000706812288719683 -0
1.77734375 0.0842548116962313 0.0735690445179364 0.000706812405266014 -0
1.779296875 0.0843906280622768 0.0655004317706705 0.000706812509879711 -0
1.78125 0.0845106727578355 0.0574196067863045 0.000706812602483429 -0
1.783203125 0.0846149234012858 0.0493280763041379 0.000706812683008707 -0
1.78515625 0.0847033605558985 0.0412273490166192 0.000706812751396044 -0
1.787109375 0.084775967733382 0.0331189352939577 0.0007068128075949 -0
1.7890625 0.0848327313968905 0.0250043469084916 0.00070681285156373 -0
1.791015625 0.0848736409634933 0.016885096758853 0.000706812883270056 -0
1.79296875 0.0848986888061048 0.00876269859396818 0.000706812902690421 -0
1.794921875 0.084907870254876 0.000638666736935318 0.000706812909810511 -0
1.796875 0.084901183598046 -0.0074854841911813 0.000706812904625023 0
1.798828125 0.0848786300822542 -0.0156082395476004 0.00070681288713782 0
1.80078125 0.0848402139123132 -0.023728084944076 0.000706812857361819 0
1.802734375 0.0847859422504414 -0.0318435065231124 0.000706812815319012 0
1.8046875 0.0847158252149573 -0.039952991234103 0.000706812761040482 0
1.806640625 0.0846298758784332 -0.0480550271093508 0.000706812694566325 0
1.80859375 0.0845281102653114 -0.0561481035399331 0.000706812615945686 0
1.810546875 0.0844105473489803 -0.0642307115513672 0.000706812525236679 0
1.8125 0.0842772090483138 -0.0723013440790399 0.000706812422506345 0
1.814453125 0.0841281202236716 -0.080358496243358 0.000706812307830593 0
1.81640625 0.0839633086723632 -0.088400665624581 0.000706812181294242 0
1.818359375 0.0837828051235756 -0.0964263525372945 0.00070681204299081 0
1.8203125 0.0835866432327644 -0.104434060304485 0.000706811893022575 0
1.822265625 0.0833748595755112 -0.112422295531172 0.000706811731500418 0
1.82421875 0.0831474936408458 -0.120389568377565 0.000706811558543803 0
1.826171875 0.0829045878240363 -0.12833439283169 0.000706811374280652 0
1.828125 0.082646187418847 -0.136255286981463 0.000706811178847273 0
1.830078125 0.082372340609265 -0.144150773286148 0.000706810972388257 0
1.83203125 0.0820830984606979 -0.15201937884718 0.00070681075505637 0
1.833984375 0.0817785149106432 -0.159859635678295 0.000706810527012435 0
1.8359375 0.0814586467588296 -0.167670080974931 0.000706810288425247 0
1.837890625 0.0811235536568348 -0.175449257382863 0.000706810039471448 0
1.83984375 0.0807732980971778 -0.183195713266016 0.000706809780335353 0
1.841796875 0.0804079454018895 -0.190908002973433 0.000706809511208879 0
1.84375 0.0800275637105628 -0.198584687105339 0.00070680923229136 0
1.845703125 0.0796322239678842 -0.206224332778266 0.000706808943789421 0
1.84765625 0.0792219999106477 -0.213825513889193 0.000706808645916857 0
1.849609375 0.0787969680542546 -0.221386811378665 0.000706808338894444 0
1.8515625 0.0783572076786998 -0.228906813492837 0.000706808022949767 0
1.853515625 0.0779028008140482 -0.236384116044406 0.000706807698317103 0
1.85546875 0.0774338322254013 -0.243817322672385 0.000706807365237216 0
1.857421875 0.0769503893973592 -0.25120504510068 0.000706807023957191 0
1.859375 0.0764525625179768 -0.258545903395419 0.000706806674730248 0
1.861328125 0.0759404444622208 -0.265838526220986 0.00070680631781559 0
1.86328125 0.0754141307749261 -0.273081551094737 0.000706805953478187 0
1.865234375 0.074873719653257 -0.280273624640313 0.000706805581988585 0
1.8671875 0.0743193119286748 -0.287413402839556 0.000706805203622683 0
1.869140625 0.073751011048415 -0.29449955128293 0.000706804818661638 0
1.87109375 0.0731689230564759 -0.301530745418448 0.000706804427391527 0
1.873046875 0.0725731565741241 -0.308505670799028 0.000706804030103183 0
1.875 0.0719638227799172 -0.31542302332824 0.000706803627092046 0
1.876953125 0.0713410353892482 -0.322281509504417 0.000706803218657882 0
1.87890625 0.0707049106334156 -0.329079846663045 0.000706802805104537 0
1.880859375 0.0700555672382207 -0.33581676321743 0.000706802386739827 0
1.8828125 0.0693931264020975 -0.342490998897561 0.000706801963875204 0
1.884765625 0.0687177117737771 -0.34910130498714 0.000706801536825529 0
1.88671875 0.0680294494294915 -0.355646444558728 0.000706801105908921 0
1.888671875 0.0673284678497196 -0.36212519270696 0.000706800671446486 0
1.890625 0.0666148978954799 -0.36853633677978 0.000706800233762054 0
1.892578125 0.0658888727841735 -0.374878676607655 0.000706799793181931 0
1.89453125 0.0651505280649813 -0.381151024730717 0.000706799350034748 0
1.896484375 0.0644000015938192 -0.387352206623779 0.00070679890465108 0
1.8984375 0.0636374335078571 -0.393481060919198 0.00070679845736336 0
1.900390625 0.0628629661996036 -0.399536439627509 0.000706798008505434 0
1.90234375 0.0620767442905622 -0.405517208355815 0.000706797558412561 0
1.904296875 0.0612789146044637 -0.411422246523855 0.000706797107420919 0
1.90625 0.0604696261400784 -0.417250447577729 0.000706796655867531 0
1.908203125 0.0596490300436132 -0.423000719201211 0.000706796204089926 0
1.91015625 0.0588172795806986 -0.428671983524624 0.000706795752425882 0
1.912109375 0.0579745301079701 -0.434263177331208 0.00070679530121327 0
1.9140625 0.0571209390442486 -0.439773252260958 0.000706794850789634 0
1.916015625 0.0562566658413257 -0.445201175011863 0.000706794401492144 0
1.91796875 0.0553818719543585 -0.450545927538513 0.000706793953657146 0
1.919921875 0.0544967208118784 -0.455806507248028 0.000706793507620041 0
1.921875 0.0536013777854209 -0.460981927193255 0.00070679306371496 0
1.923828125 0.0526960101587798 -0.466071216263191 0.000706792622274581 0
1.92578125 0.0517807870968928 -0.471073419370591 0.000706792183629828 0
1.927734375 0.0508558796143634 -0.475987597636709 0.000706791748109606 0
1.9296875 0.0499214605436244 -0.480812828573132 0.000706791316040596 0
1.931640625 0.0489777045027496 -0.485548206260653 0.000706790887746964 0
1.93359375 0.0480247878629187 -0.490192841525159 0.000706790463550215 0
1.935546875 0.047062888715542 -0.494745862110465 0.000706790043768777 0
1.9375 0.0460921868390497 -0.499206412848065 0.000706789628717902 0
1.939453125 0.0451128636653542 -0.503573655823764 0.00070678921870943 0
1.94140625 0.0441251022459882 -0.507846770541125 0.000706788814051403 0
1.943359375 0.0431290872179279 -0.512024954081714 0.000706788415048022 0
1.9453125 0.0421250047691065 -0.516107421262082 0.00070678802199924 0
1.947265625 0.0411130426036229 -0.520093404787463 0.000706787635200693 0
1.94921875 0.0400933899066554 -0.523982155402124 0.000706787254943346 0
1.951171875 0.0390662373090834 -0.527772942036347 0.000706786881513338 0
1.953125 0.038031776851826 -0.531465051949993 0.000706786515191723 0
1.955078125 0.0369902019499037 -0.535057790872618 0.000706786156254315 0
1.95703125 0.0359417073562298 -0.538550483140089 0.000706785804971425 0
1.958984375 0.0348864891251377 -0.541942471827681 0.000706785461607638 0
1.9609375 0.0338247445756529 -0.545233118879608 0.000706785126421656 0
1.962890625 0.0327566722545143 -0.548421805234949 0.000706784799666104 0
1.96484375 0.0316824718989539 -0.551507930949943 0.000706784481587266 0
1.966796875 0.0306023443992411 -0.554490915316619 0.000706784172424945 0
1.96875 0.0295164917609983 -0.557370196977718 0.000706783872412327 0
1.970703125 0.0284251170672968 -0.560145234037888 0.000706783581775695 0
1.97265625 0.0273284244405378 -0.562815504171104 0.000706783300734309 0
1.974609375 0.0262266190041285 -0.565380504724306 0.00070678302950024 0
1.9765625 0.0251199068439585 -0.567839752817197 0.000706782768278197 0
1.978515625 0.0240084949696863 -0.570192785438204 0.000706782517265402 0
1.98046875 0.0228925912758405 -0.57243915953654 0.000706782276651315 0
1.982421875 0.0217724045027467 -0.574578452110376 0.000706782046617694 0
1.984375 0.0206481441972844 -0.576610260291064 0.000706781827338235 0
1.986328125 0.0195200206734847 -0.578534201423416 0.000706781618978598 0
1.98828125 0.0183882449729742 -0.580349913141993 0.000706781421696201 0
1.990234375 0.0172530288252738 -0.582057053443395 0.000706781235640109 0
1.9921875 0.0161145846079609 -0.583655300754525 0.000706781060950912 0
1.994140625 0.0149731253067014 -0.585144353996811 0.000706780897760645 0
1.99609375 0.0138288644751609 -0.586523932646361 0.000706780746192688 0
1.998046875 0.0126820161948016 -0.587793776790037 0.000706780606361582 0
2 0.0115327950345748 -0.588953647177438 0.000706780478373087 0
