0 1.87166633294745 0 0.254344113943031 -0
0.0390625 1.83592519365886 -1.83950697961076 0.254378570928979 0
0.078125 1.72795485016536 -3.71024211410626 0.254439522825294 0
0.1171875 1.5460625284943 -5.61415822641515 0.254385268729923 0
0.15625 1.28934873872668 -7.49218742146453 0.253971867504063 0
0.1953125 0.960735386192389 -9.19769758311221 0.252988886038372 0
0.234375 0.570778615046035 -10.5004928933245 0.251622217237207 0
0.2734375 0.140384378901415 -11.152140464576 0.250670633441865 -0
0.3125 -0.300482358748966 -11.0026363857819 0.250906985187175 -0
0.3515625 -0.719196588737795 -10.0879674698532 0.252126000566691 -0
0.390625 -1.08860481733124 -8.60807412370874 0.253415638974014 -0
0.4296875 -1.39170237965254 -6.81661263965983 0.25418172334931 -0
0.46875 -1.62115267980467 -4.9171342547878 0.254432160029178 -0
0.5078125 -1.77585349330784 -3.02240390368225 0.254420708638416 -0
0.546875 -1.85727798477984 -1.16550371619029 0.254358804003697 -0
0.5859375 -1.8669084711352 0.669773143128511 0.254349092229936 0
0.625 -1.80495195797293 2.51795109104179 0.254402821138359 0
0.6640625 -1.67019354214756 4.40309468679887 0.254444122927868 0
0.703125 -1.46096018556677 6.30860885558577 0.254290543835389 0
0.7421875 -1.17733347530493 8.14564732604795 0.253682228346922 0
0.78125 -0.824581488219272 9.73388126284886 0.252503708688242 0
0.8203125 -0.416874001644859 10.8252129961752 0.251173210448994 0
0.859375 0.0211382771069191 11.1928652094882 0.250604295268456 0
0.8984375 0.457568592846405 10.7493987646032 0.251282385523148 0
0.9375 0.860935055591543 9.59957822052559 0.25263466092105 0
0.9765625 1.20753564132497 7.97748371129999 0.253765919937135 0
1.015625 1.48417597053685 6.12757637626685 0.254320715008398 0
1.0546875 1.68625254572081 4.2215306108134 0.254444858232307 0
1.09375 1.81398304950665 2.34008193575439 0.254396298898893 0
1.1328125 1.86907144695163 0.494556184287851 0.25434684375695 0
1.171875 1.85262025140414 -1.34136480735889 0.2543633245028 -0
1.2109375 1.76427732137671 -3.20171122891588 0.254426479477477 -0
1.25 1.60248656164509 -5.09937025216229 0.254423737370563 -0
1.2890625 1.36588902042653 -6.99486320026189 0.254134151462318 -0
1.328125 1.05601287412463 -8.76667873124428 0.253310952604948 -0
1.3671875 0.680992244548075 -10.2036555934954 0.251991895011096 -0
1.40625 0.2588522808828 -11.052005516149 0.250830173001602 -0
1.4453125 -0.182445686401064 -11.1234116150262 0.250716922805008 -0
1.484375 -0.61016425154112 -10.4006547975788 0.251750762818767 0
1.5234375 -0.994996842461909 -9.04817833227337 0.253107075727796 0
1.5625 -1.31705318374998 -7.31731034877977 0.25403417258784 0
1.6015625 -1.56666171346033 -5.43197873665825 0.25440157716605 0
1.640625 -1.7414265225514 -3.52988353451239 0.254435587866436 0
1.6796875 -1.84243386459411 -1.66290758719993 0.254372805912927 0
1.71875 -1.8713411778014 0.175038213070721 0.254344457936315 -0
1.7578125 -1.82875900419796 2.01641263386253 0.254384651684872 -0
1.796875 -1.71380894078089 3.89094924323154 0.254442497779264 -0
1.8359375 -1.52477859457049 5.79617050062946 0.254365692114392 -0
1.875 -1.26098312041921 7.66556171257956 0.253904071298934 -0
1.9140625 -0.925906585775216 9.34356660589958 0.252866627693245 -0
1.953125 -0.531016979333306 10.5943191752982 0.251497407611488 -0
1.9921875 -0.0982254002050406 11.1734138819243 0.250636086090157 -0
2.03125 0.341905980192029 10.946159262727 0.250993384333938 -0
2.0703125 0.756943292195503 9.96708871417342 0.252260390436357 -0
2.109375 1.12058478598683 8.44667505069672 0.253515030508685 0
2.1484375 1.41683978053118 6.63745128629337 0.254224431403905 0
2.1875 1.6391356677285 4.73500310466898 0.254438253304672 0
2.2265625 1.78676189808345 2.84347826675473 0.254414566575636 0
2.265625 1.86128240731871 0.989853184915871 0.254354825348388 0
2.3046875 1.864094178155 -0.845115367095001 0.254351980941048 -0
2.34375 1.79525776926441 -2.69618741232855 0.254409313424785 -0
2.3828125 1.65345453656683 -4.58489969597744 0.254441690110169 -0
2.421875 1.43706248051618 -6.48909034668756 0.254256148210989 0
2.4609375 1.14649435323187 -8.31160179448922 0.253592900393848 0
2.5 0.787718590321705 -9.86364341527999 0.252370868511187 0
2.5390625 0.375897211413118 -10.8943189074634 0.251071322976652 0
2.578125 -0.0634000743238757 -11.1853134301195 0.25061666075527 0
2.6171875 -0.49795540031497 -10.6670428509279 0.2513979459767 0
2.65625 -0.896762797052616 -9.46096776370738 0.252763064542701 0
2.6953125 -1.23709350685461 -7.80730591312939 0.253843953093321 -0
2.734375 -1.50670857151585 -5.94610455372766 0.254346906793296 -0
2.7734375 -1.70163292511458 -4.04024364136524 0.254444102780096 -0
2.8125 -1.82235260599751 -2.16256814631005 0.254389849515197 -0
2.8515625 -1.87058356154506 -0.319432426472797 0.254345257300834 -0
2.890625 -1.8473082643157 1.51746409205259 0.254368338440107 0
2.9296875 -1.75203167935345 3.38139792240741 0.254431739530393 0
2.96875 -1.58313655162762 5.28165013994168 0.254412747064836 0
3.0078125 -1.3394027621705 7.17205975721015 0.254081518409045 0
3.046875 -1.02281938309557 8.9222710068537 0.25320120229279 0
3.0859375 -0.642350339760057 10.3139298599064 0.251858933738096 0
3.125 -0.217043612790383 11.0941530068542 0.250763636651819 0
3.1640625 0.224380363900428 11.0872948599365 0.250774523912023 -0
3.203125 0.649151298142158 10.2950100868902 0.251882107568494 -0
3.2421875 1.02867802693873 8.89523784310994 0.25322078491921 -0
3.28125 1.34409175463512 7.14109674662369 0.254091113717166 -0
3.3203125 1.5865762102687 5.2497135234794 0.254414868809383 -0
3.359375 1.75422562365695 3.34988874436092 0.254430861295953 -0
3.3984375 1.8482862684219 1.48659224877433 0.254367426676834 -0
3.4375 1.87036564309244 -0.350109674847702 0.254345486671494 0
3.4765625 1.82093395007442 -2.19364438332682 0.254390969977344 0
3.515625 1.69898717564504 -4.07198459088683 0.254444334063636 0
3.5546875 1.50281015391139 -5.9779264081432 0.2543425944436 0
3.59375 1.23196167500885 -7.83725909062409 0.25383068967936 0
3.6328125 0.890524287456381 -9.48555395972707 0.252740778840657 -0
3.671875 0.490902771905171 -10.6819369885494 0.251377278395818 -0
3.7109375 0.0559979602259564 -11.187181629578 0.250613604438446 -0
3.75 -0.383095792905607 -10.8827028520436 0.251088609064927 -0
3.7890625 -0.794213200089952 -9.84124677192695 0.252394248267466 -0
3.828125 -1.1519431969624 -8.28269414626406 0.253608955874151 -0
3.8671875 -1.44129868026683 -6.45751406416135 0.254262490277527 -0
3.90625 -1.65643648322501 -4.55303092446003 0.254442248381888 0
3.9453125 -1.79700422124027 -2.66493257673792 0.254408182911844 0
3.984375 -1.86463434078266 -0.814384102634053 0.254351429729943 0
4.0234375 -1.86062797925856 1.02061407890548 0.254355481376075 -0
4.0625 -1.78489886586816 2.87479937481873 0.254415663694248 -0
4.1015625 -1.63603427810084 4.76690334630125 0.254437343780786 -0
4.140625 -1.41248454193838 6.66890101711357 0.254217290935326 -0
4.1796875 -1.11502638613885 8.4751454646616 0.253498007467903 -0
4.21875 -0.750363802511692 9.98863236737813 0.252236860614621 0
4.2578125 -0.33466448243743 10.9565624490887 0.250977586685117 0
4.296875 0.105617638823365 11.1702277928691 0.250641274903942 0
4.3359375 0.538009563880467 10.578323484059 0.251518963448186 0
4.375 0.932049161015475 9.3182835185849 0.252888321782292 0
4.4140625 1.26600046376991 7.6353018102847 0.253916350887219 0
4.453125 1.52855711494397 5.76429694580668 0.254369369282938 0
4.4921875 1.71633616266106 3.85926409805411 0.25444205363694 0
4.53125 1.83006212260444 1.98539485151463 0.254383566822278 0
4.5703125 1.87144513543564 0.144369185595999 0.254344348015911 0
4.609375 1.84134096522913 -1.69382749663748 0.254373789977274 -0
4.6484375 1.73911486226084 -3.56145733609358 0.254436339121304 -0
4.6875 1.56310211084682 -5.46390589134803 0.254398944904971 -0
4.7265625 1.31224721449927 -7.34805085303305 0.254023647987611 -0
4.765625 0.989035637953614 -9.07462849006226 0.253086681237852 -0
4.8046875 0.603291863713157 -10.4185723898795 0.251728012407385 -0
4.84375 0.175084669994279 -11.1289809902564 0.250707981850773 0
4.8828125 -0.266159776150623 -11.0438745754673 0.250842906888605 0
4.921875 -0.687718031214108 -10.1837713771864 0.25201533314099 0
4.9609375 -1.06176691499331 -8.73910183962117 0.253329667393455 0
5 -1.37046036243451 -6.96370481215181 0.254142846648696 0
5.0390625 -1.60580635344267 -5.06743661337177 0.254425391757596 0
5.078125 -1.76635384785418 -3.17026816368576 0.254425501224211 0
5.1171875 -1.85348355373062 -1.31053662137052 0.254362495371198 0
5.15625 -1.86873952139875 0.525247415086482 0.254347190397519 -0
5.1953125 -1.81244859942699 2.37121944380096 0.254397439155992 -0
5.234375 -1.6834880023518 4.25332246372906 0.254444842845726 -0
5.2734375 -1.48015778194816 6.15932896543452 0.254315723412577 -0
5.3125 -1.20229042692723 8.007097774026 0.253751665581846 -0
5.3515625 -0.854603268352375 9.62342662508232 0.252611883683505 -0
5.390625 -0.450460221842675 10.763159329986 0.251262770193318 -0
5.4296875 -0.0137314456972155 11.1934110881862 0.250603400297775 -0
5.46875 0.424025019421873 10.8124101102086 0.251191837013552 -0
5.5078125 0.83098809416283 9.71067220127031 0.252526808072506 -0
5.546875 1.18267128514612 8.11633823801199 0.25369730001821 -0
5.5859375 1.46507701900752 6.27692761161281 0.254296128357215 -0
5.625 1.67305625480337 4.37126524877604 0.254444368434762 -0
5.6640625 1.80658211656814 2.4867612945438 0.254401677545926 -0
5.703125 1.8673344809396 0.639066108394096 0.254348651323773 -0
5.7421875 1.85650915628643 -1.1962994368024 0.254359558142957 0
5.78125 1.77387358743941 -3.05379187114516 0.254421750361317 0
5.8203125 1.61793166635322 -4.9490569670761 0.254430859303351 0
5.859375 1.38722851188659 -6.84791277863803 0.254173745780033 0
5.8984375 1.08293848052212 -8.63607045299312 0.25339767422622 0
5.9375 0.712535507746505 -10.1086180273751 0.252102460244968 0
5.9765625 0.293202697133438 -11.0118030997238 0.250892814116579 0
6.015625 -0.14776160941942 -11.1476440226503 0.2506779059971 0
6.0546875 -0.577706992136116 -10.4834294370476 0.251644495800636 -0
6.09375 -0.966779534188767 -9.17175829358331 0.253009899947879 -0
6.1328125 -1.29425060882231 -7.461651863029 0.253983177221066 -0
6.171875 -1.54972108598791 -5.58224915220571 0.254388355042926 -0
6.2109375 -1.73036382383838 -3.67861671514594 0.254438897866035 -0
6.25 -1.83711301685868 -1.80854435922749 0.254377535969744 -0
6.2890625 -1.87165635190303 0.0306666222936095 0.254344124510557 0
6.328125 -1.834717186992 1.8704790071331 0.254379615600648 0
6.3671875 -1.72552517947076 3.74187822503876 0.254440118340991 0
6.40625 -1.54238295066084 5.64606218664317 0.254382082098111 0
6.4453125 -1.28442657113926 7.5226768688983 0.253960389145822 0
6.484375 -0.954673820278163 9.22352482848692 0.252967747069516 0
6.5234375 -0.563838693913719 10.5173717850795 0.251600053336341 0
6.5625 -0.133004149568827 11.1564080058267 0.2506637215934 0
6.6015625 0.30775568154149 10.9932514419799 0.250921450726672 0
6.640625 0.725843619335852 10.0671575661779 0.252149549507406 -0
6.6796875 1.09425236639914 8.57999202632469 0.253433441039592 -0
6.71875 1.39615549639247 6.78528456283691 0.254189551571726 -0
6.7578125 1.62435272287077 4.88521477792182 0.254433389268061 -0
6.796875 1.77781290091761 2.99102766289125 0.254419655544801 -0
6.8359375 1.85802675903415 1.13471446275117 0.254358066515173 -0
6.875 1.86646246832005 -0.700484025184759 0.254349552806038 0
6.9140625 1.80330144456659 -2.5491521665972 0.254403963834284 0
6.953125 1.66730995530464 -4.4349315358684 0.254443825335747 0
6.9921875 1.45682241832688 -6.34027320630575 0.254284829617096 0
7.03125 1.171976111062 -8.1748886170099 0.253666983535075 -0
7.0703125 0.818159245122977 -9.75695093084936 0.252480551202095 -0
7.109375 0.409714319589396 -10.8378099270696 0.251154807686206 -0
7.1484375 -0.0285446554293334 -11.1920874709969 0.250605570110086 -0
7.1875 -0.464667514082237 -10.7354373618819 0.251302196928337 -0
7.2265625 -0.867250699326355 -9.57559759185055 0.252657359768102 -0
7.265625 -1.21276107594556 -7.94780783721189 0.253780000484735 0
7.3046875 -1.48817318660853 -6.0958103207384 0.254325584437435 0
7.34375 -1.68899625725325 -4.18974727869212 0.254444827881532 0
7.3828125 -1.81549719275636 -2.30895534390876 0.254395160900485 0
7.421875 -1.86938339349612 -0.463867815997526 0.254346517454583 0
7.4609375 -1.85173686588116 1.37220030935399 0.254364168799789 -0
7.5 -1.76218024432784 3.23316595026109 0.254427442076347 -0
7.5390625 -1.59914577601701 5.13130525578131 0.254422004179836 -0
7.578125 -1.36129702121993 7.02598925431516 0.254125300862096 -0
7.6171875 -1.05024036552364 8.79416316538603 0.253292082214984 -0
7.65625 -0.674253023924142 10.2233736085621 0.251968491918131 -0
7.6953125 -0.251539302354729 11.0599147365833 0.250817754756245 0
7.734375 0.189802814871428 11.1176154130639 0.250726211240841 0
7.7734375 0.617024401790886 10.3825589424971 0.251773599109574 0
7.8125 1.00094023225402 9.02162316159837 0.253127332517886 0
7.8515625 1.32183871129076 7.28652883736322 0.254044532461087 0
7.890625 1.57020029767302 5.40004896905231 0.254404116829537 0
7.9296875 1.74371753699797 3.49832091204676 0.254434812337161 0
7.96875 1.84350661892667 1.63199640259823 0.254371833710342 0
8.0078125 1.87121725595096 -0.205708261716485 0.254344588892212 -0
8.046875 1.82743566098007 -2.04744043277291 0.254385743860017 -0
8.0859375 1.71126097214057 -3.92264447695783 0.254442906993344 -0
8.125 1.52097906121774 -5.82803620524802 0.254361906859457 -0
8.1640625 1.25594564360557 -7.69577015802843 0.253891620164095 -0
8.203125 0.919747017621769 -9.36873054240447 0.252844823223055 -0
8.2421875 0.524013569980223 -10.610124262591 0.251475995457679 0
8.28125 0.0908310596068437 -11.1763695273581 0.250631267932522 0
8.3203125 -0.349140299344632 -10.9355417993393 0.251009453051206 0
8.359375 -0.763508143466535 -9.94539269940829 0.252283903800941 0
8.3984375 -1.1261241039859 -8.41812539723654 0.253531885615978 0
8.4375 -1.42117419012564 -6.60597775935666 0.254231429123619 0
8.4765625 -1.64221611643564 -4.7031077592392 0.25443909844055 0
8.515625 -1.7886044838162 -2.81216883125326 0.254413462064772 0
8.5546875 -1.8619168063773 -0.959097863924946 0.254354187235448 -0
8.59375 -1.86353400443534 0.875851437867794 0.254352550947153 0
8.6328125 -1.79349091279388 2.72745378777697 0.25441043960188 0
8.671875 -1.65045167726526 4.61677458095696 0.254441073121276 0
8.7109375 -1.43280539865662 6.52064605766056 0.254249669159002 0
8.75 -1.14102620401053 8.34043545444037 0.253576673954607 -0
8.7890625 -0.781208878778466 9.88589353125728 0.252347452772848 -0
8.828125 -0.368690771881057 10.9057242766587 0.251054287230058 -0
8.8671875 0.0708008303354949 11.183213921293 0.250620093352086 -0
8.90625 0.504997815719957 10.6519533496201 0.251418781104499 -0
8.9453125 0.902984685774568 9.43625651754463 0.252785253499218 -0
8.984375 1.24220535615313 7.7772966923737 0.253857043418541 -0
9.0234375 1.51058598986626 5.91427241152262 0.254351104659592 -0
9.0625 1.70425788830334 4.00851214268612 0.254443831809249 -0
9.1015625 1.82375100101362 2.13150236837627 0.254388734191455 -0
9.140625 1.87078151083273 0.28875703676423 0.254345048733369 -0
9.1796875 1.84631014451082 -1.54834404777144 0.254369263655313 0
9.21875 1.74981713210059 -3.41291855316176 0.25443259751617 0
9.2578125 1.57967588254506 -5.31358603358324 0.254410539016865 0
9.296875 1.3346932232269 -7.20298578427277 0.254071762268276 0
9.3359375 1.01694261814875 -8.94920488255431 0.253181473059925 0
9.375 0.635536591777343 -10.332676740673 0.251835822460929 0
9.4140625 0.209702247783672 -11.1007864277441 0.250753083650469 0
9.453125 -0.231712347890164 -11.0802124777174 0.250785742367312 -0
9.4921875 -0.655939352038 -10.2759185805358 0.251905339063544 -0
9.53125 -1.03451848699453 -8.8681065973498 0.253240219221753 -0
9.5703125 -1.34876017995595 -7.1100975853256 0.254100549089854 -0
9.609375 -1.58999486084809 -5.21777656595262 0.254416905575981 -0
9.6484375 -1.756398974171 -3.31839106462109 0.254429963640417 -0
9.6875 -1.84924416277161 -1.45572838249658 0.254366528682499 -0
9.7265625 -1.87012775405355 0.380788958844743 0.254345736778449 0
9.765625 -1.81949502536187 2.22473116598789 0.254392095092873 0
9.8046875 -1.69632063171074 4.10373484092477 0.254444524621858 0
9.84375 -1.49889074091462 6.00973743564637 0.254338166256788 0
9.8828125 -1.22680989455087 7.8671552304557 0.253817252956338 0
9.921875 -0.884269238535266 9.51001384968807 0.252718399465887 0
9.9609375 -0.48384006254399 10.6966347791535 0.251356783401311 0
10 -0.0485946464138996 11.1888183835734 0.250610925288376 0
