0 0.41196060690717 0 0.0164145737849227 -0
0.001953125 0.411923146680413 -0.0383576279468977 0.0164145736587831 0
0.00390625 0.411810772423002 -0.076708679004551 0.0164145732804302 0
0.005859375 0.411623503403051 -0.11504657676587 0.0164145726500616 0
0.0078125 0.411361371732511 -0.153364745789098 0.0164145717680069 0
0.009765625 0.411024422364813 -0.191656612083037 0.0164145706347273 0
0.01171875 0.410612713091561 -0.229915603595339 0.0164145692508164 0
0.013671875 0.410126314538268 -0.268135150704876 0.0164145676170003 0
0.015625 0.40956531015912 -0.306308686719198 0.0164145657341372 0
0.017578125 0.408929796230771 -0.344429648378078 0.0164145636032185 0
0.01953125 0.408219881845144 -0.382491476364131 0.0164145612253689 0
0.021484375 0.407435688901224 -0.420487615821487 0.0164145586018464 0
0.0234375 0.406577352095841 -0.45841151688348 0.0164145557340433 0
0.025390625 0.405645018913398 -0.496256635210302 0.0164145526234861 0
0.02734375 0.404638849614551 -0.534016432537557 0.0164145492718363 0
0.029296875 0.403559017223798 -0.571684377236629 0.0164145456808907 0
0.03125 0.40240570751597 -0.609253944887758 0.0164145418525821 0
0.033203125 0.40117911900158 -0.646718618866694 0.0164145377889794 0
0.03515625 0.399879462911022 -0.684071890945788 0.0164145334922888 0
0.037109375 0.398506963177573 -0.72130726191034 0.0164145289648534 0
0.0390625 0.397061856419185 -0.758418242191002 0.0164145242091545 0
0.041015625 0.395544391919015 -0.795398352513021 0.0164145192278118 0
0.04296875 0.393954831604681 -0.83224112456305 0.0164145140235838 0
0.044921875 0.39229345002619 -0.868940101674254 0.0164145085993684 0
0.046875 0.390560534332516 -0.905488839530387 0.0164145029582031 0
0.048828125 0.388756384246775 -0.941880906889489 0.0164144971032659 0
0.05078125 0.386881312039979 -0.978109886327824 0.0164144910378749 0
0.052734375 0.384935642503307 -1.01416937500462 0.0164144847654891 0
0.0546875 0.382919712918867 -1.0500529854482 0.0164144782897086 0
0.056640625 0.3808338730289 -1.08575434636391 0.0164144716142747 0
0.05859375 0.378678485003383 -1.12126710346444 0.0164144647430699 0
0.060546875 0.376453923405992 -1.15658492032287 0.0164144576801179 0
0.0625 0.374160575158371 -1.19170147924882 0.0164144504295837 0
0.064453125 0.371798839502676 -1.22661048218811 0.0164144429957732 0
0.06640625 0.369369127962324 -1.26130565164616 0.0164144353831333 0
0.068359375 0.366871864300933 -1.29578073163542 0.0164144275962508 0
0.0703125 0.364307484479373 -1.33002948864699 0.0164144196398528 0
0.072265625 0.361676436610906 -1.36404571264671 0.0164144115188051 0
0.07421875 0.358979180914347 -1.39782321809558 0.0164144032381122 0
0.076171875 0.35621618966522 -1.43135584499491 0.0164143948029159 0
0.078125 0.353387947144836 -1.46463745995594 0.0164143862184945 0
0.080078125 0.350494949587267 -1.49766195729398 0.0164143774902614 0
0.08203125 0.347537705124156 -1.53042326014707 0.0164143686237637 0
0.083984375 0.344516733727317 -1.56291532161887 0.0164143596246807 0
0.0859375 0.341432567149082 -1.59513212594576 0.0164143504988223 0
0.087890625 0.338285748860342 -1.62706768968781 0.0164143412521268 0
0.08984375 0.335076833986239 -1.65871606294325 0.0164143318906589 0
0.091796875 0.33180638923947 -1.69007133058638 0.0164143224206074 0
0.09375 0.328474992851136 -1.7211276135282 0.0164143128482827 0
0.095703125 0.325083234499125 -1.75187906999957 0.0164143031801142 0
0.09765625 0.32163171523395 -1.78231989685621 0.0164142934226472 0
0.099609375 0.318121047402031 -1.81244433090517 0.0164142835825399 0
0.1015625 0.314551854566352 -1.84224665025207 0.0164142736665598 0
0.103515625 0.310924771424483 -1.87172117566845 0.0164142636815808 0
0.10546875 0.307240443723897 -1.90086227197857 0.0164142536345785 0
0.107421875 0.303499528174567 -1.92966434946498 0.016414243532627 0
0.109375 0.2997026923588 -1.95812186529186 0.0164142333828943 0
0.111328125 0.295850614638271 -1.98622932494556 0.016414223192638 0
0.11328125 0.291943984058231 -2.01398128369115 0.0164142129692004 0
0.115234375 0.287983500248852 -2.04137234804433 0.0164142027200039 0
0.1171875 0.283969873323683 -2.06839717725744 0.016414192452546 0
0.119140625 0.27990382377519 -2.09505048481879 0.0164141821743934 0
0.12109375 0.27578608236736 -2.12132703996401 0.016414171893177 0
0.123046875 0.271617390025331 -2.1472216691985 0.0164141616165862 0
0.125 0.267398497722053 -2.17272925782963 0.0164141513523624 0
0.126953125 0.263130166361934 -2.19784475150768 0.0164141411082933 0
0.12890625 0.258813166661476 -2.22256315777413 0.0164141308922065 0
0.130859375 0.254448279026879 -2.2468795476161 0.0164141207119627 -0
0.1328125 0.250036293428601 -2.27078905702563 0.0164141105754493 -0
0.134765625 0.245578009272872 -2.29428688856244 0.0164141004905731 -0
0.13671875 0.241074235270154 -2.31736831291879 0.0164140904652534 -0
0.138671875 0.236525789300533 -2.34002867048508 0.0164140805074148 -0
0.140625 0.231933498276071 -2.36226337291466 0.0164140706249797 -0
0.142578125 0.227298198000086 -2.38406790468657 0.0164140608258608 -0
0.14453125 0.222620733023389 -2.40543782466452 0.0164140511179531 -0
0.146484375 0.21790195649749 -2.42636876765079 0.0164140415091267 -0
0.1484375 0.213142730024754 -2.4468564459334 0.0164140320072182 -0
0.150390625 0.208343923505562 -2.46689665082511 0.0164140226200231 -0
0.15234375 0.203506414982468 -2.48648525419268 0.0164140133552873 -0
0.154296875 0.198631090481372 -2.50561820997472 0.0164140042206995 -0
0.15625 0.193718843849754 -2.52429155568681 0.0164139952238821 -0
0.158203125 0.188770576591971 -2.542501413912 0.0164139863723837 -0
0.16015625 0.18378719770166 -2.5602439937754 0.0164139776736701 -0
0.162109375 0.178769623491285 -2.57751559240108 0.0164139691351164 -0
0.1640625 0.173718777418844 -2.59431259634978 0.0164139607639982 -0
0.166015625 0.168635589911794 -2.61063148303592 0.0164139525674837 -0
0.16796875 0.163520998188235 -2.6264688221222 0.0164139445526249 -0
0.169921875 0.158375946075379 -2.64182127689032 0.0164139367263496 -0
0.171875 0.153201383825382 -2.65668560558633 0.0164139290954529 -0
0.173828125 0.147998267928558 -2.67105866273892 0.0164139216665892 -0
0.17578125 0.142767560924058 -2.68493740044935 0.0164139144462641 -0
0.177734375 0.137510231208052 -2.69831886965127 0.0164139074408265 -0
0.1796875 0.132227252839483 -2.7112002213393 0.0164139006564602 -0
0.181640625 0.126919605343446 -2.72357870776455 0.0164138940991769 -0
0.18359375 0.121588273512277 -2.73545168359597 0.0164138877748082 -0
0.185546875 0.116234247204399 -2.74681660704602 0.0164138816889982 -0
0.1875 0.110858521141004 -2.7576710409593 0.0164138758471965 -0
0.189453125 0.105462094700652 -2.7680126538629 0.0164138702546506 -0
0.19140625 0.100045971711852 -2.7778392209771 0.0164138649164 -0
0.193359375 0.09461116024371 -2.78714862518532 0.0164138598372686 -0
0.1953125 0.0891586723947217 -2.79593885796202 0.016413855021859 -0
0.197265625 0.0836895240797958 -2.80420802025743 0.0164138504745464 -0
0.19921875 0.0782047348155911 -2.81195432333811 0.0164138461994724 -0
0.201171875 0.0727053275042563 -2.81917608958214 0.0164138422005396 -0
0.203125 0.0671923282156609 -2.82587175322809 0.0164138384814065 -0
0.205078125 0.0616667659682091 -2.83203986107678 0.0164138350454826 -0
0.20703125 0.0561296725083298 -2.83767907314493 0.0164138318959232 -0
0.208984375 0.0505820820887368 -2.84278816326989 0.016413829035626 -0
0.2109375 0.0450250312455568 -2.84736601966473 0.0164138264672265 -0
0.212890625 0.0394595585744214 -2.85141164542293 0.0164138241930944 -0
0.21484375 0.0338867045056234 -2.85492415897202 0.0164138222153306 -0
0.216796875 0.028307511078437 -2.85790279447568 0.0164138205357643 -0
0.21875 0.0227230217147028 -2.86034690218374 0.0164138191559503 -0
0.220703125 0.0171342809917817 -2.86225594872953 0.0164138180771668 -0
0.22265625 0.0115423344149781 -2.86362951737441 0.016413817300414 -0
0.224609375 0.00594822818953792 -2.86446730819901 0.0164138168264121 -0
0.2265625 0.0003530089923257 -2.86476913824093 0.016413816655601 -0
0.228515625 -0.00524227625671572 -2.86453494157888 0.0164138167881391 -0
0.23046875 -0.0108365806232168 -2.86376476936291 0.0164138172239035 -0
0.232421875 -0.0164288573870396 -2.86245878979098 0.0164138179624899 -0
0.234375 -0.0220180602708378 -2.86061728803159 0.0164138190032132 -0
0.236328125 -0.027603143668413 -2.85824066609284 0.0164138203451086 -0
0.23828125 -0.033183062872763 -2.8553294426379 0.0164138219869329 -0
0.240234375 -0.0387567743037173 -2.85188425274728 0.0164138239271659 -0
0.2421875 -0.044323235735057 -2.84790584762802 0.0164138261640132 -0
0.244140625 -0.0498814065210143 -2.84339509427036 0.0164138286954079 -0
0.24609375 -0.0554302478220506 -2.8383529750522 0.016413831519014 -0
0.248046875 -0.0609687228298119 -2.83278058729189 0.0164138346322292 -0
0.25 -0.0664957969911596 -2.82667914275 0.0164138380321891 -0
0.251953125 -0.0720104382311791 -2.82004996708049 0.0164138417157702 -0
0.25390625 -0.0775116171750677 -2.81289449923227 0.0164138456795951 -0
0.255859375 -0.0829983073688051 -2.80521429080162 0.0164138499200364 -0
0.2578125 -0.0884694854985115 -2.79701100533647 0.016413854433222 -0
0.259765625 -0.0939241316084007 -2.7882864175934 0.0164138592150402 -0
0.26171875 -0.0993612293172357 -2.7790424127481 0.0164138642611448 -0
0.263671875 -0.104779766033198 -2.7692809855606 0.0164138695669619 -0
0.265625 -0.110178733167082 -2.75900423949599 0.0164138751276947 -0
0.267578125 -0.115557126343729 -2.74821438580191 0.016413880938331 -0
0.26953125 -0.120913945611621 -2.73691374254387 0.0164138869936489 -0
0.271484375 -0.126248195650541 -2.72510473359959 0.016413893288224 -0
0.2734375 -0.131558885977244 -2.71278988761361 0.0164138998164364 -0
0.275390625 -0.136845031149032 -2.69997183691341 0.0164139065724776 -0
0.27734375 -0.142105650965187 -2.68665331638832 0.0164139135503584 -0
0.279296875 -0.147339770666174 -2.67283716233266 0.0164139207439162 -0
0.28125 -0.152546421130549 -2.65852631125434 0.0164139281468224 -0
0.283203125 -0.157724639069511 -2.64372379865051 0.0164139357525909 -0
0.28515625 -0.162873467219027 -2.6284327577515 0.0164139435545856 -0
0.287109375 -0.167991954529478 -2.61265641823464 0.0164139515460286 -0
0.2890625 -0.173079156352756 -2.59639810490946 0.0164139597200085 -0
0.291015625 -0.17813413462678 -2.57966123637572 0.0164139680694884 -0
0.29296875 -0.183155958057349 -2.56244932365571 0.0164139765873145 -0
0.294921875 -0.18814370229731 -2.54476596880267 0.0164139852662241 -0
0.296875 -0.193096450122985 -2.52661486348644 0.0164139940988542 -0
0.298828125 -0.198013291607804 -2.50799978755837 0.0164140030777501 -0
0.30078125 -0.202893324293134 -2.48892460759666 0.0164140121953732 -0
0.302734375 -0.207735653356229 -2.46939327543399 0.0164140214441098 -0
0.3046875 -0.212539391775298 -2.44940982666886 0.0164140308162792 -0
0.306640625 -0.217303660491654 -2.42897837916234 0.0164140403041422 -0
0.30859375 -0.222027588568901 -2.40810313152162 0.0164140498999092 -0
0.310546875 -0.22671031334916 -2.38678836157219 0.0164140595957483 -0
0.3125 -0.231350980606293 -2.36503842481993 0.0164140693837932 -0
0.314453125 -0.235948744696113 -2.34285775290492 0.0164140792561516 -0
0.31640625 -0.240502768703578 -2.3202508520483 0.0164140892049125 -0
0.318359375 -0.245012224586927 -2.29722230149383 0.0164140992221545 -0
0.3203125 -0.249476293318788 -2.27377675194554 0.0164141092999528 -0
0.322265625 -0.253894165024214 -2.24991892400315 0.016414119430387 -0
0.32421875 -0.258265039115675 -2.22565360659643 0.0164141296055483 -0
0.326171875 -0.262588124424982 -2.20098565542019 0.0164141398175464 -0
0.328125 -0.26686263933216 -2.17591999137118 0.016414150058517 -0
0.330078125 -0.271087811891275 -2.15046159898832 0.016414160320628 -0
0.33203125 -0.275262879953208 -2.12461552489753 0.0164141705960862 -0
0.333984375 -0.279387091285406 -2.09838687626263 0.0164141808771439 -0
0.3359375 -0.283459703688609 -2.07178081924339 0.0164141911561051 -0
0.337890625 -0.287479985110576 -2.04480257746214 0.016414201425331 -0
0.33984375 -0.291447213756821 -2.01745743048009 0.0164142116772464 -0
0.341796875 -0.295360678198389 -1.98975071228442 0.016414221904345 -0
0.34375 -0.299219677476682 -1.96168780978748 0.0164142320991945 -0
0.345703125 -0.303023521205371 -1.93327416133893 0.0164142422544423 -0
0.34765625 -0.306771529669412 -1.90451525525211 0.0164142523628198 -0
0.349609375 -0.310463033921199 -1.87541662834541 0.0164142624171474 -0
0.3515625 -0.314097375873886 -1.84598386449969 0.016414272410339 -0
0.353515625 -0.317673908391901 -1.81622259323273 0.0164142823354063 -0
0.35546875 -0.321191995378702 -1.78613848829138 0.0164142921854624 -0
0.357421875 -0.32465101186179 -1.75573726626231 0.0164143019537261 -0
0.359375 -0.328050344075039 -1.72502468520223 0.0164143116335252 -0
0.361328125 -0.331389389538361 -1.69400654328799 0.0164143212183001 -0
0.36328125 -0.334667557134757 -1.66268867748755 0.0164143307016066 -0
0.365234375 -0.337884267184796 -1.63107696225215 0.0164143400771191 -0
0.3671875 -0.341038951518555 -1.59917730823047 0.0164143493386333 -0
0.369140625 -0.344131053545072 -1.56699566100498 0.0164143584800686 -0
0.37109375 -0.347160028319356 -1.53453799985133 0.0164143674954707 -0
0.373046875 -0.350125342606991 -1.50181033652075 0.0164143763790135 -0
0.375 -0.35302647494639 -1.46881871404615 0.0164143851250011 -0
0.376953125 -0.355862915708734 -1.43556920557201 0.0164143937278696 -0
0.37890625 -0.358634167155655 -1.40206791320841 0.0164144021821885 -0
0.380859375 -0.361339743494704 -1.3683209669093 0.0164144104826626 -0
0.3828125 -0.363979170932645 -1.33433452337529 0.0164144186241327 -0
0.384765625 -0.366551987726639 -1.30011476498085 0.016414426601577 -0
0.38671875 -0.369057744233351 -1.26566789872619 0.0164144344101119 -0
0.388671875 -0.371496002956038 -1.23100015521362 0.0164144420449932 -0
0.390625 -0.373866338589655 -1.19611778764847 0.016414449501616 -0
0.392578125 -0.37616833806404 -1.16102707086434 0.0164144567755158 -0
0.39453125 -0.378401600585218 -1.12573430037264 0.0164144638623691 -0
0.396484375 -0.38056573767487 -1.09024579143619 0.0164144707579929 -0
0.3984375 -0.382660373208016 -1.05456787816657 0.0164144774583456 -0
0.400390625 -0.384685143448959 -1.01870691264501 0.016414483959527 -0
0.40234375 -0.386639697085536 -0.982669264066438 0.016414490257778 -0
0.404296875 -0.388523695261718 -0.946461317906367 0.0164144963494808 -0
0.40625 -0.390336811608607 -0.910089475110115 0.0164145022311585 -0
0.408203125 -0.392078732273867 -0.873560151303969 0.016414507899475 -0
0.41015625 -0.393749155949638 -0.836879776027777 0.0164145133512351 -0
0.412109375 -0.395347793898976 -0.800054791988409 0.0164145185833832 -0
0.4140625 -0.396874369980843 -0.763091654333548 0.016414523593004 -0
0.416015625 -0.398328620673716 -0.725996829945164 0.0164145283773213 -0
0.41796875 -0.399710295097816 -0.688776796752061 0.0164145329336981 -0
0.419921875 -0.401019155036029 -0.651438043060785 0.0164145372596357 -0
0.421875 -0.402254974953523 -0.613987066904214 0.0164145413527733 -0
0.423828125 -0.403417542016123 -0.576430375407066 0.0164145452108877 -0
0.42578125 -0.404506656107456 -0.538774484167573 0.0164145488318925 -0
0.427734375 -0.405522129844903 -0.501025916654508 0.016414552213838 -0
0.4296875 -0.406463788594388 -0.463191203618757 0.01641455535491 -0
0.431640625 -0.407331470484039 -0.425276882518573 0.0164145582534302 -0
0.43359375 -0.408125026416726 -0.38728949695766 0.016414560907855 -0
0.435546875 -0.408844320081529 -0.349235596135176 0.0164145633167752 -0
0.4375 -0.409489227964129 -0.311121734306751 0.0164145654789157 -0
0.439453125 -0.410059639356165 -0.2729544702556 0.0164145673931353 -0
0.44140625 -0.410555456363565 -0.234740366772757 0.0164145690584257 -0
0.443359375 -0.410976593913871 -0.196485990145497 0.0164145704739118 -0
0.4453125 -0.411322979762571 -0.158197909652956 0.0164145716388509 -0
0.447265625 -0.411594554498453 -0.119882697067957 0.0164145725526328 -0
0.44921875 -0.411791271547993 -0.0815469261640491 0.0164145732147794 -0
0.451171875 -0.411913097178781 -0.0431971722267659 0.0164145736249447 -0
0.453125 -0.411960010502004 -0.00484001156806267 0.0164145737829143 -0
0.455078125 -0.411932003473969 0.0335179789570615 0.0164145736886058 0
0.45703125 -0.411829080896703 0.0718702224327918 0.0164145733420684 0
0.458984375 -0.411651260417591 0.110210142364595 0.0164145727434832 0
0.4609375 -0.411398572528091 0.148531163162215 0.0164145718931629 0
0.462890625 -0.411071060561489 0.186826710624578 0.0164145707915522 0
0.46484375 -0.410668780689714 0.225090212427649 0.0164145694392282 0
0.466796875 -0.410191801919193 0.263315098616224 0.0164145678368999 0
0.46875 -0.409640206085744 0.301494802100696 0.0164145659854091 0
0.470703125 -0.409014087848487 0.339622759159774 0.0164145638857302 0
0.47265625 -0.408313554682776 0.377692409950158 0.0164145615389712 0
0.474609375 -0.40753872687212 0.415697199024139 0.0164145589463732 0
0.4765625 -0.406689737499088 0.453630575856099 0.0164145561093115 0
0.478515625 -0.405766732435182 0.491485995378859 0.0164145530292956 0
0.48046875 -0.404769870329639 0.529256918530802 0.0164145497079701 0
0.482421875 -0.403699322597171 0.566936812814705 0.0164145461471145 0
0.484375 -0.402555273404582 0.604519152869159 0.0164145423486446 0
0.486328125 -0.401337919656275 0.641997421053464 0.016414538314612 0
0.48828125 -0.400047470978592 0.679365108046853 0.0164145340472055 0
0.490234375 -0.398684149702967 0.71661571346287 0.016414529548751 0
0.4921875 -0.397248190847877 0.753742746479703 0.0164145248217123 0
0.494140625 -0.395739842099531 0.790739726487262 0.0164145198686916 0
0.49609375 -0.394159363791287 0.827600183751731 0.0164145146924299 0
0.498046875 -0.392507028881751 0.86431766009833 0.0164145092958074 0
0.5 -0.390783122931528 0.900885709612962 0.0164145036818441 0
0.501953125 -0.388987944078575 0.937297899363396 0.0164144978537001 0
0.50390625 -0.387121803012139 0.973547810140621 0.0164144918146759 0
0.505859375 -0.385185022945214 1.00962903722094 0.0164144855682127 0
0.5078125 -0.383177939585495 1.04553519114933 0.0164144791178927 0
0.509765625 -0.381100901104786 1.08125989854467 0.0164144724674395 0
0.51171875 -0.378954268106805 1.11679680292716 0.0164144656207177 0
0.513671875 -0.376738413593352 1.15213956556846 0.0164144585817332 0
0.515625 -0.374453722928803 1.18728186636497 0.0164144513546332 0
0.517578125 -0.372100593802864 1.22221740473442 0.0164144439437059 0
0.51953125 -0.369679436191559 1.25693990053637 0.0164144363533803 0
0.521484375 -0.367190672316394 1.29144309501647 0.0164144285882257 0
0.5234375 -0.364634736601651 1.32572075177513 0.0164144206529513 0
0.525390625 -0.362012075629772 1.35976665776045 0.0164144125524057 0
0.52734375 -0.359323148094774 1.39357462428558 0.0164144042915758 0
0.529296875 -0.356568424753657 1.42713848807077 0.0164143958755862 0
0.53125 -0.353748388375748 1.46045211230984 0.0164143873096981 0
0.533203125 -0.350863533689946 1.49350938776133 0.0164143785993077 0
0.53515625 -0.347914367329805 1.52630423386396 0.0164143697499455 0
0.537109375 -0.344901407776415 1.55883059987658 0.0164143607672743 0
0.5390625 -0.341825185299037 1.59108246604216 0.0164143516570874 0
0.541015625 -0.338686241893438 1.62305384477574 0.0164143424253071 0
0.54296875 -0.335485131217882 1.65473878187605 0.0164143330779822 0
0.544921875 -0.332222418526735 1.68613135776039 0.0164143236212861 0
0.546875 -0.32889868060163 1.71722568872246 0.0164143140615141 0
0.548828125 -0.325514505680163 1.74801592821268 0.0164143044050804 0
0.55078125 -0.32207049338205 1.77849626814049 0.0164142946585162 0
0.552734375 -0.318567254632739 1.80866094019814 0.0164142848284653 0
0.5546875 -0.315005411584401 1.83850421720532 0.016414274921682 0
0.556640625 -0.31138559753428 1.86802041447401 0.0164142649450265 0
0.55859375 -0.307708456840362 1.89720389119291 0.0164142549054622 0
0.560546875 -0.303974644834308 1.92604905183064 0.0164142448100508 0
0.5625 -0.300184827731648 1.95455034755692 0.0164142346659488 0
0.564453125 -0.296339682539164 1.98270227768091 0.0164142244804025 0
0.56640625 -0.292439896959457 2.0104993911059 0.0164142142607441 0
0.568359375 -0.288486169292656 2.03793628779927 0.016414204014386 0
0.5703125 -0.284479208335241 2.06500762027678 0.0164141937488165 0
0.572265625 -0.28041973327595 2.09170809510029 0.0164141834715939 0
0.57421875 -0.276308473588756 2.11803247438766 0.0164141731903414 0
0.576171875 -0.272146168922874 2.14397557733383 0.0164141629127412 0
0.578125 -0.267933568989795 2.16953228174192 0.0164141526465285 0
0.580078125 -0.263671433447319 2.19469752556305 0.0164141423994856 0
0.58203125 -0.259360531780565 2.21946630844384 0.0164141321794353 0
0.583984375 -0.25500164317996 2.24383369328012 0.0164141219942346 0
0.5859375 -0.250595556416189 2.26779480777566 0.0164141118517678 0
0.587890625 -0.246143069712087 2.29134484600459 0.0164141017599398 0
0.58984375 -0.241644990611484 2.31447906997607 0.0164140917266685 0
0.591796875 -0.237102135844993 2.33719281119983 0.0164140817598785 0
0.59375 -0.232515331192734 2.35948147225124 0.0164140718674927 0
0.595703125 -0.227885411344011 2.38134052833433 0.0164140620574254 0
0.59765625 -0.223213219753928 2.40276552884134 0.0164140523375745 0
0.599609375 -0.218499608496975 2.42375209890734 0.0164140427158134 0
0.6015625 -0.213745438117572 2.44429594095837 0.0164140331999836 0
0.603515625 -0.208951577477606 2.46439283625152 0.0164140237978861 0
0.60546875 -0.204118903600964 2.48403864640547 0.0164140145172736 0
0.607421875 -0.199248301515085 2.50322931491998 0.0164140053658423 0
0.609375 -0.194340664089558 2.52196086868258 0.0164139963512236 0
0.611328125 -0.189396891871793 2.54022941946108 0.0164139874809758 0
0.61328125 -0.184417892919788 2.55803116538021 0.0164139787625757 0
0.615234375 -0.179404582632027 2.57536239238085 0.0164139702034101 0
0.6171875 -0.17435788357455 2.59221947566031 0.0164139618107678 0
0.619140625 -0.169278725305229 2.60859888109192 0.016413953591831 0
0.62109375 -0.164168044195285 2.62449716662263 0.0164139455536668 0
0.623046875 -0.159026783248109 2.63991098364682 0.016413937703219 0
0.625 -0.153855891915415 2.6548370783549 0.0164139300473 0
0.626953125 -0.148656325910785 2.66927229305515 0.0164139225925825 0
0.62890625 -0.143429047020668 2.68321356746723 0.0164139153455912 0
0.630859375 -0.138175022912867 2.69665793998599 0.0164139083126951 0
0.6328125 -0.132895226942598 2.70960254891397 0.0164139015000995 0
0.634765625 -0.127590637956171 2.72204463366123 0.0164138949138382 0
0.63671875 -0.122262240092359 2.73398153591108 0.0164138885597658 0
0.638671875 -0.116911022581519 2.7454107007503 0.0164138824435505 0
0.640625 -0.111537979542553 2.75632967776255 0.0164138765706668 0
0.642578125 -0.106144109777759 2.76673612208359 0.0164138709463882 0
0.64453125 -0.100730416565664 2.77662779541709 0.0164138655757807 0
0.646484375 -0.0952979074519107 2.78600256700975 0.0164138604636959 0
0.6484375 -0.0898475940382819 2.79485841458458 0.0164138556147646 0
0.650390625 -0.0843804917699397 2.80319342523116 0.016413851033391 0
0.65234375 -0.0788976197209726 2.81100579625181 0.0164138467237464 0
0.654296875 -0.0734000003783311 2.81829383596255 0.0164138426897639 0
0.65625 -0.0678886594242439 2.82505596444799 0.0164138389351332 0
0.658203125 -0.0623646255172061 2.83129071426908 0.0164138354632953 0
0.66015625 -0.0568289300716303 2.83699673112285 0.0164138322774381 0
0.662109375 -0.0512826070362575 2.84217277445342 0.0164138293804917 0
0.6640625 -0.0457266926714217 2.8468177180133 0.016413826775125 0
0.666015625 -0.040162225325268 2.85093055037457 0.0164138244637415 0
0.66796875 -0.034590245209021 2.85451037538894 0.0164138224484762 0
0.669921875 -0.0290117941714049 2.85755641259641 0.0164138207311926 0
0.671875 -0.0234279154723163 2.86006799758183 0.0164138193134804 0
0.673828125 -0.0178396535558509 2.86204458227895 0.0164138181966527 0
0.67578125 -0.0122480538227891 2.86348573522165 0.0164138173817448 0
0.677734375 -0.00665416240264134 2.86439114174186 0.0164138168695124 0
0.6796875 -0.00105902592535995 2.8647606041141 0.0164138166604309 0
0.681640625 0.00453630870717935 2.86459404164629 0.0164138167546941 0
0.68359375 0.0101307945498209 2.86389149071691 0.0164138171522146 0
0.685546875 0.0157233848427923 2.86265310475821 0.0164138178526235 0
0.6875 0.0213130332402826 2.86087915418575 0.0164138188552713 0
0.689453125 0.0268986940388303 2.85857002627413 0.0164138201592283 0
0.69140625 0.032479322405416 2.8557262249793 0.0164138217632864 0
0.693359375 0.0380538746051557 2.85234837070741 0.0164138236659602 0
0.6953125 0.0436213082284918 2.84843720003079 0.0164138258654897 0
0.697265625 0.049180582417776 2.84399356535114 0.0164138283598423 0
0.69921875 0.0547306580931447 2.83901843451061 0.0164138311467158 0
0.701171875 0.060270498177583 2.83351289035106 0.0164138342235414 0
0.703125 0.0657990678210785 2.82747813022221 0.0164138375874874 0
0.705078125 0.0713153346237636 2.82091546543921 0.0164138412354628 0
0.70703125 0.0768182688579504 2.81382632069035 0.016413845164122 0
0.708984375 0.0823068436889603 2.80621223339571 0.016413849369869 0
0.7109375 0.0877800353946524 2.79807485301742 0.0164138538488622 0
0.712890625 0.0932368235835596 2.78941594032256 0.0164138585970196 0
0.71484375 0.0986761914115374 2.78023736659951 0.0164138636100248 0
0.716796875 0.104097125796839 2.77054111282876 0.0164138688833318 0
0.71875 0.109498617633525 2.76032926880923 0.0164138744121719 0
0.720703125 0.114879662003125 2.74960403224112 0.0164138801915596 0
0.72265625 0.120239258384467 2.73836770776653 0.016413886216299 0
0.724609375 0.125576410861588 2.72662270596885 0.0164138924809911 0
0.7265625 0.130890128329657 2.71437154233237 0.01641389898004 0
0.728515625 0.136179424698824 2.70161683616313 0.0164139057076608 0
0.73046875 0.14144331909592 2.68836130947251 0.0164139126578867 0
0.732421875 0.146680836063951 2.67460778582476 0.0164139198245763 0
0.734375 0.151891005759298 2.66035918914991 0.0164139272014219 0
0.736328125 0.157072864146568 2.64561854252347 0.0164139347819565 0
0.73828125 0.16222545319103 2.63038896691432 0.0164139425595626 0
0.740234375 0.167347821048577 2.61467367990226 0.0164139505274798 0
0.7421875 0.172439022253148 2.59847599436669 0.0164139586788131 0
0.744140625 0.177498117901571 2.581799317148 0.0164139670065408 0
0.74609375 0.182524175835758 2.56464714768308 0.0164139755035236 0
0.748046875 0.187516270822209 2.5470230766166 0.0164139841625119 0
0.75 0.192473484728791 2.5289307843895 0.0164139929761551 0
0.751953125 0.19739490669873 2.51037403980638 0.0164140019370095 0
0.75390625 0.202279633321785 2.49135669858329 0.0164140110375465 0
0.755859375 0.207126768802571 2.47188270187743 0.0164140202701616 0
0.7578125 0.211935425125993 2.45195607480052 0.0164140296271821 0
0.759765625 0.21670472221976 2.43158092491726 0.0164140391008757 0
0.76171875 0.221433788113951 2.41076144073051 0.0164140486834586 0
0.763671875 0.226121759097614 2.38950189015474 0.0164140583671038 0
0.765625 0.230767779872368 2.36780661897942 0.016414068143949 0
0.767578125 0.235371003703002 2.34568004932366 0.0164140780061047 0
0.76953125 0.239930592565039 2.32312667808398 0.0164140879456619 0
0.771484375 0.244445717289268 2.30015107537635 0.0164140979547 0
0.7734375 0.248915557703228 2.27675788297437 0.0164141080252943 0
0.775390625 0.253339302769636 2.25295181274475 0.0164141181495233 0
0.77734375 0.257716150721762 2.22873764508186 0.0164141283194764 0
0.779296875 0.262045309195737 2.20412022734248 0.0164141385272608 0
0.78125 0.266325995359819 2.1791044722824 0.0164141487650082 0
0.783203125 0.270557436040591 2.15369535649615 0.0164141590248822 0
0.78515625 0.274738867846132 2.12789791886121 0.0164141692990844 0
0.787109375 0.278869537286142 2.10171725898802 0.016414179579861 0
0.7890625 0.282948700889054 2.07515853567712 0.016414189859509 0
0.791015625 0.286975625316131 2.04822696538456 0.0164142001303823 0
0.79296875 0.290949587472587 2.02092782069693 0.0164142103848972 0
0.794921875 0.294869874615728 1.99326642881709 0.0164142206155384 0
0.796875 0.298735784460154 1.9652481700617 0.0164142308148641 0
0.798828125 0.302546625280032 1.93687847637174 0.0164142409755113 0
0.80078125 0.306301716008481 1.90816282983697 0.0164142510902004 0
0.802734375 0.310000386334083 1.87910676123539 0.0164142611517405 0
0.8046875 0.313641976794557 1.8497158485886 0.0164142711530335 0
0.806640625 0.317225838867632 1.81999571573399 0.0164142810870783 0
0.80859375 0.320751335059142 1.78995203091466 0.0164142909469752 0
0.810546875 0.324217838988392 1.7595905053878 0.0164143007259294 0
0.8125 0.327624735470814 1.72891689205235 0.0164143104172548 0
0.814453125 0.330971420597972 1.69793698409661 0.0164143200143773 0
0.81640625 0.334257301814941 1.66665661366649 0.016414329510838 0
0.818359375 0.337481797995106 1.63508165055505 0.0164143389002962 0
0.8203125 0.340644339512422 1.60321800091377 0.0164143481765322 0
0.822265625 0.343744368311176 1.57107160598614 0.0164143573334497 0
0.82421875 0.346781337973305 1.53864844086409 0.0164143663650783 0
0.826171875 0.349754713783301 1.50595451326745 0.0164143752655755 0
0.828125 0.352663972790756 1.47299586234711 0.016414384029229 0
0.830078125 0.355508603870594 1.4397785575118 0.016414392650458 0
0.83203125 0.358288107781036 1.40630869727913 0.0164144011238153 0
0.833984375 0.361001997219341 1.37259240815079 0.0164144094439884 0
0.8359375 0.363649796875376 1.33863584351219 0.0164144176058009 0
0.837890625 0.366231043483061 1.30444518255663 0.0164144256042137 0
0.83984375 0.368745285869737 1.27002662923404 0.0164144334343257 0
0.841796875 0.371192085003506 1.23538641122427 0.0164144410913749 0
0.84375 0.373571014038582 1.20053077893487 0.016414448570739 0
0.845703125 0.37588165835872 1.16546600452334 0.0164144558679357 0
0.84765625 0.378123615618751 1.13019838094359 0.0164144629786235 0
0.849609375 0.380296495784281 1.0947342210165 0.0164144698986019 0
0.8515625 0.382399921169597 1.0590798565243 0.0164144766238115 0
0.853515625 0.384433526473829 1.02324163732852 0.016414483150334 0
0.85546875 0.386396958815412 0.987225930511112 0.0164144894743927 0
0.857421875 0.388289877764888 0.951039119538507 0.0164144955923518 0
0.859375 0.390111955376109 0.91468760344801 0.0164145015007168 0
0.861328125 0.391862876215857 0.878177796056244 0.0164145071961338 0
0.86328125 0.393542337391954 0.841516125189058 0.0164145126753897 0
0.865234375 0.395150048579877 0.80470903193239 0.0164145179354116 0
0.8671875 0.39668573204794 0.767762969903518 0.0164145229732663 0
0.869140625 0.398149122681063 0.730684404542097 0.0164145277861601 0
0.87109375 0.399539968003182 0.693479812420324 0.0164145323714386 0
0.873046875 0.400858028198329 0.656155680571576 0.0164145367265854 0
0.875 0.402103076130415 0.618718505836808 0.0164145408492225 0
0.876953125 0.403274897361754 0.581174794227965 0.0164145447371094 0
0.87890625 0.404373290170368 0.543531060307661 0.0164145483881425 0
0.880859375 0.405398065566081 0.505793826584316 0.0164145518003547 0
0.8828125 0.406349047305463 0.467969622921933 0.016414554971915 0
0.884765625 0.40722607190562 0.430064985963683 0.0164145579011277 0
0.88671875 0.408028988656884 0.392086458568408 0.0164145605864323 0
0.888671875 0.408757659634403 0.354040589259176 0.0164145630264027 0
0.890625 0.409411959708677 0.315933931682962 0.016414565219747 0
0.892578125 0.409991776555039 0.277773044080533 0.016414567165307 0
0.89453125 0.410497010662117 0.239564488765587 0.0164145688620577 0
0.896484375 0.41092757533928 0.2013148316122 0.0164145703091072 0
0.8984375 0.411283396723102 0.163030641549583 0.0164145715056961 0
0.900390625 0.411564413782833 0.124718490063183 0.0164145724511975 0
0.90234375 0.411770578324911 0.0863849507011271 0.0164145731451167 0
0.904296875 0.411901854996509 0.0480365985849926 0.016414573587091 0
0.90625 0.411958221288134 0.00968000992390675 0.0164145737768893 0
0.908203125 0.411939667535275 -0.0286782384690531 0.0164145737144127 -0
0.91015625 0.411846196919114 -0.0670315696591755 0.0164145733996937 -0
0.912109375 0.411677825466293 -0.105373407072173 0.0164145728328968 -0
0.9140625 0.411434582047738 -0.143697174977006 0.016414572014318 -0
0.916015625 0.41111650837654 -0.181996298970496 0.0164145709443855 -0
0.91796875 0.410723659004885 -0.220264206464743 0.0164145696236596 -0
0.919921875 0.410256101320037 -0.25849432717838 0.0164145680528325 -0
0.921875 0.409713915539344 -0.296680093632642 0.0164145662327295 -0
0.923828125 0.409097194704284 -0.33481494165329 0.0164145641643081 -0
0.92578125 0.408406044673511 -0.372892310879344 0.0164145618486594 -0
0.927734375 0.407640584114912 -0.410905645279641 0.0164145592870078 -0
0.9296875 0.406800944496638 -0.448848393678149 0.0164145564807115 -0
0.931640625 0.405887270077107 -0.486714010289025 0.0164145534312631 -0
0.93359375 0.404899717893946 -0.524495955262329 0.0164145501402902 -0
0.935546875 0.403838457751863 -0.562187695241326 0.0164145466095552 -0
0.9375 0.40270367220941 -0.599782703932267 0.0164145428409566 -0
0.939453125 0.401495556564628 -0.637274462687545 0.0164145388365289 -0
0.94140625 0.400214318839537 -0.674656461103053 0.0164145345984436 -0
0.943359375 0.398860179763444 -0.711922197630614 0.0164145301290092 -0
0.9453125 0.397433372755042 -0.749065180206253 0.0164145254306721 -0
0.947265625 0.395934143903263 -0.786078926895121 0.0164145205060171 -0
0.94921875 0.394362751946858 -0.822956966553805 0.0164145153577676 -0
0.951171875 0.392719468252662 -0.85969283951075 0.0164145099887861 -0
0.953125 0.391004576792519 -0.896280098265485 0.016414504402075 -0
0.955078125 0.389218374118813 -0.932712308207313 0.0164144986007768 -0
0.95703125 0.387361169338584 -0.96898304835408 0.0164144925881741 -0
0.958984375 0.38543328408618 -1.00508591211162 0.0164144863676905 -0
0.9609375 0.383435052494398 -1.04101450805443 0.0164144799428904 -0
0.962890625 0.381366821164092 -1.07676246072806 0.0164144733174794 -0
0.96484375 0.379228949132179 -1.11232341147373 0.0164144664953044 -0
0.966796875 0.377021807838023 -1.14769101927563 0.0164144594803535 -0
0.96875 0.374745781088134 -1.18285896163117 0.016414452276756 -0
0.970703125 0.372401265019151 -1.2178209354447 0.0164144448887823 -0
0.97265625 0.369988668059053 -1.25257065794489 0.0164144373208437 -0
0.974609375 0.367508410886554 -1.28710186762607 0.0164144295774919 -0
0.9765625 0.364960926388639 -1.32140832521375 0.0164144216634184 -0
0.978515625 0.362346659616188 -1.35548381465446 0.0164144135834543 -0
0.98046875 0.359666067737645 -1.38932214413012 0.016414405342569 -0
0.982421875 0.356919619990679 -1.42291714709686 0.0164143969458699 -0
0.984375 0.354107797631798 -1.45626268334852 0.0164143883986009 -0
0.986328125 0.351231093883849 -1.48935264010455 0.0164143797061413 -0
0.98828125 0.348290013881389 -1.52218093312258 0.0164143708740049 -0
0.990234375 0.345285074613839 -1.55474150783512 0.0164143619078375 -0
0.9921875 0.342216804866408 -1.58702834051066 0.0164143528134164 -0
0.994140625 0.339085745158719 -1.61903543943852 0.0164143435966476 -0
0.99609375 0.335892447681101 -1.65075684613757 0.0164143342635641 -0
0.998046875 0.332637476228495 -1.68218663658813 0.0164143248203237 -0
1 0.329321406131929 -1.71331892248699 0.0164143152732063 -0
1.001953125 0.32594482418753 -1.74414785252488 0.0164143056286116 -0
1.00390625 0.322508328583004 -1.77466761368604 0.0164142958930558 -0
1.005859375 0.319012528821569 -1.8048724325693 0.016414286073169 -0
1.0078125 0.31545804564328 -1.83475657673016 0.0164142761756915 -0
1.009765625 0.311845510943716 -1.86431435604311 0.0164142662074706 -0
1.01171875 0.308175567689987 -1.8935401240836 0.0164142561754567 -0
1.013671875 0.304448869834015 -1.92242827952897 0.0164142460866994 -0
1.015625 0.300666082223077 -1.95097326757732 0.0164142359483433 -0
1.017578125 0.296827880507541 -1.97916958138387 0.0164142257676239 -0
1.01953125 0.292934951045796 -2.00701176351349 0.0164142155518627 -0
1.021484375 0.288987990806316 -2.03449440740886 0.0164142053084622 -0
1.0234375 0.284987707266855 -2.06161215887303 0.0164141950449015 -0
1.025390625 0.280934818310719 -2.08835971756544 0.0164141847687302 -0
1.02734375 0.276830052120115 -2.11473183851039 0.0164141744875639 -0
1.029296875 0.272674147066537 -2.14072333361678 0.0164141642090774 -0
1.03125 0.268467851598174 -2.16632907320793 0.0164141539409997 -0
1.033203125 0.264211924124319 -2.19154398756049 0.0164141436911076 -0
1.03515625 0.259907132896766 -2.21636306845094 0.0164141334672189 -0
1.037109375 0.255554255888182 -2.24078137070863 0.0164141232771869 -0
1.0390625 0.251154080667436 -2.26479401377395 0.0164141131288926 -0
1.041015625 0.246707404271878 -2.28839618326036 0.0164141030302387 -0
1.04296875 0.242215033076575 -2.31158313251881 0.0164140929891421 -0
1.044921875 0.237677782660476 -2.33435018420333 0.0164140830135268 -0
1.046875 0.233096477669531 -2.35669273183617 0.0164140731113162 -0
1.048828125 0.228471951676741 -2.37860624137117 0.0164140632904264 -0
1.05078125 0.223805047039174 -2.40008625275386 0.0164140535587576 -0
1.052734375 0.219096614751921 -2.42112838147677 0.0164140439241868 -0
1.0546875 0.214347514299031 -2.44172832012846 0.0164140343945598 -0
1.056640625 0.20955861350142 -2.4618818399347 0.0164140249776833 -0
1.05859375 0.204730788361786 -2.48158479229035 0.0164140156813166 -0
1.060546875 0.199864922906535 -2.50083311028025 0.0164140065131634 -0
1.0625 0.194961909024754 -2.51962281018767 0.0164139974808638 -0
1.064453125 0.19002264630424 -2.53794999298867 0.0164139885919856 -0
1.06640625 0.185048041864642 -2.55581084583085 0.0164139798540165 -0
1.068359375 0.180039010187713 -2.57320164349486 0.0164139712743552 -0
1.0703125 0.17499647294474 -2.59011874983712 0.0164139628603032 -0
1.072265625 0.169921358821162 -2.60655861921217 0.0164139546190566 -0
1.07421875 0.164814603338442 -2.62251779787307 0.0164139465576974 -0
1.076171875 0.15967714867322 -2.63799292534835 0.0164139386831857 -0
1.078125 0.1545099434738 -2.65298073579384 0.0164139310023507 -0
1.080078125 0.149313942674025 -2.66747805931797 0.0164139235218832 -0
1.08203125 0.144090107304589 -2.68148182327898 0.0164139162483271 -0
1.083984375 0.138839404301842 -2.69498905355249 0.0164139091880714 -0
1.0859375 0.13356280631415 -2.7079968757681 0.0164139023473425 -0
1.087890625 0.128261291505873 -2.72050251651337 0.0164138957321963 -0
1.08984375 0.12293584335902 -2.73250330450396 0.0164138893485105 -0
1.091796875 0.117587450472654 -2.74399667171839 0.016413883201977 -0
1.09375 0.11221710636012 -2.75498015449616 0.0164138772980954 -0
1.095703125 0.106825809244154 -2.76545139459791 0.0164138716421648 -0
1.09765625 0.101414561849972 -2.77540814022619 0.0164138662392777 -0
1.099609375 0.095984371196395 -2.78484824700585 0.0164138610943132 -0
1.1015625 0.0905362483851049 -2.79376967892265 0.0164138562119302 -0
1.103515625 0.0850712083881034 -2.80217050921896 0.016413851596562 -0
1.10546875 0.0795902698334684 -2.81004892124562 0.0164138472524094 -0
1.107421875 0.0740944547894877 -2.81740320926863 0.0164138431834361 -0
1.109375 0.0685847885472627 -2.82423177922991 0.0164138393933625 -0
1.111328125 0.0630622994018709 -2.83053314946101 0.0164138358856615 -0
1.11328125 0.0575280184321807 -2.83630595134904 0.016413832663553 -0
1.115234375 0.0519829792794137 -2.84154892995378 0.01641382973 -0
1.1171875 0.0464282179245487 -2.84626094457536 0.0164138270877044 -0
1.119140625 0.0408647724646662 -2.85044096927178 0.0164138247391035 -0
1.12109375 0.0352936828883308 -2.85408809332542 0.0164138226863663 -0
1.123046875 0.0297159908501138 -2.85720152165827 0.0164138209313908 -0
1.125 0.0241327394443532 -2.85978057519506 0.0164138194758012 -0
1.126953125 0.0185449729782581 -2.86182469117397 0.0164138183209457 -0
1.12890625 0.0129537367444549 -2.86333342340453 0.0164138174678948 -0
1.130859375 0.00736007679308411 -2.86430644247229 0.0164138169174396 -0
1.1328125 0.00176503970354752 -2.8647435358901 0.0164138166700906 -0
1.134765625 -0.00383032764398661 -2.86464460819574 0.0164138167260775 -0
1.13671875 -0.0094249782972171 -2.8640096809958 0.0164138170853482 -0
1.138671875 -0.0150178654603764 -2.86283889295573 0.0164138177475694 -0
1.140625 -0.0206079427228254 -2.86113249973615 0.0164138187121269 -0
1.142578125 -0.0261941642874708 -2.85889087387536 0.0164138199781263 -0
1.14453125 -0.031775485198901 -2.85611450461836 0.0164138215443944 -0
1.146484375 -0.0373508615711362 -2.85280399769247 0.016413823409481 -0
1.1484375 -0.0429192508148873 -2.8489600750299 0.0164138255716604 -0
1.150390625 -0.0484796118642218 -2.84458357443766 0.0164138280289343 -0
1.15234375 -0.0540309054025344 -2.83967544921511 0.0164138307790344 -0
1.154296875 -0.0595720940877183 -2.8342367677198 0.0164138338194252 -0
1.15625 -0.0651021427764398 -2.82826871288196 0.016413837147308 -0
1.158203125 -0.0706200187474135 -2.82177258166847 0.0164138407596245 -0
1.16015625 -0.0761246919235823 -2.81474978449685 0.0164138446530608 -0
1.162109375 -0.0816151350931043 -2.80720184459993 0.0164138488240523 -0
1.1640625 -0.0870903241290508 -2.79913039734234 0.016413853268788 -0
1.166015625 -0.0925492382077228 -2.79053718948918 0.0164138579832161 -0
1.16796875 -0.0979908600254929 -2.78142407842832 0.0164138629630493 -0
1.169921875 -0.103414176014083 -2.77179303134679 0.0164138682037703 -0
1.171875 -0.108818176554191 -2.76164612436273 0.0164138737006383 -0
1.173828125 -0.114201856187375 -2.75098554161365 0.0164138794486946 -0
1.17578125 -0.11956421382612 -2.73981357430227 0.0164138854427697 -0
1.177734375 -0.124904252961994 -2.72813261970112 0.0164138916774895 -0
1.1796875 -0.130220981871827 -2.71594518011704 0.0164138981472829 -0
1.181640625 -0.135513413821826 -2.70325386181688 0.0164139048463883 -0
1.18359375 -0.140780567269549 -2.69006137391568 0.0164139117688614 -0
1.185546875 -0.146021466063684 -2.67637052722874 0.0164139189085826 -0
1.1875 -0.151235139641537 -2.66218423308876 0.0164139262592644 -0
1.189453125 -0.156420623224187 -2.64750550212972 0.0164139338144598 -0
1.19140625 -0.161576958009231 -2.6323374430386 0.0164139415675698 -0
1.193359375 -0.166703191361056 -2.61668326127677 0.0164139495118514 -0
1.1953125 -0.171798376998593 -2.6005462577722 0.0164139576404261 -0
1.197265625 -0.176861575180479 -2.58392982758421 0.0164139659462881 -0
1.19921875 -0.181891852887594 -2.56683745854216 0.0164139744223121 -0
1.201171875 -0.186888284002909 -2.54927272985968 0.0164139830612622 -0
1.203125 -0.191849949488608 -2.53123931072598 0.0164139918557999 -0
1.205078125 -0.196775937560433 -2.51274095887583 0.0164140007984929 -0
1.20703125 -0.201665343859217 -2.49378151913967 0.0164140098818228 -0
1.208984375 -0.206517271619572 -2.47436492197558 0.0164140190981943 -0
1.2109375 -0.211330831835684 -2.45449518198458 0.0164140284399427 -0
1.212890625 -0.216105143424199 -2.4341763964109 0.0164140378993428 -0
1.21484375 -0.220839333384164 -2.41341274362873 0.016414047468617 -0
1.216796875 -0.225532536953999 -2.3922084816171 0.0164140571399432 -0
1.21875 -0.230183897765481 -2.37056794642441 0.0164140669054631 -0
1.220703125 -0.234792567994719 -2.34849555062414 0.0164140767572902 -0
1.22265625 -0.239357708510107 -2.32599578176333 0.0164140866875176 -0
1.224609375 -0.243878489017232 -2.30307320080534 0.0164140966882256 -0
1.2265625 -0.248354088200752 -2.27973244056838 0.0164141067514897 -0
1.228515625 -0.252783693863203 -2.2559782041613 0.0164141168693876 -0
1.23046875 -0.257166503060758 -2.23181526341808 0.0164141270340069 -0
1.232421875 -0.26150172223593 -2.20724845733259 0.0164141372374522 -0
1.234375 -0.265788567347213 -2.18228269049483 0.0164141474718516 -0
1.236328125 -0.270026263995675 -2.15692293153018 0.0164141577293645 -0
1.23828125 -0.274214047548503 -2.13117421154298 0.0164141680021873 -0
1.240234375 -0.278351163259515 -2.10504162256575 0.0164141782825601 -0
1.2421875 -0.28243686638665 -2.07853031601533 0.0164141885627733 -0
1.244140625 -0.28647042230645 -2.05164550115723 0.0164141988351731 -0
1.24609375 -0.290451106625546 -2.02439244357932 0.0164142090921679 -0
1.248046875 -0.294378205289181 -1.99677646367619 0.0164142193262333 -0
1.25 -0.298251014686781 -1.96880293514513 0.0164142295299179 -0
1.251953125 -0.302068841754592 -1.94047728349491 0.0164142396958485 -0
1.25390625 -0.305831004075433 -1.91180498456849 0.0164142498167347 -0
1.255859375 -0.309536829975563 -1.88279156308047 0.0164142598853744 -0
1.2578125 -0.313185658618716 -1.85344259117043 0.0164142698946572 -0
1.259765625 -0.316776840097322 -1.82376368697295 0.0164142798375697 -0
1.26171875 -0.320309735520954 -1.79376051320523 0.0164142897071992 -0
1.263671875 -0.32378371710203 -1.7634387757731 0.0164142994967375 -0
1.265625 -0.327198168238818 -1.73280422239621 0.0164143091994844 -0
1.267578125 -0.330552483595765 -1.7018626412531 0.0164143188088517 -0
1.26953125 -0.333846069181213 -1.67061985964679 0.0164143283183657 -0
1.271484375 -0.337078342422511 -1.63908174269162 0.0164143377216707 -0
1.2734375 -0.340248732238602 -1.60725419202171 0.0164143470125315 -0
1.275390625 -0.343356679110095 -1.57514314452178 0.0164143561848361 -0
1.27734375 -0.34640163514689 -1.54275457108059 0.016414365232598 -0
1.279296875 -0.349383064153379 -1.51009447536755 0.0164143741499587 -0
1.28125 -0.352300441691294 -1.4771688926328 0.0164143829311892 -0
1.283203125 -0.355153255140226 -1.44398388853107 0.0164143915706921 -0
1.28515625 -0.357941003755869 -1.41054555796959 0.0164144000630032 -0
1.287109375 -0.360663198726045 -1.37686002398024 0.0164144084027929 -0
1.2890625 -0.363319363224542 -1.34293343661613 0.0164144165848676 -0
1.291015625 -0.365909032462826 -1.30877197187264 0.0164144246041709 -0
1.29296875 -0.368431753739669 -1.27438183063307 0.0164144324557841 -0
1.294921875 -0.370887086488737 -1.23976923763886 0.0164144401349277 -0
1.296875 -0.373274602324196 -1.20494044048422 0.0164144476369616 -0
1.298828125 -0.375593885084378 -1.16990170863537 0.016414454957386 -0
1.30078125 -0.377844530873553 -1.13465933247391 0.0164144620918416 -0
1.302734375 -0.380026148101855 -1.09921962236437 0.01641446903611 -0
1.3046875 -0.382138357523414 -1.06358890774558 0.0164144757861139 -0
1.306640625 -0.384180792272736 -1.02777353624571 0.0164144823379175 -0
1.30859375 -0.386153097899374 -0.991779872820421 0.0164144886877259 -0
1.310546875 -0.388054932400941 -0.955614298914107 0.0164144948318857 -0
1.3125 -0.389885966254507 -0.919283211643463 0.0164145007668846 -0
1.314453125 -0.391645882446423 -0.882793023003186 0.016414506489351 -0
1.31640625 -0.393334376500613 -0.846150159093199 0.0164145119960539 -0
1.318359375 -0.394951156505381 -0.809361059366905 0.0164145172839028 -0
1.3203125 -0.396495943138765 -0.772432175899896 0.0164145223499469 -0
1.322265625 -0.39796846969249 -0.735369972678524 0.016414527191375 -0
1.32421875 -0.39936848209454 -0.698180924907695 0.016414531805515 -0
1.326171875 -0.40069573893041 -0.660871518337213 0.0164145361898332 -0
1.328125 -0.401950011463045 -0.623448248605973 0.0164145403419343 -0
1.330078125 -0.403131083651527 -0.585917620603273 0.0164145442595602 -0
1.33203125 -0.404238752168527 -0.548286147846482 0.0164145479405902 -0
1.333984375 -0.405272826416553 -0.510560351874267 0.01641455138304 -0
1.3359375 -0.406233128543036 -0.472746761654578 0.0164145545850614 -0
1.337890625 -0.407119493454266 -0.434851913006528 0.0164145575449418 -0
1.33984375 -0.407931768828217 -0.396882348035322 0.0164145602611036 -0
1.341796875 -0.408669815126279 -0.358844614579338 0.0164145627321037 -0
1.34375 -0.409333505603918 -0.320745265668454 0.0164145649566333 -0
1.345703125 -0.409922726320296 -0.2825908589927 0.0164145669335174 -0
1.34765625 -0.410437376146858 -0.244387956380281 0.0164145686617142 -0
1.349609375 -0.410877366774907 -0.206143123284025 0.016414570140315 -0
1.3515625 -0.411242622722186 -0.167862928275281 0.0164145713685437 -0
1.353515625 -0.411533081338482 -0.129553942544265 0.0164145723457568 -0
1.35546875 -0.41174869281025 -0.091222739405891 0.0164145730714428 -0
1.357421875 -0.411889420164286 -0.0528758938100469 0.0164145735452223 -0
1.359375 -0.411955239270445 -0.0145199818553338 0.0164145737668478 -0
1.361328125 -0.411946138843409 0.0238384196947701 0.0164145737362036 0
1.36328125 -0.411862120443513 0.0621927338943302 0.0164145734533056 0
1.365234375 -0.411703198476634 0.10053638409699 0.0164145729183016 -0
1.3671875 -0.411469400193134 0.138862794438643 0.0164145721314712 -0
1.369140625 -0.411160765685858 0.177165390321759 0.0164145710932259 -0
1.37109375 -0.41077734788719 0.215437598902401 0.016414569804109 -0
1.373046875 -0.410319212565146 0.253672849580927 0.0164145682647964 -0
1.375 -0.409786438318514 0.291864574497411 0.0164145664760964 -0
1.376953125 -0.409179116571015 0.330006209032758 0.0164145644389499 -0
1.37890625 -0.40849735156448 0.368091192316537 0.016414562154431 -0
1.380859375 -0.407741260351029 0.406112967742487 0.0164145596237473 -0
1.3828125 -0.406910972784236 0.444064983492682 0.0164145568482402 -0
1.384765625 -0.40600663150926 0.481940693071304 0.0164145538293853 -0
1.38671875 -0.405028391951926 0.519733555848959 0.0164145505687929 -0
1.388671875 -0.403976422306725 0.55743703761847 0.0164145470682087 -0
1.390625 -0.402850903523729 0.595044611163035 0.0164145433295139 -0
1.392578125 -0.40165202929437 0.632549756837643 0.0164145393547257 -0
1.39453125 -0.400380006036082 0.669945963164602 0.0164145351459983 -0
1.396484375 -0.399035052875758 0.707226727444013 0.016414530705623 -0
1.3984375 -0.397617401632004 0.744385556380004 0.0164145260360287 -0
1.400390625 -0.396127296796149 0.781415966723514 0.0164145211397827 -0
1.40234375 -0.39456499551199 0.818311485932361 0.0164145160195908 -0
1.404296875 -0.392930767554225 0.855065652849347 0.0164145106782982 -0
1.40625 -0.391224895305547 0.89167201839907 0.0164145051188894 -0
1.408203125 -0.389447673732354 0.928124146304127 0.0164144993444892 -0
1.41015625 -0.387599410359047 0.964415613821313 0.0164144933583626 -0
1.412109375 -0.385680425240864 1.00054001249843 0.0164144871639153 -0
1.4140625 -0.383691050935225 1.03649094895224 0.0164144807646941 -0
1.416015625 -0.38163163247152 1.0722620456681 0.0164144741643865 -0
1.41796875 -0.379502527319334 1.10784694182179 0.0164144673668218 -0
1.419921875 -0.377304105355028 1.14323929412382 0.0164144603759701 -0
1.421875 -0.375036748826662 1.17843277768687 0.0164144531959431 -0
1.423828125 -0.372700852317189 1.2134210869165 0.0164144458309933 -0
1.42578125 -0.370296822705895 1.2481979364255 0.0164144382855143 -0
1.427734375 -0.367825079128027 1.28275706197222 0.0164144305640399 -0
1.4296875 -0.365286052932566 1.31709222142304 0.0164144226712443 -0
1.431640625 -0.362680187638093 1.35119719573909 0.0164144146119407 -0
1.43359375 -0.36000793888671 1.38506578998757 0.0164144063910814 -0
1.435546875 -0.357269774395954 1.41869183437747 0.0164143980137562 -0
1.4375 -0.354466173908673 1.45206918531989 0.016414389485192 -0
1.439453125 -0.351597629140799 1.48519172651299 0.0164143808107511 -0
1.44140625 -0.348664643726982 1.51805337005133 0.0164143719959302 -0
1.443359375 -0.345667733164036 1.55064805755963 0.0164143630463587 -0
1.4453125 -0.342607424752139 1.58296976135071 0.0164143539677975 -0
1.447265625 -0.339484257533759 1.61501248560746 0.0164143447661362 -0
1.44921875 -0.336298782230235 1.64677026758847 0.0164143354473921 -0
1.451171875 -0.333051561175992 1.67823717885709 0.0164143260177073 -0
1.453125 -0.329743168250325 1.70940732653353 0.0164143164833466 -0
1.455078125 -0.32637418880672 1.74027485456951 0.0164143068506944 -0
1.45703125 -0.322945219599663 1.77083394504509 0.0164142971262528 -0
1.458984375 -0.319456868708888 1.80107881948708 0.0164142873166373 -0
1.4609375 -0.315909755461041 1.83100374020847 0.0164142774285748 -0
1.462890625 -0.312304510348699 1.86060301166824 0.016414267468899 -0
1.46484375 -0.308641774946712 1.88987098185094 0.0164142574445477 -0
1.466796875 -0.304922201825843 1.91880204366517 0.0164142473625582 -0
1.46875 -0.301146454463645 1.94739063636034 0.0164142372300633 -0
1.470703125 -0.297315207152561 1.97563124696079 0.0164142270542874 -0
1.47265625 -0.293429144905205 2.00351841171638 0.0164142168425411 -0
1.474609375 -0.289488963356794 2.03104671756871 0.0164142066022174 -0
1.4765625 -0.285495368664702 2.0582108036319 0.0164141963407856 -0
1.478515625 -0.281449077405107 2.08500536268702 0.016414186065787 -0
1.48046875 -0.277350816466706 2.111425142689 0.016414175784829 -0
1.482421875 -0.273201322941478 2.13746494828502 0.0164141655055794 -0
1.484375 -0.269001344012467 2.16311964234317 0.0164141552357606 -0
1.486328125 -0.264751636838575 2.18838414749021 0.0164141449831436 -0
1.48828125 -0.260452968436334 2.21325344765721 0.0164141347555416 -0
1.490234375 -0.256106115558664 2.23772258963186 0.0164141245608036 -0
1.4921875 -0.251711864570584 2.26178668461604 0.0164141144068077 -0
1.494140625 -0.247271011321882 2.28544090978742 0.0164141043014541 -0
1.49609375 -0.242784361016727 2.30868050986371 0.0164140942526583 -0
1.498046875 -0.238252728080227 2.33150079866814 0.0164140842683438 -0
1.5 -0.23367693602193 2.35389716069472 0.0164140743564346 -0
1.501953125 -0.229057817296263 2.37586505267197 0.016414064524848 -0
1.50390625 -0.22439621315993 2.39740000512345 0.0164140547814866 -0
1.505859375 -0.21969297352625 2.41849762392383 0.016414045134231 -0
1.5078125 -0.214948956816477 2.43915359184871 0.0164140355909312 -0
1.509765625 -0.210165029808091 2.45936367011695 0.0164140261593993 -0
1.51171875 -0.205342067480083 2.47912369992378 0.016414016847401 -0
1.513671875 -0.200480952855264 2.49842960396316 0.0164140076626475 -0
1.515625 -0.195582576839602 2.51727738793788 0.0164139986127874 -0
1.517578125 -0.190647838058631 2.53566314205582 0.0164139897053982 -0
1.51953125 -0.185677642690946 2.5535830425107 0.0164139809479779 -0
1.521484375 -0.180672904298824 2.5710333529459 0.0164139723479371 -0
1.5234375 -0.175634543656001 2.58801042589962 0.0164139639125899 -0
1.525390625 -0.170563488572653 2.60451070422989 0.0164139556491463 -0
1.52734375 -0.165460673717603 2.62053072251783 0.016413947564703 -0
1.529296875 -0.160327040437818 2.63606710844761 0.016413939666236 -0
1.53125 -0.15516353657523 2.65111658416161 0.0164139319605916 -0
1.533203125 -0.149971116280937 2.66567596758905 0.0164139244544783 -0
1.53515625 -0.144750739826835 2.67974217374693 0.0164139171544591 -0
1.537109375 -0.139503373414738 2.69331221601135 0.016413910066943 -0
1.5390625 -0.134229988983041 2.70638320735811 0.0164139031981773 -0
1.541015625 -0.128931564010995 2.71895236157093 0.0164138965542398 -0
1.54296875 -0.123609081320654 2.73101699441587 0.0164138901410311 -0
1.544921875 -0.118263528876558 2.74257452478067 0.0164138839642671 -0
1.546875 -0.11289589958323 2.75362247577758 0.0164138780294719 -0
1.548828125 -0.107507191080552 2.76415847580833 0.0164138723419704 -0
1.55078125 -0.102098405537104 2.77418025959 0.0164138669068814 -0
1.552734375 -0.0966705494415288 2.78368566914053 0.0164138617291113 -0
1.5546875 -0.0912246333920235 2.79267265472265 0.0164138568133473 -0
1.556640625 -0.0857616718840184 2.80113927574514 0.0164138521640513 -0
1.55859375 -0.080282683096144 2.80908370162017 0.0164138477854539 -0
1.560546875 -0.0747886886745646 2.81650421257584 0.0164138436815489 -0
1.5625 -0.0692807135157697 2.82339920042273 0.0164138398560879 -0
1.564453125 -0.0637597855479134 2.82976716927363 0.0164138363125749 -0
1.56640625 -0.0582269355107946 2.83560673621551 0.0164138330542623 -0
1.568359375 -0.0526831967345715 2.84091663193289 0.0164138300841456 -0
1.5703125 -0.0471296049173067 2.84569570128175 0.01641382740496 -0
1.572265625 -0.0415671979014397 2.84994290381341 0.0164138250191762 -0
1.57421875 -0.0359970154492856 2.85365731424757 0.0164138229289974 -0
1.576171875 -0.0304200990176601 2.85683812289398 0.0164138211363558 -0
1.578125 -0.024837491531731 2.85948463602219 0.0164138196429103 -0
1.580078125 -0.0192502371581984 2.86159627617892 0.0164138184500442 -0
1.58203125 -0.0136593810779071 2.8631725824526 0.0164138175588629 -0
1.583984375 -0.00806596925799296 2.86421321068482 0.0164138169701929 -0
1.5859375 -0.00247104822366952 2.86471793362831 0.0164138166845802 -0
1.587890625 0.00312433517024264 2.8646866410514 0.0164138167022899 -0
1.58984375 0.00871913396793753 2.86411933978864 0.0164138170233055 -0
1.591796875 0.014312301341292 2.86301615373768 0.0164138176473292 -0
1.59375 0.0199027908184753 2.86137732380231 0.0164138185737821 -0
1.595703125 0.0254895565123948 2.85920320778182 0.0164138198018052 -0
1.59765625 0.0310715533488731 2.85649428020668 0.0164138213302604 -0
1.599609375 0.0366477372944521 2.85325113212095 0.0164138231577322 -0
1.6015625 0.0422170655837205 2.84947447081149 0.0164138252825297 -0
1.603515625 0.0477784969460595 2.84516511948451 0.0164138277026887 -0
1.60546875 0.0533309918317069 2.84032401688969 0.0164138304159749 -0
1.607421875 0.0588735126370349 2.8349522168925 0.0164138334198864 -0
1.609375 0.0644050239289432 2.82905088799519 0.0164138367116574 -0
1.611328125 0.0699244926682661 2.82262131280703 0.0164138402882622 -0
1.61328125 0.0754308884320957 2.8156648874646 0.0164138441464188 -0
1.615234375 0.0809231836349247 2.80818312100269 0.0164138482825941 -0
1.6171875 0.0864003537485125 2.8001776346767 0.0164138526930078 -0
1.619140625 0.0918613775203806 2.79165016123743 0.0164138573736383 -0
1.62109375 0.0973052371908462 2.78260254415907 0.0164138623202276 -0
1.623046875 0.102730918708502 2.77303673682142 0.0164138675282873 -0
1.625 0.108137411944055 2.7629548016473 0.0164138729931041 -0
1.626953125 0.113523710902437 2.75235890919632 0.0164138787097468 0
1.62890625 0.118888813933103 2.74125133721601 0.0164138846730719 0
1.630859375 0.124231723938437 2.72963446965153 0.0164138908777309 0
1.6328125 0.129551448580179 2.71751079561515 0.016413897318177 0
1.634765625 0.134847000483808 2.70488290831683 0.0164139039886723 0
1.63671875 0.140117397440792 2.69175350395703 0.0164139108832952 0
1.638671875 0.145361662608641 2.67812538058323 0.0164139179959477 0
1.640625 0.150578824708695 2.66400143691147 0.0164139253203633 0
1.642578125 0.155767918221576 2.64938467111426 0.0164139328501143 0
1.64453125 0.160927983580235 2.63427817957638 0.0164139405786207 0
1.646484375 0.166058067360546 2.61868515561995 0.0164139484991572 0
1.6484375 0.171157222469376 2.60260888820023 0.016413956604862 0
1.650390625 0.176224508330078 2.58605276057379 0.0164139648887446 0
1.65234375 0.181258991065367 2.56902024894038 0.0164139733436947 0
1.654296875 0.186259743677502 2.55151492106019 0.0164139819624896 0
1.65625 0.191225846225758 2.53354043484794 0.0164139907378036 0
1.658203125 0.196156386001127 2.51510053694545 0.0164139996622154 0
1.66015625 0.201050457698202 2.4961990612742 0.0164140087282173 0
1.662109375 0.205907163584229 2.4768399275695 0.0164140179282231 0
1.6640625 0.21072561366527 2.45702713989779 0.0164140272545765 0
1.666015625 0.215504925849455 2.43676478515873 0.0164140366995594 0
1.66796875 0.220244226107296 2.41605703157358 0.0164140462554003 0
1.669921875 0.224942648629039 2.39490812716147 0.0164140559142823 0
1.671875 0.229599335979021 2.37332239820514 0.0164140656683513 0
1.673828125 0.234213439247028 2.35130424770771 0.016414075509724 0
1.67578125 0.238784118196629 2.328858153842 0.0164140854304954 0
1.677734375 0.243310541410473 2.30598866839387 0.0164140954227472 0
1.6796875 0.247791886432542 2.28270041520124 0.0164141054785549 0
1.681640625 0.252227339907353 2.25899808859014 0.0164141155899957 0
1.68359375 0.256616097716098 2.23488645180929 0.0164141257491555 0
1.685546875 0.260957365109733 2.21037033546473 0.0164141359481363 0
1.6875 0.265250356839007 2.18545463595582 0.016414146179063 0
1.689453125 0.269494297281435 2.160144313914 0.0164141564340905 0
1.69140625 0.273688420565233 2.13444439264579 0.0164141667054103 0
1.693359375 0.277831970690208 2.10835995658119 0.0164141769852566 0
1.6953125 0.281924201645629 2.08189614972893 0.016414187265913 0
1.697265625 0.285964377525087 2.05505817413963 0.0164141975397186 0
1.69921875 0.289951772638361 2.02785128837834 0.0164142077990734 0
1.701171875 0.293885671620314 2.00028080600744 0.0164142180364443 0
1.703125 0.297765369536828 1.97235209408107 0.0164142282443704 0
1.705078125 0.301590171987819 1.94407057165231 0.0164142384154684 0
1.70703125 0.305359395207345 1.915441708294 0.0164142485424372 0
1.708984375 0.309072366160842 1.88647102263433 0.0164142586180631 0
1.7109375 0.31272842263951 1.85716408090808 0.0164142686352241 0
1.712890625 0.316326913351889 1.82752649552454 0.0164142785868943 0
1.71484375 0.319867198012653 1.79756392365281 0.016414288466148 0
1.716796875 0.323348647428658 1.76728206582547 0.0164142982661636 0
1.71875 0.326770643582284 1.73668666456132 0.0164143079802272 0
1.720703125 0.330132579712101 1.70578350300788 0.0164143176017362 0
1.72265625 0.333433860390908 1.67457840360438 0.0164143271242023 0
1.724609375 0.33667390160118 1.64307722676587 0.0164143365412548 0
1.7265625 0.339852130807962 1.61128586958892 0.016414345846643 0
1.728515625 0.342967987029262 1.57921026457961 0.0164143550342394 0
1.73046875 0.346020920903976 1.54685637840407 0.0164143640980415 0
1.732421875 0.349010394757403 1.51423021066217 0.0164143730321745 0
1.734375 0.351935882664375 1.4813377926846 0.0164143818308928 0
1.736328125 0.354796870510077 1.44818518635372 0.0164143904885826 0
1.73828125 0.35759285604857 1.41477848294843 0.0164143989997626 0
1.740234375 0.360323348959094 1.38112380201324 0.0164144073590862 0
1.7421875 0.362987870900184 1.34722729025178 0.0164144155613427 0
1.744140625 0.36558595556164 1.31309512044472 0.0164144236014581 0
1.74609375 0.368117148714421 1.27873349039236 0.0164144314744964 0
1.748046875 0.370581008258486 1.24414862188168 0.0164144391756605 0
1.75 0.372977104268646 1.20934675967797 0.0164144467002927 0
1.751953125 0.375305019038478 1.17433417054093 0.0164144540438753 0
1.75390625 0.377564347122322 1.13911714226499 0.0164144612020315 0
1.755859375 0.37975469537545 1.10370198274388 0.016414468170525 0
1.7578125 0.381875682992415 1.06809501905896 0.0164144749452607 0
1.759765625 0.383926941543649 1.03230259659128 0.0164144815222848 0
1.76171875 0.38590811501035 0.996331078156877 0.0164144878977848 0
1.763671875 0.3878188598177 0.960186843165107 0.0164144940680895 0
1.765625 0.389658844866464 0.92387628679941 0.0164145000296686 0
1.767578125 0.39142775156301 0.887405819220254 0.0164145057791328 -0
1.76953125 0.393125273847793 0.850781864789672 0.0164145113132335 -0
1.771484375 0.394751118222344 0.814010861316887 0.0164145166288624 -0
1.7734375 0.396305003774812 0.777099259324478 0.0164145217230512 -0
1.775390625 0.397786662204081 0.740053521334477 0.0164145265929711 -0
1.77734375 0.399195837842525 0.702880121173775 0.0164145312359322 -0
1.779296875 0.400532287677416 0.66558554329816 0.0164145356493838 -0
1.78125 0.401795781371033 0.628176282134303 0.0164145398309128 -0
1.783203125 0.402986101279503 0.590658841438946 0.0164145437782439 -0
1.78515625 0.404103042470404 0.553039733674552 0.0164145474892393 -0
1.787109375 0.405146412739169 0.515325479400616 0.0164145509618973 -0
1.7890625 0.406116032624313 0.477522606679827 0.0164145541943526 -0
1.791015625 0.407011735421512 0.439637650498248 0.0164145571848755 -0
1.79296875 0.407833367196571 0.401677152198644 0.0164145599318715 -0
1.794921875 0.408580786797288 0.36364765892608 0.0164145624338804 -0
1.796875 0.409253865864251 0.325555723084879 0.0164145646895767 -0
1.798828125 0.409852488840588 0.287407901806025 0.0164145666977683 -0
1.80078125 0.410376552980681 0.249210756424054 0.0164145684573967 -0
1.802734375 0.41082596835787 0.210970851962494 0.0164145699675365 -0
1.8046875 0.41120065787116 0.172694756626874 0.0164145712273948 -0
1.806640625 0.411500557250944 0.134389041304314 0.0164145722363113 -0
1.80859375 0.411725615063755 0.0960602790687181 0.0164145729937581 -0
1.810546875 0.411875792716056 0.057715044690547 0.0164145734993389 -0
1.8125 0.411951064457077 0.0193599141501726 0.0164145737527897 -0
1.814453125 0.411951417380705 -0.0189985358462049 0.0164145737539782 0
1.81640625 0.411876851426428 -0.0573537283491011 0.0164145735029035 0
1.818359375 0.411727379379341 -0.0956990866477739 0.016414572999697 0
1.8203125 0.41150302686921 -0.134028034752757 0.0164145722446215 0
1.822265625 0.411203832368588 -0.172333997879925 0.0164145712380719 0
1.82421875 0.410829847189991 -0.210610402937111 0.0164145699805749 0
1.826171875 0.410381135482115 -0.24885067901429 0.0164145684727896 0
1.828125 0.409857774225092 -0.287048257878343 0.0164145667155075 0
1.830078125 0.409259853224778 -0.32519657447341 0.016414564709653 0
1.83203125 0.408587475106055 -0.363289067427812 0.0164145624562832 0
1.833984375 0.407840755305138 -0.401319179568536 0.0164145599565888 0
1.8359375 0.407019822060865 -0.439280358444257 0.0164145572118943 0
1.837890625 0.406124816404965 -0.477166056857846 0.0164145542236585 0
1.83984375 0.405155892151265 -0.514969733409304 0.0164145509934746 0
1.841796875 0.404113215883835 -0.552684853050057 0.0164145475230711 0
1.84375 0.402996966944038 -0.590304887649503 0.0164145438143121 0
1.845703125 0.401807337416454 -0.627823316574711 0.0164145398691977 0
1.84765625 0.400544532113668 -0.665233627284118 0.0164145356898648 0
1.849609375 0.399208768559875 -0.702529315936074 0.0164145312785872 0
1.8515625 0.397800276973293 -0.739703888013045 0.0164145266377766 0
1.853515625 0.396319300247325 -0.776750858962261 0.0164145217699826 0
1.85546875 0.394766093930471 -0.813663754853569 0.0164145166778938 0
1.857421875 0.393140926204928 -0.850436113055221 0.0164145113643374 0
1.859375 0.391444077863849 -0.887061482928286 0.0164145058322807 0
1.861328125 0.389675842287239 -0.923533426540374 0.0164145000848305 0
1.86328125 0.387836525416426 -0.959845519399276 0.0164144941252342 0
1.865234375 0.385926445727086 -0.995991351207143 0.0164144879568798 0
1.8671875 0.383945934200773 -1.03196452663574 0.016414481583296 0
1.869140625 0.381895334294915 -1.06775866612334 0.0164144750081529 0
1.87109375 0.379775001911229 -1.10336740669365 0.0164144682352617 0
1.873046875 0.377585305362518 -1.13878440279739 0.0164144612685748 0
1.875 0.375326625337802 -1.17400332717665 0.0164144541121859 0
1.876953125 0.372999354865734 -1.20901787175276 0.01641444677033 0
1.87890625 0.370603899276267 -1.24382174853758 0.0164144392473826 0
1.880859375 0.368140676160509 -1.2784086905688 0.0164144315478602 0
1.8828125 0.365610115328733 -1.31277245286935 0.016414423676419 0
1.884765625 0.363012658766488 -1.34690681343111 0.0164144156378548 0
1.88671875 0.360348760588768 -1.38080557422302 0.0164144074371025 0
1.888671875 0.35761888699218 -1.41446256222379 0.0164143990792345 0
1.890625 0.354823516205081 -1.44787163047912 0.0164143905694604 0
1.892578125 0.351963138435621 -1.48102665918348 0.0164143819131256 0
1.89453125 0.349038255817646 -1.51392155678644 0.0164143731157099 0
1.896484375 0.346049382354424 -1.54655026112334 0.0164143641828261 0
1.8984375 0.342997043860133 -1.57890674057019 0.0164143551202184 0
1.900390625 0.339881777899071 -1.61098499522261 0.0164143459337606 0
1.90234375 0.336704133722544 -1.64277905809849 0.0164143366294537 0
1.904296875 0.333464672203374 -1.67428299636415 0.0164143272134243 0
1.90625 0.330163965767997 -1.70549091258349 0.0164143176919217 0
1.908203125 0.326802598326095 -1.7363969459899 0.0164143080713158 0
1.91015625 0.323381165197724 -1.76699527378024 0.0164142983580935 0
1.912109375 0.319900273037891 -1.79728011243062 0.0164142885588565 0
1.9140625 0.316360539758542 -1.82724571903317 0.0164142786803176 0
1.916015625 0.312762594447917 -1.85688639265334 0.0164142687292975 0
1.91796875 0.309107077287239 -1.88619647570701 0.0164142587127209 0
1.919921875 0.305394639464687 -1.91517035535663 0.0164142486376127 0
1.921875 0.301625943086628 -1.94380246492574 0.0164142385110941 0
1.923828125 0.297801661086071 -1.9720872853309 0.016414228340378 0
1.92578125 0.293922477128304 -2.00001934653031 0.0164142181327645 0
1.927734375 0.289989085513687 -2.02759322898805 0.0164142078956363 0
1.9296875 0.286002191077569 -2.05480356515313 0.0164141976364536 0
1.931640625 0.281962509087307 -2.08164504095221 0.0164141873627488 0
1.93359375 0.27787076513635 -2.10811239729505 0.0164141770821212 0
1.935546875 0.273727695035373 -2.13420043159145 0.0164141668022313 0
1.9375 0.269534044700445 -2.15990399927874 0.0164141565307951 0
1.939453125 0.265290570038191 -2.18521801535839 0.0164141462755777 0
1.94140625 0.260998036827952 -2.21013745594081 0.0164141360443874 0
1.943359375 0.256657220600922 -2.2346573597968 0.016414125845069 0
1.9453125 0.252268906516246 -2.2587728299146 0.0164141156854972 0
1.947265625 0.247833889234068 -2.28247903506101 0.0164141055735699 0
1.94921875 0.243352972785538 -2.30577121134543 0.016414095517201 0
1.951171875 0.23882697043975 -2.32864466378517 0.0164140855243135 0
1.953125 0.234256704567628 -2.35109476787094 0.0164140756028317 0
1.955078125 0.229643006502754 -2.37311697113076 0.0164140657606741 0
1.95703125 0.224986716399148 -2.39470679469102 0.0164140560057458 0
1.958984375 0.220288683085992 -2.41585983483318 0.0164140463459302 0
1.9609375 0.215549763919331 -2.43657176454446 0.016414036789082 0
1.962890625 0.210770824630741 -2.45683833506122 0.0164140273430183 0
1.96484375 0.205952739172998 -2.47665537740329 0.0164140180155113 0
1.966796875 0.201096389562759 -2.49601880389778 0.0164140088142793 0
1.96875 0.196202665720272 -2.51492460969086 0.0164139997469794 0
1.970703125 0.191272465306154 -2.53336887424576 0.0164139908211984 0
1.97265625 0.18630669355525 -2.55134776282566 0.016413982044445 0
1.974609375 0.181306263107616 -2.56885752795968 0.0164139734241411 0
1.9765625 0.176272093836657 -2.58589451089049 0.0164139649676136 0
1.978515625 0.17120511267445 -2.60245514300194 0.0164139566820859 0
1.98046875 0.166106253434306 -2.61853594722517 0.0164139485746697 0
1.982421875 0.160976456630602 -2.63413353942162 0.0164139406523564 0
1.984375 0.15581666929594 -2.6492446297413 0.0164139329220093 0
1.986328125 0.150627844795675 -2.66386602395501 0.0164139253903548 0
1.98828125 0.145410942639866 -2.67799462475869 0.0164139180639745 0
1.990234375 0.140166928292711 -2.6916274330487 0.0164139109492974 0
1.9921875 0.13489677297952 -2.7047615491663 0.0164139040525917 0
1.994140625 0.129601453491281 -2.71739417411002 0.0164138973799569 0
1.99609375 0.124281951986902 -2.72952261071449 0.0164138909373163 0
1.998046875 0.118939255793177 -2.74114426479424 0.0164138847304098 0
2 0.11357435720255 -2.75225664625121 0.0164138787647858 0
