0 0.0880526566671814 0 0.000760104522526063 -0
0.001953125 0.088044429502088 -0.00842422449777164 0.000760104515912073 0
0.00390625 0.088019749540237 -0.0168468788356822 0.000760104496074971 0
0.005859375 0.0879786213816362 -0.0252663931396886 0.000760104463029436 0
0.0078125 0.0879210526920351 -0.0336811981073439 0.000760104416799829 0
0.009765625 0.0878470542015294 -0.0420897252934931 0.000760104357420297 0
0.01171875 0.0877566397026074 -0.0504904073958488 0.00076010428493468 0
0.013671875 0.0876498260476393 -0.0588816785404034 0.000760104199396494 0
0.015625 0.0875266331458089 -0.0672619745666389 0.000760104100868907 0
0.017578125 0.0873870839594884 -0.0756297333124933 0.00076010398942466 0
0.01953125 0.087231204500057 -0.0839833948990418 0.00076010386514607 0
0.021484375 0.087059023823164 -0.0923214020148533 0.000760103728124929 0
0.0234375 0.0868705740234365 -0.10064220019998 0.000760103578462447 0
0.025390625 0.0866658902286328 -0.10894423812954 0.000760103416269158 0
0.02734375 0.086445010593243 -0.117225967896849 0.000760103241664926 0
0.029296875 0.0862079762915358 -0.125485845296068 0.000760103054778714 0
0.03125 0.0859548315100552 -0.133722330104309 0.000760102855748672 0
0.033203125 0.0856856234395658 -0.141933886363176 0.000760102644721877 0
0.03515625 0.085400402266449 -0.150118982659686 0.000760102421854335 0
0.037109375 0.0850992211635514 -0.158276092406535 0.00076010218731081 0
0.0390625 0.084782136280486 -0.166403694121661 0.000760101941264718 0
0.041015625 0.0844492067333887 -0.174500271707068 0.000760101683898034 0
0.04296875 0.0841004945941303 -0.182564314726862 0.000760101415401104 -0
0.044921875 0.0837360648789869 -0.190594318684458 0.000760101135972617 -0
0.046875 0.0833559855367691 -0.198588785298924 0.000760100845819334 -0
0.048828125 0.0829603274364129 -0.206546222780394 0.000760100545155984 -0
0.05078125 0.0825491643540332 -0.214465146104543 0.000760100234205141 -0
0.052734375 0.0821225729594421 -0.222344077286041 0.000760099913197066 -0
0.0546875 0.0816806328021346 -0.230181545650973 0.000760099582369528 -0
0.056640625 0.081223426296743 -0.237976088108162 0.000760099241967548 -0
0.05859375 0.0807510387079621 -0.245726249419362 0.000760098892243382 -0
0.060546875 0.0802635581349486 -0.253430582468258 0.000760098533456234 -0
0.0625 0.0797610754951955 -0.261087648528259 0.00076009816587209 -0
0.064453125 0.0792436845078851 -0.268696017529005 0.000760097789763529 -0
0.06640625 0.0787114816767228 -0.27625426832156 0.000760097405409483 -0
0.068359375 0.078164566272254 -0.28376098894225 0.000760097013095183 -0
0.0703125 0.0776030403136671 -0.291214776875081 0.000760096613111737 -0
0.072265625 0.0770270085500857 -0.298614239312707 0.000760096205756093 -0
0.07421875 0.0764365784413519 -0.3059579934159 0.000760095791330739 -0
0.076171875 0.0758318601383049 -0.313244666571461 0.000760095370143488 -0
0.078125 0.0752129664625571 -0.32047289664854 0.000760094942507319 -0
0.080078125 0.0745800128857715 -0.327641332253316 0.00076009450874003 -0
0.08203125 0.0739331175084426 -0.334748632981974 0.000760094069164143 -0
0.083984375 0.0732724010381857 -0.341793469671959 0.000760093624106557 -0
0.0859375 0.0725979867675365 -0.348774524651424 0.000760093173898374 -0
0.087890625 0.071910000551266 -0.355690491986856 0.000760092718874584 -0
0.08984375 0.0712085707832129 -0.362540077728813 0.00076009225937398 -0
0.091796875 0.0704938283726379 -0.369322000155729 0.00076009179573867 -0
0.09375 0.0697659067201045 -0.376034990015734 0.000760091328314035 -0
0.095703125 0.0690249416928889 -0.382677790766448 0.000760090857448392 -0
0.09765625 0.0682710715999231 -0.389249158812692 0.000760090383492711 -0
0.099609375 0.0675044371662768 -0.395747863742074 0.000760089906800383 -0
0.1015625 0.0667251815071806 -0.402172688558394 0.000760089427726974 -0
0.103515625 0.0659334501015956 -0.408522429912821 0.000760088946629964 -0
0.10546875 0.0651293907653337 -0.414795898332796 0.000760088463868423 -0
0.107421875 0.0643131536237331 -0.420991918448607 0.000760087979802836 -0
0.109375 0.0634848910838938 -0.42710932921759 0.00076008749479474 -0
0.111328125 0.0626447578064769 -0.433146984145904 0.000760087009206521 -0
0.11328125 0.0617929106770738 -0.439103751507829 0.000760086523401127 -0
0.115234375 0.0609295087771494 -0.444978514562548 0.000760086037741818 -0
0.1171875 0.0600547133545639 -0.450770171768346 0.000760085552591799 -0
0.119140625 0.0591686877936793 -0.456477636994196 0.000760085068314071 -0
0.12109375 0.0582715975850553 -0.462099839728667 0.000760084585271122 -0
0.123046875 0.0573636102947392 -0.467635725286114 0.000760084103824573 -0
0.125 0.0564448955331564 -0.473084255010103 0.00076008362433506 -0
0.126953125 0.055515624923606 -0.478444406474011 0.000760083147161806 -0
0.12890625 0.0545759720703673 -0.483715173678765 0.000760082672662456 -0
0.130859375 0.0536261125264233 -0.488895567247669 0.000760082201192744 -0
0.1328125 0.0526662237608061 -0.493984614618264 0.000760081733106249 -0
0.134765625 0.0516964851255707 -0.498981360231182 0.000760081268754192 -0
0.13671875 0.050717077822403 -0.503884865715945 0.00076008080848502 -0
0.138671875 0.0497281848688678 -0.508694210073654 0.000760080352644277 -0
0.140625 0.0487299910643028 -0.513408489856541 0.000760079901574299 -0
0.142578125 0.0477226829553657 -0.51802681934431 0.000760079455613921 -0
0.14453125 0.0467064488012391 -0.522548330717252 0.000760079015098231 -0
0.146484375 0.0456814785385014 -0.52697217422606 0.000760078580358401 -0
0.1484375 0.0446479637456686 -0.531297518358328 0.000760078151721302 -0
0.150390625 0.0436060976074142 -0.535523550001658 0.000760077729509307 -0
0.15234375 0.0425560748784746 -0.539649474603368 0.000760077314040095 -0
0.154296875 0.0414980918472448 -0.543674516326723 0.000760076905626317 -0
0.15625 0.0404323462990733 -0.547597918203672 0.000760076504575462 -0
0.158203125 0.0393590374792617 -0.551418942284037 0.000760076111189494 -0
0.16015625 0.0382783660557763 -0.555136869781118 0.00076007572576475 -0
0.162109375 0.0371905340816792 -0.558751001213672 0.000760075348591604 -0
0.1640625 0.0360957449572854 -0.562260656544225 0.000760074979954282 -0
0.166015625 0.0349942033920533 -0.565665175313686 0.000760074620130725 -0
0.16796875 0.0338861153662163 -0.56896391677221 0.000760074269392208 -0
0.169921875 0.0327716880921619 -0.572156260006294 0.000760073928003287 -0
0.171875 0.0316511299755667 -0.57524160406205 0.000760073596221481 -0
0.173828125 0.0305246505762945 -0.578219368064632 0.000760073274297148 -0
0.17578125 0.0293924605690643 -0.581088991333778 0.000760072962473277 -0
0.177734375 0.028254771703897 -0.583849933495436 0.000760072660985224 -0
0.1796875 0.0271117967663477 -0.586501674589441 0.000760072370060677 -0
0.181640625 0.0259637495375319 -0.589043715173205 0.000760072089919344 -0
0.18359375 0.0248108447539524 -0.591475576421405 0.000760071820772827 -0
0.185546875 0.0236532980671358 -0.593796800221621 0.000760071562824454 -0
0.1875 0.0224913260030867 -0.596006949265915 0.000760071316269164 -0
0.189453125 0.0213251459215659 -0.598105607138302 0.000760071081293327 -0
0.19140625 0.0201549759752027 -0.600092378398112 0.000760070858074536 -0
0.193359375 0.0189810350684482 -0.601966888659192 0.000760070646781541 -0
0.1953125 0.0178035428163777 -0.603728784664949 0.000760070447574148 -0
0.197265625 0.0166227195033508 -0.605377734359191 0.000760070260602996 -0
0.19921875 0.0154387860415371 -0.606913426952759 0.000760070086009492 -0
0.201171875 0.0142519639293166 -0.608335572985918 0.000760069923925724 -0
0.203125 0.0130624752095609 -0.609643904386504 0.000760069774474312 -0
0.205078125 0.0118705424278068 -0.610838174523787 0.00076006963776836 -0
0.20703125 0.0106763885903273 -0.61191815825806 0.000760069513911251 -0
0.208984375 0.00948023712211123 -0.612883651985911 0.000760069402996777 -0
0.2109375 0.00828231182475738 -0.613734473681189 0.000760069305108873 -0
0.212890625 0.00708283683429409 -0.614470462931636 0.00076006922032161 -0
0.21484375 0.00588203657893068 -0.615091480971176 0.000760069148699182 -0
0.216796875 0.00468013573675043 -0.615597410707863 0.000760069090295792 -0
0.21875 0.00347735919335309 -0.615988156747453 0.000760069045155659 -0
0.220703125 0.00227393199945569 -0.61626364541263 0.00076006901331297 -0
0.22265625 0.00107007932846001 -0.616423824757841 0.000760068994791815 -0
0.224609375 -0.000133973566004625 -0.616468664579766 0.000760068989606214 -0
0.2265625 -0.0013380013925547 -0.616398156423403 0.000760068997760105 -0
0.228515625 -0.00254177886453354 -0.616212313583772 0.000760069019247318 -0
0.23046875 -0.00374508074249131 -0.615911171103235 0.000760069054051554 -0
0.232421875 -0.00494768187665555 -0.615494785764436 0.000760069102146504 -0
0.234375 -0.00614935724938364 -0.614963236078862 0.000760069163495751 -0
0.236328125 -0.00734988201758861 -0.614316622271023 0.000760069238052829 -0
0.23828125 -0.00854903155512982 -0.613555066258268 0.000760069325761319 -0
0.240234375 -0.00974658149515997 -0.612678711626228 0.000760069426554829 -0
0.2421875 -0.0109423077724198 -0.611687723599912 0.000760069540357082 -0
0.244140625 -0.0121359866654721 -0.61058228901044 0.000760069667081917 -0
0.24609375 -0.0133273948388668 -0.609362616257455 0.000760069806633449 -0
0.248046875 -0.0145163093852278 -0.608028935267193 0.000760069958906093 -0
0.25 -0.0157025078672543 -0.606581497446248 0.000760070123784635 -0
0.251953125 -0.0168857683596272 -0.605020575631032 0.00076007030114432 -0
0.25390625 -0.018065869490813 -0.603346464032958 0.000760070490850996 -0
0.255859375 -0.0192425904847559 -0.601559478179346 0.000760070692761193 -0
0.2578125 -0.0204157112024511 -0.599659954850089 0.000760070906722197 -0
0.259765625 -0.0215850121833891 -0.597648252010076 0.000760071132572253 -0
0.26171875 -0.0227502746868654 -0.595524748737423 0.000760071370140582 -0
0.263671875 -0.0239112807331447 -0.593289845147494 0.000760071619247621 -0
0.265625 -0.0250678131444728 -0.590943962312778 0.000760071879705107 -0
0.267578125 -0.026219655585929 -0.588487542178607 0.000760072151316225 -0
0.26953125 -0.027366592606108 -0.585921047474766 0.000760072433875766 -0
0.271484375 -0.0285084096776273 -0.583244961623017 0.000760072727170337 -0
0.2734375 -0.0296448932374479 -0.580459788640546 0.000760073030978398 -0
0.275390625 -0.0307758307270044 -0.577566053039391 0.000760073345070593 -0
0.27734375 -0.031901010632133 -0.574564299721859 0.000760073669209826 -0
0.279296875 -0.0330202225227929 -0.571455093871965 0.000760074003151446 -0
0.28125 -0.0341332570925704 -0.568239020842933 0.000760074346643479 -0
0.283203125 -0.0352399061979606 -0.564916686040791 0.000760074699426847 -0
0.28515625 -0.0363399628974172 -0.561488714804078 0.000760075061235466 -0
0.287109375 -0.037433221490164 -0.557955752279723 0.000760075431796536 -0
0.2890625 -0.0385194775547599 -0.554318463295105 0.000760075810830766 -0
0.291015625 -0.0395985279874106 -0.550577532226351 0.000760076198052462 -0
0.29296875 -0.0406701710400191 -0.546733662862897 0.000760076593169954 -0
0.294921875 -0.0417342063579687 -0.542787578268358 0.00076007699588564 -0
0.296875 -0.0427904350176299 -0.538740020637737 0.00076007740589625 -0
0.298828125 -0.0438386595635849 -0.534591751151018 0.000760077822893191 -0
0.30078125 -0.0448786840455635 -0.530343549823187 0.000760078246562621 -0
0.302734375 -0.0459103140550817 -0.525996215350712 0.000760078676585847 -0
0.3046875 -0.0469333567617773 -0.521550564954532 0.00076007911263942 -0
0.306640625 -0.0479476209494354 -0.517007434219595 0.000760079554395515 -0
0.30859375 -0.0489529170516976 -0.512367676930987 0.000760080001522085 -0
0.310546875 -0.049949057187447 -0.507632164906692 0.000760080453683144 -0
0.3125 -0.0509358551958643 -0.502801787827041 0.000760080910539094 -0
0.314453125 -0.0519131266711464 -0.497877453060877 0.000760081371746829 -0
0.31640625 -0.0528806889968834 -0.492860085488487 0.000760081836960187 -0
0.318359375 -0.0538383613800858 -0.487750627321358 0.000760082305830013 -0
0.3203125 -0.0547859648848574 -0.482550037918786 0.000760082778004589 -0
0.322265625 -0.0557233224657061 -0.477259293601394 0.000760083253129814 -0
0.32421875 -0.0566502590004879 -0.471879387461606 0.000760083730849514 -0
0.326171875 -0.057566601322978 -0.466411329171121 0.000760084210805653 -0
0.328125 -0.0584721782550626 -0.460856144785436 0.000760084692638696 -0
0.330078125 -0.0593668206385461 -0.455214876545467 0.000760085175987737 -0
0.33203125 -0.0602503613665683 -0.44948858267631 0.000760085660490957 -0
0.333984375 -0.0611226354146254 -0.443678337183204 0.000760086145785717 -0
0.3359375 -0.0619834798711902 -0.437785229644729 0.000760086631508987 -0
0.337890625 -0.0628327339679251 -0.431810365003294 0.000760087117297455 -0
0.33984375 -0.0636702391094843 -0.425754863352972 0.000760087602787961 -0
0.341796875 -0.0644958389028977 -0.419619859724718 0.000760088087617639 -0
0.34375 -0.065309379186534 -0.413406503869022 0.000760088571424278 -0
0.345703125 -0.066110708058636 -0.407115960036061 0.000760089053846543 -0
0.34765625 -0.0668996759054248 -0.400749406753371 0.000760089534524249 -0
0.349609375 -0.0676761354287664 -0.394308036601121 0.000760090013098644 -0
0.3515625 -0.068439941673398 -0.387793055985014 0.000760090489212659 -0
0.353515625 -0.0691909520537079 -0.38120568490687 0.000760090962511204 -0
0.35546875 -0.0699290263800654 -0.374547156732955 0.000760091432641386 -0
0.357421875 -0.070654026884696 -0.367818717960079 0.000760091899252791 -0
0.359375 -0.071365818247097 -0.36102162797954 0.00076009236199775 -0
0.361328125 -0.072064267618991 -0.354157158838941 0.000760092820531606 -0
0.36328125 -0.0727492446488116 -0.347226595001943 0.000760093274512937 -0
0.365234375 -0.0734206215057174 -0.340231233105996 0.000760093723603797 -0
0.3671875 -0.0740782729031319 -0.333172381718104 0.000760094167470029 -0
0.369140625 -0.0747220761218037 -0.32605136108866 0.000760094605781435 -0
0.37109375 -0.0753519110323845 -0.318869502903413 0.000760095038212071 -0
0.373046875 -0.0759676601175202 -0.311628150033612 0.000760095464440484 -0
0.375 -0.0765692084934533 -0.304328656284364 0.000760095884149882 -0
0.376953125 -0.077156443931131 -0.296972386141277 0.000760096297028438 -0
0.37890625 -0.0777292568768177 -0.289560714515407 0.000760096702769502 -0
0.380859375 -0.0782875404722068 -0.282095026486583 0.000760097101071783 -0
0.3828125 -0.0788311905740309 -0.274576717045144 0.000760097491639655 -0
0.384765625 -0.0793601057731644 -0.267007190832129 0.000760097874183245 -0
0.38671875 -0.0798741874132189 -0.259387861877989 0.000760098248418777 -0
0.388671875 -0.0803733396086253 -0.25172015333984 0.000760098614068641 -0
0.390625 -0.0808574692622026 -0.244005497237327 0.000760098970861766 -0
0.392578125 -0.0813264860822086 -0.23624533418713 0.000760099318533607 -0
0.39453125 -0.0817803025988711 -0.22844111313617 0.000760099656826524 -0
0.396484375 -0.0822188341803968 -0.220594291093542 0.000760099985489857 -0
0.3984375 -0.0826419990484553 -0.212706332861245 0.000760100304280162 -0
0.400390625 -0.083049718293136 -0.204778710763734 0.000760100612961351 -0
0.40234375 -0.0834419158873761 -0.196812904376351 0.000760100911304845 -0
0.404296875 -0.0838185187008562 -0.188810400252668 0.000760101199089829 -0
0.40625 -0.0841794565133631 -0.180772691650802 0.000760101476103284 -0
0.408203125 -0.0845246620276171 -0.172701278258734 0.000760101742140236 -0
0.41015625 -0.0848540708815613 -0.164597665918676 0.000760101997003897 -0
0.412109375 -0.0851676216601119 -0.156463366350534 0.000760102240505743 -0
0.4140625 -0.085465255906368 -0.148299896874518 0.000760102472465695 -0
0.416015625 -0.085746918132278 -0.14010878013292 0.000760102692712219 -0
0.41796875 -0.0860125558287623 -0.131891543811127 0.000760102901082526 -0
0.419921875 -0.0862621194752902 -0.123649720357892 0.000760103097422571 -0
0.421875 -0.0864955625489103 -0.115384846704925 0.000760103281587245 -0
0.423828125 -0.0867128415327313 -0.107098463985828 0.000760103453440486 -0
0.42578125 -0.0869139159238549 -0.0987921172544234 0.000760103612855296 -0
0.427734375 -0.0870987482407564 -0.0904673552025249 0.000760103759713904 -0
0.4296875 -0.0872673040301148 -0.0821257298771788 0.000760103893907826 -0
0.431640625 -0.0874195518730892 -0.0737687963974282 0.000760104015337954 -0
0.43359375 -0.0875554633910422 -0.0653981126706364 0.000760104123914596 -0
0.435546875 -0.0876750132507088 -0.057015239108412 0.000760104219557575 -0
0.4375 -0.0877781791688095 -0.0486217383421765 0.000760104302196256 -0
0.439453125 -0.087864941916108 -0.0402191749384161 0.00076010437176963 -0
0.44140625 -0.0879352853209126 -0.0318091151136579 0.000760104428226334 -0
0.443359375 -0.0879891962720207 -0.023393126449211 0.000760104471524662 -0
0.4453125 -0.0880266647211049 -0.0149727776057151 0.000760104501632662 -0
0.447265625 -0.088047683684543 -0.0065496380375339 0.000760104518528103 -0
0.44921875 -0.088052249244689 0.00187472229296202 0.000760104522198512 0
0.451171875 -0.0880403605505861 0.010298733201186 0.000760104512641167 0
0.453125 -0.0880120198181219 0.0187208245661566 0.00076010448986316 0
0.455078125 -0.0879672323296246 0.0271394266163105 0.000760104453881274 0
0.45703125 -0.0879060064329019 0.0355529702152655 0.00076010440472207 0
0.458984375 -0.0878283535397212 0.0439598871474934 0.000760104342421883 0
0.4609375 -0.087734288123732 0.0523586104038626 0.000760104267026671 0
0.462890625 -0.0876238277178311 0.060747574467009 0.000760104178592094 0
0.46484375 -0.0874969929109703 0.0691252155964948 0.000760104077183511 0
0.466796875 -0.0873538073444073 0.0774899721137151 0.000760103962875751 0
0.46875 -0.0871942977074011 0.0858402846865109 0.000760103835753256 0
0.470703125 -0.0870184937323506 0.0941745966134465 0.000760103695909915 0
0.47265625 -0.0868264281893798 0.102491354107713 0.000760103543449012 0
0.474609375 -0.0866181368803674 0.110789006580614 0.000760103378483197 0
0.4765625 -0.0863936586324243 0.119066006924593 0.000760103201134331 0
0.478515625 -0.0861530352908182 0.127320811795763 0.000760103011533466 0
0.48046875 -0.0858963117113471 0.135551881895892 0.000760102809820705 0
0.482421875 -0.0856235357521623 0.14375768225381 0.000760102596145146 0
0.484375 -0.0853347582650431 0.151936682506185 0.000760102370664763 0
0.486328125 -0.0850300330861226 0.160087357177638 0.000760102133546221 0
0.48828125 -0.084709417026068 0.168208185960148 0.000760101884964886 0
0.490234375 -0.0843729698597157 0.176297653991697 0.000760101625104586 0
0.4921875 -0.0840207543151629 0.184354252134134 0.000760101354157576 0
0.494140625 -0.0836528360623168 0.192376477250187 0.00076010107232429 0
0.49609375 -0.0832692837009043 0.200362832479607 0.00076010077981331 0
0.498046875 -0.0828701687479433 0.208311827514376 0.000760100476841117 0
0.5 -0.0824555656246763 0.216221978872956 0.000760100163632034 0
0.501953125 -0.0820255516429708 0.22409181017352 0.00076009984041799 0
0.50390625 -0.081580206991186 0.23191985240613 0.000760099507438354 0
0.505859375 -0.0811196147195094 0.239704644203812 0.000760099164939809 0
0.5078125 -0.0806438607247649 0.247444732112486 0.000760098813176185 0
0.509765625 -0.080153033734695 0.255138670859709 0.000760098452408168 0
0.51171875 -0.0796472252917191 0.262785023622176 0.000760098082903235 0
0.513671875 -0.0791265297361709 0.270382362291942 0.000760097704935425 0
0.515625 -0.0785910441890162 0.277929267741322 0.000760097318785103 0
0.517578125 -0.0780408685340563 0.285424330086409 0.00076009692473875 0
0.51953125 -0.0774761053996162 0.292866148949179 0.00076009652308888 0
0.521484375 -0.0768968601397236 0.300253333718131 0.000760096114133625 0
0.5234375 -0.0763032408147798 0.307584503807407 0.000760095698176715 0
0.525390625 -0.0756953581717259 0.31485828891436 0.000760095275527115 0
0.52734375 -0.075073325623708 0.322073329275509 0.000760094846498909 0
0.529296875 -0.0744372592292434 0.329228275920848 0.000760094411410963 0
0.53125 -0.0737872776708922 0.33632179092644 0.000760093970586786 0
0.533203125 -0.073123502233437 0.343352547665273 0.000760093524354247 0
0.53515625 -0.0724460567815747 0.350319231056312 0.00076009307304531 0
0.537109375 -0.0717550677371233 0.357220537811703 0.00076009261699585 0
0.5390625 -0.0710506640557478 0.364055176682087 0.000760092156545421 0
0.541015625 -0.0703329772032089 0.370821868699966 0.000760091692036883 0
0.54296875 -0.0696021411311385 0.37751934742108 0.000760091223816291 0
0.544921875 -0.0688582922523453 0.384146359163737 0.000760090752232548 0
0.546875 -0.0681015694156552 0.390701663246058 0.00076009027763723 0
0.548828125 -0.0673321138802904 0.397184032221082 0.000760089800384204 0
0.55078125 -0.0665500692897916 0.403592252109679 0.000760089320829487 0
0.552734375 -0.0657555816454869 0.409925122631223 0.000760088839330946 0
0.5546875 -0.0649487992795133 0.416181457431986 0.000760088356247999 0
0.556640625 -0.0641298728273933 0.422360084311186 0.000760087871941361 0
0.55859375 -0.0632989552001728 0.428459845444651 0.000760087386772777 0
0.560546875 -0.0624562015561251 0.434479597606049 0.000760086901104824 0
0.5625 -0.0616017692720242 0.440418212385633 0.000760086415300528 0
0.564453125 -0.0607358179139937 0.446274576406447 0.000760085929723113 0
0.56640625 -0.0598585092079365 0.452047591537951 0.000760085444735824 0
0.568359375 -0.0589700070095486 0.457736175107015 0.000760084960701546 0
0.5703125 -0.0580704772739247 0.463339260106225 0.000760084477982605 0
0.572265625 -0.0571600880247586 0.468855795399465 0.000760083996940419 0
0.57421875 -0.0562390093231455 0.474284745924713 0.000760083517935316 0
0.576171875 -0.0553074132359902 0.479625092894014 0.000760083041326231 0
0.578125 -0.0543654738040283 0.48487583399057 0.000760082567470354 0
0.580078125 -0.0534133670094646 0.490035983562914 0.000760082096723018 0
0.58203125 -0.0524512707432357 0.495104572816103 0.000760081629437266 0
0.583984375 -0.0514793647719017 0.500080649999899 0.00076008116596375 0
0.5859375 -0.0504978307041736 0.504963280593876 0.000760080706650251 0
0.587890625 -0.0495068519570818 0.509751547489422 0.000760080251841669 0
0.58984375 -0.048506613721793 0.514444551168571 0.00076007980187957 0
0.591796875 -0.0474973029290796 0.519041409879636 0.000760079357101957 0
0.59375 -0.0464791082144507 0.523541259809593 0.000760078917843093 0
0.595703125 -0.0454522198829484 0.527943255253162 0.000760078484433198 0
0.59765625 -0.044416829873618 0.532246568778552 0.000760078057198154 0
0.599609375 -0.0433731317236572 0.536450391389819 0.000760077636459359 0
0.6015625 -0.0423213205322515 0.540553932685802 0.00076007722253335 0
0.603515625 -0.0412615929241033 0.544556421015579 0.000760076815731649 0
0.60546875 -0.0401941470126594 0.548457103630422 0.000760076416360548 0
0.607421875 -0.0391191823630469 0.552255246832189 0.000760076024720799 0
0.609375 -0.0380368999547212 0.555950136118126 0.000760075641107385 0
0.611328125 -0.0369475021438355 0.559541076322031 0.00076007526580936 0
0.61328125 -0.0358511926253382 0.563027391751753 0.000760074899109605 0
0.615234375 -0.0347481763948052 0.566408426322966 0.000760074541284533 0
0.6171875 -0.0336386597100142 0.569683543689203 0.00076007419260396 0
0.619140625 -0.0325228500522693 0.572852127368105 0.0007600738533309 0
0.62109375 -0.0314009560874825 0.575913580863833 0.00076007352372131 0
0.623046875 -0.0302731876270199 0.578867327785645 0.000760073204023909 0
0.625 -0.0291397555883198 0.58171281196256 0.000760072894480004 0
0.626953125 -0.0280008719552912 0.584449497554113 0.000760072595323285 0
0.62890625 -0.0268567497384991 0.587076869157145 0.000760072306779621 0
0.630859375 -0.0257076029351461 0.589594431908605 0.000760072029066973 0
0.6328125 -0.0245536464888561 0.592001711584342 0.000760071762395105 0
0.634765625 -0.0233950962492697 0.59429825469384 0.000760071506965525 0
0.63671875 -0.0222321689314583 0.596483628570885 0.000760071262971237 0
0.638671875 -0.0210650820751647 0.598557421460124 0.000760071030596658 0
0.640625 -0.0198940540038797 0.600519242599504 0.000760070810017465 0
0.642578125 -0.0187193037837604 0.60236872229855 0.000760070601400414 0
0.64453125 -0.0175410511824009 0.604105512012476 0.00076007040490327 0
0.646484375 -0.0163595166274617 0.605729284412088 0.000760070220674656 0
0.6484375 -0.0151749211651662 0.607239733449478 0.000760070048853877 0
0.650390625 -0.0139874864186746 0.608636574419469 0.000760069889570971 0
0.65234375 -0.0127974345463402 0.609919544016813 0.000760069742946389 0
0.654296875 -0.011604988199859 0.611088400389101 0.000760069609091101 0
0.65625 -0.0104103704823203 0.612142923185394 0.000760069488106416 0
0.658203125 -0.00921380490616602 0.613082913600539 0.000760069380083858 0
0.66015625 -0.00801551535106814 0.613908194415172 0.000760069285105215 0
0.662109375 -0.00681572602173175 0.614618610031382 0.000760069203242347 0
0.6640625 -0.00561466140563306 0.615214026504035 0.000760069134557265 0
0.666015625 -0.00441254623070036 0.615694331567752 0.000760069079101911 0
0.66796875 -0.00320960542294653 0.616059434659511 0.000760069036918292 0
0.669921875 -0.00200606406406165 0.616309266936897 0.000760069008038344 0
0.671875 -0.000802147348974277 0.616443781291968 0.000760068992483945 0
0.673828125 0.000401919456610102 0.616462952360749 0.000760068990266846 0
0.67578125 0.0016059110586849 0.61636677652834 0.000760069001388721 0
0.677734375 0.00280960217742393 0.616155271929645 0.000760069025841157 0
0.6796875 0.00401276758966007 0.61582847844572 0.000760069063605677 0
0.681640625 0.00521518217135252 0.615386457695734 0.000760069114653643 0
0.68359375 0.00641662094003403 0.614829293024557 0.000760069178946424 0
0.685546875 0.0076168590972297 0.614157089485971 0.000760069256435361 0
0.6875 0.00881567207083861 0.613369973821508 0.000760069347061786 0
0.689453125 0.01001283555747 0.612468094434925 0.000760069450757125 0
0.69140625 0.011208125564725 0.611451621362332 0.000760069567442868 0
0.693359375 0.0124013184534166 0.610320746237961 0.000760069697030691 0
0.6953125 0.0135921909797171 0.609075682255606 0.000760069839422578 0
0.697265625 0.0147805203372275 0.607716664125743 0.000760069994510762 0
0.69921875 0.0159660841989583 0.606243948028326 0.000760070162177874 0
0.701171875 0.0171486607592132 0.604657811561302 0.000760070342297126 0
0.703125 0.0183280287753696 0.602958553684836 0.000760070534732224 0
0.705078125 0.0195039676095446 0.601146494661273 0.000760070739337654 0
0.70703125 0.0206762572701402 0.599221975990857 0.000760070955958676 0
0.708984375 0.0218446784532589 0.597185360343223 0.000760071184431498 0
0.7109375 0.0230090125839809 0.595037031484683 0.000760071424583413 0
0.712890625 0.0241690418574959 0.592777394201332 0.000760071676232895 0
0.71484375 0.0253245492800799 0.590406874217985 0.00076007193918974 0
0.716796875 0.0264753187099099 0.587925918112992 0.000760072213255293 0
0.71875 0.0276211348977087 0.585334993228927 0.000760072498222489 0
0.720703125 0.0287617835272104 0.582634587579203 0.000760072793876094 0
0.72265625 0.02989705125544 0.579825209750629 0.000760073099992847 0
0.724609375 0.0310267257527988 0.576907388801935 0.000760073416341605 0
0.7265625 0.0321505957429475 0.573881674158305 0.0007600737426836 0
0.728515625 0.0332684510424797 0.570748635501937 0.00076007407877257 0
0.73046875 0.034380082600377 0.567508862658671 0.000760074424354892 0
0.732421875 0.0354852825372401 0.564162965480714 0.00076007477916992 0
0.734375 0.036583844184286 0.560711573725497 0.000760075142950097 0
0.736328125 0.0376755621221053 0.557155336930695 0.000760075515421119 0
0.73828125 0.0387602322191716 0.553494924285454 0.000760075896302251 0
0.740234375 0.0398376516700954 0.549731024497846 0.000760076285306467 0
0.7421875 0.0409076190336163 0.545864345658612 0.000760076682140751 0
0.744140625 0.0419699342703243 0.541895615101209 0.00076007708650621 0
0.74609375 0.0430243987801054 0.537825579258215 0.000760077498098399 0
0.748046875 0.0440708154393017 0.53365500351412 0.000760077916607514 0
0.75 0.0451089886375824 0.529384672054559 0.000760078341718616 0
0.751953125 0.0461387243145149 0.525015387712008 0.000760078773111921 0
0.75390625 0.0471598299958324 0.520547971808003 0.000760079210463019 0
0.755859375 0.0481721148293899 0.515983263991918 0.00076007965344308 0
0.7578125 0.0491753896208009 0.511322122076335 0.000760080101719178 0
0.759765625 0.0501694668687506 0.506565421869069 0.000760080554954522 0
0.76171875 0.0511541607999769 0.501714057001878 0.000760081012808677 0
0.763671875 0.0521292874039141 0.496768938755907 0.000760081474937862 0
0.765625 0.0530946644669922 0.49173099588391 0.000760081940995193 0
0.767578125 0.0540501116065857 0.486601174429298 0.000760082410630931 0
0.76953125 0.0549954503046066 0.481380437542059 0.000760082883492849 0
0.771484375 0.0559305039407343 0.476069765291598 0.000760083359226317 0
0.7734375 0.0568550978252769 0.470670154476529 0.000760083837474735 0
0.775390625 0.0577690592316583 0.4651826184315 0.0007600843178797 0
0.77734375 0.058672217428525 0.459608186831058 0.000760084800081348 0
0.779296875 0.0595644037114671 0.453947905490632 0.000760085283718565 0
0.78125 0.0604454514343477 0.448202836164667 0.000760085768429308 0
0.783203125 0.0613151960402353 0.442374056341968 0.000760086253850862 0
0.78515625 0.0621734750919336 0.436462659038291 0.000760086739620056 0
0.787109375 0.0630201283021037 0.430469752586236 0.000760087225373633 0
0.7890625 0.0638549975629736 0.424396460422494 0.000760087710748438 0
0.791015625 0.064677926975629 0.41824392087249 0.00076008819538177 0
0.79296875 0.0654887628788817 0.412013286932479 0.000760088678911568 0
0.794921875 0.066287353877709 0.405705726049136 0.000760089160976716 0
0.796875 0.0670735508712612 0.399322419896697 0.000760089641217336 0
0.798828125 0.0678472070804305 0.392864564151693 0.000760090119275052 0
0.80078125 0.0686081780749787 0.386333368265336 0.000760090594793183 0
0.802734375 0.069356321800217 0.379730055233597 0.000760091067417101 0
0.8046875 0.070091498603235 0.373055861365028 0.000760091536794453 0
0.806640625 0.0708135712586741 0.366312036046384 0.000760092002575431 0
0.80859375 0.0715224049940411 0.359499841506085 0.000760092464412991 0
0.810546875 0.0722178675145573 0.352620552575569 0.000760092921963182 0
0.8125 0.0728998290275395 0.345675456448593 0.000760093374885309 0
0.814453125 0.0735681622663096 0.338665852438523 0.000760093822842293 0
0.81640625 0.0742227425136274 0.331593051733662 0.000760094265500809 0
0.818359375 0.0748634476246442 0.324458377150666 0.000760094702531596 0
0.8203125 0.0754901580493722 0.317263162886105 0.000760095133609676 0
0.822265625 0.076102756854668 0.310008754266199 0.000760095558414616 0
0.82421875 0.0767011297457246 0.302696507494796 0.000760095976630732 0
0.826171875 0.0772851650870696 0.29532778939963 0.000760096387947308 0
0.828125 0.0778547539230669 0.287903977176905 0.000760096792058867 0
0.830078125 0.0784097899979169 0.280426458134261 0.000760097188665373 0
0.83203125 0.0789501697751538 0.272896629432161 0.000760097577472439 0
0.833984375 0.0794757924566362 0.265315897823754 0.000760097958191552 0
0.8359375 0.0799865600010279 0.257685679393252 0.000760098330540265 0
0.837890625 0.0804823771417661 0.250007399292873 0.000760098694242437 0
0.83984375 0.0809631514045156 0.242282491478399 0.000760099049028414 0
0.841796875 0.0814287931241036 0.234512398443388 0.00076009939463519 0
0.84375 0.0818792154609351 0.22669857095209 0.000760099730806626 0
0.845703125 0.0823143344168852 0.218842467771114 0.000760100057293709 0
0.84765625 0.082734068850666 0.21094555539989 0.000760100373854552 0
0.849609375 0.0831383404926661 0.203009307799963 0.000760100680254769 0
0.8515625 0.0835270739592597 0.195035206123185 0.000760100976267485 0
0.853515625 0.0839001967665848 0.187024738438822 0.000760101261673585 0
0.85546875 0.0842576393437863 0.178979399459642 0.000760101536261851 0
0.857421875 0.084599335045724 0.17090069026702 0.000760101799829116 0
0.859375 0.0849252201651418 0.162790118035102 0.000760102052180419 0
0.861328125 0.0852352339442986 0.154649195754072 0.000760102293129073 0
0.86328125 0.0855293185860562 0.146479441952574 0.000760102522496936 0
0.865234375 0.0858074192644258 0.138282380419315 0.000760102740114401 0
0.8671875 0.0860694841345691 0.130059539923909 0.000760102945820587 0
0.869140625 0.0863154643422536 0.121812453936997 0.000760103139463443 0
0.87109375 0.0865453140327605 0.113542660349684 0.000760103320899887 0
0.873046875 0.0867589903592445 0.105251701192335 0.000760103489995823 0
0.875 0.0869564534905431 0.0969411223527807 0.000760103646626333 0
0.876953125 0.0871376666184351 0.0886124732939609 0.00076010379067568 0
0.87890625 0.0873025959643476 0.0802673067710605 0.000760103922037486 0
0.880859375 0.0874512107855095 0.0719071785481698 0.000760104040614705 0
0.8828125 0.0875834833805514 0.0635336471145166 0.000760104146319789 0
0.884765625 0.0876993890945506 0.0551482734003075 0.00076010423907465 0
0.88671875 0.0877989063235214 0.0467526204922225 0.000760104318810816 0
0.888671875 0.0878820165183484 0.0383482533486013 0.000760104385469401 0
0.890625 0.0879487041881643 0.0299367385143638 0.00076010443900119 0
0.892578125 0.0879989569031701 0.0215196438357052 0.000760104479366662 0
0.89453125 0.0880327652968976 0.0130985381746058 0.000760104506535996 0
0.896484375 0.0880501230679147 0.00467499112319741 0.000760104520489173 0
0.8984375 0.0880510269809726 -0.00374942728197495 0.000760104521215858 -0
0.900390625 0.0880354768675945 -0.0121731468457532 0.000760104508715546 -0
0.90234375 0.0880034756261063 -0.0205945975001895 0.000760104482997422 -0
0.904296875 0.0879550292211093 -0.0290122095903516 0.000760104444080509 -0
0.90625 0.087890146682394 -0.0374244141600691 0.000760104391993528 -0
0.908203125 0.0878088401032966 -0.045829643237581 0.000760104326774948 -0
0.91015625 0.0877111246384972 -0.0542263301210436 0.000760104248472901 -0
0.912109375 0.0875970185012613 -0.0626129096638574 0.000760104157145189 -0
0.9140625 0.0874665429601228 -0.070987818559774 0.000760104052859289 -0
0.916015625 0.0873197223350121 -0.0793494956277404 0.00076010393569221 -0
0.91796875 0.0871565839928269 -0.0876963820964406 0.000760103805730447 -0
0.919921875 0.0869771583424479 -0.0960269218884942 0.000760103663070012 -0
0.921875 0.0867814788292 -0.10433956190427 0.000760103507816302 -0
0.923828125 0.0865695819287594 -0.112632752305272 0.00076010334008396 -0
0.92578125 0.0863415071405075 -0.120904946797063 0.000760103159996978 -0
0.927734375 0.0860972969803333 -0.129154602911673 0.000760102967688364 -0
0.9296875 0.0858369969728838 -0.137380182289462 0.000760102763300303 -0
0.931640625 0.0855606556432651 -0.145580150960389 0.000760102546983792 -0
0.93359375 0.0852683245081948 -0.153752979624645 0.000760102318898804 -0
0.935546875 0.0849600580666064 -0.161897143932615 0.000760102079213958 -0
0.9375 0.084635913789708 -0.170011124764114 0.000760101828106463 -0
0.939453125 0.0842959521104965 -0.178093408506865 0.000760101565762098 -0
0.94140625 0.0839402364127281 -0.186142487334177 0.000760101292374902 -0
0.943359375 0.0835688330193474 -0.194156859481767 0.000760101008147143 -0
0.9453125 0.0831818111803774 -0.202135029523698 0.000760100713289197 -0
0.947265625 0.0827792430602705 -0.210075508647378 0.000760100408019289 -0
0.94921875 0.0823612037247236 -0.217976814927591 0.000760100092563451 -0
0.951171875 0.0819277711269596 -0.225837473599489 0.000760099767155274 -0
0.953125 0.0814790260934756 -0.233656017330535 0.000760099432035773 -0
0.955078125 0.0810150523092622 -0.241430986491325 0.000760099087453255 -0
0.95703125 0.0805359363024939 -0.249160929425259 0.000760098733663034 -0
0.958984375 0.0800417674286947 -0.256844402717006 0.00076009837092741 -0
0.9609375 0.0795326378543806 -0.264479971459733 0.000760097999515286 -0
0.962890625 0.0790086425401802 -0.272066209521031 0.00076009761970212 -0
0.96484375 0.078469879223439 -0.279601699807511 0.00076009723176967 -0
0.966796875 0.0779164484003071 -0.287085034528016 0.00076009683600578 -0
0.96875 0.077348453307314 -0.294514815455402 0.000760096432704226 -0
0.970703125 0.0767659999024344 -0.301889654186838 0.000760096022164402 -0
0.97265625 0.0761691968456466 -0.309208172402597 0.000760095604691246 -0
0.974609375 0.0755581554789868 -0.316469002123256 0.000760095180594856 -0
0.9765625 0.0749329898061026 -0.3236707859653 0.000760094750190409 -0
0.978515625 0.0742938164713098 -0.330812177395044 0.000760094313797813 -0
0.98046875 0.0736407547381533 -0.337891840980851 0.000760093871741594 -0
0.982421875 0.0729739264674784 -0.34490845264359 0.000760093424350527 -0
0.984375 0.0722934560950142 -0.351860699905275 0.000760092971957482 -0
0.986328125 0.0715994706084734 -0.358747282135862 0.000760092514899167 -0
0.98828125 0.070892099524171 -0.365566910798127 0.000760092053515894 -0
0.990234375 0.0701714748631682 -0.372318309690593 0.000760091588151263 -0
0.9921875 0.0694377311269422 -0.379000215188461 0.000760091119151985 -0
0.994140625 0.0686910052725883 -0.385611376482477 0.000760090646867567 -0
0.99609375 0.0679314366875575 -0.392150555815705 0.000760090171650111 -0
0.998046875 0.0671591671639332 -0.398616528718148 0.000760089693854031 -0
1 0.0663743408722522 -0.405008084239169 0.000760089213835735 -0
1.001953125 0.0655771043348739 -0.41132402517766 0.000760088731953463 -0
1.00390625 0.064767606398902 -0.417563168309917 0.000760088248566968 -0
1.005859375 0.0639459982086633 -0.423724344615162 0.000760087764037185 -0
1.0078125 0.063112433177749 -0.429806399498674 0.000760087278726098 -0
1.009765625 0.0622670669606216 -0.435808193012462 0.000760086792996396 -0
1.01171875 0.0614100574237941 -0.441728600073458 0.000760086307211154 -0
1.013671875 0.0605415646165847 -0.447566510679145 0.000760085821733659 -0
1.015625 0.0596617507414536 -0.453320830120609 0.000760085336927057 -0
1.017578125 0.058770780123926 -0.458990479192931 0.000760084853154171 -0
1.01953125 0.0578688191821063 -0.464574394402897 0.000760084370777135 -0
1.021484375 0.0569560363957897 -0.47007152817396 0.000760083890157139 -0
1.0234375 0.0560326022751767 -0.475480849048416 0.000760083411654233 -0
1.025390625 0.0550986893291943 -0.480801341886735 0.000760082935626991 -0
1.02734375 0.0541544720334317 -0.486032008064013 0.000760082462432202 -0
1.029296875 0.0532001267976943 -0.491171865663477 0.000760081992424714 -0
1.03125 0.0522358319331837 -0.496219949667022 0.00076008152595709 -0
1.033203125 0.0512617676193075 -0.501175312142705 0.000760081063379302 -0
1.03515625 0.0502781158701263 -0.506037022429169 0.000760080605038602 -0
1.037109375 0.0492850605004436 -0.510804167316939 0.000760080151279093 -0
1.0390625 0.0482827870915445 -0.515475851226551 0.000760079702441578 -0
1.041015625 0.0472714829565898 -0.520051196383466 0.000760079258863307 -0
1.04296875 0.0462513371056716 -0.524529342989717 0.000760078820877621 -0
1.044921875 0.0452225402105363 -0.528909449392257 0.000760078388813793 -0
1.046875 0.0441852845689831 -0.533190692247952 0.000760077962996747 -0
1.048828125 0.0431397640689427 -0.537372266685183 0.000760077543746802 -0
1.05078125 0.0420861741522441 -0.541453386462007 0.000760077131379407 -0
1.052734375 0.0410247117780755 -0.545433284120843 0.000760076726204961 -0
1.0546875 0.039955575386147 -0.549311211139634 0.000760076328528523 -0
1.056640625 0.0388789648595613 -0.553086438079442 0.000760075938649584 -0
1.05859375 0.0377950814873992 -0.556758254728451 0.000760075556861838 -0
1.060546875 0.0367041279270283 -0.560325970242312 0.000760075183452972 -0
1.0625 0.0356063081661402 -0.563788913280816 0.000760074818704424 -0
1.064453125 0.0345018274845251 -0.567146432140847 0.000760074462891205 -0
1.06640625 0.03339089241559 -0.570397894885567 0.000760074116281617 -0
1.068359375 0.0322737107076283 -0.57354268946982 0.000760073779137096 -0
1.0703125 0.0311504912848485 -0.576580223861694 0.000760073451712052 -0
1.072265625 0.0300214442081686 -0.579509926160224 0.000760073134253532 -0
1.07421875 0.0288867806357851 -0.582331244709197 0.000760072827001155 -0
1.076171875 0.0277467127835233 -0.585043648207021 0.000760072530186918 -0
1.078125 0.0266014538849764 -0.587646625812636 0.000760072244034955 -0
1.080078125 0.0254512181514427 -0.590139687247422 0.000760071968761391 -0
1.08203125 0.0242962207316662 -0.59252236289309 0.000760071704574176 -0
1.083984375 0.0231366776713915 -0.594794203885518 0.000760071451672907 -0
1.0859375 0.0219728058727384 -0.596954782204502 0.000760071210248737 -0
1.087890625 0.0208048230534052 -0.599003690759404 0.000760070980484139 -0
1.08984375 0.0196329477057095 -0.600940543470665 0.000760070762552812 -0
1.091796875 0.0184573990554729 -0.602764975347158 0.000760070556619506 -0
1.09375 0.0172783970207596 -0.604476642559365 0.000760070362839995 -0
1.095703125 0.0160961621704754 -0.606075222508343 0.000760070181360789 -0
1.09765625 0.0149109156828364 -0.607560413890479 0.000760070012319197 -0
1.099609375 0.0137228793037157 -0.608931936757987 0.000760069855843091 -0
1.1015625 0.0125322753048755 -0.610189532575153 0.000760069712050853 -0
1.103515625 0.011339326442094 -0.611332964270298 0.000760069581051282 -0
1.10546875 0.0101442559131947 -0.612362016283447 0.000760069462943513 -0
1.107421875 0.00894728731598681 -0.613276494609688 0.000760069357816921 -0
1.109375 0.00774864460612559 -0.614076226838208 0.000760069265751101 -0
1.111328125 0.00654855205490006 -0.614761062186993 0.000760069186815723 -0
1.11328125 0.00534723420695764 -0.61533087153319 0.000760069121070533 -0
1.115234375 0.00414491583797354 -0.615785547439104 0.000760069068565303 -0
1.1171875 0.00294182191227365 -0.616125004173839 0.000760069029339778 -0
1.119140625 0.00173817754041948 -0.616349177730571 0.00076006900342368 -0
1.12109375 0.000534207936763604 -0.616458025839436 0.000760068990836588 -0
1.123046875 -0.00066986162301582 -0.616451527976058 0.000760068991588063 -0
1.125 -0.00187380584439287 -0.616329685365673 0.000760069005677511 -0
1.126953125 -0.00307739945647548 -0.61609252098289 0.000760069033094289 -0
1.12890625 -0.00428041725448229 -0.615740079547061 0.000760069073817619 -0
1.130859375 -0.00548263414220618 -0.615272427513264 0.000760069127816706 -0
1.1328125 -0.00668382517445597 -0.614689653058925 0.00076006919505063 -0
1.134765625 -0.00788376559946761 -0.613991866066045 0.000760069275468509 -0
1.13671875 -0.00908223090127646 -0.613179198099075 0.000760069369009481 -0
1.138671875 -0.0102789968420421 -0.612251802378422 0.00076006947560275 -0
1.140625 -0.0114738395043172 -0.6112098537496 0.000760069595167605 -0
1.142578125 -0.0126665353332515 -0.610053548648042 0.000760069727613605 -0
1.14453125 -0.0138568611787236 -0.608783105059573 0.000760069872840482 -0
1.146484375 -0.0150445943373904 -0.607398762476567 0.000760070030738375 -0
1.1484375 -0.0162295125946477 -0.605900781849793 0.000760070201187812 -0
1.150390625 -0.0174113942664912 -0.604289445535968 0.000760070384059852 -0
1.15234375 -0.0185900182412726 -0.602565057241037 0.00076007057921616 -0
1.154296875 -0.019765164021339 -0.600727941959184 0.000760070786509154 -0
1.15625 -0.0209366117645506 -0.598778445907615 0.000760071005782083 -0
1.158203125 -0.0221041423256656 -0.596716936457107 0.000760071236869139 -0
1.16015625 -0.0232675372975862 -0.594543802058364 0.000760071479595653 -0
1.162109375 -0.0244265790524561 -0.592259452164193 0.00076007173377816 -0
1.1640625 -0.0255810507826026 -0.58986431714752 0.000760071999224543 -0
1.166015625 -0.0267307365413136 -0.587358848215289 0.00076007227573428 -0
1.16796875 -0.0278754212834435 -0.584743517318235 0.000760072563098444 -0
1.169921875 -0.029014890905838 -0.582018817056603 0.000760072861100035 -0
1.171875 -0.0301489322875709 -0.579185260581795 0.000760073169514008 -0
1.173828125 -0.0312773333299856 -0.576243381494011 0.000760073488107527 -0
1.17578125 -0.0323998829965319 -0.573193733735893 0.000760073816640102 -0
1.177734375 -0.0335163713523914 -0.570036891482207 0.000760074154863844 -0
1.1796875 -0.0346265896038842 -0.566773449025601 0.000760074502523552 -0
1.181640625 -0.0357303301376477 -0.563404020658464 0.000760074859357009 -0
1.18359375 -0.0368273865595814 -0.559929240550926 0.000760075225095116 -0
1.185546875 -0.0379175537335497 -0.556349762625036 0.00076007559946217 -0
1.1875 -0.0390006278198354 -0.552666260425137 0.000760075982176013 -0
1.189453125 -0.0400764063133354 -0.548879426984503 0.000760076372948247 -0
1.19140625 -0.0411446880814936 -0.544989974688247 0.000760076771484514 -0
1.193359375 -0.0422052734019614 -0.540998635132557 0.000760077177484691 -0
1.1953125 -0.0432579639999802 -0.536906158980297 0.000760077590643124 -0
1.197265625 -0.0443025630854782 -0.532713315812997 0.000760078010648811 -0
1.19921875 -0.0453388753898747 -0.528420893979297 0.000760078437185743 -0
1.201171875 -0.0463667072025848 -0.52402970043987 0.00076007886993307 -0
1.203125 -0.0473858664072179 -0.519540560608865 0.000760079308565383 -0
1.205078125 -0.0483961625174632 -0.514954318191926 0.000760079752752932 -0
1.20703125 -0.0493974067126551 -0.510271835020817 0.000760080202161882 -0
1.208984375 -0.0503894118730133 -0.505493990884697 0.000760080656454639 -0
1.2109375 -0.0513719926145485 -0.50062168335811 0.000760081115289981 -0
1.212890625 -0.0523449653236309 -0.495655827625699 0.00076008157832341 -0
1.21484375 -0.0533081481912114 -0.49059735630372 0.0007600820452074 -0
1.216796875 -0.0542613612466923 -0.485447219258397 0.00076008251559164 -0
1.21875 -0.0552044263914395 -0.480206383421141 0.00076008298912332 -0
1.220703125 -0.0561371674319311 -0.474875832600715 0.000760083465447356 -0
1.22265625 -0.057059410112536 -0.469456567292362 0.000760083944206748 -0
1.224609375 -0.0579709821479169 -0.463949604483962 0.000760084425042694 -0
1.2265625 -0.0588717132550515 -0.458355977459257 0.000760084907595083 -0
1.228515625 -0.0597614351848671 -0.452676735598193 0.000760085391502549 -0
1.23046875 -0.060639981753482 -0.446912944174431 0.000760085876402882 -0
1.232421875 -0.0615071888730485 -0.441065684150069 0.000760086361933198 -0
1.234375 -0.0623628945821932 -0.435136051967634 0.00076008684773035 -0
1.236328125 -0.0632069390760471 -0.42912515933938 0.000760087333431042 -0
1.23828125 -0.0640391647358626 -0.423034133033951 0.000760087818672203 -0
1.240234375 -0.0648594161582109 -0.416864114660454 0.000760088303091255 -0
1.2421875 -0.065667540183755 -0.410616260449992 0.000760088786326329 -0
1.244140625 -0.0664633859255937 -0.404291741034702 0.000760089268016531 -0
1.24609375 -0.0672468047971718 -0.397891741224363 0.000760089747802335 -0
1.248046875 -0.0680176505397514 -0.391417459780599 0.000760090225325684 -0
1.25 -0.0687757792494398 -0.384870109188743 0.000760090700230367 -0
1.251953125 -0.0695210494037699 -0.378250915427418 0.000760091172162208 -0
1.25390625 -0.0702533218878281 -0.371561117735859 0.000760091640769432 -0
1.255859375 -0.0709724600199256 -0.364801968379049 0.000760092105702774 -0
1.2578125 -0.0716783295768088 -0.357974732410711 0.000760092566615897 -0
1.259765625 -0.072370798818405 -0.351080687434201 0.000760093023165528 -0
1.26171875 -0.0730497385120986 -0.344121123361353 0.000760093475011798 -0
1.263671875 -0.0737150219565352 -0.337097342169329 0.000760093921818391 -0
1.265625 -0.0743665250049476 -0.330010657655521 0.000760094363252888 -0
1.267578125 -0.0750041260880021 -0.322862395190548 0.000760094798986948 -0
1.26953125 -0.0756277062361607 -0.315653891469402 0.000760095228696614 -0
1.271484375 -0.0762371491015545 -0.308386494260799 0.000760095652062458 -0
1.2734375 -0.0768323409793669 -0.301061562154759 0.000760096068769898 -0
1.275390625 -0.0774131708287215 -0.293680464308494 0.000760096478509351 -0
1.27734375 -0.077979530293072 -0.286244580190628 0.000760096880976552 -0
1.279296875 -0.0785313137200911 -0.278755299323802 0.000760097275872677 -0
1.28125 -0.0790684181810556 -0.271214021025726 0.000760097662904656 -0
1.283203125 -0.0795907434897229 -0.263622154148699 0.000760098041785293 -0
1.28515625 -0.0800981922206989 -0.255981116817667 0.000760098412233552 -0
1.287109375 -0.0805906697272919 -0.248292336166857 0.000760098773974662 -0
1.2890625 -0.0810680841588507 -0.240557248075024 0.000760099126740475 -0
1.291015625 -0.0815303464775849 -0.232777296899377 0.000760099470269492 -0
1.29296875 -0.0819773704748639 -0.224953935208208 0.000760099804307133 -0
1.294921875 -0.082409072786992 -0.217088623512294 0.000760100128605971 -0
1.296875 -0.0828253729104588 -0.209182829995085 0.000760100442925758 -0
1.298828125 -0.0832261932166603 -0.20123803024176 0.000760100747033756 -0
1.30078125 -0.0836114589660907 -0.193255706967166 0.000760101040704816 -0
1.302734375 -0.0839810983220008 -0.185237349742696 0.000760101323721595 -0
1.3046875 -0.0843350423635231 -0.177184454722158 0.000760101595874627 -0
1.306640625 -0.0846732250982592 -0.169098524366661 0.000760101856962536 -0
1.30859375 -0.0849955834743304 -0.160981067168582 0.000760102106792222 -0
1.310546875 -0.0853020573918865 -0.152833597374635 0.000760102345178893 -0
1.3125 -0.085592589714075 -0.144657634708111 0.000760102571946267 -0
1.314453125 -0.0858671262774651 -0.136454704090309 0.000760102786926676 -0
1.31640625 -0.0861256159019278 -0.128226335361211 0.000760102989961219 -0
1.318359375 -0.0863680103999698 -0.11997406299945 0.000760103180899819 -0
1.3203125 -0.0865942645855194 -0.111699425841601 0.000760103359601372 -0
1.322265625 -0.0868043362821636 -0.103403966800838 0.000760103525933818 -0
1.32421875 -0.0869981863308352 -0.0950892325850155 0.000760103679774287 -0
1.326171875 -0.0871757785969488 -0.0867567734141933 0.000760103821009128 -0
1.328125 -0.0873370799769844 -0.0784081427376627 0.000760103949534002 -0
1.330078125 -0.0874820604045178 -0.0700448969505088 0.000760104065253985 -0
1.33203125 -0.0876106928556973 -0.0616685951097517 0.000760104168083641 -0
1.333984375 -0.0877229533541652 -0.0532807986501072 0.000760104257946991 -0
1.3359375 -0.0878188209754243 -0.0448830710994093 0.000760104334777713 -0
1.337890625 -0.0878982778506473 -0.0364769777937335 0.000760104398519074 -0
1.33984375 -0.087961309169931 -0.0280640855922641 0.000760104449124009 -0
1.341796875 -0.0880079031849921 -0.0196459625919442 0.000760104486555136 -0
1.34375 -0.0880380512113058 -0.0112241778419501 0.000760104510784834 -0
1.345703125 -0.0880517476296872 -0.00280030105803101 0.000760104521795222 -0
1.34765625 -0.0880489898873137 0.00562409766324644 0.000760104519578168 0
1.349609375 -0.0880297784981901 0.0140474481303072 0.000760104504135326 0
1.3515625 -0.0879941170430547 0.0224681803423907 0.000760104475478044 0
1.353515625 -0.0879420121687277 0.0308847247753461 0.000760104433627543 0
1.35546875 -0.087873473586901 0.0392955126673606 0.000760104378614666 0
1.357421875 -0.0877885140723708 0.0476989763045791 0.000760104310480082 0
1.359375 -0.0876871494607113 0.0560935493065754 0.000760104229274038 0
1.361328125 -0.087569398645392 0.0644776669116341 0.000760104135056544 0
1.36328125 -0.0874352835743377 0.0728497662618017 0.000760104027897155 0
1.365234375 -0.0872848292459318 0.0812082866876678 0.000760103907875018 0
1.3671875 -0.087118063704464 0.0895516699928338 0.000760103775078752 0
1.369140625 -0.0869350180350223 0.0978783607380292 0.000760103629606445 0
1.37109375 -0.0867357263578311 0.106186806524833 0.000760103471565594 0
1.373046875 -0.0865202258220347 0.114475458278964 0.000760103301072895 0
1.375 -0.0862885565989289 0.122742770533086 0.000760103118254354 0
1.376953125 -0.0860407618746398 0.130987201709105 0.000760102923245057 0
1.37890625 -0.0857768878422527 0.139207214399903 0.000760102716189138 0
1.380859375 -0.0854969836933902 0.147401275650464 0.00076010249723962 0
1.3828125 -0.085201101609243 0.155567857238369 0.000760102266558392 0
1.384765625 -0.0848892967510528 0.16370543595359 0.000760102024315989 0
1.38671875 -0.0845616272500493 0.171812493877573 0.000760101770691572 0
1.388671875 -0.0842181541968435 0.179887518661532 0.000760101505872715 0
1.390625 -0.0838589416302777 0.187929003803944 0.000760101230055362 0
1.392578125 -0.0834840565257344 0.195935448927179 0.000760100943443571 0
1.39453125 -0.0830935687829059 0.203905360053231 0.000760100646249458 0
1.396484375 -0.0826875512130265 0.211837249878508 0.000760100338693022 0
1.3984375 -0.082266079525568 0.21972963804763 0.000760100021001989 0
1.400390625 -0.0818292323144029 0.227581051426197 0.000760099693411604 0
1.40234375 -0.0813770910434344 0.235390024372485 0.000760099356164544 0
1.404296875 -0.0809097400316979 0.243155099008015 0.000760099009510681 0
1.40625 -0.0804272664379344 0.250874825486958 0.000760098653706895 0
1.408203125 -0.0799297602446395 0.258547762264333 0.000760098289016947 0
1.41015625 -0.0794173142415893 0.266172476362947 0.000760097915711268 0
1.412109375 -0.0788900240088467 0.273747543639028 0.000760097534066696 0
1.4140625 -0.0783479878992494 0.281271549046521 0.000760097144366386 0
1.416015625 -0.0777913070203837 0.288743086899982 0.00076009674689951 0
1.41796875 -0.0772200852160463 0.296160761136033 0.000760096341961087 0
1.419921875 -0.0766344290471961 0.303523185573336 0.000760095929851833 0
1.421875 -0.0760344477724005 0.310828984171026 0.000760095510877767 0
1.423828125 -0.075420253327778 0.318076791285566 0.000760095085350193 0
1.42578125 -0.0747919603064412 0.325265251925978 0.000760094653585356 0
1.427734375 -0.0741496859374422 0.332393022007391 0.000760094215904185 0
1.4296875 -0.0734935500642249 0.339458768602871 0.000760093772632179 0
1.431640625 -0.0728236751225872 0.346461170193479 0.000760093324099083 0
1.43359375 -0.0721401861181566 0.353398916916503 0.000760092870638607 0
1.435546875 -0.0714432106033821 0.360270710811832 0.000760092412588294 0
1.4375 -0.0707328786540479 0.367075266066408 0.000760091950289187 0
1.439453125 -0.0700093228453102 0.373811309256709 0.00076009148408564 0
1.44140625 -0.0692726782272639 0.380477579589225 0.000760091014324983 0
1.443359375 -0.0685230823000398 0.387072829138863 0.000760090541357315 0
1.4453125 -0.0677606749884402 0.393595823085251 0.000760090065535319 0
1.447265625 -0.066985598616113 0.400045339946866 0.000760089587213799 0
1.44921875 -0.0661979978792727 0.406420171812962 0.00076008910674968 0
1.451171875 -0.0653980198199687 0.412719124573233 0.000760088624501492 0
1.453125 -0.0645858137989085 0.418941018145167 0.000760088140829314 0
1.455078125 -0.0637615314678391 0.425084686699043 0.000760087656094329 0
1.45703125 -0.0629253267414904 0.431148978880514 0.000760087170658695 0
1.458984375 -0.0620773557690871 0.437132758030741 0.000760086684885204 0
1.4609375 -0.0612177769054328 0.443034902404008 0.000760086199137014 0
1.462890625 -0.0603467506815714 0.448854305382792 0.000760085713777411 0
1.46484375 -0.0594644397750313 0.45458987569022 0.000760085229169494 0
1.466796875 -0.0585710089796565 0.460240537599874 0.000760084745675911 0
1.46875 -0.0576666251750317 0.465805231142887 0.000760084263658654 0
1.470703125 -0.0567514572955046 0.471282912312295 0.000760083783478697 0
1.47265625 -0.0558256762988118 0.476672553264583 0.000760083305495757 0
1.474609375 -0.0548894551343148 0.481973142518376 0.000760082830068007 0
1.4765625 -0.0539429687108494 0.487183685150241 0.000760082357551905 0
1.478515625 -0.0529863938641967 0.492303202987543 0.000760081888301736 0
1.48046875 -0.0520199093241794 0.497330734798294 0.000760081422669537 0
1.482421875 -0.0510436956813909 0.502265336477981 0.000760080961004714 0
1.484375 -0.0500579353535622 0.507106081233293 0.000760080503653822 0
1.486328125 -0.0490628125515733 0.511852059762714 0.000760080050960249 0
1.48828125 -0.0480585132451141 0.516502380433947 0.000760079603264071 0
1.490234375 -0.0470452251280032 0.521056169458097 0.000760079160901628 0
1.4921875 -0.0460231375831684 0.525512571060593 0.000760078724205412 0
1.494140625 -0.0449924416472978 0.529870747648791 0.000760078293503753 0
1.49609375 -0.0439533299751654 0.534129879976219 0.000760077869120544 0
1.498046875 -0.0429059968036407 0.538289167303411 0.000760077451375085 0
1.5 -0.0418506379153864 0.542347827555307 0.000760077040581708 0
1.501953125 -0.0407874506022527 0.54630509747515 0.000760076637049609 0
1.50390625 -0.0397166336283741 0.550160232774863 0.000760076241082666 0
1.505859375 -0.0386383871929759 0.553912508281847 0.000760075852979087 0
1.5078125 -0.0375529128928981 0.557561218082169 0.000760075473031242 0
1.509765625 -0.0364604136848425 0.561105675660104 0.000760075101525461 0
1.51171875 -0.0353610938473509 0.564545214033971 0.000760074738741768 0
1.513671875 -0.0342551589425223 0.567879185888258 0.000760074384953677 0
1.515625 -0.0331428157774749 0.571106963701968 0.000760074040428001 0
1.517578125 -0.0320242723655614 0.574227939873168 0.000760073705424642 0
1.51953125 -0.0308997378873453 0.577241526839699 0.000760073380196345 0
1.521484375 -0.0297694226513439 0.580147157196013 0.000760073064988573 0
1.5234375 -0.0286335380545484 0.582944283806105 0.000760072760039253 0
1.525390625 -0.0274922965427263 0.585632379912501 0.00076007246557861 0
1.52734375 -0.0263459115705152 0.588210939241286 0.000760072181829038 0
1.529296875 -0.025194597561315 0.590679476103118 0.000760071909004842 0
1.53125 -0.0240385698669874 0.593037525490218 0.000760071647312149 0
1.533203125 -0.0228780447273688 0.595284643169301 0.000760071396948698 0
1.53515625 -0.0217132392296073 0.597420405770416 0.000760071158103684 0
1.537109375 -0.0205443712673282 0.599444410871677 0.000760070930957658 0
1.5390625 -0.0193716594996398 0.601356277079849 0.000760070715682337 0
1.541015625 -0.018195323309985 0.603155644106777 0.00076007051244052 0
1.54296875 -0.0170155827648477 0.604842172841626 0.000760070321385866 0
1.544921875 -0.0158326585723224 0.606415545418912 0.000760070142662892 0
1.546875 -0.0146467720405551 0.607875465282312 0.00076006997640682 0
1.548828125 -0.0134581450360634 0.609221657244216 0.000760069822743362 0
1.55078125 -0.0122669999419448 0.610453867541018 0.000760069681788847 0
1.552734375 -0.0110735596159813 0.61157186388413 0.000760069553649886 0
1.5546875 -0.00987804734864746 0.612575435506689 0.00076006943842347 0
1.556640625 -0.00868068682103326 0.613464393205953 0.000760069336196805 0
1.55859375 -0.00748170206268671 0.614238569381382 0.000760069247047264 0
1.560546875 -0.00628131740938724 0.614897818068363 0.000760069171042318 0
1.5625 -0.00507975746085716 0.615442014967609 0.000760069108239492 0
1.564453125 -0.00387724703842001 0.615871057470184 0.000760069058686355 0
1.56640625 -0.00267401114261426 0.616184864678171 0.000760069022420398 0
1.568359375 -0.00147027491077091 0.616383377420973 0.000760068999469093 0
1.5703125 -0.000266263574563583 0.616466558267231 0.000760068989849801 0
1.572265625 0.000937797582460463 0.616434391532369 0.000760068993569826 -0
1.57421875 0.00214168326735973 0.616286883281749 0.000760069010626338 -0
1.576171875 0.0033451682202798 0.616024061329457 0.000760069041006408 -0
1.578125 0.00454802725692792 0.615645975232689 0.000760069084687052 -0
1.580078125 0.00575003531103249 0.615152696281776 0.000760069141635197 -0
1.58203125 0.00695096747677861 0.614544317485814 0.00076006921180775 -0
1.583984375 0.00815059905121145 0.613820953553931 0.000760069295151576 -0
1.5859375 0.00934870557659866 0.612982740872186 0.00076006939160359 -0
1.587890625 0.0105450628827434 0.612029837476105 0.000760069501090782 -0
1.58984375 0.0117394471292397 0.610962423018866 0.000760069623530291 -0
1.591796875 0.0129316348476609 0.609780698735143 0.000760069758829444 -0
1.59375 0.0141214029836738 0.608484887400622 0.000760069906885898 -0
1.595703125 0.0153085289390696 0.607075233287192 0.000760070067587592 -0
1.59765625 0.0164927906137019 0.605552002113838 0.000760070240812938 -0
1.599609375 0.0176739664473267 0.603915480993238 0.000760070426430928 -0
1.6015625 0.0188518354613318 0.602165978374095 0.000760070624301149 -0
1.603515625 0.0200261773003505 0.600303823979207 0.000760070834273961 -0
1.60546875 0.0211967722737506 0.5983293687393 0.000760071056190569 -0
1.607421875 0.0223634013969884 0.596242984722645 0.000760071289883231 -0
1.609375 0.0235258464328234 0.594045065060485 0.000760071535175251 -0
1.611328125 0.0246838899323809 0.591736023868278 0.000760071791881252 -0
1.61328125 0.0258373152760588 0.5893162961628 0.000760072059807247 -0
1.615234375 0.0269859067142669 0.586786337775116 0.000760072338750807 -0
1.6171875 0.0281294494079929 0.584146625259459 0.000760072628501218 -0
1.619140625 0.0292677294691866 0.58139765579803 0.000760072928839634 -0
1.62109375 0.0304005340009539 0.578539947101758 0.000760073239539308 -0
1.623046875 0.0315276511375529 0.575574037307046 0.000760073560365669 -0
1.625 0.0326488700841846 0.57250048486853 0.000760073891076553 -0
1.626953125 0.0337639811565706 0.569319868447886 0.00076007423142242 -0
1.62890625 0.0348727758203091 0.56603278679872 0.000760074581146529 -0
1.630859375 0.0359750467300031 0.56263985864756 0.000760074939985063 -0
1.6328125 0.0370705877681512 0.559141722571008 0.000760075307667492 -0
1.634765625 0.0381591940837961 0.555539036869062 0.000760075683916619 -0
1.63671875 0.039240662130921 0.551832479434663 0.000760076068448875 -0
1.638671875 0.0403147897065877 0.548022747619495 0.000760076460974523 -0
1.640625 0.0413813759888096 0.544110558096071 0.000760076861197918 -0
1.642578125 0.0424402215741505 0.540096646716164 0.000760077268817679 -0
1.64453125 0.0434911285150446 0.535981768365588 0.000760077683526928 -0
1.646484375 0.0445339003568286 0.531766696815411 0.000760078105013539 -0
1.6484375 0.0455683421744798 0.527452224569599 0.000760078532960414 -0
1.650390625 0.0465942606090536 0.523039162709169 0.000760078967045652 -0
1.65234375 0.0476114639038125 0.51852834073286 0.000760079406942851 -0
1.654296875 0.0486197619400413 0.5139206063944 0.00076007985232135 -0
1.65625 0.0496189662725406 0.509216825536374 0.000760080302846455 -0
1.658203125 0.0506088901647928 0.504417881920773 0.000760080758179726 -0
1.66015625 0.0515893486237937 0.499524677056241 0.000760081217979186 -0
1.662109375 0.0525601584345437 0.494538130022082 0.000760081681899658 -0
1.6640625 0.0535211381941924 0.489459177289061 0.000760082149592975 -0
1.666015625 0.0544721083458291 0.48428877253706 0.000760082620708224 -0
1.66796875 0.0554128912119153 0.479027886469613 0.000760083094892082 -0
1.669921875 0.0563433110273511 0.47367750662539 0.000760083571789014 -0
1.671875 0.0572631939721707 0.468238637186662 0.000760084051041593 -0
1.673828125 0.0581723682038615 0.462712298784798 0.000760084532290719 -0
1.67578125 0.0590706638892988 0.457099528302846 0.000760085015175945 -0
1.677734375 0.0599579132362944 0.451401378675242 0.000760085499335721 -0
1.6796875 0.060833950524749 0.445618918684695 0.000760085984407637 -0
1.681640625 0.0616986121374065 0.439753232756297 0.000760086470028777 -0
1.68359375 0.0625517365902033 0.433805420748913 0.000760086955835872 -0
1.685546875 0.063393164562207 0.427776597743885 0.000760087441465703 -0
1.6875 0.0642227389251403 0.421667893831118 0.000760087926555257 -0
1.689453125 0.0650403047724848 0.41548045389258 0.000760088410742107 -0
1.69140625 0.0658457094481582 0.409215437383278 0.000760088893664577 -0
1.693359375 0.0666388025747632 0.402874018109754 0.000760089374962037 -0
1.6953125 0.0674194360813995 0.396457384006145 0.000760089854275291 -0
1.697265625 0.0681874642310372 0.389966736907867 0.000760090331246641 -0
1.69921875 0.0689427436474458 0.383403292322969 0.000760090805520323 -0
1.701171875 0.0696851333416738 0.376768279201201 0.00076009127674268 -0
1.703125 0.0704144947380755 0.370062939700847 0.000760091744562443 -0
1.705078125 0.0711306916998802 0.363288528953386 0.000760092208631027 -0
1.70703125 0.0718335905542997 0.356446314826002 0.000760092668602715 -0
1.708984375 0.0725230601171693 0.349537577682024 0.000760093124134967 -0
1.7109375 0.0731989717171201 0.342563610139323 0.000760093574888702 -0
1.712890625 0.073861199219276 0.335525716826721 0.000760094020528439 -0
1.71484375 0.0745096190484745 0.328425214138465 0.000760094460722648 -0
1.716796875 0.0751441102120044 0.321263429986813 0.000760094895143973 -0
1.71875 0.0757645543218605 0.31404170355277 0.000760095323469384 -0
1.720703125 0.0763708356165074 0.306761385035042 0.000760095745380559 -0
1.72265625 0.0769628409821536 0.299423835397242 0.000760096160563988 -0
1.724609375 0.0775404599735279 0.292030426113392 0.000760096568711255 -0
1.7265625 0.078103584834159 0.284582538911788 0.0007600969695193 -0
1.728515625 0.0786521105161521 0.277081565517251 0.000760097362690538 -0
1.73046875 0.0791859346994608 0.269528907391835 0.000760097747933204 -0
1.732421875 0.0797049578106514 0.26192597547402 0.00076009812496145 -0
1.734375 0.0802090830411562 0.254274189916445 0.000760098493495612 -0
1.736328125 0.0806982163650125 0.246574979822231 0.000760098853262399 -0
1.73828125 0.0811722665560868 0.238829782979931 0.000760099203995089 -0
1.740234375 0.0816311452047779 0.231040045597165 0.000760099545433733 -0
1.7421875 0.0820747667342007 0.223207222032967 0.000760099877325331 -0
1.744140625 0.0825030484158442 0.215332774528917 0.000760100199424018 -0
1.74609375 0.0829159103847043 0.207418172939071 0.00076010051149122 -0
1.748046875 0.0833132756538874 0.199464894458768 0.000760100813295871 -0
1.75 0.0836950701286838 0.191474423352322 0.000760101104614526 -0
1.751953125 0.0840612226201074 0.183448250679682 0.000760101385231593 -0
1.75390625 0.0844116648579013 0.175387874022069 0.000760101654939406 -0
1.755859375 0.0847463315030061 0.167294797206658 0.000760101913538408 -0
1.7578125 0.0850651601594898 0.159170530030341 0.000760102160837327 -0
1.759765625 0.0853680913859372 0.151016587982609 0.000760102396653282 -0
1.76171875 0.0856550687062969 0.142834491967604 0.00076010262081185 -0
1.763671875 0.0859260386201856 0.134625768025382 0.000760102833147355 -0
1.765625 0.0861809506126461 0.12639194705243 0.000760103033502827 -0
1.767578125 0.0864197571633592 0.11813456452147 0.000760103221730156 -0
1.76953125 0.086642413755308 0.109855160200612 0.000760103397690282 -0
1.771484375 0.0868488788828928 0.101555277871882 0.000760103561253156 -0
1.7734375 0.0870391140594951 0.0932364650491668 0.000760103712297976 -0
1.775390625 0.0872130838244911 0.084900272695634 0.000760103850713123 -0
1.77734375 0.0873707557497124 0.076548254940645 0.000760103976396356 -0
1.779296875 0.087512100445353 0.0681819687962226 0.000760104089254874 -0
1.78125 0.0876370915653226 0.0598029738731032 0.000760104189205341 -0
1.783203125 0.0877457058120448 0.0514128320964193 0.000760104276173917 -0
1.78515625 0.0878379229406993 0.043013107421051 0.000760104350096387 -0
1.787109375 0.0879137257629083 0.0346053655466898 0.000760104410918183 -0
1.7890625 0.087973100149866 0.0261911736326532 0.000760104458594399 -0
1.791015625 0.0880160350349108 0.0177721000124927 0.000760104493089836 -0
1.79296875 0.0880425224155398 0.00934971390843417 0.000760104514378997 -0
1.794921875 0.0880525573548657 0.000925585145693389 0.000760104522446201 -0
1.796875 0.0880461379825152 -0.00749871613329523 0.000760104517285497 0
1.798828125 0.08802326549497 -0.0159216197546941 0.000760104498900672 0
1.80078125 0.0879839441553484 -0.0243415557990826 0.000760104467305297 0
1.802734375 0.0879281812926298 -0.0327569548872413 0.000760104422522717 0
1.8046875 0.0878559873003202 -0.0411662484658591 0.00076010436458598 0
1.806640625 0.0877673756345601 -0.0495678690931238 0.000760104293537864 0
1.80859375 0.0876623628116751 -0.0579602507241545 0.000760104209430831 0
1.810546875 0.0875409684051688 -0.0663418289962356 0.000760104112326971 0
1.8125 0.0874032150421586 -0.0747110415138116 0.000760104002298027 0
1.814453125 0.0872491283992555 -0.0830663281332019 0.0007601038794252 0
1.81640625 0.0870787371978883 -0.0914061312469953 0.000760103743799283 0
1.818359375 0.0868920731990719 -0.0997288960680811 0.000760103595520462 0
1.8203125 0.0866891711976223 -0.108033070913279 0.000760103434698207 0
1.822265625 0.0864700690158169 -0.116317107486524 0.000760103261451392 0
1.82421875 0.0862348074965031 -0.124579461161563 0.000760103075908018 0
1.826171875 0.0859834304956546 -0.132818591264132 0.000760102878205162 0
1.828125 0.0857159848743776 -0.141032961353553 0.000760102668488971 0
1.830078125 0.0854325204903673 -0.149221039503728 0.00076010244691446 0
1.83203125 0.0851330901888161 -0.157381298583481 0.000760102213645426 0
1.833984375 0.0848177497927755 -0.165512216536195 0.000760101968854341 0
1.8359375 0.0844865580929716 -0.173612276658726 0.000760101712722283 0
1.837890625 0.0841395768370774 -0.181679967879523 0.000760101445438659 0
1.83984375 0.0837768707184422 -0.189713785035929 0.000760101167201236 0
1.841796875 0.0833985073642808 -0.197712229150622 0.000760100878215909 0
1.84375 0.0830045573233226 -0.205673807707136 0.00076010057869653 0
1.845703125 0.0825950940529248 -0.213597034924434 0.000760100268864861 0
1.84765625 0.0821701939056491 -0.221480432030482 0.000760099948950269 0
1.849609375 0.0817299361153057 -0.229322527534785 0.000760099619189702 0
1.8515625 0.0812744027824663 -0.23712185749983 0.00076009927982745 0
1.853515625 0.080803678859447 -0.244876965811402 0.000760098931114958 0
1.85546875 0.0803178521347655 -0.252586404447728 0.000760098573310669 0
1.857421875 0.0798170132170731 -0.260248733747394 0.000760098206679826 0
1.859375 0.0793012555185647 -0.267862522676001 0.000760097831494275 0
1.861328125 0.0787706752378699 -0.275426349091505 0.000760097448032339 0
1.86328125 0.0782253713424261 -0.282938800008201 0.000760097056578472 0
1.865234375 0.0776654455503379 -0.290398471859306 0.000760096657423224 0
1.8671875 0.0770910023117257 -0.297803970758087 0.000760096250862858 0
1.869140625 0.0765021487895641 -0.30515391275749 0.000760095837199267 0
1.87109375 0.0758989948400167 -0.312446924108236 0.000760095416739732 0
1.873046875 0.0752816529922663 -0.319681641515314 0.000760094989796651 0
1.875 0.0746502384278475 -0.326856712392837 0.000760094556687289 0
1.876953125 0.0740048689594818 -0.33397079511722 0.000760094117733687 0
1.87890625 0.0733456650094209 -0.341022559278615 0.000760093673262248 0
1.880859375 0.0726727495872997 -0.348010685930567 0.000760093223603622 0
1.8828125 0.0719862482675046 -0.354933867837841 0.000760092769092421 0
1.884765625 0.0712862891660582 -0.361790809722364 0.00076009231006701 0
1.88671875 0.0705730029170266 -0.368580228507252 0.00076009184686913 0
1.888671875 0.0698465226484517 -0.375300853558844 0.000760091379843855 0
1.890625 0.0691069839578124 -0.381951426926728 0.00076009090933915 0
1.892578125 0.0683545248870192 -0.388530703581676 0.000760090435705728 0
1.89453125 0.0675892858969465 -0.395037451651472 0.000760089959296721 0
1.896484375 0.0668114098415056 -0.401470452654551 0.000760089480467477 0
1.8984375 0.0660210419412646 -0.407828501731434 0.000760088999575263 0
1.900390625 0.0652183297566172 -0.414110407873875 0.000760088516979006 0
1.90234375 0.0644034231605073 -0.420314994151696 0.000760088033039014 0
1.904296875 0.0635764743107121 -0.426441097937255 0.000760087548116768 0
1.90625 0.0627376376216899 -0.432487571127484 0.000760087062574553 0
1.908203125 0.0618870697359954 -0.438453280363466 0.000760086576775253 0
1.91015625 0.0610249294952701 -0.444337107247495 0.000760086091082118 0
1.912109375 0.0601513779108099 -0.450137948557559 0.000760085605858404 0
1.9140625 0.0592665781337171 -0.455854716459218 0.000760085121467092 0
1.916015625 0.058370695424641 -0.461486338714807 0.000760084638270779 0
1.91796875 0.0574638971231124 -0.467031758889931 0.000760084156631204 0
1.919921875 0.0565463526164773 -0.472489936557187 0.000760083676909069 0
1.921875 0.0556182333084359 -0.477859847497087 0.000760083199463819 0
1.923828125 0.0546797125871918 -0.48314048389611 0.000760082724653235 0
1.92578125 0.0537309657932167 -0.488330854541848 0.000760082252833338 0
1.927734375 0.0527721701866377 -0.493429985015196 0.000760081784357922 0
1.9296875 0.0518035049142511 -0.498436917879544 0.000760081319578466 0
1.931640625 0.0508251509761707 -0.503350712866904 0.000760080858843773 0
1.93359375 0.0498372911921147 -0.508170447060954 0.000760080402499696 0
1.935546875 0.0488401101673388 -0.512895215076926 0.000760079950888906 0
1.9375 0.0478337942582205 -0.517524129238312 0.000760079504350693 0
1.939453125 0.0468185315375017 -0.522056319750327 0.000760079063220558 0
1.94140625 0.0457945117591958 -0.526490934870096 0.000760078627830079 0
1.943359375 0.0447619263231654 -0.530827141073513 0.000760078198506615 0
1.9453125 0.0437209682393774 -0.535064123218731 0.000760077775573089 0
1.947265625 0.0426718320918422 -0.539201084706234 0.000760077359347669 0
1.94921875 0.0416147140022436 -0.543237247635464 0.000760076950143611 0
1.951171875 0.0405498115932662 -0.547171852957935 0.000760076548268928 0
1.953125 0.0394773239516267 -0.551004160626822 0.000760076154026232 0
1.955078125 0.0383974515908176 -0.554733449742952 0.000760075767712491 0
1.95703125 0.0373103964135683 -0.558359018697191 0.000760075389618735 0
1.958984375 0.0362163616740317 -0.56188018530916 0.000760075020029903 0
1.9609375 0.0351155519397044 -0.56529628696225 0.000760074659224586 0
1.962890625 0.0340081730530854 -0.568606680734911 0.000760074307474869 0
1.96484375 0.0328944320930836 -0.571810743528153 0.000760073965045991 0
1.966796875 0.0317745373361786 -0.574907872189245 0.000760073632196284 0
1.96875 0.0306486982173444 -0.577897483631568 0.000760073309176925 0
1.970703125 0.0295171252907428 -0.580779014950581 0.00076007299623167 0
1.97265625 0.0283800301901937 -0.583551923535883 0.000760072693596781 0
1.974609375 0.0272376255894307 -0.586215687179324 0.000760072401500748 0
1.9765625 0.0260901251621495 -0.588769804179134 0.000760072120164169 0
1.978515625 0.024937743541856 -0.591213793440051 0.000760071849799576 0
1.98046875 0.0237806962815243 -0.593547194569409 0.000760071590611201 0
1.982421875 0.0226191998130692 -0.595769567969161 0.000760071342794911 0
1.984375 0.0214534714066447 -0.597880494923805 0.000760071106537999 0
1.986328125 0.0202837291297731 -0.599879577684196 0.000760070882019057 0
1.98828125 0.0191101918063158 -0.601766439547209 0.000760070669407824 0
1.990234375 0.0179330789752918 -0.603540724931236 0.000760070468865081 0
1.9921875 0.0167526108495532 -0.605202099447498 0.000760070280542464 0
1.994140625 0.0155690082743251 -0.606750249967128 0.000760070104582417 0
1.99609375 0.0143824926856191 -0.608184884684042 0.000760069941118046 0
1.998046875 0.013193286068528 -0.609505733173543 0.000760069790273038 0
2 0.0120016109154099 -0.610712546446663 0.000760069652161522 0
