0 0.424539556431053 0 0.0174169708847885 -0
0.001953125 0.4245010208235 -0.0394587801100477 0.0174169707520469 0
0.00390625 0.424385420571248 -0.07891083223284 0.0174169703538893 0
0.005859375 0.42419277538509 -0.118349428825546 0.0174169696905181 0
0.0078125 0.423923118114898 -0.157767843235306 0.0174169687622705 0
0.009765625 0.423576494747452 -0.19715935014702 0.0174169675696189 0
0.01171875 0.423152964403387 -0.236517226034503 0.0174169661131709 0
0.013671875 0.422652599333255 -0.275834749616097 0.0174169643936697 0
0.015625 0.422075484912699 -0.31510520231588 0.0174169624119948 0
0.017578125 0.421421719636708 -0.354321868731527 0.0174169601691614 0
0.01953125 0.420691415112966 -0.393478037109941 0.0174169576663219 0
0.021484375 0.419884696054248 -0.432566999831709 0.0174169549047659 0
0.0234375 0.419001700269873 -0.471582053905443 0.0174169518859207 0
0.025390625 0.41804257865618 -0.510516501473059 0.0174169486113519 0
0.02734375 0.417007495185994 -0.549363650326999 0.0174169450827641 0
0.029296875 0.41589662689709 -0.588116814440423 0.0174169413020016 0
0.03125 0.414710163879586 -0.626769314511344 0.0174169372710488 0
0.033203125 0.41344830926228 -0.66531447852166 0.0174169329920312 0
0.03515625 0.412111279197861 -0.703745642312041 0.017416928467216 0
0.037109375 0.410699302846998 -0.742056150173561 0.0174169236990125 0
0.0390625 0.409212622361246 -0.780239355456968 0.0174169186899734 0
0.041015625 0.407651492864745 -0.81828862120045 0.0174169134427952 0
0.04296875 0.406016182434681 -0.856197320776704 0.0174169079603186 0
0.044921875 0.404306972080461 -0.893958838560123 0.0174169022455299 0
0.046875 0.402524155721556 -0.931566570614829 0.0174168963015608 0
0.048828125 0.400668040163996 -0.969013925404299 0.01741689013169 0
0.05078125 0.398738945075445 -1.00629432452325 0.0174168837393428 0
0.052734375 0.396737202958827 -1.04340120345243 0.0174168771280923 0
0.0546875 0.394663159124459 -1.08032801233696 0.0174168703016596 0
0.056640625 0.392517171660636 -1.11706821678869 0.0174168632639143 0
0.05859375 0.390299611402629 -1.15361529871324 0.0174168560188749 0
0.060546875 0.388010861900038 -1.18996275716206 0.0174168485707088 0
0.0625 0.385651319382464 -1.22610410921003 0.0174168409237325 0
0.064453125 0.383221392723436 -1.26203289085902 0.017416833082412 0
0.06640625 0.380721503402546 -1.29774265796755 0.0174168250513624 0
0.068359375 0.37815208546575 -1.33322698720715 0.0174168168353478 0
0.0703125 0.375513585483768 -1.36847947704544 0.017416808439281 0
0.072265625 0.372806462508542 -1.40349374875609 0.0174167998682231 0
0.07421875 0.37003118802769 -1.43826344745608 0.017416791127383 0
0.076171875 0.367188245916916 -1.47278224317 0.0174167822221164 0
0.078125 0.364278132390307 -1.50704383192168 0.0174167731579251 0
0.080078125 0.361301355948472 -1.54104193685301 0.017416763940456 0
0.08203125 0.358258437324475 -1.57477030936994 0.0174167545754996 0
0.083984375 0.355149909427496 -1.60822273031548 0.0174167450689888 0
0.0859375 0.35197631728418 -1.64139301116958 0.0174167354269972 0
0.087890625 0.348738217977615 -1.67427499527559 0.0174167256557374 0
0.08984375 0.345436180583885 -1.70686255909309 0.0174167157615585 0
0.091796875 0.342070786106157 -1.73914961347665 0.0174167057509446 0
0.09375 0.338642627406242 -1.77113010498017 0.0174166956305117 0
0.095703125 0.335152309133579 -1.80279801718638 0.0174166854070055 0
0.09765625 0.331600447651607 -1.83414737206087 0.0174166750872981 0
0.099609375 0.327987670961466 -1.86517223133016 0.0174166646783851 0
0.1015625 0.324314618622974 -1.89586669788324 0.0174166541873822 0
0.103515625 0.320581941672859 -1.9262249171957 0.0174166436215215 0
0.10546875 0.316790302540178 -1.95624107877596 0.0174166329881479 0
0.107421875 0.312940374958891 -1.98590941763257 0.0174166222947145 0
0.109375 0.309032843877551 -2.01522421576194 0.0174166115487787 0
0.111328125 0.305068405366071 -2.04417980365546 0.0174166007579976 0
0.11328125 0.301047766519522 -2.07277056182509 0.0174165899301227 0
0.115234375 0.296971645358941 -2.1009909223465 0.0174165790729955 0
0.1171875 0.292840770729106 -2.1288353704185 0.0174165681945414 0
0.119140625 0.288655882193244 -2.15629844593795 0.0174165573027649 0
0.12109375 0.284417729924661 -2.18337474508874 0.0174165464057432 0
0.123046875 0.280127074595241 -2.21005892194371 0.0174165355116202 0
0.125 0.275784687260818 -2.23634569007844 0.0174165246286007 0
0.126953125 0.271391349243372 -2.26222982419526 0.0174165137649431 0
0.12890625 0.266947852010055 -2.28770616175657 0.0174165029289532 0
0.130859375 0.262454997049011 -2.31276960462576 0.0174164921289772 0
0.1328125 0.257913595741986 -2.33741512071449 0.0174164813733943 -0
0.134765625 0.25332446923372 -2.36163774563482 0.0174164706706093 -0
0.13671875 0.2486884482981 -2.38543258435482 0.0174164600290451 -0
0.138671875 0.244006373201084 -2.40879481285589 0.0174164494571351 -0
0.140625 0.239279093560382 -2.43171967979057 0.0174164389633149 -0
0.142578125 0.234507468201902 -2.45420250813899 0.0174164285560142 -0
0.14453125 0.229692365012964 -2.47623869686254 0.0174164182436491 -0
0.146484375 0.224834660792283 -2.49782372255302 0.0174164080346127 -0
0.1484375 0.219935241096741 -2.51895314107573 0.0174163979372674 -0
0.150390625 0.214995000084956 -2.53962258920466 0.0174163879599357 -0
0.15234375 0.21001484035766 -2.55982778624838 0.0174163781108915 -0
0.154296875 0.204995672794923 -2.57956453566466 0.0174163683983516 -0
0.15625 0.19993841639022 -2.59882872666221 0.0174163588304661 -0
0.158203125 0.194843998081399 -2.61761633578797 0.0174163494153098 -0
0.16015625 0.189713352578549 -2.63592342849798 0.0174163401608731 -0
0.162109375 0.184547422188828 -2.65374616071034 0.0174163310750528 -0
0.1640625 0.179347156638274 -2.67108078033835 0.0174163221656429 -0
0.166015625 0.174113512890632 -2.68792362880231 0.0174163134403255 -0
0.16796875 0.168847454963265 -2.70427114251811 0.0174163049066622 -0
0.169921875 0.16354995374017 -2.720119854361 0.017416296572084 -0
0.171875 0.158221986782167 -2.73546639510279 0.0174162884438835 -0
0.173828125 0.1528645381343 -2.75030749482097 0.0174162805292048 -0
0.17578125 0.147478598130523 -2.76463998427781 0.0174162728350357 -0
0.177734375 0.142065163195715 -2.77846079626816 0.0174162653681981 -0
0.1796875 0.1366252356451 -2.79176696693407 0.01741625813534 -0
0.181640625 0.131159823481129 -2.80455563704479 0.0174162511429265 -0
0.18359375 0.125669940187894 -2.81682405324056 0.017416244397232 -0
0.185546875 0.120156604523158 -2.82856956923875 0.0174162379043317 -0
0.1875 0.114620840308055 -2.83978964700075 0.0174162316700937 -0
0.189453125 0.109063676214561 -2.8504818578583 0.0174162257001715 -0
0.19140625 0.103486145550796 -2.86064388359776 0.0174162199999962 -0
0.193359375 0.0978892860442573 -2.87027351750112 0.0174162145747693 -0
0.1953125 0.0922741396230574 -2.87936866534222 0.0174162094294561 -0
0.197265625 0.0866417521952642 -2.88792734633721 0.0174162045687784 -0
0.19921875 0.0809931734264276 -2.89594769404778 0.0174161999972084 -0
0.201171875 0.0753294565153901 -2.90342795723621 0.0174161957189626 -0
0.203125 0.0696516579684737 -2.91036650067108 0.0174161917379958 -0
0.205078125 0.0639608373721437 -2.91676180588257 0.0174161880579958 -0
0.20703125 0.0582580571642449 -2.92261247186648 0.0174161846823785 -0
0.208984375 0.0525443824039152 -2.927917215736 0.0174161816142825 -0
0.2109375 0.0468208805402762 -2.93267487332032 0.0174161788565655 -0
0.212890625 0.0410886211800077 -2.93688439970954 0.0174161764117996 -0
0.21484375 0.0353486758539108 -2.94054486974487 0.0174161742822682 -0
0.216796875 0.0296021177825668 -2.94365547845373 0.0174161724699625 -0
0.21875 0.0238500216412009 -2.94621554142904 0.0174161709765787 -0
0.220703125 0.0180934633238596 -2.94822449515227 0.0174161698035158 -0
0.22265625 0.0123335197070123 -2.94968189725984 0.0174161689518733 -0
0.224609375 0.00657126841268839 -2.95058742675239 0.01741616842245 -0
0.2265625 0.000807787571260815 -2.95094088414691 0.0174161682157426 -0
0.228515625 -0.00495584441601049 -2.95074219157122 0.0174161683319451 -0
0.23046875 -0.0107185491145643 -2.94999139280092 0.0174161687709483 -0
0.232421875 -0.0164792482941391 -2.9486886532386 0.0174161695323404 -0
0.234375 -0.0222368641662776 -2.94683425983549 0.0174161706154072 -0
0.236328125 -0.0279903196216215 -2.94442862095549 0.0174161720191334 -0
0.23828125 -0.0337385384668849 -2.94147226618184 0.0174161737422038 -0
0.240234375 -0.0394804456613943 -2.93796584606678 0.0174161757830051 -0
0.2421875 -0.0452149675530833 -2.93391013182425 0.0174161781396287 -0
0.244140625 -0.0509410321138328 -2.92930601496638 0.0174161808098728 -0
0.24609375 -0.0566575691740457 -2.92415450688398 0.0174161837912456 -0
0.248046875 -0.0623635106563483 -2.91845673837168 0.0174161870809694 -0
0.25 -0.0680577908083101 -2.91221395909831 0.0174161906759837 -0
0.251953125 -0.0737393464340761 -2.9054275370233 0.01741619457295 -0
0.25390625 -0.0794071171248073 -2.89809895775966 0.0174161987682562 -0
0.255859375 -0.0850600454878248 -2.89022982388457 0.0174162032580216 -0
0.2578125 -0.0906970773743564 -2.88182185419835 0.0174162080381028 -0
0.259765625 -0.096317162105787 -2.87287688293275 0.0174162131040984 -0
0.26171875 -0.101919252698312 -2.86339685890968 0.017416218451356 -0
0.263671875 -0.107502306085903 -2.85338384465132 0.0174162240749779 -0
0.265625 -0.113065283341482 -2.84284001544278 0.0174162299698283 -0
0.267578125 -0.118607149896226 -2.83176765834861 0.0174162361305394 -0
0.26953125 -0.124126875756906 -2.82016917118422 0.0174162425515196 -0
0.271484375 -0.129623435721165 -2.80804706144357 0.01741624922696 -0
0.2734375 -0.13509580959067 -2.79540394518451 0.0174162561508427 -0
0.275390625 -0.140542982382042 -2.78224254587311 0.0174162633169483 -0
0.27734375 -0.145963944535487 -2.76856569318839 0.0174162707188644 -0
0.279296875 -0.151357692121059 -2.7543763217889 0.0174162783499933 -0
0.28125 -0.156723227042475 -2.73967747004277 0.0174162862035611 -0
0.283203125 -0.162059557238413 -2.72447227872255 0.0174162942726255 -0
0.28515625 -0.167365696881235 -2.70876398966665 0.0174163025500855 -0
0.287109375 -0.172640666573049 -2.69255594440878 0.0174163110286891 -0
0.2890625 -0.177883493539081 -2.67585158277711 0.0174163197010431 -0
0.291015625 -0.183093211818272 -2.65865444146475 0.0174163285596218 -0
0.29296875 -0.188268862451053 -2.64096815257329 0.0174163375967759 -0
0.294921875 -0.193409493664261 -2.62279644213097 0.0174163468047417 -0
0.296875 -0.198514161053127 -2.60414312858722 0.0174163561756504 -0
0.298828125 -0.203581927760305 -2.58501212128533 0.017416365701537 -0
0.30078125 -0.208611864651898 -2.5654074189149 0.0174163753743494 -0
0.302734375 -0.213603050490441 -2.54533310794576 0.0174163851859575 -0
0.3046875 -0.218554572104811 -2.52479336104514 0.0174163951281625 -0
0.306640625 -0.223465524557024 -2.50379243547985 0.0174164051927056 -0
0.30859375 -0.228335011305904 -2.482334671505 0.017416415371277 -0
0.310546875 -0.23316214436759 -2.4604244907412 0.0174164256555245 -0
0.3125 -0.237946044472862 -2.43806639454172 0.0174164360370628 -0
0.314453125 -0.242685841221269 -2.41526496235153 0.0174164465074814 -0
0.31640625 -0.247380673232048 -2.39202485005959 0.0174164570583537 -0
0.318359375 -0.252029688291814 -2.36835078834638 0.0174164676812447 -0
0.3203125 -0.256632043499026 -2.34424758102796 0.0174164783677197 -0
0.322265625 -0.261186905405205 -2.31972010339849 0.0174164891093521 -0
0.32421875 -0.265693450152926 -2.29477330057254 0.0174164998977311 -0
0.326171875 -0.270150863610566 -2.26941218582886 0.0174165107244697 -0
0.328125 -0.27455834150382 -2.24364183895716 0.0174165215812117 -0
0.330078125 -0.278915089543993 -2.21746740460928 0.0174165324596393 -0
0.33203125 -0.283220323553075 -2.19089409065634 0.01741654335148 -0
0.333984375 -0.287473269585619 -2.16392716655321 0.0174165542485134 -0
0.3359375 -0.291673164047424 -2.13657196171169 0.0174165651425778 -0
0.337890625 -0.295819253811055 -2.10883386388374 0.0174165760255767 -0
0.33984375 -0.299910796328219 -2.08071831755615 0.0174165868894848 -0
0.341796875 -0.303947059739009 -2.0522308223577 0.0174165977263538 -0
0.34375 -0.307927322978054 -2.02337693148034 0.0174166085283181 -0
0.345703125 -0.311850875877604 -1.99416225011519 0.0174166192876005 -0
0.34765625 -0.315717019267567 -1.96459243390475 0.017416629996517 -0
0.349609375 -0.319525065072544 -1.93467318741233 0.0174166406474816 -0
0.3515625 -0.323274336405896 -1.9044102626096 0.0174166512330118 -0
0.353515625 -0.326964167660863 -1.87380945738338 0.0174166617457316 -0
0.35546875 -0.3305939045988 -1.84287661406248 0.0174166721783772 -0
0.357421875 -0.334162904434545 -1.81161761796551 0.0174166825237998 -0
0.359375 -0.337670535918978 -1.7800383959705 0.0174166927749697 -0
0.361328125 -0.341116179418805 -1.74814491510687 0.0174167029249799 -0
0.36328125 -0.344499226993614 -1.71594318117085 0.017416712967049 -0
0.365234375 -0.347819082470253 -1.68343923736452 0.0174167228945243 -0
0.3671875 -0.351075161514569 -1.65063916295945 0.0174167327008846 -0
0.369140625 -0.354266891700563 -1.61754907198526 0.0174167423797426 -0
0.37109375 -0.357393712577011 -1.58417511194362 0.0174167519248472 -0
0.373046875 -0.360455075731593 -1.55052346254812 0.0174167613300858 -0
0.375 -0.36345044485259 -1.51660033449042 0.0174167705894857 -0
0.376953125 -0.366379295788196 -1.48241196823284 0.0174167796972165 -0
0.37890625 -0.3692411166035 -1.44796463282785 0.0174167886475909 -0
0.380859375 -0.37203540763518 -1.41326462476445 0.0174167974350662 -0
0.3828125 -0.374761681543986 -1.37831826684175 0.0174168060542457 -0
0.384765625 -0.377419463365031 -1.34313190706971 0.0174168144998793 -0
0.38671875 -0.380008290555977 -1.30771191759718 0.0174168227668644 -0
0.388671875 -0.382527713043145 -1.27206469366704 0.0174168308502466 -0
0.390625 -0.384977293265614 -1.23619665259866 0.01741683874522 -0
0.392578125 -0.387356606217358 -1.20011423279723 0.0174168464471278 -0
0.39453125 -0.389665239487478 -1.16382389278999 0.0174168539514622 -0
0.396484375 -0.391902793298569 -1.12733211028909 0.0174168612538647 -0
0.3984375 -0.394068880543295 -1.09064538128076 0.0174168683501262 -0
0.400390625 -0.396163126819197 -1.05377021914042 0.0174168752361864 -0
0.40234375 -0.398185170461812 -1.01671315377359 0.0174168819081341 -0
0.404296875 -0.400134662576125 -0.979480730781812 0.0174168883622066 -0
0.40625 -0.402011267066428 -0.942079510653449 0.0174168945947893 -0
0.408203125 -0.403814660664615 -0.904516067978668 0.0174169006024156 -0
0.41015625 -0.40554453295697 -0.866796990688109 0.0174169063817657 -0
0.412109375 -0.407200586409491 -0.828928879314637 0.0174169119296667 -0
0.4140625 -0.408782536391793 -0.790918346277549 0.0174169172430918 -0
0.416015625 -0.410290111199637 -0.752772015188556 0.0174169223191594 -0
0.41796875 -0.411723052076123 -0.71449652017883 0.0174169271551326 -0
0.419921875 -0.413081113231586 -0.676098505246372 0.0174169317484187 -0
0.421875 -0.414364061862242 -0.637584623622921 0.0174169360965681 -0
0.423828125 -0.415571678167613 -0.598961537159581 0.0174169401972738 -0
0.42578125 -0.416703755366771 -0.560235915730333 0.0174169440483708 -0
0.427734375 -0.417760099713434 -0.521414436652545 0.0174169476478351 -0
0.4296875 -0.418740530509945 -0.482503784123594 0.0174169509937832 -0
0.431640625 -0.419644880120167 -0.443510648672644 0.0174169540844716 -0
0.43359375 -0.420472993981323 -0.404441726626648 0.0174169569182956 -0
0.435546875 -0.421224730614803 -0.365303719589592 0.0174169594937892 -0
0.4375 -0.42189996163597 -0.32610333393397 0.0174169618096243 -0
0.439453125 -0.422498571762982 -0.286847280303478 0.0174169638646102 -0
0.44140625 -0.423020458824655 -0.2475422731259 0.0174169656576931 -0
0.443359375 -0.42346553376738 -0.208195030135107 0.0174169671879556 -0
0.4453125 -0.42383372066112 -0.168812271901123 0.0174169684546164 -0
0.447265625 -0.424124956704494 -0.129400721367173 0.0174169694570298 -0
0.44921875 -0.424339192228961 -0.0899671033926002 0.0174169701946856 -0
0.451171875 -0.424476390702121 -0.0505181443005818 0.0174169706672086 -0
0.453125 -0.424536528730135 -0.0110605714295065 0.0174169708743589 -0
0.455078125 -0.424519596059268 0.0283988873130876 0.0174169708160311 0
0.45703125 -0.424425595576568 0.0678535038951385 0.0174169704922549 0
0.458984375 -0.424254543309677 0.107296550604372 0.0174169699031948 0
0.4609375 -0.42400646842577 0.14672130049342 0.0174169690491502 0
0.462890625 -0.423681413229625 0.186121027826869 0.0174169679305554 0
0.46484375 -0.423279433160821 0.225489008531358 0.0174169665479803 0
0.466796875 -0.422800596790049 0.26481852064983 0.0174169649021301 0
0.46875 -0.422244985814533 0.304102844801061 0.0174169629938458 0
0.470703125 -0.421612695052545 0.343335264645548 0.0174169608241047 0
0.47265625 -0.420903832437011 0.382509067358852 0.0174169583940207 0
0.474609375 -0.420118519008175 0.421617544113471 0.0174169557048448 0
0.4765625 -0.419256888905318 0.460653990570309 0.0174169527579657 0
0.478515625 -0.41831908935751 0.499611707380781 0.0174169495549101 0
0.48046875 -0.417305280673362 0.538484000700587 0.0174169460973438 0
0.482421875 -0.416215636229773 0.577264182716168 0.0174169423870716 0
0.484375 -0.415050342459627 0.615945572184834 0.0174169384260388 0
0.486328125 -0.413809598838426 0.654521494989527 0.0174169342163311 0
0.48828125 -0.412493617869824 0.692985284709167 0.017416929760176 0
0.490234375 -0.411102625070031 0.731330283205503 0.0174169250599429 0
0.4921875 -0.409636858951053 0.769549841227352 0.0174169201181442 0
0.494140625 -0.408096571002736 0.807637319033095 0.0174169149374359 0
0.49609375 -0.406482025673579 0.845586087032253 0.0174169095206184 0
0.498046875 -0.404793500350267 0.88338952644696 0.0174169038706371 0
0.5 -0.403031285335896 0.921041029994076 0.0174168979905828 0
0.501953125 -0.401195683826852 0.958534002588692 0.017416891883693 0
0.50390625 -0.399287011888284 0.995861862069707 0.0174168855533518 0
0.505859375 -0.397305598428143 1.03301803994814 0.0174168790030909 0
0.5078125 -0.395251785169737 1.0699959821788 0.0174168722365898 0
0.509765625 -0.393125926622757 1.10678914995588 0.0174168652576765 0
0.51171875 -0.390928390052721 1.14339102053299 0.0174168580703276 0
0.513671875 -0.3886595554488 1.17979508806821 0.0174168506786688 0
0.515625 -0.386319815489955 1.21599486449444 0.0174168430869749 0
0.517578125 -0.383909575509368 1.25198388041568 0.01741683529967 0
0.51953125 -0.381429253457081 1.28775568602932 0.0174168273213272 0
0.521484375 -0.378879279860816 1.32330385207503 0.0174168191566691 0
0.5234375 -0.376260097784913 1.35862197081025 0.0174168108105668 0
0.525390625 -0.373572162787339 1.3937036570127 0.0174168022880398 0
0.52734375 -0.370815942874707 1.4285425490099 0.0174167935942556 0
0.529296875 -0.367991918455269 1.46313230973591 0.017416784734529 0
0.53125 -0.365100582289802 1.49746662781529 0.0174167757143209 0
0.533203125 -0.362142439440365 1.53153921867434 0.0174167665392376 0
0.53515625 -0.359118007216855 1.56534382567945 0.0174167572150295 0
0.537109375 -0.356027815121305 1.59887422130254 0.0174167477475898 0
0.5390625 -0.352872404789892 1.63212420831348 0.0174167381429528 0
0.541015625 -0.34965232993258 1.66508762099909 0.0174167284072922 0
0.54296875 -0.346368156270364 1.69775832640859 0.0174167185469192 0
0.544921875 -0.343020461470047 1.73013022562518 0.0174167085682803 0
0.546875 -0.339609835076516 1.76219725506324 0.0174166984779547 0
0.548828125 -0.336136878442456 1.7939533877908 0.0174166882826522 0
0.55078125 -0.332602204655458 1.82539263487675 0.0174166779892095 0
0.552734375 -0.329006438462469 1.85650904676228 0.0174166676045882 0
0.5546875 -0.325350216191543 1.88729671465588 0.0174166571358705 0
0.556640625 -0.321634185670844 1.91774977195117 0.0174166465902564 0
0.55859375 -0.317859006144859 1.94786239566709 0.0174166359750595 0
0.560546875 -0.31402534818777 1.97762880790931 0.0174166252977029 0
0.5625 -0.310133893613963 2.00704327735238 0.0174166145657155 0
0.564453125 -0.306185335385612 2.03610012074144 0.0174166037867265 0
0.56640625 -0.302180377517317 2.06479370441281 0.0174165929684619 0
0.568359375 -0.298119734977749 2.09311844583224 0.0174165821187382 0
0.5703125 -0.294004133588284 2.12106881514994 0.0174165712454579 0
0.572265625 -0.28983430991857 2.14863933677124 0.017416560356604 0
0.57421875 -0.285611011179022 2.17582459094174 0.0174165494602338 0
0.576171875 -0.281334995110204 2.20261921534576 0.0174165385644733 0
0.578125 -0.277007029869077 2.22901790671687 0.0174165276775106 0
0.580078125 -0.272627893912091 2.25501542245924 0.01741651680759 0
0.58203125 -0.268198375875096 2.28060658227843 0.0174165059630046 0
0.583984375 -0.263719274450066 2.30578626982034 0.0174164951520901 0
0.5859375 -0.25919139825861 2.33054943431686 0.017416484383217 0
0.587890625 -0.254615565722266 2.3548910922368 0.0174164736647838 0
0.58984375 -0.24999260492956 2.37880632894062 0.0174164630052091 0
0.591796875 -0.245323353499841 2.4022903003375 0.0174164524129242 0
0.59375 -0.240608658443867 2.42533823454311 0.0174164418963647 0
0.595703125 -0.235849376021157 2.44794543353664 0.0174164314639631 0
0.59765625 -0.231046371594114 2.47010727481539 0.0174164211241398 0
0.599609375 -0.22620051947891 2.49181921304537 0.0174164108852955 0
0.6015625 -0.221312702793156 2.51307678170623 0.0174164007558018 0
0.603515625 -0.21638381330037 2.53387559472885 0.0174163907439935 0
0.60546875 -0.211414751251246 2.55421134812403 0.017416380858159 0
0.607421875 -0.20640642522176 2.57407982160039 0.0174163711065319 0
0.609375 -0.20135975194812 2.59347688016992 0.0174163614972819 0
0.611328125 -0.196275656158597 2.61239847573951 0.0174163520385059 0
0.61328125 -0.191155070402262 2.63084064868656 0.0174163427382189 0
0.615234375 -0.185998934874665 2.64879952941717 0.0174163336043447 0
0.6171875 -0.180808197240477 2.66627133990497 0.0174163246447071 0
0.619140625 -0.175583812453161 2.68325239520911 0.0174163158670207 0
0.62109375 -0.170326742571691 2.69973910496951 0.0174163072788814 0
0.623046875 -0.165037956574374 2.71572797487774 0.0174162988877581 0
0.625 -0.159718430169825 2.73121560812189 0.0174162907009828 0
0.626953125 -0.154369145605148 2.74619870680366 0.0174162827257423 0
0.62890625 -0.148991091471373 2.7606740733261 0.0174162749690691 0
0.630859375 -0.143585262506218 2.7746386117503 0.0174162674378323 0
0.6328125 -0.138152659394223 2.7880893291195 0.0174162601387297 0
0.634765625 -0.132694288564345 2.80102333674893 0.0174162530782784 0
0.63671875 -0.127211161985048 2.81343785147994 0.0174162462628072 0
0.638671875 -0.121704296957001 2.82533019689681 0.0174162396984478 0
0.640625 -0.11617471590342 2.83669780450477 0.0174162333911272 0
0.642578125 -0.110623446158154 2.84753821486789 0.0174162273465599 0
0.64453125 -0.105051519751592 2.85784907870526 0.0174162215702399 0
0.646484375 -0.0994599731944618 2.86762815794425 0.017416216067434 0
0.6484375 -0.0938498472596224 2.87687332672941 0.0174162108431743 0
0.650390625 -0.0882221867619251 2.8855825723859 0.0174162059022514 0
0.65234375 -0.0825780403362399 2.89375399633603 0.0174162012492082 0
0.654296875 -0.0769184602137374 2.90138581496802 0.0174161968883334 0
0.65625 -0.0712445019965211 2.90847636045552 0.0174161928236558 0
0.658203125 -0.065557224430708 2.91502408152726 0.0174161890589386 0
0.66015625 -0.0598576891780552 2.92102754418547 0.0174161855976743 0
0.662109375 -0.0541469605862335 2.92648543237237 0.0174161824430798 0
0.6640625 -0.0484261054578507 2.93139654858383 0.0174161795980919 0
0.666015625 -0.0426961928183279 2.93575981442934 0.0174161770653631 0
0.66796875 -0.036958293682736 2.93957427113765 0.0174161748472581 0
0.669921875 -0.0312134808216965 2.94283908000736 0.0174161729458503 0
0.671875 -0.0254628285264573 2.94555352280191 0.0174161713629189 0
0.673828125 -0.0197074123732515 2.94771700208843 0.0174161700999463 0
0.67578125 -0.0139483089870493 2.94932904152008 0.0174161691581163 0
0.677734375 -0.00818659580481372 2.95038928606136 0.017416168538312 0
0.6796875 -0.00242335083837218 2.95089750215623 0.0174161682411148 0
0.681640625 0.00334034756298407 2.95085357783886 0.0174161682668037 0
0.68359375 0.00910342095006087 2.95025752278661 0.0174161686153545 0
0.685546875 0.0148647910113693 2.94910946831551 0.0174161692864401 0
0.6875 0.0206233798106683 2.94740966731798 0.0174161702794311 0
0.689453125 0.0263781100243301 2.94515849414303 0.0174161715933964 0
0.69140625 0.0321279051784145 2.94235644441897 0.0174161732271047 0
0.693359375 0.0378716898853417 2.93900413481901 0.017416175179026 0
0.6953125 0.0436083900800513 2.93510230276992 0.0174161774473342 0
0.697265625 0.0493369332555368 2.93065180610422 0.0174161800299094 0
0.69921875 0.0550562486976459 2.92565362265628 0.017416182924341 0
0.701171875 0.0607652677190378 2.92010884980295 0.0174161861279307 0
0.703125 0.0664629238921887 2.91401870394923 0.017416189637697 0
0.705078125 0.0721481532813395 2.90738451995971 0.0174161934503789 0
0.70703125 0.0778198946732813 2.90020775053643 0.0174161975624405 0
0.708984375 0.0834770898068724 2.89248996554411 0.0174162019700759 0
0.7109375 0.0891186836011879 2.88423285128344 0.0174162066692146 0
0.712890625 0.0947436243821984 2.87543820971355 0.017416211655527 0
0.71484375 0.100350864107881 2.86610795762444 0.0174162169244306 0
0.716796875 0.105939358591669 2.85624412576066 0.0174162224710956 0
0.71875 0.111508067724134 2.84584885789716 0.0174162282904523 0
0.720703125 0.11705595569283 2.83492440986859 0.0174162343771973 0
0.72265625 0.122581991200183 2.82347314855323 0.0174162407258008 0
0.724609375 0.128085147679366 2.81149755081281 0.0174162473305143 0
0.7265625 0.133564403508046 2.79900020238959 0.0174162541853775 0
0.728515625 0.13901874221995 2.78598379676205 0.0174162612842267 0
0.73046875 0.144447152714148 2.77245113396054 0.0174162686207029 0
0.732421875 0.149848629461983 2.75840511934445 0.0174162761882594 0
0.734375 0.155222172711587 2.7438487623423 0.0174162839801708 0
0.736328125 0.160566788689883 2.72878517515632 0.0174162919895412 0
0.73828125 0.165881489802041 2.71321757143311 0.0174163002093131 0
0.740234375 0.171165294828294 2.69714926490184 0.017416308632276 0
0.7421875 0.176417229118064 2.68058366798175 0.0174163172510754 0
0.744140625 0.181636324781347 2.66352429036053 0.0174163260582218 0
0.74609375 0.186821620877285 2.64597473754522 0.0174163350460996 0
0.748046875 0.191972163599883 2.62793870938731 0.0174163442069763 0
0.75 0.197087006460829 2.60941999858374 0.0174163535330116 0
0.751953125 0.202165210469351 2.59042248915557 0.0174163630162665 0
0.75390625 0.207205844309093 2.57095015490583 0.0174163726487125 0
0.755859375 0.212207984511952 2.55100705785856 0.0174163824222404 0
0.7578125 0.217170715628853 2.53059734668044 0.0174163923286698 0
0.759765625 0.222093130397422 2.50972525508703 0.0174164023597577 0
0.76171875 0.226974329906537 2.48839510023506 0.0174164125072078 0
0.763671875 0.231813423757716 2.46661128110272 0.0174164227626788 0
0.765625 0.236609530223344 2.44437827685945 0.017416433117794 0
0.767578125 0.241361776401698 2.42170064522707 0.0174164435641489 0
0.76953125 0.246069298368762 2.39858302083383 0.0174164540933207 0
0.771484375 0.25073124132683 2.37503011356307 0.0174164646968758 0
0.7734375 0.255346759749868 2.35104670689814 0.0174164753663786 0
0.775390625 0.259915017525651 2.32663765626513 0.0174164860933996 0
0.77734375 0.264435188094654 2.30180788737511 0.0174164968695227 0
0.779296875 0.26890645458571 2.27656239456737 0.0174165076863534 0
0.78125 0.273328009948433 2.25090623915512 0.0174165185355263 0
0.783203125 0.27769905708241 2.22484454777538 0.0174165294087119 0
0.78515625 0.28201880896318 2.19838251074424 0.0174165402976244 0
0.787109375 0.286286488765004 2.17152538041915 0.0174165511940281 0
0.7890625 0.290501329980442 2.14427846956953 0.0174165620897444 0
0.791015625 0.29466257653676 2.11664714975708 0.0174165729766576 0
0.79296875 0.298769482909181 2.08863684972703 0.017416583846722 0
0.794921875 0.302821314231006 2.06025305381177 0.017416594691967 0
0.796875 0.306817346400633 2.03150130034794 0.0174166055045034 0
0.798828125 0.310756866185491 2.00238718010812 0.0174166162765288 0
0.80078125 0.314639171322931 1.97291633474847 0.0174166270003322 0
0.802734375 0.318463570618102 1.94309445527316 0.0174166376683001 0
0.8046875 0.322229384038841 1.91292728051677 0.0174166482729201 0
0.806640625 0.32593594280762 1.88242059564559 0.0174166588067862 0
0.80859375 0.329582589490582 1.85158023067876 0.0174166692626027 0
0.810546875 0.333168678083709 1.8204120590301 0.0174166796331881 0
0.8125 0.336693574096168 1.78892199607153 0.017416689911479 0
0.814453125 0.340156654630864 1.75711599771874 0.0174167000905337 0
0.81640625 0.343557308462257 1.72500005903993 0.0174167101635353 0
0.818359375 0.346894936111488 1.6925802128882 0.0174167201237947 0
0.8203125 0.350168949918852 1.65986252855822 0.0174167299647536 0
0.822265625 0.353378774113669 1.62685311046776 0.0174167396799868 0
0.82421875 0.356523844881616 1.59355809686451 0.017416749263205 0
0.826171875 0.359603610429546 1.55998365855866 0.0174167587082565 0
0.828125 0.362617531047861 1.52613599768166 0.0174167680091292 0
0.830078125 0.36556507917049 1.49202134647135 0.0174167771599526 0
0.83203125 0.368445739432515 1.45764596608391 0.0174167861549993 0
0.833984375 0.371259008725505 1.4230161454327 0.0174167949886858 0
0.8359375 0.374004396250611 1.38813820005415 0.0174168036555744 0
0.837890625 0.376681423569467 1.35301847100095 0.0174168121503739 0
0.83984375 0.379289624652959 1.31766332376234 0.0174168204679403 0
0.841796875 0.381828545927913 1.2820791472118 0.0174168286032774 0
0.84375 0.384297746321755 1.24627235258173 0.0174168365515379 0
0.845703125 0.386696797305186 1.21024937246534 0.017416844308023 0
0.84765625 0.389025282932948 1.17401665984534 0.0174168518681832 0
0.849609375 0.391282799882707 1.13758068714935 0.0174168592276181 0
0.8515625 0.393468957492125 1.10094794533173 0.0174168663820768 0
0.853515625 0.395583377794159 1.06412494298151 0.0174168733274572 0
0.85546875 0.397625695550646 1.027118205456 0.0174168800598065 0
0.857421875 0.399595558284221 0.989934274039834 0.0174168865753203 0
0.859375 0.401492626308614 0.952579705128829 0.0174168928703426 0
0.861328125 0.403316572757381 0.91506106943822 0.0174168989413652 0
0.86328125 0.405067083611107 0.877384951234762 0.0174169047850274 0
0.865234375 0.406743857723142 0.839557947592075 0.0174169103981151 0
0.8671875 0.408346606843889 0.80158666766862 0.0174169157775606 0
0.869140625 0.409875055643722 0.763477732007649 0.0174169209204417 0
0.87109375 0.411328941734544 0.725237771858423 0.017416925823981 0
0.873046875 0.412708015690044 0.686873428517958 0.0174169304855454 0
0.875 0.414012041064692 0.648391352692538 0.0174169349026453 0
0.876953125 0.415240794411499 0.609798203878183 0.0174169390729339 0
0.87890625 0.416394065298591 0.571100649759228 0.0174169429942063 0
0.880859375 0.417471656324621 0.532305365624167 0.0174169466643992 0
0.8828125 0.418473383133061 0.493419033797844 0.0174169500815897 0
0.884765625 0.419399074425394 0.454448343089081 0.0174169532439951 0
0.88671875 0.420248571973252 0.415399988252792 0.0174169561499719 0
0.888671875 0.421021730629507 0.376280669465614 0.0174169587980153 0
0.890625 0.421718418338352 0.337097091814052 0.0174169611867586 0
0.892578125 0.422338516144405 0.297855964794142 0.0174169633149726 0
0.89453125 0.422881918200829 0.258564001821574 0.0174169651815653 0
0.896484375 0.423348531776521 0.219227919751251 0.0174169667855809 0
0.8984375 0.423738277262358 0.179854438405203 0.0174169681262001 0
0.900390625 0.424051088176541 0.140450280107782 0.0174169692027393 0
0.90234375 0.424286911169029 0.10102216922705 0.0174169700146502 0
0.904296875 0.424445706025084 0.0615768317212617 0.0174169705615199 0
0.90625 0.42452744566794 0.0221209946893228 0.0174169708430704 0
0.908203125 0.424532116160589 -0.0173386140758718 0.0174169708591589 -0
0.91015625 0.424459716706706 -0.0567952665323557 0.017416970609777 -0
0.912109375 0.424310259650697 -0.0962422348333762 0.0174169700950515 -0
0.9140625 0.424083770476888 -0.135672791772174 0.0174169693152439 -0
0.916015625 0.423780287807837 -0.175080211228379 0.0174169682707508 -0
0.91796875 0.423399863401777 -0.214457768617137 0.017416966962104 -0
0.919921875 0.422942562149177 -0.253798741342089 0.0174169653899707 -0
0.921875 0.42240846206841 -0.293096409253308 0.0174169635551538 -0
0.923828125 0.421797654300531 -0.332344055111294 0.0174169614585925 -0
0.92578125 0.421110243103131 -0.371534965058118 0.0174169591013623 -0
0.927734375 0.420346345843273 -0.4106624290968 0.0174169564846756 -0
0.9296875 0.419506092989472 -0.449719741579977 0.0174169536098826 -0
0.931640625 0.418589628102726 -0.488700201708924 0.0174169504784712 -0
0.93359375 0.417597107826546 -0.527597114043955 0.0174169470920681 -0
0.935546875 0.416528701875992 -0.566403789027223 0.0174169434524391 -0
0.9375 0.415384593025659 -0.605113543518916 0.0174169395614901 -0
0.939453125 0.414164977096621 -0.643719701347824 0.0174169354212673 -0
0.94140625 0.412870062942269 -0.682215593877221 0.0174169310339585 -0
0.943359375 0.411500072433038 -0.720594560587 0.017416926401893 -0
0.9453125 0.410055240439976 -0.758849949672949 0.0174169215275434 -0
0.947265625 0.408535814817128 -0.796975118664043 0.0174169164135252 -0
0.94921875 0.406942056382695 -0.834963435058596 0.0174169110625982 -0
0.951171875 0.40527423889893 -0.872808276980069 0.0174169054776671 -0
0.953125 0.403532649050741 -0.91050303385333 0.017416899661782 -0
0.955078125 0.401717586422941 -0.948041107102085 0.0174168936181391 -0
0.95703125 0.399829363476124 -0.985415910868207 0.0174168873500813 -0
0.958984375 0.397868305521112 -1.02262087275361 0.017416880861099 -0
0.9609375 0.39583475069193 -1.0596494345853 0.0174168741548303 -0
0.962890625 0.393729049917263 -1.09649505320422 0.0174168672350613 -0
0.96484375 0.391551566890351 -1.13315120127839 0.0174168601057272 -0
0.966796875 0.389302678037269 -1.16961136814087 0.0174168527709116 -0
0.96875 0.386982772483551 -1.20586906065302 0.0174168452348477 -0
0.970703125 0.384592252019093 -1.24191780409342 0.0174168375019176 -0
0.97265625 0.382131531061311 -1.27775114307289 0.0174168295766527 -0
0.974609375 0.379601036616465 -1.31336264247585 0.0174168214637338 -0
0.9765625 0.377001208239139 -1.34874588842838 0.0174168131679903 -0
0.978515625 0.374332497989792 -1.38389448929308 0.0174168046944002 -0
0.98046875 0.371595370390338 -1.41880207669106 0.0174167960480896 -0
0.982421875 0.368790302377717 -1.45346230655101 0.0174167872343321 -0
0.984375 0.365917783255373 -1.48786886018556 0.0174167782585476 -0
0.986328125 0.362978314642617 -1.52201544539481 0.0174167691263019 -0
0.98828125 0.3599724104218 -1.55589579759717 0.0174167598433052 -0
0.990234375 0.356900596683253 -1.58950368098718 0.0174167504154106 -0
0.9921875 0.353763411667944 -1.62283288972039 0.0174167408486132 -0
0.994140625 0.350561405707783 -1.65587724912493 0.0174167311490477 -0
0.99609375 0.347295141163549 -1.6886306169396 0.0174167213229872 -0
0.998046875 0.343965192360363 -1.72108688457815 0.0174167113768402 -0
1 0.340572145520666 -1.7532399784193 0.0174167013171492 -0
1.001953125 0.337116598694662 -1.78508386112226 0.0174166911505874 -0
1.00390625 0.333599161688157 -1.81661253296699 0.0174166808839565 -0
1.005859375 0.33002045598776 -1.84782003321894 0.0174166705241833 -0
1.0078125 0.326381114683396 -1.87870044151749 0.0174166600783166 -0
1.009765625 0.322681782388082 -1.90924787928748 0.0174166495535237 -0
1.01171875 0.318923115154929 -1.93945651117317 0.0174166389570867 -0
1.013671875 0.315105780391312 -1.96932054649381 0.0174166282963985 -0
1.015625 0.311230456770188 -1.99883424072007 0.0174166175789587 -0
1.017578125 0.307297834138499 -2.02799189697035 0.0174166068123691 -0
1.01953125 0.303308613422647 -2.05678786752614 0.0174165960043288 -0
1.021484375 0.299263506530975 -2.0852165553655 0.0174165851626295 -0
1.0234375 0.295163236253251 -2.11327241571343 0.0174165742951504 -0
1.025390625 0.291008536157095 -2.14094995760828 0.0174165634098521 -0
1.02734375 0.286800150481343 -2.16824374548297 0.017416552514772 -0
1.029296875 0.282538834026302 -2.19514840075981 0.0174165416180172 -0
1.03125 0.278225352040875 -2.22165860345779 0.0174165307277592 -0
1.033203125 0.273860480106545 -2.24776909381102 0.0174165198522272 -0
1.03515625 0.269445004018176 -2.27347467389702 0.0174165089997013 -0
1.037109375 0.264979719661635 -2.29877020927351 0.0174164981785059 -0
1.0390625 0.260465432888201 -2.32365063062232 0.0174164873970026 -0
1.041015625 0.255902959385766 -2.34811093539902 0.0174164766635826 -0
1.04296875 0.251293124546799 -2.37214618948668 0.0174164659866599 -0
1.044921875 0.246636763333084 -2.3957515288525 0.0174164553746628 -0
1.046875 0.241934720137219 -2.41892216120549 0.0174164448360267 -0
1.048828125 0.237187848640875 -2.4416533676539 0.0174164343791856 -0
1.05078125 0.232397011669821 -2.46394050436064 0.0174164240125644 -0
1.052734375 0.227563081045716 -2.48577900419517 0.0174164137445698 -0
1.0546875 0.222686937434683 -2.50716437838016 0.0174164035835828 -0
1.056640625 0.217769470192669 -2.52809221813138 0.0174163935379491 -0
1.05859375 0.212811577207608 -2.54855819628895 0.0174163836159712 -0
1.060546875 0.207814164738415 -2.56855806893851 0.0174163738258988 -0
1.0625 0.202778147250817 -2.58808767702039 0.0174163641759206 -0
1.064453125 0.197704447250054 -2.60714294792522 0.0174163546741547 -0
1.06640625 0.192593995110484 -2.62571989707422 0.0174163453286399 -0
1.068359375 0.187447728902108 -2.64381462948237 0.0174163361473266 -0
1.0703125 0.182266594214068 -2.66142334130292 0.0174163271380676 -0
1.072265625 0.177051543975143 -2.67854232135136 0.0174163183086089 -0
1.07421875 0.17180353827129 -2.6951679526072 0.0174163096665806 -0
1.076171875 0.166523544160272 -2.7112967136919 0.0174163012194882 -0
1.078125 0.161212535483431 -2.72692518032112 0.0174162929747029 -0
1.080078125 0.155871492674642 -2.74205002672986 0.0174162849394532 -0
1.08203125 0.150501402566517 -2.75666802706852 0.0174162771208155 -0
1.083984375 0.145103258193906 -2.77077605676849 0.0174162695257059 -0
1.0859375 0.139678058594765 -2.78437109387555 0.0174162621608709 -0
1.087890625 0.134226808608454 -2.79745022034947 0.0174162550328791 -0
1.08984375 0.128750518671525 -2.81001062332828 0.0174162481481129 -0
1.091796875 0.123250204611078 -2.82204959635575 0.0174162415127602 -0
1.09375 0.11772688743576 -2.83356454057036 0.0174162351328061 -0
1.095703125 0.112181593124475 -2.84455296585467 0.0174162290140253 -0
1.09765625 0.106615352412891 -2.85501249194323 0.0174162231619745 -0
1.099609375 0.101029200577822 -2.86494084948807 0.017416217581985 -0
1.1015625 0.0954241772195778 -2.87433588108014 0.0174162122791551 -0
1.103515625 0.0898013260423527 -2.88319554222564 0.0174162072583439 -0
1.10546875 0.0841616946327589 -2.89151790227579 0.0174162025241645 -0
1.107421875 0.0785063342365879 -2.89930114530909 0.0174161980809774 -0
1.109375 0.0728362995338953 -2.90654357096479 0.0174161939328847 -0
1.111328125 0.0671526484125066 -2.91324359522659 0.0174161900837247 -0
1.11328125 0.0614564417400414 -2.9193997511555 0.0174161865370663 -0
1.115234375 0.0557487431345555 -2.92501068957104 0.017416183296204 -0
1.1171875 0.0500306187339045 -2.93007517967972 0.0174161803641536 -0
1.119140625 0.0443031369639315 -2.93459210965018 0.0174161777436477 -0
1.12109375 0.0385673683055835 -2.93856048713409 0.017416175437132 -0
1.123046875 0.032824385061064 -2.94197943973227 0.0174161734467619 -0
1.125 0.0270752611191293 -2.94484821540531 0.0174161717743993 -0
1.126953125 0.021321071719637 -2.9471661828282 0.0174161704216101 -0
1.12890625 0.0155628932174567 -2.94893283168853 0.0174161693896619 -0
1.130859375 0.0098018028458537 -2.95014777292786 0.0174161686795223 -0
1.1328125 0.00403887847945726 -2.95081073892585 0.0174161682918573 -0
1.134765625 -0.0017248016030754 -2.95092158362715 0.0174161682270307 -0
1.13671875 -0.00748815895658629 -2.95048028261055 0.0174161684851033 -0
1.138671875 -0.0132501152070229 -2.94948693310062 0.0174161690658331 -0
1.140625 -0.0190095922890106 -2.94794175392155 0.0174161699686751 -0
1.142578125 -0.0247655126832789 -2.94584508539353 0.0174161711927827 -0
1.14453125 -0.0305167996538291 -2.94319738917153 0.0174161727370086 -0
1.146484375 -0.0362623774847302 -2.93999924802684 0.0174161745999064 -0
1.1484375 -0.0420011717164339 -2.93625136557172 0.0174161767797328 -0
1.150390625 -0.0477321093814948 -2.93195456592734 0.0174161792744498 -0
1.15234375 -0.0534541192395876 -2.92710979333553 0.0174161820817279 -0
1.154296875 -0.0591661320117117 -2.92171811171498 0.0174161851989493 -0
1.15625 -0.0648670806134742 -2.91578070416215 0.0174161886232114 -0
1.158203125 -0.0705559003873451 -2.90929887239792 0.0174161923513311 -0
1.16015625 -0.0762315293337786 -2.90227403616034 0.017416196379849 -0
1.162109375 -0.0818929083410964 -2.89470773254456 0.0174162007050345 -0
1.1640625 -0.0875389814140308 -2.88660161529057 0.0174162053228905 -0
1.166015625 -0.0931686959008252 -2.87795745401981 0.0174162102291598 -0
1.16796875 -0.0987810027187957 -2.86877713342154 0.0174162154193298 -0
1.169921875 -0.104374856578253 -2.85906265239007 0.0174162208886395 -0
1.171875 -0.109949216204694 -2.84881612311391 0.0174162266320858 -0
1.173828125 -0.115503044559167 -2.83803977011796 0.0174162326444301 -0
1.17578125 -0.121035309056718 -2.82673592926008 0.0174162389202054 -0
1.177734375 -0.126544981782839 -2.8149070466831 0.0174162454537235 -0
1.1796875 -0.132031039707824 -2.80255567772379 0.0174162522390829 -0
1.181640625 -0.137492464898948 -2.78968448577996 0.0174162592701761 -0
1.18359375 -0.142928244730402 -2.77629624113721 0.017416266540698 -0
1.185546875 -0.14833737209089 -2.76239381975677 0.0174162740441535 -0
1.1875 -0.153718845588826 -2.74798020202578 0.0174162817738667 -0
1.189453125 -0.159071669755053 -2.73305847147169 0.0174162897229885 -0
1.19140625 -0.164394855243013 -2.71763181344226 0.0174162978845058 -0
1.193359375 -0.169687419026312 -2.70170351375273 0.0174163062512501 -0
1.1953125 -0.174948384593609 -2.68527695730172 0.0174163148159064 -0
1.197265625 -0.180176782140772 -2.66835562665761 0.0174163235710221 -0
1.19921875 -0.185371648760241 -2.65094310061701 0.017416332509016 -0
1.201171875 -0.190532028627557 -2.63304305273687 0.0174163416221876 -0
1.203125 -0.195656973184994 -2.61465924984213 0.0174163509027257 -0
1.205078125 -0.200745541322253 -2.5957955505104 0.0174163603427181 -0
1.20703125 -0.205796799554175 -2.57645590353552 0.0174163699341605 -0
1.208984375 -0.210809822195438 -2.55664434637172 0.0174163796689655 -0
1.2109375 -0.21578369153219 -2.53636500355989 0.0174163895389715 -0
1.212890625 -0.220717497990594 -2.51562208513801 0.0174163995359524 -0
1.21484375 -0.22561034030226 -2.49441988503718 0.0174164096516257 -0
1.216796875 -0.230461325666521 -2.47276277946507 0.0174164198776621 -0
1.21875 -0.235269569909546 -2.45065522527851 0.0174164302056937 -0
1.220703125 -0.240034197640265 -2.42810175834686 0.0174164406273232 -0
1.22265625 -0.244754342403088 -2.40510699190789 0.0174164511341317 -0
1.224609375 -0.249429146827405 -2.38167561491777 0.0174164617176881 -0
1.2265625 -0.25405776277386 -2.3578123903969 0.0174164723695565 -0
1.228515625 -0.258639351477393 -2.33352215377305 0.0174164830813048 -0
1.23046875 -0.263173083687036 -2.30880981122364 0.0174164938445124 -0
1.232421875 -0.267658139802485 -2.28368033801847 0.017416504650778 -0
1.234375 -0.272093710007421 -2.25813877686464 0.0174165154917271 -0
1.236328125 -0.276478994399613 -2.23219023625509 0.0174165263590197 -0
1.23828125 -0.280813203117793 -2.20583988882221 0.017416537244357 -0
1.240234375 -0.285095556465324 -2.179092969698 0.0174165481394885 -0
1.2421875 -0.289325285030675 -2.15195477488225 0.0174165590362188 -0
1.244140625 -0.293501629804708 -2.12443065961996 0.0174165699264142 -0
1.24609375 -0.297623842294816 -2.09652603678942 0.0174165808020086 -0
1.248046875 -0.301691184635917 -2.06824637530223 0.0174165916550098 -0
1.25 -0.30570292969834 -2.03959719851648 0.0174166024775053 -0
1.251953125 -0.309658361192622 -2.01058408266426 0.0174166132616677 -0
1.25390625 -0.313556773771247 -1.98121265529472 0.01741662399976 -0
1.255859375 -0.317397473127367 -1.95148859373368 0.0174166346841407 -0
1.2578125 -0.32117977609052 -1.92141762356085 0.0174166453072688 -0
1.259765625 -0.324903010719402 -1.89100551710581 0.0174166558617079 -0
1.26171875 -0.328566516391714 -1.86025809196343 0.017416666340131 -0
1.263671875 -0.332169643891134 -1.82918120952988 0.0174166767353243 -0
1.265625 -0.33571175549144 -1.79778077355986 0.0174166870401908 -0
1.267578125 -0.339192225037852 -1.766062728746 0.0174166972477544 -0
1.26953125 -0.342610438025604 -1.73403305932103 0.0174167073511629 -0
1.271484375 -0.345965791675825 -1.70169778768352 0.0174167173436911 -0
1.2734375 -0.349257695008743 -1.66906297304765 0.0174167272187437 -0
1.275390625 -0.352485568914292 -1.63613471011772 0.017416736969858 -0
1.27734375 -0.35564884622014 -1.60291912778786 0.0174167465907065 -0
1.279296875 -0.358746971757213 -1.56942238786735 0.0174167560750985 -0
1.28125 -0.361779402422747 -1.53565068383197 0.0174167654169827 -0
1.283203125 -0.364745607240932 -1.50161023960175 0.0174167746104488 -0
1.28515625 -0.367645067421192 -1.46730730834536 0.017416783649729 -0
1.287109375 -0.370477276414156 -1.43274817131137 0.0174167925291994 -0
1.2890625 -0.373241739965377 -1.3979391366866 0.0174168012433815 -0
1.291015625 -0.375937976166838 -1.36288653848161 0.0174168097869427 -0
1.29296875 -0.378565515506321 -1.32759673544342 0.0174168181546978 -0
1.294921875 -0.381123900914664 -1.29207610999548 0.0174168263416091 -0
1.296875 -0.38361268781099 -1.25633106720484 0.0174168343427874 -0
1.298828125 -0.386031444145933 -1.22036803377641 0.0174168421534924 -0
1.30078125 -0.388379750442929 -1.18419345707415 0.0174168497691326 -0
1.302734375 -0.390657199837629 -1.14781380416901 0.017416857185266 -0
1.3046875 -0.392863398115465 -1.11123556091344 0.0174168643975996 -0
1.306640625 -0.394997963747447 -1.07446523104194 0.0174168714019898 -0
1.30859375 -0.397060527924222 -1.03750933529758 0.0174168781944417 -0
1.310546875 -0.399050734588453 -1.00037441058398 0.0174168847711096 -0
1.3125 -0.400968240465566 -0.963067009142187 0.0174168911282957 -0
1.314453125 -0.402812715092915 -0.925593697752171 0.0174168972624507 -0
1.31640625 -0.40458384084741 -0.887961056958308 0.0174169031701724 -0
1.318359375 -0.406281312971658 -0.850175680318246 0.0174169088482058 -0
1.3203125 -0.407904839598653 -0.812244173674616 0.0174169142934421 -0
1.322265625 -0.409454141775075 -0.774173154448884 0.0174169195029185 -0
1.32421875 -0.410928953483219 -0.735969250956686 0.017416924473817 -0
1.326171875 -0.412329021661624 -0.697639101743893 0.0174169292034641 -0
1.328125 -0.413654106224407 -0.659189354942667 0.0174169336893302 -0
1.330078125 -0.414903980079369 -0.620626667646692 0.0174169379290284 -0
1.33203125 -0.416078429144901 -0.581957705304771 0.0174169419203142 -0
1.333984375 -0.417177252365716 -0.543189141131915 0.0174169456610845 -0
1.3359375 -0.418200261727448 -0.504327655537043 0.0174169491493774 -0
1.337890625 -0.419147282270157 -0.465379935566381 0.0174169523833707 -0
1.33984375 -0.420018152100754 -0.426352674361611 0.0174169553613821 -0
1.341796875 -0.420812722404382 -0.38725257063181 0.017416958081868 -0
1.34375 -0.421530857454785 -0.348086328138194 0.0174169605434229 -0
1.345703125 -0.422172434623672 -0.308860655190652 0.0174169627447792 -0
1.34765625 -0.422737344389123 -0.269582264155041 0.0174169646848064 -0
1.349609375 -0.423225490343028 -0.230257870970213 0.0174169663625108 -0
1.3515625 -0.423636789197601 -0.190894194673689 0.0174169677770348 -0
1.353515625 -0.423971170790972 -0.151497956934926 0.0174169689276566 -0
1.35546875 -0.424228578091878 -0.112075881595079 0.0174169698137901 -0
1.357421875 -0.424408967203453 -0.0726346942121638 0.0174169704349846 -0
1.359375 -0.424512307366144 -0.03318112161052 0.0174169707909243 0
1.361328125 -0.424538580959744 0.00627810856655144 0.0174169708814283 -0
1.36328125 -0.424487783504556 0.045736268302079 0.0174169707064507 -0
1.365234375 -0.424359923661689 0.0851866296497708 0.0174169702660803 -0
1.3671875 -0.424155023232486 0.124622465178542 0.0174169695605409 -0
1.369140625 -0.423873117157085 0.164037048418344 0.0174169685901913 -0
1.37109375 -0.423514253512102 0.203423654308415 0.0174169673555252 -0
1.373046875 -0.423078493507443 0.242775559649065 0.0174169658571719 -0
1.375 -0.422565911482223 0.282086043558112 0.0174169640958964 -0
1.376953125 -0.421976594899794 0.321348387933071 0.0174169620725993 -0
1.37890625 -0.42131064434186 0.360555877920181 0.0174169597883181 -0
1.380859375 -0.420568173501668 0.399701802391368 0.0174169572442267 -0
1.3828125 -0.419749309176268 0.438779454430206 0.0174169544416367 -0
1.384765625 -0.4188541912578 0.477782131827922 0.0174169513819972 -0
1.38671875 -0.417882972723815 0.516703137590516 0.0174169480668961 -0
1.388671875 -0.416835819626588 0.555535780457973 0.01741694449806 -0
1.390625 -0.415712911081402 0.594273375436611 0.0174169406773556 -0
1.392578125 -0.414514439253788 0.632909244345523 0.0174169366067896 -0
1.39453125 -0.413240609345677 0.671436716378067 0.01741693228851 -0
1.396484375 -0.411891639580436 0.709849128679361 0.0174169277248066 -0
1.3984375 -0.410467761186773 0.748139826940656 0.0174169229181115 -0
1.400390625 -0.408969218381449 0.7863021660115 0.0174169178710001 -0
1.40234375 -0.407396268350791 0.824329510530517 0.0174169125861918 -0
1.404296875 -0.40574918123094 0.862215235575626 0.0174169070665506 -0
1.40625 -0.404028240086823 0.899952727334492 0.0174169013150857 -0
1.408203125 -0.402233740889789 0.937535383795951 0.0174168953349524 -0
1.41015625 -0.40036599249387 0.974956615463132 0.0174168891294523 -0
1.412109375 -0.398425316610636 1.01220984608894 0.0174168827020345 -0
1.4140625 -0.396412047782585 1.04928851343457 0.0174168760562956 -0
1.416015625 -0.394326533355033 1.08618607005159 0.0174168691959802 -0
1.41796875 -0.392169133446446 1.12289598408826 0.0174168621249815 -0
1.419921875 -0.389940220917188 1.15941174012047 0.0174168548473418 -0
1.421875 -0.387640181336601 1.19572684000782 0.0174168473672521 -0
1.423828125 -0.385269412948407 1.23183480377542 0.0174168396890529 -0
1.42578125 -0.382828326634353 1.26772917052144 0.0174168318172337 -0
1.427734375 -0.380317345876058 1.30340349935113 0.0174168237564335 -0
1.4296875 -0.377736906715013 1.33885137033735 0.0174168155114398 -0
1.431640625 -0.375087457710678 1.3740663855079 0.0174168070871894 -0
1.43359375 -0.372369459896623 1.40904216985989 0.0174167984887667 -0
1.435546875 -0.369583386734662 1.44377237240121 0.0174167897214041 -0
1.4375 -0.36672972406693 1.47825066721924 0.0174167807904806 -0
1.439453125 -0.363808970065837 1.51247075457677 0.0174167717015212 -0
1.44140625 -0.360821635181865 1.54642636203517 0.0174167624601956 -0
1.443359375 -0.357768242089137 1.5801112456047 0.0174167530723172 -0
1.4453125 -0.354649325628721 1.61351919092179 0.0174167435438414 -0
1.447265625 -0.351465432749599 1.64664401445314 0.017416733880864 -0
1.44921875 -0.348217122447264 1.67947956472648 0.0174167240896193 -0
1.451171875 -0.344904965699886 1.71201972358744 0.0174167141764783 -0
1.453125 -0.341529545402 1.7442584074825 0.0174167041479462 -0
1.455078125 -0.338091456295658 1.77618956876729 0.0174166940106596 -0
1.45703125 -0.334591304899003 1.80780719704011 0.0174166837713848 -0
1.458984375 -0.33102970943222 1.83910532049974 0.0174166734370136 -0
1.4609375 -0.327407299740801 1.87007800732736 0.0174166630145609 -0
1.462890625 -0.323724717216097 1.90071936709169 0.0174166525111613 -0
1.46484375 -0.319982614713099 1.93102355217668 0.0174166419340651 -0
1.466796875 -0.316181656465407 1.96098475923119 0.0174166312906346 -0
1.46875 -0.312322517997352 1.99059723063954 0.0174166205883398 -0
1.470703125 -0.308405886033221 2.01985525601246 0.0174166098347544 -0
1.47265625 -0.304432458403554 2.04875317369714 0.0174165990375507 -0
1.474609375 -0.300402943948467 2.07728537230572 0.017416588204495 -0
1.4765625 -0.296318062417984 2.10544629226108 0.0174165773434423 -0
1.478515625 -0.292178544369322 2.13323042735884 0.0174165664623313 -0
1.48046875 -0.287985131061114 2.16063232634453 0.0174165555691781 -0
1.482421875 -0.283738574344539 2.18764659450475 0.0174165446720711 -0
1.484375 -0.27943963655133 2.21426789527108 0.0174165337791644 -0
1.486328125 -0.275089090378636 2.24049095183551 0.0174165228986716 -0
1.48828125 -0.270687718770722 2.26631054877612 0.0174165120388593 -0
1.490234375 -0.26623631479748 2.29172153369161 0.01741650120804 -0
1.4921875 -0.261735681529739 2.3167188188434 0.0174164904145657 -0
1.494140625 -0.257186631911372 2.34129738280371 0.0174164796668202 -0
1.49609375 -0.252589988628162 2.36545227210843 0.0174164689732117 -0
1.498046875 -0.247946583973449 2.389178602913 0.0174164583421653 -0
1.5 -0.243257259710534 2.41247156265003 0.0174164477821152 -0
1.501953125 -0.238522866931847 2.43532641168688 0.0174164373014967 -0
1.50390625 -0.233744265914882 2.45773848498188 0.0174164269087379 -0
1.505859375 -0.228922325974887 2.47970319373731 0.0174164166122517 -0
1.5078125 -0.224057925314345 2.50121602704774 0.0174164064204271 -0
1.509765625 -0.219151950869232 2.52227255354195 0.0174163963416205 -0
1.51171875 -0.214205298152072 2.54286842301682 0.0174163863841473 -0
1.513671875 -0.209218871091822 2.56299936806142 0.0174163765562731 -0
1.515625 -0.204193581870582 2.5826612056698 0.0174163668662045 -0
1.517578125 -0.199130350757174 2.60184983884051 0.0174163573220803 -0
1.51953125 -0.194030105937611 2.62056125816138 0.0174163479319625 -0
1.521484375 -0.188893783342482 2.63879154337767 0.0174163387038271 -0
1.5234375 -0.183722326471292 2.65653686494198 0.0174163296455553 -0
1.525390625 -0.178516686213802 2.67379348554415 0.0174163207649238 -0
1.52734375 -0.173277820668385 2.6905577616194 0.0174163120695963 -0
1.529296875 -0.168006694957476 2.70682614483317 0.017416303567114 -0
1.53125 -0.162704281040131 2.72259518354072 0.0174162952648866 -0
1.533203125 -0.15737155752177 2.73786152422 0.0174162871701837 -0
1.53515625 -0.152009509461147 2.75262191287608 0.0174162792901251 -0
1.537109375 -0.146619128174598 2.76687319641542 0.0174162716316727 -0
1.5390625 -0.141201411037649 2.78061232398846 0.0174162642016214 -0
1.541015625 -0.135757361284018 2.79383634829883 0.0174162570065906 -0
1.54296875 -0.130287987802107 2.80654242687772 0.0174162500530157 -0
1.544921875 -0.124794304929027 2.81872782332179 0.01741624334714 -0
1.546875 -0.119277332242256 2.83038990849312 0.017416236895006 -0
1.548828125 -0.113738094348976 2.84152616167975 0.0174162307024484 -0
1.55078125 -0.108177620673194 2.85213417171545 0.0174162247750858 -0
1.552734375 -0.102596945240712 2.86221163805718 0.0174162191183131 -0
1.5546875 -0.0969971064620334 2.871756371819 0.0174162137372949 -0
1.556640625 -0.0913791469132943 2.88076629676119 0.0174162086369581 -0
1.55859375 -0.08574411311531 2.88923945023321 0.0174162038219851 -0
1.560546875 -0.0800930553108209 2.89717398406935 0.0174161992968079 -0
1.5625 -0.0744270272400391 2.904568165436 0.0174161950656018 -0
1.564453125 -0.0687470859145865 2.91142037762945 0.0174161911322794 -0
1.56640625 -0.063054291389924 2.91772912082302 0.0174161875004856 -0
1.568359375 -0.0573497065363716 2.92349301276289 0.0174161841735925 -0
1.5703125 -0.051634396808819 2.9287107894114 0.0174161811546944 -0
1.572265625 -0.0459094300152333 2.93338130553727 0.0174161784466035 -0
1.57421875 -0.0401758760840641 2.93750353525174 0.0174161760518466 -0
1.576171875 -0.0344348068306562 2.94107657249011 0.0174161739726605 -0
1.578125 -0.0286872957227746 2.94409963143798 0.0174161722109898 -0
1.580078125 -0.0229344176453516 2.94657204690161 0.0174161707684835 -0
1.58203125 -0.0171772486645652 2.94849327462201 0.0174161696464932 -0
1.583984375 -0.0114168657913593 2.94986289153225 0.0174161688460705 -0
1.5859375 -0.0056543467445173 2.95068059595769 0.0174161683679663 -0
1.587890625 0.000109230286600384 2.95094620775887 0.017416168212629 -0
1.58984375 0.00587278687954078 2.95065966841693 0.0174161683802045 -0
1.591796875 0.011635244616354 2.94982104106134 0.0174161688705355 -0
1.59375 0.0173955253211866 2.94843051043994 0.017416169683162 -0
1.595703125 0.02315255129776 2.94648838283144 0.0174161708173218 -0
1.59765625 0.0289052455666219 2.94399508590025 0.0174161722719517 -0
1.599609375 0.0346525321020579 2.94095116849417 0.017416174045689 -0
1.6015625 0.0403933360685523 2.93735730038482 0.0174161761368733 -0
1.603515625 0.0461265840566861 2.93321427195152 0.0174161785435491 -0
1.60546875 0.0518512043183629 2.92852299380871 0.0174161812634681 -0
1.607421875 0.0575661270012514 2.92328449637766 0.0174161842940932 -0
1.609375 0.0632702843823381 2.91749992940285 0.017416187632601 -0
1.611328125 0.0689626111004813 2.91117056141372 0.0174161912758866 -0
1.61328125 0.0746420443878605 2.90429777913246 0.0174161952205677 -0
1.615234375 0.0803075243002175 2.89688308682868 0.0174161994629891 -0
1.6171875 0.085957993945785 2.88892810562169 0.0174162039992281 -0
1.619140625 0.0915923997128022 2.88043457273132 0.0174162088250995 -0
1.62109375 0.0972096914955167 2.87140434067829 0.0174162139361618 -0
1.623046875 0.102808822918577 2.8618393764351 0.0174162193277231 -0
1.625 0.108388751559716 2.85174176052855 0.0174162249948475 -0
1.626953125 0.113948439170641 2.84111368609497 0.0174162309323615 0
1.62890625 0.119486851896025 2.82995745788942 0.0174162371348615 0
1.630859375 0.125002960490522 2.81827549125013 0.0174162435967206 0
1.6328125 0.130495740533721 2.80607031101934 0.0174162503120963 0
1.634765625 0.135964172642941 2.79334455042202 0.017416257274938 0
1.63671875 0.141407242683807 2.78010094990378 0.0174162644789952 0
1.638671875 0.146823941978503 2.76634235592947 0.0174162719178253 0
1.640625 0.152213267511656 2.75207171974383 0.0174162795848021 0
1.642578125 0.157574222133752 2.73729209609583 0.0174162874731242 0
1.64453125 0.162905814762031 2.72200664192811 0.0174162955758236 0
1.646484375 0.168207060578784 2.70621861503319 0.0174163038857746 0
1.6484375 0.173476981227004 2.68993137267799 0.0174163123957022 0
1.650390625 0.178714605003307 2.67314837019834 0.0174163210981915 0
1.65234375 0.183918967048091 2.65587315956506 0.0174163299856965 0
1.654296875 0.189089109532858 2.63810938792332 0.0174163390505491 0
1.65625 0.194224081844667 2.61986079610696 0.0174163482849683 0
1.658203125 0.199322940767651 2.60113121712945 0.0174163576810693 0
1.66015625 0.204384750661579 2.58192457465318 0.0174163672308727 0
1.662109375 0.20940858363739 2.5622448814389 0.0174163769263133 0
1.6640625 0.214393519729699 2.54209623777682 0.0174163867592497 0
1.666015625 0.219338647066206 2.52148282990133 0.0174163967214727 0
1.66796875 0.224243062034001 2.50040892839086 0.0174164068047149 0
1.669921875 0.229105869442733 2.47887888655468 0.0174164170006591 0
1.671875 0.233926182684606 2.45689713880842 0.0174164273009474 0
1.673828125 0.238703123891203 2.4344681990398 0.0174164376971898 0
1.67578125 0.243435824087105 2.41159665896646 0.0174164481809727 0
1.677734375 0.248123423340291 2.38828718648743 0.0174164587438676 0
1.6796875 0.252765070909321 2.36454452402996 0.017416469377439 0
1.681640625 0.257359925387283 2.34037348689327 0.017416480073253 0
1.68359375 0.261907154842498 2.31577896159089 0.0174164908228849 0
1.685546875 0.266405936955997 2.2907659041931 0.0174165016179273 0
1.6875 0.270855459155752 2.26533933867113 0.0174165124499975 0
1.689453125 0.275254918747681 2.23950435524447 0.017416523310745 0
1.69140625 0.279603523043426 2.21326610873294 0.0174165341918588 0
1.693359375 0.283900489484919 2.18662981691492 0.0174165450850741 0
1.6953125 0.28814504576575 2.15960075889306 0.0174165559821795 0
1.697265625 0.292336429949345 2.132184273469 0.0174165668750232 0
1.69921875 0.296473890583988 2.10438575752838 0.0174165777555197 0
1.701171875 0.300556686814691 2.07621066443731 0.0174165886156554 0
1.703125 0.304584088491947 2.04766450245181 0.017416599447495 0
1.705078125 0.308555376277393 2.01875283314114 0.0174166102431865 0
1.70703125 0.312469841746404 1.9894812698264 0.0174166209949671 0
1.708984375 0.316326787487652 1.95985547603539 0.0174166316951682 0
1.7109375 0.320125527199667 1.92988116397482 0.01741664233622 0
1.712890625 0.323865385784429 1.89956409302088 0.0174166529106565 0
1.71484375 0.32754569943803 1.86891006822918 0.0174166634111195 0
1.716796875 0.331165815738449 1.83792493886485 0.0174166738303629 0
1.71875 0.334725093730471 1.80661459695376 0.0174166841612569 0
1.720703125 0.3382229040078 1.77498497585564 0.0174166943967911 0
1.72265625 0.341658628792407 1.7430420488598 0.017416704530078 0
1.724609375 0.345031662011158 1.71079182780416 0.0174167145543568 0
1.7265625 0.348341409369767 1.67824036171828 0.0174167244629954 0
1.728515625 0.35158728842412 1.64539373549083 0.0174167342494937 0
1.73046875 0.354768728649028 1.61225806856224 0.017416743907486 0
1.732421875 0.357885171504442 1.57883951364276 0.0174167534307431 0
1.734375 0.360936070499195 1.54514425545647 0.0174167628131744 0
1.736328125 0.363920891252319 1.51117850951164 0.01741677204883 0
1.73828125 0.366839111551975 1.4769485208976 0.0174167811319019 0
1.740234375 0.369690221412075 1.44246056310847 0.0174167900567259 0
1.7421875 0.372473723126617 1.40772093689387 0.0174167988177824 0
1.744140625 0.375189131321816 1.37273596913682 0.017416807409698 0
1.74609375 0.377835973006058 1.33751201175879 0.0174168158272459 0
1.748046875 0.380413787617749 1.30205544065211 0.0174168240653472 0
1.75 0.382922127071105 1.26637265463944 0.017416832119071 0
1.751953125 0.385360555799935 1.23047007446047 0.0174168399836351 0
1.75390625 0.387728650799467 1.19435414178563 0.0174168476544064 0
1.755859375 0.390026001666285 1.15803131825651 0.0174168551269009 0
1.7578125 0.392252210636406 1.12150808455293 0.0174168623967839 0
1.759765625 0.39440689262157 1.08479093948627 0.0174168694598698 0
1.76171875 0.396489675243774 1.04788639911875 0.0174168763121223 0
1.763671875 0.398500198868127 1.01080099590826 0.0174168829496537 0
1.765625 0.400438116634041 0.973541277878377 0.0174168893687249 0
1.767578125 0.40230309448484 0.936113807812956 0.0174168955657449 0
1.76953125 0.40409481119581 0.898525162474976 0.0174169015372704 0
1.771484375 0.405812958400757 0.8607819318489 0.0174169072800052 0
1.7734375 0.407457240617095 0.822890718406049 0.0174169127907996 0
1.775390625 0.409027375269531 0.784858136392318 0.0174169180666499 -0
1.77734375 0.410523092712378 0.746690811137558 0.0174169231046975 -0
1.779296875 0.411944136250537 0.708395378385906 0.0174169279022287 -0
1.78125 0.413290262159198 0.669978483646318 0.0174169324566734 -0
1.783203125 0.41456123970228 0.631446781562508 0.0174169367656049 -0
1.78515625 0.415756851149676 0.592806935301479 0.0174169408267387 -0
1.787109375 0.416876891793302 0.554065615959802 0.0174169446379324 -0
1.7890625 0.417921169962019 0.515229501986745 0.0174169481971844 -0
1.791015625 0.418889507035438 0.476305278623372 0.0174169515026335 -0
1.79296875 0.419781737456642 0.437299637356649 0.0174169545525582 -0
1.794921875 0.420597708743862 0.398219275387619 0.0174169573453761 -0
1.796875 0.421337281501125 0.359070895112657 0.017416959879643 -0
1.798828125 0.422000329427896 0.3198612036168 0.0174169621540528 -0
1.80078125 0.422586739327753 0.280596912178136 0.0174169641674366 -0
1.802734375 0.423096411116092 0.241284735782202 0.0174169659187624 -0
1.8046875 0.423529257826902 0.201931392645348 0.0174169674071343 -0
1.806640625 0.423885205618613 0.162543603745982 0.0174169686317928 -0
1.80859375 0.424164193779035 0.123128092362621 0.0174169695921136 -0
1.810546875 0.424366174729404 0.0836915836176557 0.0174169702876081 -0
1.8125 0.424491114027541 0.0442408040257145 0.0174169707179226 -0
1.814453125 0.42453899037013 0.00478248104552666 0.0174169708828386 -0
1.81640625 0.424509795594125 -0.0346766573658364 0.0174169707822722 0
1.818359375 0.424403534677294 -0.074129883197462 0.0174169704162746 0
1.8203125 0.424220225737885 -0.113570468828961 0.0174169697850316 0
1.822265625 0.423959900033431 -0.152991687475818 0.0174169688888642 0
1.82421875 0.423622601958683 -0.192386813636852 0.0174169677282283 0
1.826171875 0.423208389042662 -0.231749123544897 0.0174169663037151 0
1.828125 0.422717331944835 -0.271071895621824 0.0174169646160516 0
1.830078125 0.422149514450389 -0.310348410939004 0.0174169626661003 0
1.83203125 0.421505033464605 -0.349571953684313 0.0174169604548603 0
1.833984375 0.42078399900631 -0.38873581163676 0.0174169579834673 0
1.8359375 0.419986534200399 -0.427833276649814 0.0174169552531941 0
1.837890625 0.419112775269397 -0.466857645144497 0.0174169522654513 0
1.83984375 0.418162871524053 -0.505802218613278 0.0174169490217878 0
1.841796875 0.417136985352939 -0.544660304135797 0.0174169455238913 0
1.84375 0.416035292211023 -0.583425214907428 0.0174169417735891 0
1.845703125 0.414857980607206 -0.622090270781674 0.0174169377728487 0
1.84765625 0.413605252090782 -0.660648798827348 0.0174169335237783 0
1.849609375 0.412277321236787 -0.699094133901482 0.0174169290286279 0
1.8515625 0.410874415630229 -0.737419619238885 0.0174169242897896 0
1.853515625 0.409396775849135 -0.775618607059231 0.0174169193097988 0
1.85546875 0.407844655446404 -0.813684459192535 0.0174169140913342 0
1.857421875 0.406218320930414 -0.851610547723846 0.0174169086372193 0
1.859375 0.404518051744358 -0.889390255657945 0.0174169029504226 0
1.861328125 0.40274414024425 -0.927016977604823 0.0174168970340582 0
1.86328125 0.400896891675589 -0.964484120486645 0.0174168908913868 0
1.865234375 0.398976624148599 -1.0017851042669 0.0174168845258161 0
1.8671875 0.396983668612046 -1.03891336270241 0.0174168779409012 0
1.869140625 0.394918368825543 -1.07586234411874 0.0174168711403451 0
1.87109375 0.392781081330332 -1.11262551220964 0.0174168641279997 0
1.873046875 0.390572175418474 -1.14919634686108 0.017416856907865 0
1.875 0.388292033100406 -1.18556834500023 0.0174168494840906 0
1.876953125 0.385941049070817 -1.22173502146998 0.017416841860975 0
1.87890625 0.383519630672789 -1.25768990992925 0.0174168340429659 0
1.880859375 0.381028197860156 -1.2934265637796 0.0174168260346605 0
1.8828125 0.378467183158025 -1.32893855711824 0.0174168178408047 0
1.884765625 0.375837031621413 -1.36421948571784 0.0174168094662934 0
1.88671875 0.37313820079194 -1.39926296803336 0.0174168009161697 0
1.888671875 0.370371160652533 -1.43406264623585 0.0174167921956246 0
1.890625 0.367536393580081 -1.46861218727354 0.0174167833099962 0
1.892578125 0.364634394295995 -1.50290528396015 0.0174167742647685 0
1.89453125 0.361665669814612 -1.53693565609041 0.0174167650655709 0
1.896484375 0.358630739389392 -1.57069705158278 0.0174167557181766 0
1.8984375 0.355530134456866 -1.60418324764917 0.0174167462285013 0
1.900390625 0.352364398578263 -1.63738805199158 0.0174167366026018 0
1.90234375 0.349134087378774 -1.67030530402538 0.0174167268466736 0
1.904296875 0.345839768484413 -1.70292887612892 0.0174167169670497 0
1.90625 0.342482021456396 -1.73525267491918 0.0174167069701978 0
1.908203125 0.33906143772301 -1.76727064255306 0.0174166968627181 0
1.91015625 0.335578620508923 -1.79897675805382 0.0174166866513407 0
1.912109375 0.332034184761863 -1.83036503866217 0.0174166763429226 0
1.9140625 0.328428757076649 -1.86142954121151 0.0174166659444446 0
1.916015625 0.324762975616505 -1.89216436352659 0.0174166554630081 0
1.91796875 0.321037490031623 -1.92256364584498 0.0174166449058311 0
1.919921875 0.317252961374923 -1.95262157226064 0.0174166342802452 0
1.921875 0.31341006201498 -1.98233237218877 0.0174166235936905 0
1.923828125 0.309509475546061 -2.01169032185101 0.0174166128537121 0
1.92578125 0.305551896695249 -2.04068974578035 0.0174166020679552 0
1.927734375 0.301538031226606 -2.0693250183445 0.0174165912441602 0
1.9296875 0.297468595842341 -2.09759056528693 0.0174165803901578 0
1.931640625 0.293344318080954 -2.12548086528445 0.0174165695138638 0
1.93359375 0.289165936212324 -2.15299045152023 0.0174165586232732 0
1.935546875 0.284934199129703 -2.18011391327118 0.0174165477264548 0
1.9375 0.280649866238608 -2.20684589750839 0.0174165368315447 0
1.939453125 0.276313707342561 -2.23318111050948 0.0174165259467406 0
1.94140625 0.271926502525681 -2.2591143194815 0.0174165150802949 0
1.943359375 0.267489042032087 -2.28464035419318 0.017416504240508 0
1.9453125 0.263002126142113 -2.30975410861499 0.0174164934357216 0
1.947265625 0.258466565045309 -2.33445054256571 0.0174164826743111 0
1.94921875 0.253883178710216 -2.35872468336414 0.0174164719646788 0
1.951171875 0.249252796750918 -2.38257162748422 0.0174164613152458 0
1.953125 0.244576258290356 -2.40598654221237 0.0174164507344445 0
1.955078125 0.239854411820401 -2.42896466730522 0.0174164402307108 0
1.95703125 0.235088115058695 -2.45150131664638 0.0174164298124756 0
1.958984375 0.230278234802251 -2.47359187990049 0.0174164194881569 0
1.9609375 0.225425646777834 -2.49523182416302 0.0174164092661512 0
1.962890625 0.220531235489114 -2.51641669560416 0.017416399154825 0
1.96484375 0.21559589406063 -2.53714212110513 0.0174163891625061 0
1.966796875 0.210620524078548 -2.55740380988519 0.0174163792974749 0
1.96875 0.205606035428266 -2.57719755511775 0.0174163695679554 0
1.970703125 0.200553346128869 -2.59651923553383 0.0174163599821064 0
1.97265625 0.195463382164462 -2.61536481701109 0.0174163505480123 0
1.974609375 0.190337077312419 -2.63373035414685 0.0174163412736741 0
1.9765625 0.185175372968576 -2.65161199181326 0.0174163321670005 0
1.978515625 0.179979217969399 -2.669005966693 0.0174163232357984 0
1.98046875 0.174749568411181 -2.6859086087937 0.0174163144877642 0
1.982421875 0.169487387466298 -2.70231634293947 0.0174163059304742 0
1.984375 0.164193645196574 -2.71822569023772 0.017416297571376 0
1.986328125 0.158869318363807 -2.73363326951974 0.0174162894177793 0
1.98828125 0.153515390237512 -2.74853579875325 0.0174162814768468 0
1.990234375 0.148132850399927 -2.76293009642526 0.0174162737555856 0
1.9921875 0.142722694548351 -2.77681308289373 0.0174162662608381 0
1.994140625 0.137285924294874 -2.79018178170632 0.017416258999274 0
1.99609375 0.131823546963561 -2.80303332088462 0.017416251977381 0
1.998046875 0.126336575385168 -2.81536493417248 0.0174162452014569 0
2 0.12082602768945 -2.82717396224674 0.0174162386776016 0
