0 0.933987012148317 0 0.079532971917572 -0
0.001953125 0.933911793834243 -0.0770214110479096 0.0795329715875198 0
0.00390625 0.933686147261411 -0.154034250769853 0.0795329705971744 0
0.005859375 0.933310097542173 -0.231029943566454 0.0795329689459707 0
0.0078125 0.932783686544355 -0.307999905297818 0.0795329666329696 0
0.009765625 0.932106972912103 -0.384935539029003 0.0795329636568619 0
0.01171875 0.931280032095023 -0.461828230794384 0.0795329600159741 0
0.013671875 0.930302956385563 -0.538669345387209 0.0795329557082761 0
0.015625 0.929175854964604 -0.615450222180631 0.0795329507313893 0
0.017578125 0.92789885395517 -0.69216217098655 0.0795329450825983 0
0.01953125 0.926472096484188 -0.768796467958551 0.0795329387588619 0
0.021484375 0.924895742752207 -0.845344351545268 0.0795329317568278 0
0.0234375 0.923169970110964 -0.921797018500487 0.0795329240728473 0
0.025390625 0.921294973148689 -0.998145619956308 0.0795329157029929 0
0.02734375 0.91927096378301 -1.0743812575657 0.0795329066430761 0
0.029296875 0.917098171361323 -1.15049497972078 0.0795328968886682 0
0.03125 0.914776842768475 -1.22647777785312 0.079532886435121 0
0.033203125 0.912307242541584 -1.30232058282246 0.0795328752775911 0
0.03515625 0.909689652991825 -1.37801426140016 0.0795328634110633 0
0.037109375 0.90692437433299 -1.45354961285357 0.0795328508303777 0
0.0390625 0.904011724816616 -1.52891736563795 0.0795328375302568 0
0.041015625 0.900952040873467 -1.60410817420186 0.0795328235053344 0
0.04296875 0.89774567726114 -1.6791126159127 0.0795328087501863 0
0.044921875 0.894393007217558 -1.75392118810836 0.0795327932593619 0
0.046875 0.890894422620092 -1.82852430528146 0.0795327770274171 0
0.048828125 0.887250334150052 -1.90291229640234 0.0795327600489491 0
0.05078125 0.88346117146227 -1.97707540238696 0.0795327423186316 0
0.052734375 0.879527383359478 -2.05100377371595 0.0795327238312517 0
0.0546875 0.875449437971192 -2.12468746821094 0.079532704581748 0
0.056640625 0.871227822936779 -2.19811644897409 0.0795326845652495 0
0.05859375 0.866863045592387 -2.2712805824971 0.0795326637771156 0
0.060546875 0.8623556331614 -2.34416963694536 0.0795326422129772 0
0.0625 0.85770613294807 -2.41677328062336 0.0795326198687786 0
0.064453125 0.852915112533965 -2.48908108062692 0.0795325967408203 0
0.06640625 0.847983159976871 -2.56108250168815 0.0795325728258021 0
0.068359375 0.842910884011746 -2.63276690521854 0.0795325481208675 0
0.0703125 0.837698914253361 -2.70412354855576 0.0795325226236486 0
0.072265625 0.8323479014002 -2.77514158441947 0.0795324963323105 0
0.07421875 0.826858517439222 -2.84581006058133 0.0795324692455974 0
0.076171875 0.821231455851054 -2.91611791975433 0.0795324413628783 0
0.078125 0.815467431815182 -2.98605399970615 0.0795324126841924 0
0.080078125 0.809567182414702 -3.05560703360147 0.0795323832102955 0
0.08203125 0.803531466840176 -3.12476565057758 0.0795323529427057 0
0.083984375 0.797361066592133 -3.19351837655759 0.0795323218837487 0
0.0859375 0.791056785681748 -3.26185363530548 0.0795322900366034 0
0.087890625 0.784619450829221 -3.32975974972652 0.0795322574053463 0
0.08984375 0.778049911659379 -3.39722494341696 0.079532223994996 0
0.091796875 0.771349040893999 -3.46423734246611 0.079532189811556 0
0.09375 0.764517734540371 -3.53078497751381 0.0795321548620572 0
0.095703125 0.757556912075586 -3.59685578606619 0.0795321191545994 0
0.09765625 0.75046751662605 -3.66243761507185 0.0795320826983911 0
0.099609375 0.743250515141711 -3.72751822376083 0.0795320455037879 0
0.1015625 0.735906898564484 -3.79208528674776 0.07953200758233 0
0.103515625 0.728437681990353 -3.8561263974008 0.0795319689467768 0
0.10546875 0.720843904824637 -3.91962907147713 0.0795319296111405 0
0.107421875 0.713126630929895 -3.98258075102568 0.0795318895907176 0
0.109375 0.705286948765943 -4.04496880855715 0.0795318489021171 0
0.111328125 0.697325971521469 -4.106780551481 0.0795318075632879 0
0.11328125 0.68924483723672 -4.16800322680882 0.0795317655935418 0
0.115234375 0.681044708916747 -4.22862402612262 0.0795317230135753 0
0.1171875 0.672726774634679 -4.2886300908066 0.0795316798454873 0
0.119140625 0.664292247624534 -4.34800851754009 0.0795316361127944 0
0.12109375 0.655742366363038 -4.40674636404899 0.0795315918404426 0
0.123046875 0.647078394639967 -4.46483065511254 0.0795315470548153 0
0.125 0.638301621616505 -4.52224838882174 0.0795315017837388 0
0.126953125 0.629413361871132 -4.5789865430851 0.0795314560564823 0
0.12890625 0.620414955432579 -4.63503208237696 0.0795314099037561 0
0.130859375 0.611307767799347 -4.69037196472308 0.079531363357704 0
0.1328125 0.602093189945379 -4.74499314891748 0.0795313164518928 0
0.134765625 0.592772638311389 -4.79888260196424 0.0795312692212967 0
0.13671875 0.583347554781456 -4.85202730673708 0.0795312217022784 0
0.138671875 0.573819406644447 -4.90441426984923 0.0795311739325648 0
0.140625 0.564189686539858 -4.95603052972538 0.0795311259512188 0
0.142578125 0.554459912387707 -5.00686316486701 0.0795310777986064 0
0.14453125 0.544631627302096 -5.05689930230189 0.0795310295163594 0
0.146484375 0.53470639948809 -5.10612612620772 0.079530981147333 0
0.1484375 0.524685822121597 -5.15453088669975 0.0795309327355593 0
0.150390625 0.51457151321192 -5.20210090877132 0.0795308843261965 0
0.15234375 0.504365115446709 -5.24882360137592 0.0795308359654721 0
0.154296875 0.494068296019045 -5.29468646663873 0.0795307877006232 0
0.15625 0.483682746436402 -5.33967710918525 0.0795307395798317 0
0.158203125 0.47321018231129 -5.38378324557405 0.0795306916521543 0
0.16015625 0.462652343133378 -5.42699271382012 0.0795306439674495 0
0.162109375 0.45201099202293 -5.46929348299512 0.0795305965762998 0
0.1640625 0.441287915465428 -5.51067366289001 0.0795305495299294 0
0.166015625 0.430484923027266 -5.55112151372565 0.0795305028801189 0
0.16796875 0.419603847052437 -5.59062545589598 0.0795304566791158 0
0.169921875 0.408646542340172 -5.62917407972873 0.0795304109795413 0
0.171875 0.397614885803497 -5.66675615524758 0.0795303658342943 0
0.173828125 0.386510776108736 -5.70336064192008 0.0795303212964517 0
0.17578125 0.375336133295997 -5.73897669837494 0.0795302774191667 0
0.177734375 0.364092898380709 -5.77359369207215 0.0795302342555638 0
0.1796875 0.35278303293634 -5.80720120890954 0.079530191858632 -0
0.181640625 0.341408518658406 -5.83978906274881 0.0795301502811157 -0
0.18359375 0.329971356909977 -5.87134730484424 0.0795301095754045 -0
0.185546875 0.318473568248859 -5.90186623315724 0.0795300697934211 -0
0.1875 0.306917191936707 -5.93133640153968 0.0795300309865089 -0
0.189453125 0.295304285430344 -5.95974862876924 0.079529993205318 -0
0.19140625 0.283636923855577 -5.98709400741992 0.0795299564996925 -0
0.193359375 0.27191719946386 -6.01336391255101 0.0795299209185564 -0
0.1953125 0.260147221072175 -6.03855001019798 0.079529886509801 -0
0.197265625 0.248329113486524 -6.0626442656491 0.0795298533201729 -0
0.19921875 0.236465016909483 -6.08563895149149 0.0795298213951634 -0
0.201171875 0.224557086332261 -6.10752665541119 0.0795297907788996 -0
0.203125 0.212607490911783 -6.12830028773149 0.0795297615140373 -0
0.205078125 0.20061841333331 -6.14795308867475 0.0795297336416573 -0
0.20703125 0.188592049159147 -6.16647863533314 0.0795297072011632 -0
0.208984375 0.176530606164039 -6.183870848334 0.0795296822301837 -0
0.2109375 0.164436303657842 -6.20012399818649 0.0795296587644779 -0
0.212890625 0.152311371796123 -6.2152327112964 0.0795296368378445 -0
0.21484375 0.140158050879341 -6.22919197563673 0.079529616482036 -0
0.216796875 0.127978590641292 -6.24199714606236 0.0795295977266767 -0
0.21875 0.115775249527535 -6.25364394925762 0.0795295805991865 -0
0.220703125 0.103550293964505 -6.26412848830651 0.0795295651247093 -0
0.22265625 0.0913059976200875 -6.27344724687586 0.0795295513260475 -0
0.224609375 0.079044640656396 -6.28159709300273 0.0795295392236021 -0
0.2265625 0.0667685089755456 -6.28857528247782 0.0795295288353188 -0
0.228515625 0.0544798934592171 -6.29437946181794 0.0795295201766408 -0
0.23046875 0.0421810892028193 -6.29900767082102 0.0795295132604675 -0
0.232421875 0.0298743947450725 -6.30245834469822 0.0795295080971205 -0
0.234375 0.0175621112938419 -6.30473031577869 0.0795295046943158 -0
0.236328125 0.00524654194906196 -6.30582281478317 0.0795295030571434 -0
0.23828125 -0.00707000907640487 -6.30573547166382 0.0795295031880536 -0
0.240234375 -0.0193852372371248 -6.3044683160084 0.0795295050868504 -0
0.2421875 -0.0316968384358127 -6.30202177700793 0.0795295087506922 -0
0.244140625 -0.0440025098035621 -6.29839668298796 0.0795295141740991 -0
0.24609375 -0.0562999504787344 -6.29359426050438 0.0795295213489679 -0
0.248046875 -0.0685868623836573 -6.28761613300576 0.0795295302645935 -0
0.25 -0.0808609509982882 -6.28046431906514 0.0795295409076974 -0
0.251953125 -0.0931199261300055 -6.27214123018492 0.0795295532624634 -0
0.25390625 -0.105361502678698 -6.26264966817969 0.0795295673105788 -0
0.255859375 -0.117583401396332 -6.25199282214256 0.0795295830312838 -0
0.2578125 -0.129783349640192 -6.24017426500138 0.0795296004014254 -0
0.259765625 -0.141959082118994 -6.22719794967232 0.0795296193955183 -0
0.26171875 -0.1541083416311 -6.21306820481871 0.0795296399858117 -0
0.263671875 -0.166228879794067 -6.19778973022444 0.0795296621423613 -0
0.265625 -0.178318457764789 -6.18136759179127 0.0795296858331065 -0
0.267578125 -0.190374846949502 -6.16380721617085 0.0795297110239525 -0
0.26953125 -0.202395829702956 -6.14511438504233 0.0795297376788577 -0
0.271484375 -0.214379200016073 -6.12529522904769 0.0795297657599247 -0
0.2734375 -0.226322764191424 -6.10435622139703 0.0795297952274952 -0
0.275390625 -0.238224341505906 -6.08230417115712 0.0795298260402488 -0
0.27734375 -0.250081764860006 -6.05914621623673 0.0795298581553052 -0
0.279296875 -0.26189288141308 -6.03488981608287 0.0795298915283285 -0
0.28125 -0.27365555320408 -6.00954274410277 0.0795299261136347 -0
0.283203125 -0.285367657757232 -5.98311307982645 0.0795299618643007 -0
0.28515625 -0.297027088672152 -5.95560920082548 0.0795299987322751 -0
0.287109375 -0.308631756197956 -5.92703977440366 0.0795300366684907 -0
0.2890625 -0.320179587790917 -5.89741374907573 0.0795300756229769 -0
0.291015625 -0.331668528655283 -5.86674034585052 0.0795301155449737 -0
0.29296875 -0.343096542266895 -5.83502904933493 0.0795301563830448 -0
0.294921875 -0.354461610879248 -5.80228959867566 0.0795301980851914 -0
0.296875 -0.365761736011722 -5.76853197835535 0.0795302405989643 -0
0.298828125 -0.376994938919698 -5.73376640886007 0.0795302838715758 -0
0.30078125 -0.388159261046332 -5.69800333723514 0.0795303278500102 -0
0.302734375 -0.399252764455773 -5.6612534275461 0.079530372481132 -0
0.3046875 -0.410273532247684 -5.62352755126174 0.0795304177117927 -0
0.306640625 -0.421219668952889 -5.58483677757587 0.0795304634889354 -0
0.30859375 -0.432089300910089 -5.54519236368451 0.0795305097596962 -0
0.310546875 -0.442880576623532 -5.50460574503487 0.0795305564715031 -0
0.3125 -0.453591667101632 -5.46308852556231 0.0795306035721721 -0
0.314453125 -0.46422076617651 -5.42065246793135 0.0795306510099994 -0
0.31640625 -0.474766090804489 -5.37730948379627 0.0795306987338503 -0
0.318359375 -0.485225881347589 -5.33307162409672 0.0795307466932446 -0
0.3203125 -0.495598401836116 -5.28795106940338 0.0795307948384377 -0
0.322265625 -0.505881940212446 -5.24196012032821 0.0795308431204978 -0
0.32421875 -0.516074808556148 -5.19511118801364 0.0795308914913787 -0
0.326171875 -0.526175343290624 -5.14741678471442 0.0795309399039887 -0
0.328125 -0.536181905371439 -5.09888951448554 0.0795309883122549 -0
0.330078125 -0.546092880456583 -5.04954206398902 0.0795310366711825 -0
0.33203125 -0.555906679058896 -4.99938719343209 0.0795310849369105 -0
0.333984375 -0.565621736680927 -4.9484377276486 0.079531133066762 -0
0.3359375 -0.575236513932524 -4.89670654733501 0.07953118101929 -0
0.337890625 -0.584749496631455 -4.84420658045183 0.0795312287543192 -0
0.33984375 -0.594159195887414 -4.79095079380083 0.0795312762329825 -0
0.341796875 -0.603464148169739 -4.73695218478777 0.0795313234177534 -0
0.34375 -0.612662915359241 -4.68222377337979 0.0795313702724734 -0
0.345703125 -0.621754084784504 -4.62677859426624 0.0795314167623754 -0
0.34765625 -0.630736269243093 -4.57062968923079 0.0795314628541025 -0
0.349609375 -0.639608107008062 -4.51379009974261 0.0795315085157225 -0
0.3515625 -0.648368261820213 -4.45627285977327 0.0795315537167382 -0
0.353515625 -0.657015422866551 -4.398090988846 0.0795315984280938 -0
0.35546875 -0.665548304745392 -4.33925748532291 0.0795316426221771 -0
0.357421875 -0.673965647418594 -4.2797853199356 0.0795316862728175 -0
0.359375 -0.682266216151391 -4.21968742956373 0.0795317293552814 -0
0.361328125 -0.690448801440327 -4.15897671126582 0.0795317718462629 -0
0.36328125 -0.698512218929773 -4.0976660165659 0.0795318137238719 -0
0.365234375 -0.706455309317538 -4.03576814599909 0.079531854967618 -0
0.3671875 -0.714276938250082 -3.97329584391872 0.0795318955583925 -0
0.369140625 -0.721975996207845 -3.91026179356713 0.0795319354784467 -0
0.37109375 -0.729551398381203 -3.84667861241171 0.0795319747113673 -0
0.373046875 -0.737002084537578 -3.7825588477474 0.0795320132420501 -0
0.375 -0.744327018880217 -3.71791497256618 0.0795320510566703 -0
0.376953125 -0.751525189899165 -3.652759381694 0.0795320881426511 -0
0.37890625 -0.758595610214959 -3.58710438819475 0.0795321244886301 -0
0.380859375 -0.765537316415551 -3.52096222004079 0.0795321600844238 -0
0.3828125 -0.772349368886993 -3.4543450170489 0.0795321949209903 -0
0.384765625 -0.779030851638398 -3.38726482808047 0.0795322289903908 -0
0.38671875 -0.785580872121683 -3.3197336085039 0.0795322622857488 -0
0.388671875 -0.791998561046616 -3.25176321791733 0.0795322948012095 -0
0.390625 -0.798283072191672 -3.18336541812908 0.0795323265318966 -0
0.392578125 -0.804433582211183 -3.11455187139317 0.0795323574738692 -0
0.39453125 -0.810449290439302 -3.0453341388968 0.0795323876240776 -0
0.396484375 -0.816329418691249 -2.97572367949639 0.0795324169803184 -0
0.3984375 -0.822073211062335 -2.90573184869865 0.0795324455411894 -0
0.400390625 -0.827679933725228 -2.8353698978828 0.0795324733060437 -0
0.40234375 -0.833148874725939 -2.76464897375976 0.0795325002749442 -0
0.404296875 -0.838479343778977 -2.69358011806405 0.0795325264486173 -0
0.40625 -0.843670672062127 -2.62217426747388 0.0795325518284076 -0
0.408203125 -0.848722212011297 -2.5504422537546 0.0795325764162315 -0
0.41015625 -0.853633337115856 -2.47839480412074 0.0795326002145323 -0
0.412109375 -0.858403441714893 -2.40604254181146 0.0795326232262348 -0
0.4140625 -0.863031940794807 -2.33339598687428 0.0795326454547012 -0
0.416015625 -0.867518269788621 -2.26046555715161 0.0795326669036865 -0
0.41796875 -0.87186188437743 -2.18726156946477 0.0795326875772953 -0
0.419921875 -0.876062260294343 -2.11379424098967 0.0795327074799397 -0
0.421875 -0.880118893131296 -2.04007369081873 0.0795327266162969 -0
0.423828125 -0.884031298149104 -1.9661099417029 0.0795327449912686 -0
0.42578125 -0.887799010091073 -1.89191292196823 0.0795327626099412 -0
0.427734375 -0.891421583000542 -1.81749246760081 0.0795327794775464 -0
0.4296875 -0.894898590042639 -1.74285832449415 0.0795327955994244 -0
0.431640625 -0.898229623330597 -1.66802015085287 0.0795328109809864 -0
0.43359375 -0.901414293756908 -1.59298751974665 0.0795328256276793 -0
0.435546875 -0.904452230829608 -1.5177699218082 0.0795328395449521 -0
0.4375 -0.907343082513971 -1.44237676806903 0.0795328527382223 -0
0.439453125 -0.910086515079877 -1.36681739292681 0.0795328652128447 -0
0.44140625 -0.912682212955092 -1.29110105723814 0.0795328769740814 -0
0.443359375 -0.915129878584714 -1.2152369515302 0.0795328880270726 -0
0.4453125 -0.917429232297006 -1.1392341993253 0.0795328983768095 -0
0.447265625 -0.919580012175828 -1.06310186057176 0.0795329080281083 -0
0.44921875 -0.921581973939865 -0.986848935174908 0.079532916985586 -0
0.451171875 -0.923434890828855 -0.910484366621845 0.079532925253637 -0
0.453125 -0.925138553496981 -0.834017045693703 0.0795329328364125 -0
0.455078125 -0.926692769913596 -0.757455814258963 0.0795329397377999 -0
0.45703125 -0.928097365271431 -0.680809469141571 0.0795329459614049 -0
0.458984375 -0.92935218190243 -0.604086766057516 0.0795329515105349 -0
0.4609375 -0.930457079201343 -0.527296423613525 0.0795329563881833 -0
0.462890625 -0.931411933557171 -0.450447127361562 0.0795329605970168 -0
0.46484375 -0.932216638292599 -0.373547533902814 0.0795329641393628 -0
0.466796875 -0.932871103611479 -0.296606275034854 0.0795329670171992 -0
0.46875 -0.933375256554454 -0.219631961935655 0.0795329692321459 -0
0.470703125 -0.93372904096279 -0.142633189378169 0.0795329707854577 -0
0.47265625 -0.933932417450462 -0.0656185399691553 0.0795329716780185 -0
0.474609375 -0.933985363384544 0.0114034115940329 0.0795329719103379 0
0.4765625 -0.933887872873923 0.0884240942550083 0.0795329714825487 0
0.478515625 -0.933639956766361 0.165434936324543 0.0795329703944063 0
0.48046875 -0.933241642653905 0.242427361207696 0.0795329686452902 0
0.482421875 -0.932692974886643 0.319392783138165 0.0795329662342059 0
0.484375 -0.931994014594772 0.396322602926166 0.0795329631597902 0
0.486328125 -0.931144839718963 0.473208203726121 0.0795329594203161 0
0.48828125 -0.930145545048967 0.550040946830483 0.0795329550137013 0
0.490234375 -0.928996242270406 0.626812167495965 0.0795329499375168 0
0.4921875 -0.927697060019685 0.703513170808514 0.0795329441889979 0
0.494140625 -0.926248143946935 0.780135227593314 0.0795329377650567 0
0.49609375 -0.924649656786899 0.856669570376154 0.0795329306622958 0
0.498046875 -0.922901778437653 0.933107389402468 0.0795329228770243 0
0.5 -0.921004706047046 1.00943982872037 0.0795329144052747 0
0.501953125 -0.918958654106715 1.08565798233402 0.0795329052428217 0
0.50390625 -0.916763854553553 1.16175289043366 0.0795328953852026 0
0.505859375 -0.914420556878458 1.23771553570859 0.079532884827739 0
0.5078125 -0.911929028242192 1.31353683974952 0.0795328735655603 0
0.509765625 -0.909289553598186 1.38920765954656 0.0795328615936283 0
0.51171875 -0.906502435822088 1.46471878408914 0.0795328489067639 0
0.513671875 -0.903567995847838 1.54006093107427 0.0795328354996745 0
0.515625 -0.900486572810079 1.6152247437294 0.0795328213669835 0
0.517578125 -0.897258524192645 1.69020078775617 0.0795328065032608 0
0.51953125 -0.893884225982907 1.76497954840134 0.0795327909030544 0
0.521484375 -0.890364072831702 1.83955142766114 0.0795327745609244 0
0.5234375 -0.886698478218605 1.91390674162536 0.0795327574714768 0
0.525390625 -0.882887874622228 1.98803571796723 0.0795327396293999 0
0.52734375 -0.878932713695296 2.06192849358537 0.0795327210295008 0
0.529296875 -0.87483346644416 2.13557511240386 0.0795327016667438 0
0.53125 -0.870590623412468 2.20896552333658 0.0795326815362894 0
0.533203125 -0.866204694868627 2.28208957842165 0.0795326606335346 0
0.53515625 -0.861676210996758 2.35493703113219 0.0795326389541541 0
0.537109375 -0.857005722090767 2.42749753486888 0.0795326164941422 0
0.5390625 -0.852193798751177 2.49976064164049 0.0795325932498556 0
0.541015625 -0.847241032084359 2.57171580093775 0.0795325692180573 0
0.54296875 -0.842148033903764 2.6433523588063 0.0795325443959601 0
0.544921875 -0.836915436932771 2.71465955712406 0.0795325187812722 0
0.546875 -0.831543895008748 2.78562653308846 0.0795324923722415 0
0.548828125 -0.826034083287895 2.8562423189186 0.079532465167702 0
0.55078125 -0.820386698450472 2.92649584177744 0.0795324371671188 0
0.552734375 -0.814602458905952 2.99637592391877 0.0795324083706345 0
0.5546875 -0.808682104997664 3.06587128306377 0.0795323787791147 0
0.556640625 -0.802626399206484 3.13497053301155 0.0795323483941943 0
0.55859375 -0.796436126353088 3.2036621844879 0.0795323172183225 0
0.560546875 -0.790112093798328 3.27193464623642 0.0795322852548082 0
0.5625 -0.783655131641227 3.33977622635566 0.0795322525078647 0
0.564453125 -0.777066092914126 3.40717513388597 0.0795322189826537 0
0.56640625 -0.770345853774485 3.47411948064914 0.079532184685328 0
0.568359375 -0.76349531369284 3.54059728334407 0.0795321496230744 0
0.5703125 -0.756515395636422 3.60659646590081 0.0795321138041543 0
0.572265625 -0.749407046247915 3.67210486209564 0.0795320772379436 0
0.57421875 -0.742171236018861 3.73711021842896 0.0795320399349711 0
0.576171875 -0.734808959457177 3.80160019726777 0.079532001906955 0
0.578125 -0.727321235248284 3.86556238025403 0.0795319631668385 0
0.580078125 -0.71970910640931 3.92898427197965 0.0795319237288219 0
0.58203125 -0.711973640435863 3.99185330392882 0.0795318836083941 0
0.583984375 -0.704115929440838 4.05415683868758 0.0795318428223611 0
0.5859375 -0.69613709028474 4.11588217442031 0.079531801388872 0
0.587890625 -0.688038264697009 4.17701654961239 0.0795317593274424 0
0.58984375 -0.679820619387816 4.23754714807766 0.0795317166589753 0
0.591796875 -0.67148534614983 4.29746110422897 0.0795316734057787 0
0.59375 -0.663033661949422 4.35674550860957 0.0795316295915802 0
0.595703125 -0.654466809006824 4.41538741368257 0.079531585241538 0
0.59765625 -0.645786054864725 4.47337383987526 0.0795315403822491 0
0.599609375 -0.636992692444811 4.53069178187435 0.0795314950417532 0
0.6015625 -0.628088040091778 4.58732821516803 0.0795314492495335 0
0.603515625 -0.619073441604311 4.64327010282969 0.0795314030365128 0
0.60546875 -0.609950266252599 4.69850440253819 0.0795313564350464 0
0.607421875 -0.600719908781897 4.75301807382841 0.0795313094789105 0
0.609375 -0.591383789401707 4.80679808556573 0.0795312622032863 0
0.611328125 -0.581943353760155 4.85983142363728 0.0795312146447401 0
0.61328125 -0.572400072903124 4.91210509885221 0.0795311668411984 0
0.615234375 -0.562755443217764 4.96360615504286 0.0795311188319193 0
0.6171875 -0.553010986359988 5.01432167735795 0.0795310706574587 0
0.619140625 -0.543168249165584 5.06423880073849 0.079531022359632 0
0.62109375 -0.533228803544603 5.11334471856637 0.079530973981472 0
0.623046875 -0.523194246358685 5.16162669147534 0.0795309255671809 0
0.625 -0.513066199281028 5.20907205631321 0.0795308771620786 0
0.626953125 -0.502846308638711 5.25566823524384 0.0795308288125462 0
0.62890625 -0.492536245237106 5.30140274497685 0.0795307805659648 0
0.630859375 -0.482137704166145 5.34626320611248 0.0795307324706503 0
0.6328125 -0.47165240458823 5.39023735258858 0.0795306845757828 0
0.634765625 -0.461082089507596 5.43331304121629 0.0795306369313331 0
0.63671875 -0.450428525520978 5.47547826129038 0.0795305895879838 0
0.638671875 -0.439693502549431 5.51672114425996 0.0795305425970471 0
0.640625 -0.428878833551213 5.55702997344481 0.0795304960103785 0
0.642578125 -0.417986354215662 5.59639319378222 0.0795304498802867 0
0.64453125 -0.407017922638001 5.63479942158881 0.0795304042594402 0
0.646484375 -0.395975418975081 5.67223745432168 0.0795303592007705 0
0.6484375 -0.384860745082057 5.7086962803228 0.0795303147573723 0
0.650390625 -0.37367582413007 5.74416508853031 0.0795302709824014 0
0.65234375 -0.362422600204986 5.77863327814038 0.0795302279289689 0
0.654296875 -0.351103037887334 5.81209046820281 0.0795301856500344 0
0.65625 -0.339719121813568 5.84452650713377 0.0795301441982969 0
0.658203125 -0.328272856218843 5.87593148212868 0.0795301036260839 0
0.66015625 -0.316766264461503 5.90629572845835 0.0795300639852396 0
0.662109375 -0.305201388529552 5.93560983863152 0.0795300253270117 0
0.6640625 -0.293580288529349 5.96386467140685 0.0795299877019384 0
0.666015625 -0.281905042156869 5.99105136063757 0.0795299511597344 0
0.66796875 -0.270177744151858 6.01716132393219 0.0795299157491781 0
0.669921875 -0.258400505735259 6.04218627111469 0.0795298815179984 0
0.671875 -0.246575454030317 6.06611821246799 0.0795298485127628 0
0.673828125 -0.234704731467806 6.08894946674461 0.0795298167787677 0
0.67578125 -0.222790495175845 6.11067266892886 0.0795297863599288 0
0.677734375 -0.210834916354803 6.13128077773529 0.0795297572986755 0
0.6796875 -0.198840179637817 6.15076708282826 0.0795297296358463 0
0.681640625 -0.186808482437505 6.16912521174829 0.0795297034105883 0
0.68359375 -0.174742034279425 6.18634913653119 0.0795296786602593 0
0.685546875 -0.16264305612293 6.2024331800063 0.0795296554203337 0
0.6875 -0.150513779670026 6.21737202176115 0.0795296337243126 0
0.689453125 -0.138356446662925 6.23116070376004 0.0795296136036385 0
0.69140625 -0.126173308170963 6.24379463560507 0.0795295950876141 0
0.693359375 -0.113966623867593 6.25526959942845 0.0795295782033265 0
0.6953125 -0.101738661298196 6.26558175440601 0.0795295629755771 0
0.697265625 -0.0894916951394444 6.27472764088233 0.0795295494268163 0
0.69921875 -0.0772280064509989 6.28270418409879 0.0795295375770847 0
0.701171875 -0.0649498819203085 6.28950869751658 0.0795295274439607 0
0.703125 -0.0526596131013248 6.29513888572774 0.079529519042513 0
0.705078125 -0.0403594956479345 6.29959284694786 0.0795295123852615 0
0.70703125 -0.0280518285429347 6.30286907508524 0.0795295074821436 0
0.708984375 -0.0157389133233828 6.30496646138197 0.0795295043404876 0
0.7109375 -0.00342305330316142 6.30588429562351 0.0795295029649933 0
0.712890625 0.00889344720639651 6.30562226691407 0.0795295033577196 0
0.71484375 0.0212082836769717 6.30418046401621 0.0795295055180786 0
0.716796875 0.0335191521439598 6.30155937525385 0.0795295094428373 0
0.71875 0.045823749986557 6.29775988797901 0.0795295151261265 0
0.720703125 0.0581197767063778 6.29278328760328 0.0795295225594561 0
0.72265625 0.0704049347037574 6.28663125619624 0.0795295317317381 0
0.724609375 0.0826769300508944 6.27930587065373 0.079529542629316 0
0.7265625 0.0949334732609985 6.27080960043998 0.0795295552360009 0
0.728515625 0.107172280052613 6.26114530490839 0.0795295695331149 0
0.73046875 0.119391072108297 6.25031623020673 0.0795295854995401 0
0.732421875 0.131587577826858 6.23832600577322 0.0795296031117743 0
0.734375 0.143759533068349 6.22517864043118 0.0795296223439924 0
0.736328125 0.155904681891042 6.21087851809021 0.0795296431681143 0
0.73828125 0.168020777279638 6.19543039306326 0.0795296655538773 0
0.740234375 0.180105581863946 6.17883938500922 0.0795296894689141 0
0.7421875 0.192156868627331 6.16111097351166 0.0795297148788365 0
0.744140625 0.204172421604226 6.14225099230513 0.0795297417473221 0
0.74609375 0.216150036566023 6.12226562316071 0.0795297700362066 0
0.748046875 0.228087521694697 6.10116138944365 0.0795297997055794 0
0.75 0.239982698243537 6.07894514935608 0.0795298307138827 0
0.751953125 0.251833401184369 6.05562408887867 0.0795298630180139 0
0.75390625 0.263637479840719 6.03120571442537 0.0795298965734309 0
0.755859375 0.275392798506344 6.00569784522595 0.0795299313342591 0
0.7578125 0.287097237048633 5.97910860545154 0.0795299672534015 0
0.759765625 0.298748691496389 5.9514464160986 0.0795300042826492 0
0.76171875 0.310345074611518 5.92271998664718 0.079530042372794 0
0.763671875 0.321884316444229 5.89293830650968 0.0795300814737413 0
0.765625 0.333364364871322 5.8621106362864 0.0795301215346238 0
0.767578125 0.344783186117223 5.83024649884446 0.0795301625039149 0
0.76953125 0.356138765257433 5.79735567023687 0.0795302043295418 0
0.771484375 0.367429106704086 5.76344817047859 0.0795302469589985 0
0.7734375 0.378652234673365 5.72853425419644 0.0795302903394564 0
0.775390625 0.389806193634541 5.69262440116974 0.0795303344178753 0
0.77734375 0.400889048740434 5.65572930677877 0.0795303791411111 0
0.779296875 0.411898886239145 5.61785987237761 0.0795304244560224 0
0.78125 0.422833813866909 5.5790271956083 0.0795304703095744 0
0.783203125 0.43369196122199 5.5392425606728 0.0795305166489403 0
0.78515625 0.444471480119537 5.49851742857919 0.0795305634215997 0
0.787109375 0.455170544927378 5.45686342737825 0.0795306105754338 0
0.7890625 0.465787352882734 5.41429234240634 0.0795306580588176 0
0.791015625 0.476320124389902 5.37081610655024 0.079530705820708 0
0.79296875 0.486767103298946 5.32644679054926 0.0795307538107287 0
0.794921875 0.497126557165485 5.28119659334951 0.0795308019792507 0
0.796875 0.507396777491717 5.235077832525 0.0795308502774686 0
0.798828125 0.517576079948786 5.18810293477963 0.0795308986574737 0
0.80078125 0.5276628045807 5.14028442654395 0.0795309470723208 0
0.802734375 0.537655315989974 5.09163492467987 0.0795309954760933 0
0.8046875 0.547552003505231 5.04216712730611 0.0795310438239606 0
0.806640625 0.557351281331013 4.9918938047569 0.079531092072234 0
0.80859375 0.567051588680062 4.94082779068552 0.079531140178416 0
0.810546875 0.576651389888378 4.88898197332414 0.0795311881012453 0
0.8125 0.58614917451336 4.83636928691063 0.0795312358007381 0
0.814453125 0.595543457415373 4.78300270329265 0.0795312832382239 0
0.81640625 0.604832778823097 4.72889522371863 0.0795313303763771 0
0.818359375 0.614015704383024 4.67405987082475 0.0795313771792437 0
0.8203125 0.623090825193506 4.61850968082655 0.0795314236122644 0
0.822265625 0.632056757823752 4.56225769592301 0.0795314696422924 0
0.82421875 0.640912144318205 4.50531695692073 0.0795315152376074 0
0.826171875 0.649655652186724 4.44770049608486 0.0795315603679254 0
0.828125 0.658285974381037 4.38942133022319 0.0795316050044042 0
0.830078125 0.666801829257908 4.33049245400916 0.0795316491196451 0
0.83203125 0.67520196052951 4.2709268335488 0.0795316926876909 0
0.833984375 0.683485137201458 4.21073740019648 0.0795317356840199 0
0.8359375 0.691650153499027 4.14993704462335 0.0795317780855368 0
0.837890625 0.699695828782018 4.08853861114211 0.0795318198705595 0
0.83984375 0.707621007448801 4.02655489229117 0.0795318610188037 0
0.841796875 0.715424558830031 3.96399862368073 0.0795319015113632 0
0.84375 0.723105377072554 3.9008824791027 0.0795319413306888 0
0.845703125 0.730662381014026 3.83721906590618 0.0795319804605628 0
0.84765625 0.73809451404875 3.77302092063939 0.0795320188860723 0
0.849609375 0.745400743985273 3.70830050495885 0.0795320565935791 0
0.8515625 0.752580062896246 3.64307020180579 0.0795320935706886 0
0.853515625 0.759631486961077 3.57734231184964 0.0795321298062151 0
0.85546875 0.766554056301908 3.51112905019796 0.0795321652901466 0
0.857421875 0.773346834813413 3.4444425433716 0.0795322000136069 0
0.859375 0.780008909986954 3.3772948265438 0.0795322339688171 0
0.861328125 0.7865393927296 3.30969784104134 0.0795322671490546 0
0.86328125 0.792937417178521 3.24166343210549 0.0795322995486122 0
0.865234375 0.799202140511262 3.1732033469105 0.0795323311627547 0
0.8671875 0.805332742752391 3.10432923283657 0.0795323619876761 0
0.869140625 0.81132842657703 3.0350526359943 0.0795323920204548 0
0.87109375 0.817188417111743 2.96538499999736 0.0795324212590089 0
0.873046875 0.822911961733269 2.89533766497942 0.0795324497020508 0
0.875 0.828498329865569 2.82492186685175 0.0795324773490418 0
0.876953125 0.833946812775659 2.75414873679712 0.0795325042001457 0
0.87890625 0.839256723368683 2.68302930099582 0.0795325302561835 0
0.880859375 0.844427395982674 2.61157448057908 0.0795325555185872 0
0.8828125 0.849458186183445 2.5397950918052 0.079532579989354 0
0.884765625 0.854348470560038 2.46770184645354 0.0795326036710016 0
0.88671875 0.859097646521154 2.3953053524311 0.0795326265665221 0
0.888671875 0.863705132092972 2.32261611458664 0.0795326486793387 0
0.890625 0.868170365718758 2.24964453572681 0.0795326700132609 0
0.892578125 0.872492806060655 2.17640091782885 0.0795326905724415 0
0.89453125 0.876671931804027 2.10289546344429 0.0795327103613344 0
0.896484375 0.880707241464734 2.02913827728778 0.0795327293846526 0
0.8984375 0.884598253199682 1.95513936800546 0.0795327476473276 0
0.900390625 0.888344504621005 1.88090865011675 0.0795327651544698 0
0.90234375 0.891945552614201 1.80645594612374 0.0795327819113295 0
0.904296875 0.895400973160551 1.73179098878209 0.0795327979232594 0
0.90625 0.898710361164131 1.65692342352739 0.0795328131956783 0
0.908203125 0.901873330283705 1.58186281105078 0.0795328277340356 0
0.91015625 0.904889512769798 1.50661863001772 0.0795328415437776 0
0.912109375 0.907758559307212 1.43120027992367 0.0795328546303144 0
0.9140625 0.91048013886325 1.35561708408039 0.0795328669989892 0
0.916015625 0.913053938541901 1.27987829272667 0.0795328786550476 0
0.91796875 0.915479663444213 1.20399308625717 0.0795328896036094 0
0.919921875 0.917757036535093 1.12797057856307 0.0795328998496417 0
0.921875 0.919885798516725 1.05181982047813 0.0795329093979326 0
0.923828125 0.921865707708835 0.975549803324061 0.0795329182530674 0
0.92578125 0.92369653993596 0.899169462548571 0.0795329264194061 0
0.927734375 0.925378088421916 0.822687681450047 0.0795329339010619 0
0.9296875 0.926910163691624 0.746113294982347 0.0795329407018816 0
0.931640625 0.928292593480441 0.66945509363345 0.0795329468254278 0
0.93359375 0.92952522265113 0.592721827371629 0.0795329522749623 0
0.935546875 0.930607913118611 0.515922209652806 0.079532957053431 0
0.9375 0.931540543782586 0.439064921482776 0.0795329611634509 0
0.939453125 0.932323010468153 0.362158615527986 0.0795329646072985 0
0.94140625 0.932955225874492 0.285211920268547 0.079532967386899 0
0.943359375 0.933437119531702 0.208233444187177 0.0795329695038189 0
0.9453125 0.933768637765849 0.131231779987761 0.0795329709592582 0
0.947265625 0.933949743672279 0.0542155088372411 0.0795329717540456 0
0.94921875 0.933980417097244 -0.0228067953754798 0.0795329718886351 -0
0.951171875 0.933860654627844 -0.0998265617699019 0.0795329713631035 -0
0.953125 0.93359046959033 -0.176835218199866 0.0795329701771506 -0
0.955078125 0.933169892056751 -0.253824186981351 0.0795329683301002 -0
0.95703125 0.932598968859934 -0.330784880628435 0.0795329658209029 -0
0.958984375 0.931877763616796 -0.407708697603707 0.0795329626481412 -0
0.9609375 0.93100635675992 -0.484587018089432 0.0795329588100352 -0
0.962890625 0.929984845577384 -0.561411199785766 0.0795329543044504 -0
0.96484375 0.928813344260757 -0.638172573742334 0.0795329491289075 -0
0.966796875 0.927491983961203 -0.714862440229468 0.0795329432805931 -0
0.96875 0.92602091285361 -0.791472064655414 0.0795329367563725 -0
0.970703125 0.924400296208643 -0.867992673535847 0.0795329295528039 -0
0.97265625 0.922630316472611 -0.944415450521976 0.0795329216661544 -0
0.974609375 0.920711173355041 -1.0207315324936 0.0795329130924169 -0
0.9765625 0.918643083923808 -1.09693200572344 0.0795329038273298 -0
0.978515625 0.916426282707684 -1.173007902119 0.079532893866397 -0
0.98046875 0.914061021806155 -1.24895019554847 0.0795328832049101 -0
0.982421875 0.911547571006323 -1.32474979825674 0.0795328718379721 -0
0.984375 0.908886217906715 -1.40039755737814 0.0795328597605224 -0
0.986328125 0.906077268047815 -1.475884251552 0.0795328469673631 -0
0.98828125 0.90312104504909 -1.55120058764745 0.0795328334531874 -0
0.990234375 0.900017890752317 -1.62633719760381 0.0795328192126088 -0
0.9921875 0.89676816537095 -1.70128463539275 0.0795328042401918 -0
0.994140625 0.893372247645314 -1.77603337410859 0.0795327885304842 -0
0.99609375 0.889830535003339 -1.85057380319298 0.0795327720780506 -0
0.998046875 0.886143443726591 -1.92489622580012 0.079532754877507 -0
1 0.882311409121307 -1.9989908563088 0.0795327369235568 -0
1.001953125 0.878334885694135 -2.07284781798737 0.0795327182110281 -0
1.00390625 0.874214347332294 -2.14645714081779 0.0795326987349116 -0
1.005859375 0.869950287487815 -2.2198087594847 0.0795326784904003 -0
1.0078125 0.865543219365556 -2.29289251153566 0.0795326574729298 -0
1.009765625 0.860993676114629 -2.36569813571841 0.0795326356782193 -0
1.01171875 0.856302211022906 -2.43821527050092 0.0795326131023141 -0
1.013671875 0.851469397714235 -2.51043345278022 0.0795325897416283 -0
1.015625 0.846495830347984 -2.58234211678532 0.0795325655929886 -0
1.017578125 0.841382123820542 -2.65393059318014 0.0795325406536785 -0
1.01953125 0.836128913968374 -2.72518810837162 0.0795325149214831 -0
1.021484375 0.830736857772216 -2.79610378402844 0.0795324883947343 -0
1.0234375 0.825206633562013 -2.8666666368154 0.0795324610723565 -0
1.025390625 0.819538941222156 -2.93686557834866 0.0795324329539123 -0
1.02734375 0.813734502396588 -3.00668941537635 0.0795324040396484 -0
1.029296875 0.807794060693342 -3.07612685018953 0.0795323743305415 -0
1.03125 0.801718381888035 -3.14516648126773 0.0795323438283441 -0
1.033203125 0.79550825412589 -3.21379680416333 0.07953231253563 -0
1.03515625 0.789164488121773 -3.28200621262886 0.079532280455839 -0
1.037109375 0.782687917357808 -3.34978299999094 0.0795322475933222 -0
1.0390625 0.776079398278058 -3.41711536077428 0.0795322139533852 -0
1.041015625 0.769339810479784 -3.48399139257916 0.0795321795423314 -0
1.04296875 0.762470056900796 -3.55039909821506 0.079532144367504 -0
1.044921875 0.755471064002381 -3.61632638809333 0.079532108437327 -0
1.046875 0.748343781947306 -3.68176108288096 0.0795320717613446 -0
1.048828125 0.741089184772377 -3.74669091641762 0.0795320343502594 -0
1.05078125 0.73370827055505 -3.81110353889739 0.079531996215969 -0
1.052734375 0.726202061573559 -3.87498652031656 0.0795319573716003 -0
1.0546875 0.718571604460063 -3.9383273541882 0.0795319178315428 -0
1.056640625 0.710817970346262 -4.00111346152403 0.0795318776114785 -0
1.05859375 0.702942255000985 -4.06333219508355 0.0795318367284108 -0
1.060546875 0.694945578959216 -4.12497084389003 0.0795317952006895 -0
1.0625 0.686829087642039 -4.1860166380124 0.0795317530480345 -0
1.064453125 0.678593951466981 -4.24645675361185 0.0795317102915558 -0
1.06640625 0.670241365948243 -4.30627831825113 0.0795316669537708 -0
1.068359375 0.661772551786312 -4.36546841646433 0.079531623058618 -0
1.0703125 0.653188754946429 -4.42401409558428 0.0795315786314684 -0
1.072265625 0.644491246725436 -4.48190237182428 0.0795315336991324 -0
1.07421875 0.635681323806491 -4.5391202366102 0.0795314882898636 -0
1.076171875 0.626760308301177 -4.59565466315856 0.0795314424333584 -0
1.078125 0.617729547778527 -4.65149261329573 0.0795313961607523 -0
1.080078125 0.608590415280491 -4.70662104451261 0.079531349504612 -0
1.08203125 0.5993443093234 -4.76102691724877 0.0795313024989227 -0
1.083984375 0.589992653884988 -4.81469720239953 0.079531255179072 -0
1.0859375 0.580536898376527 -4.86761888903858 0.0795312075818292 -0
1.087890625 0.570978517599681 -4.91977899234858 0.0795311597453201 -0
1.08984375 0.561319011687665 -4.97116456175133 0.0795311117089969 -0
1.091796875 0.55155990603034 -5.02176268922859 0.0795310635136046 -0
1.09375 0.541702751182866 -5.07156051782421 0.0795310152011417 -0
1.095703125 0.531749122757589 -5.12054525031744 0.0795309668148172 -0
1.09765625 0.521700621298814 -5.16870415805696 0.079530918399002 -0
1.099609375 0.511558872140179 -5.21602458994458 0.079530869999177 -0
1.1015625 0.501325525244343 -5.2624939815569 0.0795308216618753 -0
1.103515625 0.491002255024722 -5.30809986439281 0.0795307734346206 -0
1.10546875 0.480590760149058 -5.35282987523439 0.0795307253658611 -0
1.107421875 0.470092763324588 -5.39667176560784 0.079530677504899 -0
1.109375 0.459510011064653 -5.43961341133109 0.0795306299018155 -0
1.111328125 0.448844273436576 -5.48164282213406 0.0795305826073916 -0
1.11328125 0.438097343790691 -5.52274815133697 0.0795305356730254 -0
1.115234375 0.427271038470416 -5.56291770557225 0.0795304891506455 -0
1.1171875 0.4163671965033 -5.60213995453449 0.0795304430926196 -0
1.119140625 0.405387679273016 -5.64040354074323 0.0795303975516614 -0
1.12109375 0.394334370172272 -5.67769728930259 0.079530352580733 -0
1.123046875 0.383209174236677 -5.71401021764184 0.0795303082329447 -0
1.125 0.372014017759608 -5.74933154522041 0.0795302645614521 -0
1.126953125 0.36075084788816 -5.78365070318095 0.079530221619351 -0
1.12890625 0.349421632200308 -5.81695734393382 0.0795301794595692 -0
1.130859375 0.338028358263419 -5.84924135065602 0.0795301381347577 -0
1.1328125 0.326573033174308 -5.88049284668787 0.0795300976971796 -0
1.134765625 0.315057683081044 -5.91070220481048 0.0795300581985979 -0
1.13671875 0.303484352686767 -5.93986005638702 0.0795300196901623 -0
1.138671875 0.291855104735782 -5.96795730035102 0.0795299822222964 -0
1.140625 0.28017201948227 -5.99498511202482 0.0795299458445834 -0
1.142578125 0.268437194141935 -6.02093495175161 0.0795299106056534 -0
1.14453125 0.256652742326991 -6.04579857332462 0.0795298765530702 -0
1.146484375 0.244820793464886 -6.06956803219703 0.0795298437332203 -0
1.1484375 0.232943492201221 -6.0922356934569 0.0795298121912022 -0
1.150390625 0.22102299778732 -6.11379423955127 0.0795297819707185 -0
1.15234375 0.209061483452974 -6.13423667774417 0.0795297531139694 -0
1.154296875 0.197061135764882 -6.15355634729379 0.0795297256615493 -0
1.15625 0.185024153971358 -6.17174692633417 0.0795296996523465 -0
1.158203125 0.172952749333889 -6.18880243844763 0.0795296751234458 -0
1.16015625 0.160849144446171 -6.20471725891448 0.0795296521100349 -0
1.162109375 0.148715572541254 -6.21948612062714 0.0795296306453155 -0
1.1640625 0.136554276787472 -6.23310411965656 0.0795296107604183 -0
1.166015625 0.124367509573846 -6.24556672045931 0.0795295924843225 -0
1.16796875 0.112157531785678 -6.25686976071444 0.0795295758437813 -0
1.169921875 0.0999266120710551 -6.26700945578005 0.0795295608632518 -0
1.171875 0.0876770260990367 -6.2759824027602 0.0795295475648313 -0
1.173828125 0.0754110558102731 -6.28378558417343 0.0795295359681992 -0
1.17578125 0.0631309886608593 -6.29041637121523 0.0795295260905647 -0
1.177734375 0.0508391168602136 -6.29587252660753 0.0795295179466218 -0
1.1796875 0.0385377366037986 -6.30015220702896 0.07952951154851 -0
1.181640625 0.0262291473015067 -6.30325396512092 0.0795295069057818 -0
1.18359375 0.013915650802545 -6.30517675106499 0.0795295040253775 -0
1.185546875 0.0015995506176591 -6.30591991372831 0.0795295029116066 -0
1.1875 -0.0107168488604562 -6.30548320137458 0.0795295035661362 -0
1.189453125 -0.0230312431377104 -6.30386676193904 0.0795295059879864 -0
1.19140625 -0.0353413283992806 -6.30107114286685 0.0795295101735334 -0
1.193359375 -0.047644802289534 -6.29709729051524 0.0795295161165187 -0
1.1953125 -0.0599393646903558 -6.29194654912079 0.079529523808066 -0
1.197265625 -0.0722227184970371 -6.28562065933391 0.079529533236705 -0
1.19921875 -0.0844925703908788 -6.27812175632374 0.0795295443884018 -0
1.201171875 -0.0967466316076767 -6.26945236745763 0.0795295572465963 -0
1.203125 -0.10898261870126 -6.25961540955993 0.0795295717922458 -0
1.205078125 -0.12119825430127 -6.24861418575623 0.079529588003876 -0
1.20703125 -0.13339126786437 -6.23645238190953 0.0795296058576365 -0
1.208984375 -0.145559396418104 -6.22313406265604 0.0795296253273643 -0
1.2109375 -0.157700385296621 -6.20866366704897 0.0795296463846511 -0
1.212890625 -0.169811988867514 -6.19304600381947 0.0795296689989177 -0
1.21484375 -0.18189197124904 -6.17628624626466 0.0795296931374924 -0
1.216796875 -0.193938107016986 -6.15838992677352 0.0795297187656947 -0
1.21875 -0.205948181900499 -6.1393629310019 0.0795297458469239 -0
1.220703125 -0.217919993466212 -6.11921149170878 0.0795297743427509 -0
1.22265625 -0.229851351789987 -6.09794218226637 0.0795298042130149 -0
1.224609375 -0.24174008011569 -6.07556190985746 0.0795298354159229 -0
1.2265625 -0.253584015500368 -6.05207790837359 0.0795298679081524 -0
1.228515625 -0.265381009445274 -6.02749773102863 0.0795299016449573 -0
1.23046875 -0.277128928512198 -6.00182924270228 0.0795299365802751 -0
1.232421875 -0.28882565492458 -5.97508061202883 0.079529972666837 -0
1.234375 -0.300469087152936 -5.94726030324674 0.0795300098562791 -0
1.236328125 -0.312057140484137 -5.91837706782489 0.0795300480992547 -0
1.23828125 -0.323587747574127 -5.88843993588162 0.079530087345548 -0
1.240234375 -0.335058858983675 -5.85745820741312 0.0795301275441866 -0
1.2421875 -0.346468443696834 -5.82544144334763 0.0795301686435561 -0
1.244140625 -0.357814489621752 -5.79239945644227 0.0795302105915123 -0
1.24609375 -0.369095004073562 -5.75834230203936 0.0795302533354945 -0
1.248046875 -0.380308014239093 -5.72328026869905 0.079530296822636 -0
1.25 -0.391451567623168 -5.68722386872533 0.0795303409998743 -0
1.251953125 -0.402523732476301 -5.65018382860211 0.0795303858140591 -0
1.25390625 -0.413522598203645 -5.61217107935645 0.0795304312120583 -0
1.255859375 -0.424446275755037 -5.57319674686533 0.0795304771408615 -0
1.2578125 -0.435292897996087 -5.53327214212286 0.0795305235476812 -0
1.259765625 -0.446060620060205 -5.49240875148394 0.0795305703800505 -0
1.26171875 -0.456747619681571 -5.45061822690085 0.0795306175859179 -0
1.263671875 -0.467352097509036 -5.40791237616837 0.0795306651137392 -0
1.265625 -0.477872277400979 -5.36430315319321 0.0795307129125648 -0
1.267578125 -0.488306406701197 -5.31980264830287 0.0795307609321239 -0
1.26953125 -0.498652756495912 -5.27442307860892 0.0795308091229048 -0
1.271484375 -0.508909621852013 -5.22817677843917 0.0795308574362305 -0
1.2734375 -0.51907532203669 -5.18107618985288 0.0795309058243305 -0
1.275390625 -0.529148200718626 -5.1331338532526 0.0795309542404082 -0
1.27734375 -0.539126626150958 -5.08436239810605 0.0795310026387041 -0
1.279296875 -0.549008991336228 -5.03477453379046 0.0795310509745534 -0
1.28125 -0.558793714173577 -4.98438304057202 0.0795310992044407 -0
1.283203125 -0.568479237588462 -4.93320076073185 0.0795311472860486 -0
1.28515625 -0.578064029645186 -4.88124058984987 0.0795311951783027 0
1.287109375 -0.587546583642563 -4.82851546825728 0.0795312428414115 0
1.2890625 -0.596925418193066 -4.77503837266767 0.0795312902369015 0
1.291015625 -0.606199077285796 -4.72082230799649 0.0795313373276487 0
1.29296875 -0.615366130333677 -4.66588029937779 0.0795313840779044 0
1.294921875 -0.624425172205241 -4.61022538438677 0.0795314304533172 0
1.296875 -0.633374823241438 -4.55387060547604 0.0795314764209508 0
1.298828125 -0.642213729257882 -4.49682900263293 0.0795315219492971 0
1.30078125 -0.650940561532973 -4.43911360626454 0.0795315670082851 0
1.302734375 -0.659554016782352 -4.38073743031689 0.0795316115692865 0
1.3046875 -0.668052817120148 -4.32171346563369 0.0795316556051162 0
1.306640625 -0.676435710007484 -4.26205467355987 0.0795316990900299 0
1.30859375 -0.684701468188741 -4.20177397979449 0.0795317419997178 0
1.310546875 -0.692848889616056 -4.14088426849689 0.0795317843112947 0
1.3125 -0.700876797362557 -4.07939837664975 0.0795318260032866 0
1.314453125 -0.708784039524844 -4.0173290886818 0.0795318670556144 0
1.31640625 -0.716569489115221 -3.9546891313529 0.0795319074495745 0
1.318359375 -0.724232043944192 -3.89149116890317 0.0795319471678161 0
1.3203125 -0.731770626493749 -3.82774779846787 0.0795319861943166 0
1.322265625 -0.739184183781957 -3.76347154575889 0.0795320245143538 0
1.32421875 -0.746471687219369 -3.69867486101344 0.0795320621144757 0
1.326171875 -0.753632132457791 -3.63337011521005 0.0795320989824687 0
1.328125 -0.760664539231909 -3.56756959655161 0.0795321351073234 0
1.330078125 -0.76756795119432 -3.50128550721458 0.0795321704791981 0
1.33203125 -0.774341435744466 -3.43452996036334 0.0795322050893818 0
1.333984375 -0.78098408385199 -3.36731497742826 0.0795322389302544 0
1.3359375 -0.787495009875045 -3.29965248564535 0.0795322719952464 0
1.337890625 -0.793873351374042 -3.23155431585566 0.079532304278797 0
1.33984375 -0.800118268921356 -3.16303220056147 0.0795323357763117 0
1.341796875 -0.806228945907485 -3.09409777223682 0.0795323664841179 0
1.34375 -0.812204588344156 -3.02476256188885 0.0795323963994214 0
1.345703125 -0.818044424664863 -2.95503799786692 0.0795324255202606 0
1.34765625 -0.823747705523324 -2.88493540491539 0.0795324538454618 0
1.349609375 -0.829313703590314 -2.81446600346648 0.0795324813745931 0
1.3515625 -0.834741713349365 -2.74364090916886 0.0795325081079185 0
1.353515625 -0.840031050891755 -2.67247113264753 0.0795325340463524 0
1.35546875 -0.845181053711269 -2.60096757949062 0.0795325591914133 0
1.357421875 -0.85019108049914 -2.52914105045805 0.0795325835451785 0
1.359375 -0.855060510939621 -2.45700224190728 0.0795326071102384 0
1.361328125 -0.85978874550659 -2.38456174643103 0.0795326298896521 0
1.36328125 -0.864375205261617 -2.31183005370159 0.0795326518869024 0
1.365234375 -0.868819331653862 -2.23881755151641 0.0795326731058526 0
1.3671875 -0.873120586322228 -2.16553452703947 0.0795326935507027 0
1.369140625 -0.87727845090011 -2.0919911682327 0.0795327132259475 0
1.37109375 -0.881292426823137 -2.0181975654718 0.0795327321363349 0
1.373046875 -0.885162035140235 -1.94416371334067 0.0795327502868254 0
1.375 -0.888886816328374 -1.86989951259832 0.0795327676825524 0
1.376953125 -0.892466330111322 -1.79541477231264 0.0795327843287839 0
1.37890625 -0.89590015528272 -1.72071921215466 0.0795328002308846 0
1.380859375 -0.899187889533801 -1.64582246484737 0.0795328153942799 0
1.3828125 -0.90232914928603 -1.570734078763 0.079532829824421 0
1.384765625 -0.905323569528969 -1.49546352066236 0.0795328435267508 0
1.38671875 -0.908170803663618 -1.42002017857033 0.0795328565066715 0
1.388671875 -0.910870523351509 -1.34441336478094 0.0795328687695136 0
1.390625 -0.913422418369793 -1.26865231898598 0.0795328803205059 0
1.392578125 -0.915826196472548 -1.19274621152083 0.0795328911647474 0
1.39453125 -0.918081583258546 -1.11670414672105 0.07953290130718 0
1.396484375 -0.920188322045677 -1.04053516638361 0.0795329107525635 0
1.3984375 -0.922146173752232 -0.964248253326335 0.0795329195054512 0
1.400390625 -0.923954916785233 -0.887852335039194 0.0795329275701677 0
1.40234375 -0.925614346935979 -0.811356287421243 0.0795329349507881 0
1.404296875 -0.927124277282973 -0.734768938596748 0.0795329416511183 0
1.40625 -0.928484538102373 -0.65809907280423 0.0795329476746772 0
1.408203125 -0.929694976786114 -0.581355434352095 0.0795329530246807 0
1.41015625 -0.930755457767811 -0.504546731634514 0.0795329577040271 0
1.412109375 -0.931665862456561 -0.427681641201232 0.0795329617152834 0
1.4140625 -0.932426089178753 -0.350768811874997 0.0795329650606747 0
1.416015625 -0.933036053127948 -0.273816868910292 0.0795329677420738 0
1.41796875 -0.933495686322934 -0.196834418187056 0.0795329697609931 0
1.419921875 -0.933804937573991 -0.119830050433102 0.079532971118578 0
1.421875 -0.933963772457438 -0.0428123454689157 0.079532971815602 0
1.423828125 -0.933972173298479 0.0342101235314478 0.0795329718524632 -0
1.42578125 -0.933830139162393 0.11122878576968 0.0795329712291827 -0
1.427734375 -0.933537685854066 0.188235068549035 0.0795329699454044 -0
1.4296875 -0.933094845925874 0.265220393002936 0.0795329680003967 -0
1.431640625 -0.932501668693898 0.34217616983268 0.0795329653930554 -0
1.43359375 -0.931758220262465 0.419093795060525 0.0795329621219088 -0
1.435546875 -0.930864583556943 0.495964645804462 0.079532958185124 -0
1.4375 -0.929820858364791 0.572780076080974 0.0795329535805148 -0
1.439453125 -0.928627161384752 0.649531412642086 0.0795329483055518 -0
1.44140625 -0.927283626284158 0.726209950853008 0.0795329423573731 -0
1.443359375 -0.925790403764232 0.802806950616694 0.0795329357327977 -0
1.4453125 -0.924147661633311 0.879313632351627 0.0795329284283396 -0
1.447265625 -0.922355584887859 0.955721173029146 0.0795329204402241 -0
1.44921875 -0.920414375801166 1.03202070227665 0.0795329117644053 -0
1.451171875 -0.918324254019591 1.10820329855301 0.0795329023965855 -0
1.453125 -0.916085456666193 1.1842599854025 0.0795328923322357 -0
1.455078125 -0.913698238451612 1.26018172779356 0.0795328815666183 -0
1.45703125 -0.911162871792 1.33595942854886 0.0795328700948101 -0
1.458984375 -0.908479646933843 1.41158392487274 0.0795328579117286 -0
1.4609375 -0.905648872085466 1.48704598498262 0.0795328450121581 -0
1.462890625 -0.902670873555005 1.56233630485049 0.0795328313907779 -0
1.46484375 -0.899545995894644 1.63744550506093 0.0795328170421924 -0
1.466796875 -0.896274602050861 1.71236412779186 0.0795328019609615 -0
1.46875 -0.892857073520457 1.78708263392434 0.0795327861416336 -0
1.470703125 -0.889293810512094 1.86159140028763 0.0795327695787783 -0
1.47265625 -0.885585232113083 1.9358807170458 0.0795327522670225 -0
1.474609375 -0.881731776461134 2.00994078523202 0.0795327342010857 -0
1.4765625 -0.877733900920771 2.08376171443669 0.0795327153758174 -0
1.478515625 -0.873592082264115 2.15733352065552 0.079532695786236 -0
1.48046875 -0.86930681685571 2.23064612430358 0.0795326754275677 -0
1.482421875 -0.864878620841054 2.30368934840142 0.0795326542952875 -0
1.484375 -0.860308030338517 2.37645291693894 0.0795326323851603 -0
1.486328125 -0.855595601634262 2.44892645342313 0.0795326096932831 -0
1.48828125 -0.850741911379833 2.52109947961515 0.0795325862161285 -0
1.490234375 -0.845747556792015 2.59296141446267 0.0795325619505878 -0
1.4921875 -0.840613155854588 2.66450157323272 0.0795325368940161 -0
1.494140625 -0.835339347521575 2.73570916685068 0.0795325110442766 -0
1.49609375 -0.829926791921577 2.80657330145063 0.0795324843997859 -0
1.498046875 -0.824376170562783 2.87708297814211 0.0795324569595602 -0
1.5 -0.81868818653821 2.94722709299842 0.0795324287232603 -0
1.501953125 -0.812863564730758 3.01699443727104 0.0795323996912382 -0
1.50390625 -0.80690305201762 3.08637369783505 0.0795323698645825 -0
1.505859375 -0.80080741747359 3.15535345786977 0.0795323392451645 -0
1.5078125 -0.794577452572816 3.22392219777887 0.0795323078356833 -0
1.509765625 -0.788213971388516 3.29206829635394 0.0795322756397109 -0
1.51171875 -0.781717810790183 3.35978003218521 0.079532242661737 -0
1.513671875 -0.775089830637793 3.42704558532298 0.0795322089072121 -0
1.515625 -0.768330913972516 3.49385303919271 0.0795321743825911 -0
1.517578125 -0.761441967203446 3.56019038276695 0.0795321390953745 -0
1.51953125 -0.754423920289832 3.62604551299648 0.0795321030541498 -0
1.521484375 -0.747277726918304 3.69140623750296 0.0795320662686303 -0
1.5234375 -0.740004364674586 3.75626027753507 0.0795320287496932 -0
1.525390625 -0.732604835209182 3.82059527118953 0.0795319905094159 -0
1.52734375 -0.725080164396502 3.8843987768984 0.0795319515611105 -0
1.529296875 -0.717431402486923 3.94765827718318 0.0795319119193557 -0
1.53125 -0.709659624251256 4.01036118267624 0.0795318716000277 -0
1.533203125 -0.701765929117094 4.07249483640957 0.0795318306203273 -0
1.53515625 -0.693751441296531 4.13404651837009 0.0795317889988061 -0
1.537109375 -0.685617309904711 4.19500345032096 0.0795317467553885 -0
1.5390625 -0.677364709068714 4.25535280088709 0.0795317039113918 -0
1.541015625 -0.668994838026246 4.31508169090321 0.0795316604895429 -0
1.54296875 -0.660508921213624 4.37417719902198 0.079531616513992 -0
1.544921875 -0.651908208342566 4.43262636757928 0.0795315720103227 -0
1.546875 -0.643193974465267 4.49041620871323 0.079531527005559 -0
1.548828125 -0.63436752002728 4.54753371073303 0.0795314815281681 -0
1.55078125 -0.625430170907716 4.60396584473306 0.0795314356080599 -0
1.552734375 -0.616383278446292 4.65969957144728 0.0795313892765825 -0
1.5546875 -0.607228219456751 4.71472184833831 0.0795313425665132 -0
1.556640625 -0.59796639622622 4.76901963691499 0.0795312955120461 -0
1.55859375 -0.588599236500051 4.82257991027183 0.0795312481487749 -0
1.560546875 -0.579128193451721 4.87538966084297 0.0795312005136714 -0
1.5625 -0.569554745637383 4.92743590836281 0.0795311526450595 -0
1.564453125 -0.559880396934679 4.97870570802499 0.0795311045825854 -0
1.56640625 -0.550106676465411 5.02918615883072 0.0795310563671821 -0
1.568359375 -0.540235138501746 5.07886441211679 0.0795310080410302 -0
1.5703125 -0.53026736235558 5.12772768025345 0.0795309596475138 -0
1.572265625 -0.520204952250756 5.17576324550131 0.0795309112311717 -0
1.57421875 -0.51004953717784 5.22295846901612 0.0795308628376441 -0
1.576171875 -0.499802770731162 5.26930079998992 0.0795308145136149 -0
1.578125 -0.48946633092788 5.31477778491612 0.0795307663067489 -0
1.580078125 -0.479041920008833 5.35937707696601 0.0795307182656253 -0
1.58203125 -0.468531264220981 5.40308644546344 0.0795306704396666 -0
1.583984375 -0.457936113581242 5.44589378544407 0.0795306228790624 -0
1.5859375 -0.44725824162159 5.48778712728508 0.0795305756346906 -0
1.587890625 -0.436499445115284 5.52875464639098 0.0795305287580334 -0
1.58984375 -0.425661543784125 5.56878467292056 0.0795304823010901 -0
1.591796875 -0.414746379986688 5.60786570153975 0.0795304363162858 -0
1.59375 -0.403755818387486 5.64598640118495 0.079530390856377 -0
1.595703125 -0.39269174560706 5.68313562482086 0.0795303459743543 -0
1.59765625 -0.381556069853029 5.71930241917679 0.0795303017233411 -0
1.599609375 -0.37035072053215 5.75447603444507 0.079530258156491 -0
1.6015625 -0.359077647843478 5.788645933925 0.0795302153268815 -0
1.603515625 -0.347738822352756 5.82180180359569 0.0795301732874067 -0
1.60546875 -0.336336234548183 5.85393356160096 0.079530132090667 -0
1.607421875 -0.324871894377752 5.88503136762947 0.0795300917888587 -0
1.609375 -0.31334783076838 5.91508563217299 0.0795300524336609 -0
1.611328125 -0.301766091127076 5.94408702564621 0.0795300140761231 -0
1.61328125 -0.29012874082445 5.97202648735081 0.0795299767665516 -0
1.615234375 -0.278437862660862 5.9988952342675 0.0795299405543958 -0
1.6171875 -0.266695556315592 6.02468476965897 0.0795299054881347 -0
1.619140625 -0.254903937779382 6.04938689146763 0.0795298716151651 -0
1.62109375 -0.243065138770797 6.0729937004918 0.0795298389816895 -0
1.623046875 -0.231181306136836 6.0954976083244 0.0795298076326067 -0
1.625 -0.21925460123828 6.11689134503868 0.0795297776114034 -0
1.626953125 -0.207287199320279 6.13716796660554 0.0795297489600485 -0
1.62890625 -0.195281288868727 6.15632086202785 0.0795297217188901 -0
1.630859375 -0.183239070952982 6.17434376017724 0.0795296959265556 -0
1.6328125 -0.171162758555534 6.19123073631958 0.0795296716198545 -0
1.634765625 -0.159054575889234 6.20697621831577 0.0795296488336862 -0
1.63671875 -0.146916757702738 6.2215749924852 0.0795296276009511 -0
1.638671875 -0.134751548574839 6.23502220911961 0.0795296079524661 -0
1.640625 -0.122561202198365 6.24731338763607 0.0795295899168855 -0
1.642578125 -0.110347980654385 6.25844442135817 0.0795295735206268 -0
1.64453125 -0.0981141536774345 6.26841158191545 0.0795295587878018 -0
1.646484375 -0.085861997912528 6.27721152325187 0.0795295457401531 -0
1.6484375 -0.0735937961647319 6.28484128523466 0.0795295343969976 -0
1.650390625 -0.0613118366420801 6.2912982968561 0.0795295247751749 -0
1.65234375 -0.0490184121926378 6.29658037902124 0.079529516889003 -0
1.654296875 -0.0367158195365284 6.30068574691577 0.0795295107502403 -0
1.65625 -0.0244063584937481 6.30361301194876 0.079529506368054 -0
1.658203125 -0.0120923312086035 6.30536118326637 0.0795295037489959 -0
1.66015625 0.000223958628386185 6.30592966883303 0.0795295028969848 -0
1.662109375 0.0125402065602755 6.30531827607798 0.0795295038132961 -0
1.6640625 0.0248541081443158 6.30352721210557 0.0795295064965582 -0
1.666015625 0.0371633597325629 6.30055708346907 0.0795295109427562 -0
1.66796875 0.0494656592516168 6.29640889550832 0.079529517145243 -0
1.669921875 0.0617587069806423 6.29108405125275 0.0795295250947566 -0
1.671875 0.0740402063268229 6.28458434989204 0.0795295347794449 -0
1.673828125 0.0863078645974081 6.27691198481778 0.0795295461848976 -0
1.67578125 0.0985593937675174 6.26806954124031 0.0795295592941841 -0
1.677734375 0.110792511242878 6.25805999338577 0.0795295740878984 -0
1.6796875 0.123004940616681 6.24688670127944 0.0795295905442106 -0
1.681640625 0.135194412419751 6.23455340712218 0.079529608638924 -0
1.68359375 0.147358664863252 6.2210642312676 0.0795296283455385 -0
1.685546875 0.15949544457314 6.20642366780862 0.0795296496353198 -0
1.6875 0.171602507315629 6.19063657978249 0.0795296724773738 -0
1.689453125 0.183677618712915 6.1737081940046 0.079529696838726 -0
1.69140625 0.195718554948459 6.1556440955416 0.0795297226844059 -0
1.693359375 0.207723103461125 6.13645022183554 0.0795297499775362 -0
1.6953125 0.219689063627505 6.11613285649099 0.0795297786794252 -0
1.697265625 0.231614247431793 6.09469862273802 0.0795298087496641 -0
1.69921875 0.243496480122575 6.07215447658434 0.079529840146227 -0
1.701171875 0.25533360085595 6.04850769967047 0.0795298728255739 -0
1.703125 0.267123463324413 6.02376589184233 0.0795299067427569 0
1.705078125 0.278863936370959 5.99793696345608 0.0795299418515278 0
1.70703125 0.290552904587913 5.97102912743054 0.0795299781044489 0
1.708984375 0.302188268899985 5.94305089106259 0.0795300154530035 0
1.7109375 0.313767947131126 5.91401104762178 0.0795300538477093 0
1.712890625 0.325289874554757 5.88391866774011 0.0795300932382309 0
1.71484375 0.336752004426986 5.85278309061355 0.0795301335734941 0
1.716796875 0.348152308502466 5.82061391503189 0.0795301748017987 0
1.71875 0.359488777532579 5.78742099025371 0.079530216870932 0
1.720703125 0.370759421745645 5.75321440674333 0.0795302597282808 0
1.72265625 0.38196227130892 5.71800448678655 0.0795303033209425 0
1.724609375 0.393095376772155 5.68180177500231 0.079530347595835 0
1.7265625 0.404156809492523 5.64461702876696 0.0795303924998039 0
1.728515625 0.415144662040776 5.60646120856799 0.0795304379797288 0
1.73046875 0.426057048588492 5.56734546830399 0.079530483982626 0
1.732421875 0.436892105276338 5.5272811455473 0.0795305304557493 0
1.734375 0.447647990563286 5.48627975178561 0.0795305773466873 0
1.736328125 0.458322885556751 5.44435296265887 0.0795306246034581 0
1.73828125 0.468914994323672 5.40151260820697 0.0795306721746 0
1.740234375 0.479422544182559 5.35777066314406 0.0795307200092586 0
1.7421875 0.489843785976579 5.3131392371746 0.0795307680572708 0
1.744140625 0.500176994327773 5.26763056536586 0.0795308162692435 0
1.74609375 0.510420467872539 5.22125699859153 0.0795308645966296 0
1.748046875 0.520572529478521 5.1740309940604 0.0795309129917988 0
1.75 0.530631526443088 5.12596510594367 0.079530961408104 0
1.751953125 0.540595830673613 5.07707197611412 0.0795310097999441 0
1.75390625 0.550463838849783 5.02736432500978 0.0795310581228215 0
1.755859375 0.560233972568183 4.97685494263424 0.0795311063333949 0
1.7578125 0.569904678469448 4.92555667970537 0.0795311543895285 0
1.759765625 0.579474428348282 4.87348243896351 0.0795312022503351 0
1.76171875 0.58894171924665 4.8206451666497 0.0795312498762164 0
1.763671875 0.598305073530507 4.76705784416415 0.079531297228897 0
1.765625 0.607563038950416 4.71273347991431 0.0795313442714546 0
1.767578125 0.616714188686422 4.65768510136159 0.0795313909683463 0
1.76953125 0.625757121377609 4.60192574727508 0.0795314372854293 0
1.771484375 0.634690461136716 4.54546846020005 0.0795314831899779 0
1.7734375 0.643512857550266 4.48832627914858 0.0795315286506962 0
1.775390625 0.65222298566464 4.43051223251891 0.0795315736377268 0
1.77734375 0.660819545958543 4.37203933124967 0.0795316181226549 0
1.779296875 0.669301264302334 4.31292056221465 0.079531662078509 0
1.78125 0.677666891904694 4.25316888186293 0.0795317054797578 0
1.783203125 0.685915205247111 4.19279721010906 0.079531748302303 0
1.78515625 0.694045006006682 4.13181842447702 0.0795317905234693 0
1.787109375 0.702055120967724 4.07024535450156 0.0795318321219903 0
1.7890625 0.709944401922704 4.00809077638965 0.0795318730779918 0
1.791015625 0.717711725562996 3.94536740794445 0.079531913372972 0
1.79296875 0.725355993359987 3.88208790375381 0.0795319529897785 0
1.794921875 0.732876131437035 3.81826485064449 0.0795319919125829 0
1.796875 0.740271090432817 3.75391076340321 0.079532030126853 0
1.798828125 0.747539845356579 3.68903808076495 0.0795320676193223 0
1.80078125 0.754681395435805 3.62365916166847 0.0795321043779577 0
1.802734375 0.761694763956846 3.55778628177885 0.0795321403919248 0
1.8046875 0.768578998099004 3.49143163027599 0.0795321756515519 0
1.806640625 0.775333168762612 3.42460730690818 0.079532210148292 0
1.80859375 0.781956370391614 3.35732531930893 0.0795322438746831 0
1.810546875 0.788447720791162 3.28959758057534 0.0795322768243077 0
1.8125 0.794806360940736 3.22143590710555 0.0795323089917509 0
1.814453125 0.801031454803293 3.15285201669291 0.0795323403725572 0
1.81640625 0.807122189130943 3.08385752687372 0.0795323709631872 0
1.818359375 0.813077773267644 3.0144639535256 0.0795324007609725 0
1.8203125 0.818897438949402 2.94468270971282 0.0795324297640712 0
1.822265625 0.824580440102459 2.87452510477495 0.0795324579714222 0
1.82421875 0.830126052639929 2.80400234365485 0.0795324853826997 0
1.826171875 0.835533574257361 2.73312552646179 0.0795325119982668 0
1.828125 0.840802324227671 2.66190564826524 0.0795325378191301 0
1.830078125 0.845931643195897 2.5903535991148 0.0795325628468939 0
1.83203125 0.850920892974213 2.51848016428134 0.0795325870837141 0
1.833984375 0.855769456337621 2.44629602471443 0.0795326105322536 0
1.8359375 0.860476736820754 2.37381175771102 0.0795326331956369 0
1.837890625 0.86504215851618 2.30103783778984 0.0795326550774058 0
1.83984375 0.86946516587462 2.22798463776638 0.0795326761814761 0
1.841796875 0.873745223507455 2.15466243002273 0.0795326965120942 0
1.84375 0.877881815991897 2.08108138796666 0.079532716073795 0
1.845703125 0.8818744476792 2.00725158767428 0.0795327348713604 0
1.84765625 0.885722642506249 1.93318300971033 0.0795327529097789 0
1.849609375 0.88942594381088 1.85888554112024 0.0795327701942064 0
1.8515625 0.89298391415125 1.78436897758797 0.0795327867299273 0
1.853515625 0.896396135129583 1.70964302575361 0.0795328025223177 0
1.85546875 0.8996622072206 1.63471730568451 0.079532817576809 0
1.857421875 0.902781749604914 1.55960135349402 0.0795328318988533 0
1.859375 0.905754400007686 1.48430462410137 0.0795328454938893 0
1.861328125 0.90857981454281 1.40883649412672 0.0795328583673108 0
1.86328125 0.911257667562869 1.33320626491496 0.0795328705244349 0
1.865234375 0.913787651515134 1.25742316568206 0.079532881970473 0
1.8671875 0.916169476803814 1.18149635677767 0.0795328927105024 0
1.869140625 0.918402871658797 1.10543493305764 0.0795329027494398 0
1.87109375 0.920487582011071 1.02924792736017 0.0795329120920157 0
1.873046875 0.922423371375047 0.952944314079238 0.0795329207427511 0
1.875 0.924210020737943 0.876533012829013 0.0795329287059349 0
1.876953125 0.92584732845641 0.800022892192872 0.0795329359856034 0
1.87890625 0.927335110160571 0.723422773550745 0.0795329425855211 0
1.880859375 0.928673198665593 0.646741434978412 0.0795329485091632 0
1.8828125 0.929861443890955 0.569987615212451 0.0795329537596994 0
1.884765625 0.930899712787516 0.4931700176745 0.0795329583399797 0
1.88671875 0.931787889272496 0.416297314548518 0.0795329622525211 0
1.888671875 0.932525874172472 0.339378150904724 0.0795329654994973 0
1.890625 0.933113585174468 0.262421148863905 0.0795329680827281 0
1.892578125 0.933550956785221 0.185434911795789 0.0795329700036719 0
1.89453125 0.93383794029867 0.108428028545169 0.0795329712634195 0
1.896484375 0.933974503771726 0.031409077679487 0.0795329718626888 0
1.8984375 0.933960632008356 -0.0456133682484309 0.0795329718018222 -0
1.900390625 0.933796326552005 -0.122630738428768 0.079532971080785 -0
1.90234375 0.933481605686368 -0.199634459520552 0.0795329696991652 -0
1.904296875 0.933016504444503 -0.276615951381211 0.079532967656176 -0
1.90625 0.932401074626286 -0.353566622806162 0.0795329649506583 -0
1.908203125 0.931635384824167 -0.430477867284705 0.0795329615810866 -0
1.91015625 0.930719520457205 -0.507341058778545 0.0795329575455751 -0
1.912109375 0.929653583813313 -0.584147547529229 0.0795329528418861 -0
1.9140625 0.928437694099669 -0.66088865590081 0.0795329474674403 -0
1.916015625 0.9270719875012 -0.737555674264037 0.0795329414193276 -0
1.91796875 0.925556617247075 -0.814139856928391 0.0795329346943209 -0
1.919921875 0.923891753685074 -0.890632418128296 0.0795329272888905 -0
1.921875 0.922077584363761 -0.96702452806979 0.0795329191992203 -0
1.923828125 0.920114314122301 -1.04330730904403 0.079532910421226 -0
1.92578125 0.918002165187808 -1.11947183161392 0.0795329009505741 -0
1.927734375 0.915741377280059 -1.19550911088021 0.0795328907827036 -0
1.9296875 0.913332207723432 -1.27141010283338 0.0795328799128475 -0
1.931640625 0.910774931565867 -1.34716570079771 0.0795328683360576 -0
1.93359375 0.908069841704691 -1.42276673197371 0.07953285604723 -0
1.935546875 0.905217249019094 -1.49820395408546 0.0795328430411315 -0
1.9375 0.902217482509045 -1.57346805213893 0.0795328293124286 -0
1.939453125 0.899070889440427 -1.64854963529776 0.0795328148557169 -0
1.94140625 0.895777835496163 -1.72343923388277 0.0795327996655527 -0
1.943359375 0.892338704933072 -1.79812729650133 0.0795327837364852 -0
1.9453125 0.888753900744204 -1.87260418731305 0.0795327670630905 -0
1.947265625 0.88502384482638 -1.9468601834378 0.0795327496400067 -0
1.94921875 0.88114897815265 -2.02088547251246 0.0795327314619702 -0
1.951171875 0.877129760949379 -2.09467015040226 0.0795327125238531 -0
1.953125 0.872966672877642 -2.16820421907313 0.079532692820702 -0
1.955078125 0.868660213218624 -2.24147758463085 0.0795326723477775 -0
1.95703125 0.864210901062678 -2.31448005553302 0.0795326511005948 -0
1.958984375 0.859619275501698 -2.38720134097991 0.0795326290749651 -0
1.9609375 0.854885895824475 -2.45963104948977 0.0795326062670386 -0
1.962890625 0.850011341714629 -2.53175868766456 0.0795325826733469 -0
1.96484375 0.844996213450785 -2.60357365915154 0.0795325582908473 -0
1.966796875 0.839841132108568 -2.67506526380635 0.0795325331169671 -0
1.96875 0.834546739764042 -2.74622269706297 0.0795325071496486 -0
1.970703125 0.829113699698166 -2.81703504951575 0.0795324803873945 -0
1.97265625 0.823542696601871 -2.88749130671871 0.0795324528293132 -0
1.974609375 0.817834436781296 -2.95758034920696 0.0795324244751653 -0
1.9765625 0.811989648362781 -3.0272909527451 0.0795323953254088 -0
1.978515625 0.806009081497136 -3.09661178880715 0.0795323653812453 0
1.98046875 0.799893508562753 -3.16553142529237 0.0795323346446657 0
1.982421875 0.793643724367087 -3.23403832748122 0.0795323031184956 0
1.984375 0.78726054634603 -3.30212085923526 0.0795322708064402 0
1.986328125 0.7807448147607 -3.36976728444477 0.0795322377131285 0
1.98828125 0.774097392891167 -3.43696576872757 0.0795322038441572 0
1.990234375 0.767319167226608 -3.50370438138193 0.0795321692061333 0
1.9921875 0.760411047651394 -3.56997109759676 0.0795321338067157 0
1.994140625 0.75337396762662 -3.63575380092128 0.0795320976546561 0
1.99609375 0.746208884366545 -3.70104028599661 0.0795320607598378 0
1.998046875 0.738916779009446 -3.76581826155103 0.0795320231333134 0
2 0.731498656782362 -3.83007535366037 0.0795319847873412 0
