0 0.613223799289299 0 0.0357482380009483 -0
0.001953125 0.613169957485841 -0.0551318975668105 0.0357482377683814 0
0.00390625 0.613008440314429 -0.110255358281773 0.0357482370707347 0
0.005859375 0.612739272492553 -0.165361944667247 0.0357482359081714 0
0.0078125 0.612362495218072 -0.220443217997038 0.0357482342809639 0
0.009765625 0.611878166172252 -0.27549073767969 0.0357482321894953 0
0.01171875 0.611286359524011 -0.330496060650853 0.0357482296342609 0
0.013671875 0.610587165935335 -0.38545074077774 0.0357482266158702 0
0.015625 0.609780692567848 -0.44034632827866 0.0357482231350497 0
0.017578125 0.608867063090496 -0.495174369160627 0.0357482191926453 0
0.01953125 0.607846417688314 -0.549926404677986 0.0357482147896263 0
0.021484375 0.606718913072223 -0.604593970815021 0.0357482099270887 0
0.0234375 0.605484722489818 -0.659168597795434 0.0357482046062596 0
0.025390625 0.604144035737085 -0.713641809621607 0.0357481988285019 0
0.02734375 0.602697059170984 -0.76800512364648 0.035748192595319 0
0.029296875 0.601144015722841 -0.822250050180884 0.0357481859083606 0
0.03125 0.599485144912465 -0.876368092139088 0.0357481787694279 0
0.033203125 0.597720702862922 -0.93035074472532 0.0357481711804801 0
0.03515625 0.595850962315881 -0.984189495163942 0.0357481631436402 0
0.037109375 0.593876212647438 -1.03787582247592 0.0357481546612025 0
0.0390625 0.591796759884335 -1.09140119730422 0.0357481457356386 0
0.041015625 0.589612926720468 -1.14475708179056 0.0357481363696054 0
0.04296875 0.58732505253359 -1.19793492950617 0.0357481265659519 0
0.044921875 0.584933493402085 -1.2509261854388 0.0357481163277273 0
0.046875 0.58243862212172 -1.30372228603844 0.0357481056581885 0
0.048828125 0.579840828222247 -1.35631465932394 0.0357480945608083 0
0.05078125 0.577140517983736 -1.40869472505285 0.0357480830392832 0
0.052734375 0.57433811445251 -1.46085389495649 0.0357480710975421 0
0.0546875 0.571434057456562 -1.51278357304237 0.0357480587397541 0
0.056640625 0.568428803620313 -1.56447515596592 0.035748045970337 0
0.05859375 0.56532282637857 -1.6159200334733 0.0357480327939656 0
0.060546875 0.562116615989558 -1.66710958891732 0.0357480192155803 0
0.0625 0.558810679546862 -1.7180351998478 0.0357480052403946 0
0.064453125 0.555405540990152 -1.76868823867831 0.0357479908739042 0
0.06640625 0.551901741114525 -1.81906007343055 0.0357479761218944 0
0.068359375 0.548299837578314 -1.86914206855782 0.0357479609904482 0
0.0703125 0.544600404909221 -1.91892558584888 0.035747945485954 0
0.072265625 0.540804034508592 -1.9684019854133 0.035747929615113 0
0.07421875 0.5369113346537 -2.01756262674936 0.0357479133849465 0
0.076171875 0.532922930497852 -2.06639886989546 0.0357478968028027 0
0.078125 0.528839464068171 -2.1149020766658 0.0357478798763633 0
0.080078125 0.524661594260877 -2.16306361197095 0.03574786261365 0
0.08203125 0.520389996833909 -2.21087484522395 0.0357478450230297 0
0.083984375 0.51602536439672 -2.25832715183232 0.0357478271132203 0
0.0859375 0.511568406397064 -2.30541191477616 0.0357478088932955 0
0.087890625 0.507019849104626 -2.35212052627262 0.0357477903726892 0
0.08984375 0.502380435591312 -2.3984443895266 0.0357477715611988 0
0.091796875 0.497650925708038 -2.44437492056761 0.0357477524689895 0
0.09375 0.492832096057845 -2.48990355017247 0.0357477331065955 0
0.095703125 0.487924739965177 -2.53502172587338 0.0357477134849234 0
0.09765625 0.482929667441152 -2.57972091405078 0.0357476936152523 0
0.099609375 0.477847705144666 -2.62399260211027 0.035747673509235 0
0.1015625 0.472679696339159 -2.66782830074268 0.0357476531788976 0
0.103515625 0.46742650084489 -2.71121954626614 0.0357476326366386 0
0.10546875 0.462088994986557 -2.75415790304914 0.0357476118952272 0
0.107421875 0.456668071536104 -2.79663496601298 0.0357475909678005 0
0.109375 0.451164639650568 -2.83864236321222 0.0357475698678601 0
0.111328125 0.445579624804806 -2.88017175849145 0.0357475486092683 0
0.11328125 0.439913968718961 -2.92121485421642 0.0357475272062422 0
0.115234375 0.434168629280523 -2.96176339407767 0.035747505673348 0
0.1171875 0.428344580460845 -3.00180916596437 0.0357474840254937 0
0.119140625 0.422442812225975 -3.04134400490616 0.0357474622779216 0
0.12109375 0.416464330441681 -3.08035979608046 0.0357474404461991 0
0.123046875 0.410410156772536 -3.11884847788261 0.0357474185462087 0
0.125 0.404281328574952 -3.15680204505617 0.0357473965941375 0
0.126953125 0.398078898784035 -3.19421255188028 0.035747374606465 0
0.12890625 0.391803935794169 -3.23107211541116 0.0357473525999509 0
0.130859375 0.38545752333321 -3.26737291877449 0.035747330591621 0
0.1328125 0.379040760330206 -3.30310721450525 0.0357473085987526 0
0.134765625 0.372554760776549 -3.33826732793161 0.0357472866388589 0
0.13671875 0.366000653580474 -3.37284566059925 0.0357472647296727 0
0.138671875 0.359379582414833 -3.40683469373221 0.0357472428891284 0
0.140625 0.352692705558082 -3.44022699172662 0.0357472211353443 0
0.142578125 0.345941195728401 -3.47301520567311 0.0357471994866029 0
0.14453125 0.339126239910922 -3.50519207690392 0.035747177961331 0
0.146484375 0.332249039177995 -3.53675044056042 0.0357471565780788 0
0.1484375 0.325310808502482 -3.56768322917677 0.0357471353554983 0
0.150390625 0.318312776564024 -3.59798347627532 0.0357471143123206 0
0.15234375 0.311256185548282 -3.62764431996917 0.0357470934673328 0
0.154296875 0.304142290939144 -3.65665900656741 0.0357470728393544 -0
0.15625 0.296972361303878 -3.6850208941784 0.0357470524472126 -0
0.158203125 0.28974767807126 -3.7127234563062 0.0357470323097172 -0
0.16015625 0.282469535302682 -3.73976028543566 0.0357470124456354 -0
0.162109375 0.275139239456277 -3.76612509660118 0.035746992873665 -0
0.1640625 0.267758109144084 -3.7918117309342 0.0357469736124087 -0
0.166015625 0.260327474882315 -3.81681415918486 0.0357469546803466 -0
0.16796875 0.252848678834768 -3.84112648521253 0.0357469360958093 -0
0.169921875 0.245323074549453 -3.86474294944061 0.0357469178769505 -0
0.171875 0.237752026688515 -3.88765793227054 0.0357469000417192 -0
0.173828125 0.230136910751522 -3.9098659574501 0.0357468826078322 -0
0.17578125 0.222479112792226 -3.93136169539121 0.0357468655927459 -0
0.177734375 0.2147800291289 -3.95213996643224 0.0357468490136293 -0
0.1796875 0.20704106604835 -3.97219574404017 0.0357468328873353 -0
0.181640625 0.199263639503743 -3.99152415794762 0.0357468172303741 -0
0.18359375 0.191449174806367 -4.01012049722028 0.0357468020588853 -0
0.185546875 0.183599106311476 -4.02798021324986 0.0357467873886112 -0
0.1875 0.17571487709836 -4.04509892266814 0.0357467732348702 -0
0.189453125 0.167797938644804 -4.06147241017763 0.0357467596125304 -0
0.19140625 0.159849750496103 -4.07709663129435 0.0357467465359844 -0
0.193359375 0.15187177992881 -4.09196771499862 0.0357467340191235 -0
0.1953125 0.14386550160939 -4.10608196628957 0.035746722075314 -0
0.197265625 0.135832397247991 -4.11943586863944 0.0357467107173734 -0
0.19921875 0.127773955247517 -4.13202608634367 0.0357466999575471 -0
0.201171875 0.119691670348211 -4.14384946676323 0.0357466898074868 -0
0.203125 0.111587043267973 -4.15490304245531 0.0357466802782294 -0
0.205078125 0.10346158033862 -4.16518403318926 0.0357466713801764 -0
0.20703125 0.0953167931383279 -4.17468984784429 0.0357466631230755 -0
0.208984375 0.0871541981204787 -4.18341808618595 0.0357466555160022 -0
0.2109375 0.078975316239164 -4.19136654051851 0.0357466485673432 -0
0.212890625 0.0707816725715783 -4.19853319721048 0.0357466422847806 -0
0.21484375 0.0625747959375605 -4.20491623809086 0.0357466366752776 -0
0.216796875 0.0543562185165358 -4.2105140417137 0.0357466317450656 -0
0.21875 0.0461274754621164 -4.21532518448902 0.0357466274996322 -0
0.220703125 0.0378901045146256 -4.21934844167814 0.0357466239437111 -0
0.22265625 0.0296456456118112 -4.22258278825183 0.035746621081273 -0
0.224609375 0.0213956404980169 -4.22502739960972 0.0357466189155181 -0
0.2265625 0.0131416323320857 -4.22668165216005 0.0357466174488699 -0
0.228515625 0.00488516529426673 -4.22754512375843 0.0357466166829707 -0
0.23046875 -0.00337221580759569 -4.22761759400525 0.0357466166186787 -0
0.232421875 -0.0116289659323163 -4.22689904440098 0.0357466172560657 -0
0.234375 -0.019883540199787 -4.22538965835917 0.0357466185944178 -0
0.236328125 -0.0281343942852818 -4.22308982107724 0.0357466206322361 -0
0.23828125 -0.03637998481337 -4.22000011926511 0.0357466233672399 -0
0.240234375 -0.0446187697511611 -4.21612134073223 0.0357466267963709 -0
0.2421875 -0.0528492088006052 -4.21145447383366 0.035746630915799 -0
0.244140625 -0.0610697637895738 -4.20600070677613 0.0357466357209298 -0
0.24609375 -0.0692788990614495 -4.19976142678519 0.0357466412064131 -0
0.248046875 -0.0774750818629535 -4.19273821913496 0.0357466473661529 -0
0.25 -0.0856567827299454 -4.18493286604187 0.0357466541933191 -0
0.251953125 -0.0938224758709296 -4.17634734542447 0.0357466616803603 -0
0.25390625 -0.10197063954801 -4.16698382953111 0.0357466698190177 -0
0.255859375 -0.110099756455035 -4.15684468343795 0.035746678600341 -0
0.2578125 -0.118208314092689 -4.14593246341962 0.0357466880147043 -0
0.259765625 -0.126294805140268 -4.13424991519527 0.0357466980518243 -0
0.26171875 -0.134357727823921 -4.12179997205283 0.0357467087007792 -0
0.263671875 -0.1423955862811 -4.10858575285458 0.0357467199500284 -0
0.265625 -0.150406890921009 -4.09461055992711 0.0357467317874336 -0
0.267578125 -0.158390158780815 -4.07987787683927 0.0357467442002804 -0
0.26953125 -0.166343913877412 -4.06439136607153 0.0357467571753016 -0
0.271484375 -0.174266687554532 -4.04815486658047 0.0357467706986999 -0
0.2734375 -0.182157018824992 -4.03117239126236 0.0357467847561728 -0
0.275390625 -0.1900134547079 -4.01344812431967 0.0357467993329376 -0
0.27734375 -0.197834550560616 -3.99498641853487 0.0357468144137563 -0
0.279296875 -0.205618870405302 -3.97579179245551 0.0357468299829623 -0
0.28125 -0.213364987249895 -3.95586892749514 0.0357468460244869 -0
0.283203125 -0.22107148340333 -3.93522266495444 0.0357468625218857 -0
0.28515625 -0.228736950784874 -3.91385800296718 0.0357468794583664 -0
0.287109375 -0.236359991227421 -3.89178009337547 0.0357468968168161 -0
0.2890625 -0.243939216774621 -3.86899423853928 0.0357469145798288 -0
0.291015625 -0.251473249971715 -3.84550588808474 0.0357469327297334 -0
0.29296875 -0.258960724149953 -3.82132063559616 0.0357469512486214 -0
0.294921875 -0.266400283704512 -3.79644421525661 0.0357469701183745 -0
0.296875 -0.273790584365799 -3.77088249844191 0.0357469893206924 -0
0.298828125 -0.281130293464051 -3.74464149027298 0.0357470088371204 -0
0.30078125 -0.288418090187177 -3.71772732613142 0.0357470286490763 -0
0.302734375 -0.295652665831752 -3.69014626814327 0.0357470487378776 -0
0.3046875 -0.302832724047112 -3.66190470163581 0.0357470690847679 -0
0.306640625 -0.309956981072517 -3.63300913157235 0.0357470896709434 -0
0.30859375 -0.317024165967317 -3.60346617896983 0.0357471104775781 -0
0.310546875 -0.324033020834118 -3.57328257730403 0.0357471314858492 -0
0.3125 -0.33098230103491 -3.54246516890723 0.0357471526769619 -0
0.314453125 -0.337870775400161 -3.51102090136299 0.0357471740321731 -0
0.31640625 -0.34469722643086 -3.47895682390272 0.0357471955328145 -0
0.318359375 -0.351460450493531 -3.44628008380866 0.0357472171603158 -0
0.3203125 -0.358159258008237 -3.41299792282771 0.0357472388962258 -0
0.322265625 -0.364792473629577 -3.37911767360067 0.0357472607222342 -0
0.32421875 -0.37135893642074 -3.34464675611101 0.0357472826201911 -0
0.326171875 -0.377857500020636 -3.30959267415768 0.0357473045721269 -0
0.328125 -0.384287032804168 -3.27396301185579 0.0357473265602706 -0
0.330078125 -0.390646418035697 -3.23776543016946 0.0357473485670676 -0
0.33203125 -0.396934554015768 -3.20100766348049 0.035747370575196 -0
0.333984375 -0.403150354221168 -3.16369751619684 0.0357473925675828 -0
0.3359375 -0.409292747438412 -3.1258428594044 0.0357474145274188 -0
0.337890625 -0.415360677890717 -3.0874516275657 0.0357474364381718 -0
0.33984375 -0.42135310535859 -3.04853181526883 0.0357474582836004 -0
0.341796875 -0.42726900529411 -3.00909147402988 0.0357474800477654 -0
0.34375 -0.433107368929019 -2.96913870915206 0.0357475017150408 -0
0.345703125 -0.438867203376736 -2.92868167664422 0.0357475232701243 -0
0.34765625 -0.444547531728411 -2.8877285802019 0.0357475446980459 -0
0.349609375 -0.450147393143149 -2.84628766825329 0.0357475659841761 -0
0.3515625 -0.455665842932525 -2.80436723107271 0.0357475871142334 -0
0.353515625 -0.461101952639527 -2.76197559796401 0.0357476080742902 -0
0.35546875 -0.466454810112072 -2.71912113451595 0.0357476288507785 -0
0.357421875 -0.47172351957123 -2.6758122399317 0.0357476494304939 -0
0.359375 -0.476907201674305 -2.63205734443426 0.0357476698005997 -0
0.361328125 -0.482004993572926 -2.58786490674959 0.0357476899486293 -0
0.36328125 -0.487016048966296 -2.54324341166893 0.0357477098624883 -0
0.365234375 -0.491939538149758 -2.49820136769174 0.0357477295304555 -0
0.3671875 -0.496774648058842 -2.45274730475059 0.0357477489411831 -0
0.369140625 -0.50152058230894 -2.40688977201886 0.0357477680836967 -0
0.37109375 -0.50617656123079 -2.36063733580247 0.0357477869473938 -0
0.373046875 -0.510741821901918 -2.31399857751621 0.0357478055220418 -0
0.375 -0.515215618174213 -2.26698209174534 0.035747823797776 -0
0.376953125 -0.519597220697799 -2.21959648439303 0.0357478417650963 -0
0.37890625 -0.523885916941373 -2.17185037091379 0.0357478594148634 -0
0.380859375 -0.52808101120918 -2.12375237463323 0.0357478767382943 -0
0.3828125 -0.532181824654784 -2.07531112515414 0.0357478937269584 -0
0.384765625 -0.536187695291814 -2.02653525684874 0.0357479103727711 -0
0.38671875 -0.54009797800185 -1.97743340743681 0.0357479266679888 -0
0.388671875 -0.543912044539614 -1.92801421664954 0.0357479426052028 -0
0.390625 -0.547629283535637 -1.87828632497832 0.0357479581773323 -0
0.392578125 -0.55124910049656 -1.82825837250795 0.035747973377618 -0
0.39453125 -0.554770917803246 -1.77793899783349 0.0357479881996147 -0
0.396484375 -0.558194174706847 -1.72733683705988 0.0357480026371841 -0
0.3984375 -0.561518327323011 -1.67646052288322 0.0357480166844869 -0
0.400390625 -0.56474284862436 -1.62531868375267 0.035748030335975 -0
0.40234375 -0.56786722843142 -1.57391994311165 0.0357480435863837 -0
0.404296875 -0.57089097340214 -1.52227291871705 0.0357480564307231 -0
0.40625 -0.573813607020158 -1.4703862220349 0.0357480688642706 -0
0.408203125 -0.576634669581964 -1.41826845771101 0.0357480808825618 -0
0.41015625 -0.579353718183092 -1.36592822311486 0.0357480924813826 -0
0.412109375 -0.581970326703506 -1.31337410795497 0.0357481036567608 -0
0.4140625 -0.584484085792291 -1.26061469396398 0.0357481144049579 -0
0.416015625 -0.586894602851803 -1.20765855465133 0.0357481247224608 -0
0.41796875 -0.589201502021398 -1.15451425512164 0.0357481346059734 -0
0.419921875 -0.591404424160872 -1.10119035195671 0.0357481440524093 -0
0.421875 -0.593503026833729 -1.04769539315876 0.0357481530588833 -0
0.423828125 -0.595496984290398 -0.994037918152852 0.0357481616227038 -0
0.42578125 -0.597385987451513 -0.94022645784602 0.0357481697413659 -0
0.427734375 -0.599169743891359 -0.886269534740788 0.0357481774125433 -0
0.4296875 -0.600847977821594 -0.832175663100556 0.0357481846340822 -0
0.431640625 -0.602420430075346 -0.777953349164364 0.0357481914039937 -0
0.43359375 -0.603886858091768 -0.72361109140842 0.0357481977204481 -0
0.435546875 -0.60524703590116 -0.669157380851793 0.0357482035817686 -0
0.4375 -0.60650075411072 -0.614600701403552 0.0357482089864253 -0
0.439453125 -0.607647819891018 -0.559949530248644 0.0357482139330299 -0
0.44140625 -0.608688056963254 -0.505212338269727 0.0357482184203308 -0
0.443359375 -0.609621305587384 -0.450397590502147 0.0357482224472082 -0
0.4453125 -0.610447422551153 -0.395513746619212 0.0357482260126701 -0
0.447265625 -0.611166281160115 -0.340569261444884 0.035748229115848 -0
0.44921875 -0.611777771228672 -0.285572585490971 0.035748231755994 -0
0.451171875 -0.612281799072189 -0.230532165515898 0.0357482339324773 -0
0.453125 -0.612678287500218 -0.175456445102076 0.0357482356447818 -0
0.455078125 -0.612967175810869 -0.120353865248909 0.0357482368925039 -0
0.45703125 -0.613148419786347 -0.0652328649784392 0.0357482376753512 -0
0.458984375 -0.613221991689691 -0.0101018819506132 0.0357482379931404 -0
0.4609375 -0.613187880262717 0.0450306469148366 0.0357482378457975 0
0.462890625 -0.61304609072518 0.100156284812929 0.0357482372333568 0
0.46484375 -0.612796644775166 0.155266594427415 0.0357482361559615 0
0.466796875 -0.612439580590698 0.210353137307234 0.0357482346138638 0
0.46875 -0.61197495283256 0.265407473248472 0.0357482326074265 0
0.470703125 -0.611402832648321 0.320421159684839 0.0357482301371241 0
0.47265625 -0.610723307677541 0.375385751089686 0.0357482272035452 0
0.474609375 -0.609936482058127 0.430292798392556 0.0357482238073944 0
0.4765625 -0.60904247643382 0.485133848413251 0.0357482199494957 0
0.478515625 -0.608041427962763 0.539900443316397 0.0357482156307953 0
0.48046875 -0.606933490327115 0.594584120089428 0.0357482108523658 0
0.482421875 -0.605718833743663 0.649176410046932 0.0357482056154101 0
0.484375 -0.604397644975369 0.703668838364237 0.0357481999212655 0
0.486328125 -0.602970127343803 0.758052923643107 0.0357481937714097 0
0.48828125 -0.601436500742388 0.812320177512359 0.0357481871674648 0
0.490234375 -0.599797001650395 0.866462104266214 0.035748180111204 0
0.4921875 -0.598051883147598 0.9204702005431 0.0357481726045569 0
0.494140625 -0.596201414929524 0.974335955047628 0.0357481646496163 0
0.49609375 -0.594245883323194 1.02805084831839 0.0357481562486444 0
0.498046875 -0.59218559130328 1.0816063525442 0.0357481474040798 0
0.5 -0.590020858508568 1.13499393143123 0.0357481381185449 0
0.501953125 -0.587752021258627 1.18820504012372 0.035748128394853 0
0.50390625 -0.585379432570585 1.24123112518049 0.0357481182360159 0
0.505859375 -0.582903462175891 1.29406362460972 0.035748107645252 0
0.5078125 -0.580324496536953 1.34669396796425 0.0357480966259938 0
0.509765625 -0.57764293886353 1.39911357649969 0.0357480851818964 0
0.51171875 -0.574859209128751 1.45131386339737 0.0357480733168453 0
0.513671875 -0.571973744084634 1.50328623405426 0.035748061034965 0
0.515625 -0.568986997276976 1.55502208644186 0.0357480483406272 0
0.517578125 -0.565899439059471 1.60651281153589 0.035748035238459 0
0.51953125 -0.562711556606914 1.65774979381863 0.0357480217333513 0
0.521484375 -0.559423853927366 1.70872441185553 0.0357480078304673 0
0.5234375 -0.556036851873104 1.75942803894789 0.0357479935352501 0
0.525390625 -0.552551088150226 1.80985204386284 0.0357479788534314 0
0.52734375 -0.548967117326764 1.85998779164227 0.0357479637910392 0
0.529296875 -0.545285510839124 1.90982664449184 0.0357479483544052 0
0.53125 -0.541506856996718 1.95935996275132 0.0357479325501729 0
0.533203125 -0.537631760984626 2.00857910594733 0.0357479163853042 0
0.53515625 -0.533660844864111 2.05747543392934 0.0357478998670872 0
0.537109375 -0.52959474757084 2.10604030808986 0.0357478830031418 0
0.5390625 -0.525434124910635 2.15426509266945 0.035747865801427 0
0.541015625 -0.5211796495526 2.20214115614708 0.0357478482702461 0
0.54296875 -0.516832011019436 2.24965987271636 0.0357478304182523 0
0.544921875 -0.512391915674801 2.29681262384791 0.0357478122544537 0
0.546875 -0.50786008670753 2.34359079993794 0.0357477937882179 0
0.548828125 -0.503237264112544 2.3899858020432 0.0357477750292755 0
0.55078125 -0.498524204668298 2.43598904370205 0.035747755987724 0
0.552734375 -0.493721681910583 2.48159195284146 0.03574773667403 0
0.5546875 -0.488830486102512 2.52678597376948 0.0357477170990315 0
0.556640625 -0.483851424200546 2.57156256925264 0.0357476972739395 0
0.55859375 -0.478785319816368 2.6159132226775 0.0357476772103383 0
0.560546875 -0.473633013174462 2.65982944029555 0.0357476569201855 0
0.5625 -0.468395361065214 2.70330275355039 0.0357476364158117 0
0.564453125 -0.463073236793405 2.746324721486 0.0357476157099181 0
0.56640625 -0.457667530121909 2.78888693323478 0.0357475948155747 0
0.568359375 -0.452179147210457 2.83098101058384 0.0357475737462168 0
0.5703125 -0.446609010549316 2.87259861061788 0.0357475525156407 0
0.572265625 -0.440958058887731 2.91373142843687 0.0357475311379991 0
0.57421875 -0.435227247156985 2.95437119994655 0.0357475096277946 0
0.576171875 -0.42941754638794 2.99450970471956 0.0357474879998732 0
0.578125 -0.423529943622924 3.03413876892503 0.0357474662694168 0
0.580078125 -0.417565441821826 3.07325026832404 0.0357474444519336 0
0.58203125 -0.411525059762283 3.11183613132851 0.0357474225632493 0
0.583984375 -0.405409831933824 3.14988834212064 0.035747400619496 0
0.5859375 -0.399220808425874 3.18739894383007 0.0357473786371006 0
0.587890625 -0.392959054809488 3.22436004176569 0.0357473566327725 0
0.58984375 -0.386625652012727 3.26076380669892 0.0357473346234897 0
0.591796875 -0.38022169618957 3.29660247819516 0.0357473126264846 0
0.59375 -0.373748298582277 3.33186836798985 0.0357472906592284 0
0.595703125 -0.36720658537711 3.36655386340563 0.0357472687394149 0
0.59765625 -0.360597697553349 3.40065143080685 0.035747246884943 0
0.599609375 -0.353922790725521 3.43415361908751 0.0357472251138987 0
0.6015625 -0.347183034978788 3.46705306318875 0.0357472034445358 0
0.603515625 -0.34037961469744 3.49934248764173 0.0357471818952563 0
0.60546875 -0.333513728386438 3.53101471013175 0.0357471604845894 0
0.607421875 -0.326586588485988 3.56206264507929 0.03574713923117 0
0.609375 -0.319599421179097 3.59247930723353 0.0357471181537164 0
0.611328125 -0.312553466192107 3.62225781527401 0.0357470972710074 0
0.61328125 -0.305449976588183 3.6513913954157 0.0357470766018582 0
0.615234375 -0.298290218553764 3.67987338501295 0.0357470561650965 0
0.6171875 -0.291075471177976 3.70769723615761 0.0357470359795372 0
0.619140625 -0.283807026225024 3.73485651926649 0.0357470160639572 0
0.62109375 -0.276486187899591 3.7613449266535 0.0357469964370691 0
0.623046875 -0.269114272605283 3.7871562760814 0.0357469771174949 0
0.625 -0.261692608696148 3.81228451428855 0.0357469581237392 0
0.626953125 -0.254222536221344 3.83672372048553 0.0357469394741621 0
0.62890625 -0.246705406663002 3.86046810981685 0.0357469211869518 0
0.630859375 -0.239142582667372 3.88351203678278 0.0357469032800968 0
0.6328125 -0.231535437769319 3.90584999861642 0.0357468857713585 0
0.634765625 -0.223885356110276 3.92747663861108 0.0357468686782432 0
0.63671875 -0.216193732149744 3.94838674939317 0.0357468520179746 0
0.638671875 -0.208461970370459 3.96857527613571 0.0357468358074655 0
0.640625 -0.200691484977339 3.98803731970764 0.035746820063291 0
0.642578125 -0.192883699590351 4.00676813975438 0.0357468048016607 0
0.64453125 -0.185040046931424 4.02476315770473 0.0357467900383916 0
0.646484375 -0.177161968505567 4.04201795969978 0.0357467757888818 0
0.6484375 -0.169250914276347 4.0585282994391 0.0357467620680839 0
0.650390625 -0.161308342335883 4.07429010093999 0.0357467488904793 0
0.65234375 -0.15333571856955 4.08929946120546 0.0357467362700532 0
0.654296875 -0.145334516315549 4.10355265279665 0.0357467242202698 0
0.65625 -0.137306216019563 4.11704612630576 0.0357467127540489 0
0.658203125 -0.129252304884667 4.12977651272563 0.0357467018837425 0
0.66015625 -0.121174276516728 4.14174062571193 0.0357466916211126 0
0.662109375 -0.11307363056548 4.15293546373471 0.0357466819773102 0
0.6640625 -0.104951872361515 4.16335821211552 0.0357466729628547 0
0.666015625 -0.0968105125494039 4.17300624494707 0.0357466645876152 0
0.66796875 -0.0886510667171902 4.18187712689209 0.0357466568607914 0
0.669921875 -0.0804750550224817 4.1899686148587 0.0357466497908975 0
0.671875 -0.0722840018153984 4.19727865954935 0.0357466433857459 0
0.673828125 -0.064079435258617 4.20380540688092 0.0357466376524324 0
0.67578125 -0.0558628869447698 4.2095471992736 0.0357466325973234 0
0.677734375 -0.0476358915114545 4.21450257680641 0.0357466282260437 0
0.6796875 -0.0393999862541197 4.21867027823755 0.0357466245434659 0
0.681640625 -0.0311567107370891 4.22204924188774 0.035746621553701 0
0.68359375 -0.0229076064029957 4.22463860638519 0.0357466192600908 0
0.685546875 -0.014654216180897 4.22643771127098 0.0357466176652016 0
0.6875 -0.00639808409334346 4.22744609746379 0.0357466167708192 0
0.689453125 0.00185924513732098 4.22766350758316 0.0357466165779454 0
0.69140625 0.0101162264831533 4.2270898861309 0.0357466170867964 0
0.693359375 0.0183713150050198 4.22572537953018 0.035746618296802 0
0.6953125 0.026622966246943 4.22357033602237 0.0357466202066071 0
0.697265625 0.0348696366301072 4.22062530542163 0.0357466228140738 0
0.69921875 0.0431097838462463 4.21689103872794 0.0357466261162861 0
0.701171875 0.0513418672501382 4.21236848759886 0.0357466301095548 0
0.703125 0.0595643482509293 4.2070588036812 0.0357466347894248 0
0.705078125 0.0677756907020179 4.20096333780353 0.0357466401506836 0
0.70703125 0.0759743612892244 4.19408363903097 0.0357466461873712 0
0.708984375 0.0841588299169826 4.18642145358376 0.0357466528927911 0
0.7109375 0.0923275700922859 4.17797872362142 0.0357466602595228 0
0.712890625 0.100479059306129 4.16875758589448 0.0357466682794364 0
0.71484375 0.108611779412186 4.15876037026612 0.0357466769437067 0
0.716796875 0.116724217002481 4.14798959810591 0.0357466862428305 0
0.71875 0.124814863779787 4.13644798055852 0.0357466961666436 0
0.720703125 0.132882216926538 4.12413841669006 0.0357467067043396 0
0.72265625 0.140924779469983 4.11106399151515 0.0357467178444898 0
0.724609375 0.148941060643394 4.09722797390785 0.0357467295750638 0
0.7265625 0.156929576243061 4.08263381439984 0.0357467418834512 0
0.728515625 0.164888848980893 4.06728514286941 0.0357467547564841 0
0.73046875 0.172817408832394 4.05118576612489 0.0357467681804607 0
0.732421875 0.180713793379818 4.03433966538639 0.0357467821411693 0
0.734375 0.18857654815031 4.01675099366985 0.035746796623913 0
0.736328125 0.196404226948841 3.99842407307745 0.0357468116135356 0
0.73828125 0.204195392185769 3.97936339199868 0.035746827094447 0
0.740234375 0.211948615198836 3.95957360222629 0.0357468430506499 0
0.7421875 0.219662476569465 3.93905951599176 0.0357468594657671 0
0.744140625 0.227335566433179 3.91782610292464 0.0357468763230677 0
0.74609375 0.234966484784014 3.89587848694044 0.0357468936054956 0
0.748046875 0.24255384177279 3.87322194306182 0.0357469112956964 0
0.75 0.2500962579991 3.84986189417775 0.0357469293760455 0
0.751953125 0.257592364796922 3.82580390774549 0.0357469478286758 0
0.75390625 0.26504080451373 3.80105369244023 0.0357469666355055 0
0.755859375 0.272440230783016 3.77561709475723 0.0357469857782654 0
0.7578125 0.279789308790126 3.74950009557146 0.0357470052385271 0
0.759765625 0.287086715531342 3.72270880665952 0.0357470249977298 0
0.76171875 0.29433114006614 3.6952494671889 0.0357470450372073 0
0.763671875 0.301521283762549 3.66712844017932 0.0357470653382148 0
0.765625 0.30865586053559 3.63835220894119 0.0357470858819552 0
0.767578125 0.315733597078726 3.60892737349602 0.0357471066496048 0
0.76953125 0.322753233088309 3.57886064698353 0.0357471276223383 0
0.771484375 0.329713521481005 3.54815885206035 0.0357471487813539 0
0.7734375 0.33661322860417 3.51682891729493 0.0357471701078972 0
0.775390625 0.343451134439188 3.48487787356349 0.0357471915832847 0
0.77734375 0.350226032797777 3.45231285045148 0.0357472131889263 0
0.779296875 0.356936731511264 3.41914107266507 0.0357472349063475 0
0.78125 0.363582052612875 3.38536985645721 0.0357472567172106 0
0.783203125 0.37016083251305 3.35100660607258 0.0357472786033348 0
0.78515625 0.376671922167846 3.31605881021561 0.0357473005467161 0
0.787109375 0.383114187240455 3.2805340385458 0.0357473225295457 0
0.7890625 0.389486508255915 3.24443993820435 0.0357473445342282 0
0.791015625 0.395787780749066 3.20778423037597 0.0357473665433977 0
0.79296875 0.402016915405822 3.17057470688985 0.0357473885399346 0
0.794921875 0.408172838197854 3.13281922686315 0.0357474105069801 0
0.796875 0.414254490510756 3.0945257133909 0.0357474324279505 0
0.798828125 0.420260829265787 3.05570215028548 0.03574745428655 0
0.80078125 0.426190827035308 3.016356578869 0.0357474760667833 0
0.802734375 0.432043472151994 2.97649709482179 0.0357474977529662 0
0.8046875 0.437817768811956 2.93613184508987 0.0357475193297364 0
0.806640625 0.443512737171877 2.89526902485429 0.0357475407820622 0
0.80859375 0.449127413440293 2.85391687456504 0.0357475620952514 0
0.810546875 0.454660849963146 2.81208367704198 0.0357475832549581 0
0.8125 0.460112115303738 2.76977775464523 0.0357476042471895 0
0.814453125 0.465480294317229 2.72700746651722 0.0357476250583112 0
0.81640625 0.470764488219821 2.68378120589848 0.0357476456750521 0
0.818359375 0.47596381465277 2.640107397519 0.0357476660845077 0
0.8203125 0.48107740774138 2.59599449506699 0.0357476862741436 0
0.822265625 0.486104418149126 2.55145097873661 0.035747706231797 0
0.82421875 0.49104401312707 2.50648535285603 0.0357477259456783 0
0.826171875 0.49589537655872 2.46110614359718 0.0357477454043713 0
0.828125 0.500657709000496 2.41532189676826 0.0357477645968332 0
0.830078125 0.505330227717971 2.36914117569001 0.0357477835123934 0
0.83203125 0.509912166718035 2.32257255915642 0.0357478021407518 0
0.833984375 0.514402776777175 2.27562463948074 0.0357478204719766 0
0.8359375 0.518801325466007 2.22830602062711 0.0357478384965011 0
0.837890625 0.52310709717025 2.18062531642827 0.03574785620512 0
0.83984375 0.527319393108305 2.13259114888945 0.0357478735889856 0
0.841796875 0.531437531345599 2.08421214657867 0.0357478906396029 0
0.84375 0.535460846805878 2.03549694310314 0.0357479073488245 0
0.845703125 0.539388691279596 1.98645417567183 0.0357479237088448 0
0.84765625 0.543220433429596 1.9370924837435 0.035747939712194 0
0.849609375 0.546955458794219 1.88742050776003 0.0357479553517319 0
0.8515625 0.550593169788033 1.83744688796422 0.0357479706206407 0
0.853515625 0.554132985700329 1.78718026330138 0.0357479855124183 0
0.85546875 0.557574342691554 1.73662927040386 0.0357480000208707 0
0.857421875 0.560916693787844 1.68580254265742 0.0357480141401044 0
0.859375 0.56415950887381 1.63470870934846 0.0357480278645185 0
0.861328125 0.567302274683737 1.58335639489083 0.035748041188797 0
0.86328125 0.570344494791352 1.53175421813079 0.0357480541079004 0
0.865234375 0.57328568959831 1.47991079172882 0.0357480666170575 0
0.8671875 0.576125396321543 1.42783472161666 0.0357480787117573 0
0.869140625 0.578863168979625 1.37553460652786 0.0357480903877405 0
0.87109375 0.581498578378293 1.32301903760024 0.0357481016409912 0
0.873046875 0.584031212095251 1.27029659804829 0.0357481124677287 0
0.875 0.586460674464419 1.21737586290367 0.0357481228643991 0
0.876953125 0.588786586559719 1.16426539882167 0.0357481328276674 0
0.87890625 0.591008586178566 1.11097376395172 0.0357481423544091 0
0.880859375 0.593126327825155 1.05750950786959 0.0357481514417028 0
0.8828125 0.595139482693681 1.0038811715691 0.0357481600868221 0
0.884765625 0.597047738651597 0.950097287511118 0.0357481682872283 0
0.88671875 0.598850800223022 0.896166379727203 0.0357481760405631 0
0.888671875 0.600548388572406 0.842096963975742 0.0357481833446413 0
0.890625 0.602140241488552 0.787897547947824 0.0357481901974445 0
0.892578125 0.603626113369078 0.733576631520411 0.0357481965971142 0
0.89453125 0.605005775205429 0.679142707054128 0.0357482025419461 0
0.896484375 0.606279014568508 0.624604259733019 0.0357482080303838 0
0.8984375 0.607445635595011 0.569969767943529 0.0357482130610133 0
0.900390625 0.608505458974537 0.515247703689957 0.0357482176325585 0
0.90234375 0.609458321937549 0.460446533043576 0.0357482217438758 0
0.904296875 0.610304078244239 0.405574716622571 0.0357482253939499 0
0.90625 0.611042598174356 0.350640710099919 0.03574822858189 0
0.908203125 0.611673768518066 0.295652964736317 0.0357482313069264 0
0.91015625 0.612197492567858 0.240619927935215 0.035748233568407 0
0.912109375 0.612613690111563 0.185550043817003 0.035748235365795 0
0.9140625 0.612922297426518 0.130451753809375 0.0357482366986661 0
0.916015625 0.613123267274881 0.0753334972508827 0.0357482375667077 0
0.91796875 0.613216568900154 0.0202037120046661 0.0357482379697167 0
0.919921875 0.6132021880249 -0.0349291649206518 0.0357482379075991 -0
0.921875 0.613080126849683 -0.0900566967459319 0.0357482373803692 -0
0.923828125 0.612850404053236 -0.145170446295375 0.0357482363881503 -0
0.92578125 0.612513054793842 -0.200261975372298 0.0357482349311746 -0
0.927734375 0.612068130711938 -0.255322844139856 0.0357482330097845 -0
0.9296875 0.61151569993392 -0.310344610509736 0.0357482306244339 -0
0.931640625 0.610855847077134 -0.365318829541834 0.0357482277756903 -0
0.93359375 0.610088673256022 -0.420237052857915 0.0357482244642369 -0
0.935546875 0.609214296089408 -0.475090828072255 0.0357482206908756 -0
0.9375 0.608232849708865 -0.529871698242222 0.0357482164565299 -0
0.939453125 0.607144484768149 -0.584571201341757 0.035748211762249 -0
0.94140625 0.605949368453624 -0.639180869760664 0.0357482066092114 -0
0.943359375 0.604647684495646 -0.693692229832633 0.0357482009987297 -0
0.9453125 0.60323963318084 -0.748096801394832 0.0357481949322552 -0
0.947265625 0.601725431365198 -0.80238609738192 0.0357481884113834 -0
0.94921875 0.600105312487942 -0.856551623457276 0.0357481814378592 -0
0.951171875 0.598379526586068 -0.910584877684186 0.0357481740135833 -0
0.953125 0.596548340309488 -0.964477350239712 0.0357481661406178 -0
0.955078125 0.594612036936694 -1.0182205231739 0.0357481578211935 -0
0.95703125 0.59257091639084 -1.07180587021692 0.0357481490577162 -0
0.958984375 0.590425295256159 -1.12522485663676 0.0357481398527741 -0
0.9609375 0.588175506794603 -1.17846893914986 0.0357481302091447 -0
0.962890625 0.585821900962605 -1.23152956588728 0.0357481201298033 -0
0.96484375 0.583364844427856 -1.28439817641857 0.0357481096179295 -0
0.966796875 0.58080472058597 -1.33706620183587 0.035748098676916 -0
0.96875 0.578141929576934 -1.38952506490034 0.0357480873103766 -0
0.970703125 0.575376888301203 -1.44176618025302 0.035748075522154 -0
0.97265625 0.572510030435321 -1.49378095469241 0.0357480633163282 -0
0.974609375 0.569541806446936 -1.5455607875205 0.0357480506972251 -0
0.9765625 0.566472683609069 -1.59709707095941 0.0357480376694242 -0
0.978515625 0.563303146013501 -1.64838119064025 0.0357480242377676 -0
0.98046875 0.560033694583131 -1.69940452616603 0.0357480104073678 -0
0.982421875 0.556664847083165 -1.75015845175025 0.0357479961836163 -0
0.984375 0.553197138130981 -1.80063433693265 0.0357479815721911 -0
0.986328125 0.549631119204522 -1.85082354737353 0.0357479665790654 -0
0.98828125 0.545967358649053 -1.90071744572803 0.0357479512105146 -0
0.990234375 0.542206441682146 -1.95030739260148 0.0357479354731246 -0
0.9921875 0.538348970396704 -1.99958474758696 0.0357479193737986 -0
0.994140625 0.534395563761885 -2.04854087038596 0.0357479029197641 -0
0.99609375 0.530346857621758 -2.09716712201315 0.0357478861185799 -0
0.998046875 0.526203504691521 -2.14545486608572 0.0357478689781424 -0
1 0.521966174551111 -2.19339547019812 0.0357478515066914 -0
1.001953125 0.51763555363606 -2.24098030738254 0.0357478337128155 -0
1.00390625 0.513212345225398 -2.28820075765545 0.0357478156054576 -0
1.005859375 0.508697269426468 -2.33504820965036 0.0357477971939189 -0
1.0078125 0.504091063156451 -2.38151406233701 0.0357477784878635 -0
1.009765625 0.499394480120464 -2.42758972682662 0.0357477594973213 -0
1.01171875 0.494608290786035 -2.47326662826322 0.035747740232691 -0
1.013671875 0.489733282353811 -2.51853620780047 0.0357477207047427 -0
1.015625 0.484770258724314 -2.56338992466352 0.0357477009246186 -0
1.017578125 0.479720040460594 -2.60781925829527 0.0357476809038349 -0
1.01953125 0.474583464746599 -2.65181571058603 0.0357476606542807 -0
1.021484375 0.469361385341117 -2.69537080818569 0.0357476401882184 -0
1.0234375 0.464054672527123 -2.73847610489728 0.0357476195182815 -0
1.025390625 0.458664213056362 -2.78112318415045 0.0357475986574725 -0
1.02734375 0.453190910089036 -2.82330366155358 0.0357475776191602 -0
1.029296875 0.447635683128419 -2.86500918752274 0.035747556417075 -0
1.03125 0.441999467950275 -2.90623144998579 0.0357475350653047 -0
1.033203125 0.436283216526912 -2.94696217715974 0.0357475135782884 -0
1.03515625 0.430487896945745 -2.98719314039907 0.0357474919708098 -0
1.037109375 0.424614493322228 -3.02691615711294 0.0357474702579895 -0
1.0390625 0.418664005707022 -3.06612309374883 0.035747448455277 -0
1.041015625 0.412637449987272 -3.10480586883995 0.0357474265784404 -0
1.04296875 0.406535857781866 -3.14295645611382 0.0357474046435566 -0
1.044921875 0.400360276330577 -3.18056688765908 0.0357473826669993 -0
1.046875 0.394111768376948 -3.21762925714751 0.0357473606654271 -0
1.048828125 0.387791412044844 -3.25413572310816 0.03574733865577 -0
1.05078125 0.381400300708557 -3.29007851225019 0.0357473166552148 -0
1.052734375 0.374939542856367 -3.32544992283101 0.0357472946811903 -0
1.0546875 0.368410261947498 -3.36024232806625 0.0357472727513505 -0
1.056640625 0.361813596262358 -3.39444817957764 0.0357472508835582 -0
1.05859375 0.355150698746023 -3.42806001087517 0.0357472290958665 -0
1.060546875 0.348422736844877 -3.46107044086943 0.0357472074065 -0
1.0625 0.341630892336377 -3.49347217741019 0.035747185833835 -0
1.064453125 0.334776361151869 -3.52525802084691 0.035747164396379 -0
1.06640625 0.327860353192443 -3.55642086760701 0.0357471431127492 -0
1.068359375 0.320884092137779 -3.58695371378747 0.0357471220016503 -0
1.0703125 0.313848815247961 -3.61684965875529 0.0357471010818517 -0
1.072265625 0.306755773158266 -3.64610190875231 0.0357470803721639 -0
1.07421875 0.299606229666897 -3.67470378049972 0.035747059891414 -0
1.076171875 0.292401461515689 -3.70264870479757 0.0357470396584213 -0
1.078125 0.285142758163782 -3.72993023011459 0.0357470196919715 -0
1.080078125 0.277831421554304 -3.75654202616345 0.0357470000107908 -0
1.08203125 0.270468765874081 -3.78247788745663 0.03574698063352 -0
1.083984375 0.263056117306426 -3.80773173683814 0.0357469615786873 -0
1.0859375 0.255594813777057 -3.83229762898599 0.0357469428646811 -0
1.087890625 0.2480862046932 -3.85616975388067 0.0357469245097232 -0
1.08984375 0.240531650675961 -3.87934244023468 0.0357469065318408 -0
1.091796875 0.232932523286033 -3.90181015887814 0.0357468889488391 -0
1.09375 0.225290204742843 -3.92356752609569 0.0357468717782731 -0
1.095703125 0.217606087637222 -3.94460930690965 0.0357468550374203 -0
1.09765625 0.209881574637727 -3.96493041830481 0.0357468387432527 -0
1.099609375 0.202118078190719 -3.98452593238988 0.0357468229124092 -0
1.1015625 0.194317020214329 -4.00339107949096 0.0357468075611684 -0
1.103515625 0.186479831786457 -4.0215212511723 0.0357467927054214 -0
1.10546875 0.178607952826937 -4.03891200317982 0.0357467783606449 -0
1.107421875 0.170702831774036 -4.05555905830284 0.035746764541875 -0
1.109375 0.162765925255442 -4.07145830914951 0.0357467512636814 -0
1.111328125 0.154798697753921 -4.0866058208319 0.0357467385401421 -0
1.11328125 0.146802621267817 -4.10099783355617 0.0357467263848187 -0
1.115234375 0.138779174966592 -4.11463076511409 0.0357467148107323 -0
1.1171875 0.13072984484159 -4.1275012132718 0.0357467038303406 -0
1.119140625 0.122656123352249 -4.13960595805195 0.0357466934555154 -0
1.12109375 0.11455950906795 -4.15094196390584 0.0357466836975213 -0
1.123046875 0.106441506305742 -4.16150638177168 0.0357466745669948 -0
1.125 0.0983036247641543 -4.17129655101605 0.0357466660739255 -0
1.126953125 0.0901473791533353 -4.18031000125515 0.0357466582276372 -0
1.12890625 0.0819742888217513 -4.18854445405294 0.0357466510367707 -0
1.130859375 0.073785877379691 -4.1959978244935 0.0357466445092683 -0
1.1328125 0.0655836723198236 -4.20266822262485 0.035746638652358 -0
1.134765625 0.0573692046350627 -4.20855395477213 0.035746633472541 -0
1.13671875 0.049144008433995 -4.21365352471764 0.0357466289755786 -0
1.138671875 0.0409096205541344 -4.21796563474608 0.035746625166482 -0
1.140625 0.0326675801732681 -4.22148918655315 0.0357466220495025 -0
1.142578125 0.0244194284191612 -4.22422328201596 0.0357466196281232 -0
1.14453125 0.0161667079778932 -4.22616722382408 0.035746617905053 -0
1.146484375 0.0079109627010984 -4.22732051597004 0.0357466168822209 -0
1.1484375 -0.000346262787614729 -4.22768286409867 0.0357466165607727 -0
1.150390625 -0.00860342348678702 -4.22725417571442 0.0357466169410684 -0
1.15234375 -0.0168589744114992 -4.22603456024662 0.0357466180226821 -0
1.154296875 -0.0251113709877504 -4.22402432897233 0.0357466198044022 -0
1.15625 -0.0333590694465473 -4.22122399479699 0.035746622284234 -0
1.158203125 -0.0416005272174261 -4.21763427189335 0.0357466254594037 -0
1.16015625 -0.0498342033211307 -4.21325607519903 0.0357466293263633 -0
1.162109375 -0.0580585587611724 -4.20809051977382 0.0357466338807974 -0
1.1640625 -0.0662720569139972 -4.20213892001756 0.0357466391176318 -0
1.166015625 -0.074473163917491 -4.19540278875009 0.0357466450310423 -0
1.16796875 -0.0826603490575523 -4.18788383615459 0.0357466516144667 -0
1.169921875 -0.0908320851524699 -4.1795839685863 0.0357466588606161 -0
1.171875 -0.0989868489348425 -4.17050528724832 0.0357466667614894 -0
1.173828125 -0.107123121430784 -4.16065008673687 0.0357466753083877 -0
1.17578125 -0.115239388336158 -4.15002085345836 0.0357466844919307 -0
1.177734375 -0.123334140389605 -4.13862026392072 0.0357466943020739 -0
1.1796875 -0.131405873742099 -4.12645118290201 0.0357467047281273 -0
1.181640625 -0.139453090322816 -4.11351666149906 0.0357467157587746 -0
1.18359375 -0.147474298201079 -4.09981993505946 0.035746727382094 -0
1.185546875 -0.155468011944142 -4.08536442100011 0.0357467395855797 -0
1.1875 -0.163432752970611 -4.07015371651599 0.0357467523561644 -0
1.189453125 -0.171367049899283 -4.05419159618262 0.0357467656802421 -0
1.19140625 -0.179269438893199 -4.03748200945613 0.0357467795436928 -0
1.193359375 -0.187138463998721 -4.02002907807494 0.0357467939319067 -0
1.1953125 -0.19497267747943 -4.00183709336699 0.0357468088298097 -0
1.197265625 -0.202770640144686 -3.98291051346683 0.0357468242218892 -0
1.19921875 -0.210530921672659 -3.96325396044691 0.0357468400922208 -0
1.201171875 -0.218252100927681 -3.9428722173674 0.0357468564244944 -0
1.203125 -0.225932766271751 -3.92177022524914 0.0357468732020423 -0
1.205078125 -0.233571515870061 -3.8999530799743 0.0357468904078656 -0
1.20703125 -0.2411669579904 -3.87742602911942 0.0357469080246628 -0
1.208984375 -0.248717711296309 -3.85419446872559 0.0357469260348565 -0
1.2109375 -0.25622240513386 -3.83026394001052 0.0357469444206221 -0
1.212890625 -0.263679679811975 -3.80564012602742 0.0357469631639148 -0
1.21484375 -0.271088186876154 -3.7803288482755 0.0357469822464979 -0
1.216796875 -0.278446589375551 -3.75433606326698 0.0357470016499702 -0
1.21875 -0.285753562123291 -3.72766785905561 0.0357470213557929 -0
1.220703125 -0.293007791949987 -3.70033045173148 0.0357470413453172 -0
1.22265625 -0.300207977950367 -3.67233018188718 0.0357470615998109 -0
1.224609375 -0.307352831722984 -3.64367351106006 0.0357470821004843 -0
1.2265625 -0.314441077602946 -3.61436701815555 0.0357471028285166 -0
1.228515625 -0.321471452887654 -3.5844173958564 0.0357471237650812 -0
1.23046875 -0.32844270805551 -3.55383144702251 0.03574714489137 -0
1.232421875 -0.335353606977585 -3.52261608108625 0.0357471661886182 -0
1.234375 -0.342202927122253 -3.49077831044784 0.0357471876381276 -0
1.236328125 -0.348989459752772 -3.45832524687543 0.0357472092212892 -0
1.23828125 -0.35571201011786 -3.42526409791444 0.0357472309196059 -0
1.240234375 -0.362369397635251 -3.39160216331066 0.0357472527147133 -0
1.2421875 -0.368960456068292 -3.35734683145136 0.0357472745884003 -0
1.244140625 -0.375484033695608 -3.3225055758288 0.0357472965226292 -0
1.24609375 -0.381938993473873 -3.28708595153024 0.035747318499554 -0
1.248046875 -0.388324213193772 -3.25109559175851 0.0357473405015388 -0
1.25 -0.39463858562918 -3.21454220438714 0.0357473625111747 -0
1.251953125 -0.40088101867966 -3.17743356855381 0.0357473845112956 -0
1.25390625 -0.407050435506343 -3.13977753129586 0.035747406484994 -0
1.255859375 -0.413145774661284 -3.10158200423134 0.0357474284156346 -0
1.2578125 -0.419165990210372 -3.0628549602892 0.035747450286868 -0
1.259765625 -0.425110051849914 -3.02360443049178 0.035747472082643 -0
1.26171875 -0.430976945016981 -2.98383850079269 0.0357474937872176 -0
1.263671875 -0.436765670993635 -2.94356530897337 0.0357475153851697 -0
1.265625 -0.442475247005158 -2.90279304160081 0.0357475368614066 -0
1.267578125 -0.448104706312389 -2.86152993104946 0.0357475582011731 -0
1.26953125 -0.45365309829832 -2.81978425258969 0.0357475793900595 -0
1.271484375 -0.459119488549067 -2.77756432154532 0.0357476004140077 -0
1.2734375 -0.464502958929356 -2.73487849052234 0.0357476212593173 -0
1.275390625 -0.46980260765267 -2.69173514671103 0.0357476419126504 -0
1.27734375 -0.475017549346196 -2.64814270926341 0.0357476623610351 -0
1.279296875 -0.48014691511073 -2.6041096267476 0.0357476825918689 -0
1.28125 -0.485189852575679 -2.55964437468105 0.0357477025929209 -0
1.283203125 -0.490145525949328 -2.51475545314373 0.0357477223523329 -0
1.28515625 -0.495013116064522 -2.46945138447284 0.0357477418586205 -0
1.287109375 -0.499791820419925 -2.42374071104011 0.0357477611006725 -0
1.2890625 -0.504480853217022 -2.3776319931126 0.0357477800677501 -0
1.291015625 -0.509079445393021 -2.33113380679792 0.0357477987494856 -0
1.29296875 -0.513586844649827 -2.28425474207457 0.0357478171358798 -0
1.294921875 -0.51800231547925 -2.23700340090786 0.0357478352172993 -0
1.296875 -0.522325139184623 -2.18938839545179 0.0357478529844731 -0
1.298828125 -0.526554613898983 -2.14141834633716 0.0357478704284882 -0
1.30078125 -0.530690054600002 -2.09310188104607 0.0357478875407853 -0
1.302734375 -0.53473079312182 -2.04444763237252 0.0357479043131538 -0
1.3046875 -0.538676178163958 -1.9954642369692 0.0357479207377258 0
1.306640625 -0.542525575297481 -1.94616033397996 0.0357479368069706 0
1.30859375 -0.546278366968567 -1.89654456375749 0.035747952513688 0
1.310546875 -0.549933952499658 -1.84662556666571 0.0357479678510017 0
1.3125 -0.553491748088355 -1.79641198196609 0.0357479828123523 0
1.314453125 -0.556951186804213 -1.74591244678704 0.0357479973914898 0
1.31640625 -0.560311718583617 -1.69513559517535 0.0357480115824663 0
1.318359375 -0.563572810222867 -1.64409005722874 0.035748025379628 0
1.3203125 -0.566733945369666 -1.59278445830813 0.0357480387776071 0
1.322265625 -0.569794624513133 -1.5412274183284 0.0357480517713142 0
1.32421875 -0.572754364972512 -1.48942755112628 0.0357480643559295 0
1.326171875 -0.57561270088472 -1.43739346390365 0.035748076526895 0
1.328125 -0.578369183190885 -1.38513375674481 0.0357480882799058 0
1.330078125 -0.581023379622004 -1.33265702220587 0.0357480996109021 0
1.33203125 -0.583574874683877 -1.27997184497451 0.0357481105160606 0
1.333984375 -0.586023269641436 -1.22708680159807 0.0357481209917867 0
1.3359375 -0.588368182502619 -1.17401046027819 0.0357481310347057 0
1.337890625 -0.590609248001898 -1.12075138072965 0.0357481406416552 0
1.33984375 -0.592746117583594 -1.06731811410148 0.0357481498096772 0
1.341796875 -0.594778459385107 -1.01371920295797 0.0357481585360101 0
1.34375 -0.596705958220149 -0.95996318131724 0.0357481668180813 0
1.345703125 -0.598528315562127 -0.906058574745174 0.0357481746534999 0
1.34765625 -0.600245249527747 -0.852013900502051 0.0357481820400498 0
1.349609375 -0.601856494860963 -0.797837667739519 0.0357481889756823 0
1.3515625 -0.603361802917355 -0.743538377745296 0.0357481954585102 0
1.353515625 -0.604760941649031 -0.689124524232979 0.0357482014868012 0
1.35546875 -0.60605369559014 -0.634604593674316 0.0357482070589724 0
1.357421875 -0.607239865843071 -0.579987065671203 0.0357482121735841 0
1.359375 -0.608319270065418 -0.52528041336467 0.0357482168293352 0
1.361328125 -0.609291742457777 -0.470493103878037 0.0357482210250582 0
1.36328125 -0.610157133752442 -0.41563359879142 0.0357482247597146 0
1.365234375 -0.610915311203056 -0.360710354644715 0.0357482280323911 0
1.3671875 -0.611566158575273 -0.305731823466147 0.0357482308422961 0
1.369140625 -0.612109576138471 -0.250706453323477 0.035748233188756 0
1.37109375 -0.612545480658567 -0.195642688894901 0.0357482350712131 0
1.373046875 -0.612873805391966 -0.140548972056673 0.0357482364892228 0
1.375 -0.613094500080664 -0.0854337424844672 0.0357482374424519 0
1.376953125 -0.613207530948546 -0.0303054382654705 0.0357482379306776 0
1.37890625 -0.613212880698888 0.0248275034818125 0.0357482379537856 -0
1.380859375 -0.61311054851307 0.0799566459830554 0.0357482375117707 -0
1.3828125 -0.612900550050517 0.135073552181944 0.0357482366047361 -0
1.384765625 -0.61258291744986 0.190169784115374 0.0357482352328939 -0
1.38671875 -0.612157699331316 0.24523690229304 0.0357482333965662 -0
1.388671875 -0.611624960800278 0.300266465084443 0.0357482310961865 -0
1.390625 -0.61098478345208 0.355250028116329 0.0357482283323011 -0
1.392578125 -0.610237265377948 0.410179143683567 0.0357482251055721 -0
1.39453125 -0.609382521172066 0.465045360176449 0.0357482214167791 -0
1.396484375 -0.608420681939759 0.519840221527406 0.0357482172668233 -0
1.3984375 -0.607351895306725 0.574555266680064 0.0357482126567304 -0
1.400390625 -0.60617632542929 0.629182029083593 0.0357482075876551 -0
1.40234375 -0.604894153005617 0.68371203621525 0.0357482020608849 -0
1.404296875 -0.603505575287824 0.73813680913397 0.0357481960778454 -0
1.40625 -0.602010806094938 0.792447862067866 0.0357481896401052 -0
1.408203125 -0.600410075826622 0.84663670203843 0.0357481827493815 -0
1.41015625 -0.5987036314776 0.900694828524193 0.0357481754075458 -0
1.412109375 -0.596891736652699 0.954613733166575 0.0357481676166304 -0
1.4140625 -0.594974671582418 1.00838489952058 0.0357481593788345 -0
1.416015625 -0.592952733138947 1.06199980285299 0.0357481506965313 -0
1.41796875 -0.590826234852524 1.11544990999057 0.0357481415722751 -0
1.419921875 -0.588595506928046 1.16872667922083 0.0357481320088083 -0
1.421875 -0.586260896261817 1.22182156024784 0.0357481220090692 -0
1.423828125 -0.583822766458328 1.27472599420538 0.0357481115761993 -0
1.42578125 -0.581281497846952 1.32743141372978 0.0357481007135519 -0
1.427734375 -0.578637487498446 1.3799292430948 0.0357480894246995 -0
1.4296875 -0.575891149241113 1.43221089841055 0.0357480777134423 -0
1.431640625 -0.57304291367653 1.48426778788861 0.0357480655838163 -0
1.43359375 -0.570093228194674 1.53609131217551 0.0357480530401015 -0
1.435546875 -0.567042556988344 1.58767286475613 0.0357480400868304 -0
1.4375 -0.56389138106672 1.63900383242933 0.0357480267287965 -0
1.439453125 -0.560640198267917 1.6900755958571 0.035748012971062 -0
1.44140625 -0.557289523270403 1.74087953018918 0.0357479988189667 -0
1.443359375 -0.553839887603116 1.79140700576456 0.0357479842781355 -0
1.4453125 -0.550291839654135 1.84164938889131 0.035747969354487 -0
1.447265625 -0.546645944677759 1.89159804270614 0.0357479540542405 -0
1.44921875 -0.542902784799814 1.94124432811475 0.0357479383839246 -0
1.451171875 -0.53906295902106 1.99057960481428 0.0357479223503837 -0
1.453125 -0.535127083218508 2.03959523239873 0.0357479059607855 -0
1.455078125 -0.531095790144503 2.08828257154817 0.0357478892226276 -0
1.45703125 -0.526969729423398 2.1366329853026 0.035747872143744 -0
1.458984375 -0.522749567545665 2.18463784042098 0.0357478547323112 -0
1.4609375 -0.518435987859254 2.232288508826 0.0357478369968535 -0
1.462890625 -0.514029690558063 2.27957636913476 0.0357478189462485 -0
1.46484375 -0.509531392667321 2.32649280827583 0.0357478005897315 -0
1.466796875 -0.504941828025736 2.37302922319253 0.0357477819368997 -0
1.46875 -0.500261747264225 2.41917702263246 0.0357477629977158 -0
1.470703125 -0.495491917781078 2.46492762902304 0.0357477437825109 -0
1.47265625 -0.490633123713354 2.51027248043276 0.0357477243019867 -0
1.474609375 -0.485686165904387 2.55520303261749 0.0357477045672173 -0
1.4765625 -0.480651861867192 2.59971076115129 0.0357476845896502 -0
1.478515625 -0.47553104574364 2.64378716364092 0.0357476643811063 -0
1.48046875 -0.47032456825922 2.68742376202295 0.0357476439537796 -0
1.482421875 -0.465033296673238 2.73061210494247 0.0357476233202359 -0
1.484375 -0.459658114724288 2.77334377021208 0.0357476024934101 -0
1.486328125 -0.454199922570847 2.81561036734969 0.0357475814866044 -0
1.48828125 -0.448659636726829 2.85740354019351 0.0357475603134831 -0
1.490234375 -0.443038189991966 2.89871496959258 0.035747538988069 -0
1.4921875 -0.437336531376858 2.93953637617078 0.0357475175247372 -0
1.494140625 -0.431555626022549 2.97985952316237 0.0357474959382088 -0
1.49609375 -0.425696455114505 3.01967621931674 0.0357474742435435 -0
1.498046875 -0.419760015790843 3.05897832187006 0.035747452456131 -0
1.5 -0.4137473210447 3.09775773958119 0.0357474305916819 -0
1.501953125 -0.407659399620604 3.13600643582932 0.0357474086662173 -0
1.50390625 -0.401497295904741 3.17371643177026 0.0357473866960574 -0
1.505859375 -0.395262069809001 3.21087980954862 0.0357473646978097 -0
1.5078125 -0.388954796648692 3.24748871556262 0.0357473426883553 -0
1.509765625 -0.382576567013835 3.28353536377826 0.0357473206848351 -0
1.51171875 -0.376128486633933 3.31901203908944 0.0357472987046349 -0
1.513671875 -0.369611676236142 3.35391110072052 0.0357472767653685 -0
1.515625 -0.363027271396744 3.38822498566754 0.035747254884862 -0
1.517578125 -0.356376422385878 3.42194621217439 0.0357472330811349 -0
1.51953125 -0.349660294005438 3.45506738323994 0.0357472113723817 -0
1.521484375 -0.342880065420097 3.4875811901521 0.0357471897769526 -0
1.5234375 -0.336036929981406 3.51948041604463 0.0357471683133326 -0
1.525390625 -0.329132095044922 3.55075793947248 0.0357471470001204 -0
1.52734375 -0.322166781780342 3.58140673800131 0.0357471258560064 -0
1.529296875 -0.315142224974605 3.61141989180663 0.0357471048997498 -0
1.53125 -0.308059672827972 3.64079058727818 0.0357470841501554 -0
1.533203125 -0.300920386743049 3.66951212062482 0.0357470636260493 -0
1.53515625 -0.293725641106781 3.69757790147536 0.0357470433462538 -0
1.537109375 -0.286476723065411 3.72498145647046 0.0357470233295629 -0
1.5390625 -0.279174932292443 3.75171643284096 0.0357470035947156 -0
1.541015625 -0.271821580749626 3.77777660196764 0.0357469841603703 -0
1.54296875 -0.264417992441007 3.80315586291774 0.0357469650450779 -0
1.544921875 -0.256965503160104 3.82784824595316 0.0357469462672544 -0
1.546875 -0.249465460230253 3.85184791600555 0.0357469278451542 -0
1.548828125 -0.241919222238207 3.87514917611329 0.0357469097968423 -0
1.55078125 -0.23432815876106 3.89774647081559 0.0357468921401666 -0
1.552734375 -0.226693650086584 3.9196343894986 0.03574687489273 -0
1.5546875 -0.219017086927081 3.94080766968886 0.035746858071863 -0
1.556640625 -0.211299870126862 3.96126120028909 0.0357468416945955 -0
1.55859375 -0.203543410363452 3.98099002475161 0.0357468257776296 -0
1.560546875 -0.195749127842676 3.99998934418463 0.035746810337312 -0
1.5625 -0.187918451987731 4.01825452038669 0.0357467953896066 -0
1.564453125 -0.180052821122415 4.03578107880465 0.0357467809500682 -0
1.56640625 -0.17215368214865 4.05256471141072 0.0357467670338155 -0
1.568359375 -0.164222490218467 4.06860127949409 0.0357467536555057 -0
1.5703125 -0.156260708400626 4.08388681636284 0.0357467408293086 -0
1.572265625 -0.14826980734205 4.09841752995182 0.0357467285688823 -0
1.57421875 -0.140251264924252 4.11218980533256 0.0357467168873487 -0
1.576171875 -0.132206565914969 4.12520020712113 0.0357467057972704 -0
1.578125 -0.124137201615185 4.13744548178012 0.0357466953106282 -0
1.580078125 -0.116044669501766 4.14892255981114 0.0357466854387994 -0
1.58203125 -0.107930472865923 4.15962855783428 0.0357466761925373 -0
1.583984375 -0.0997961204477257 4.16956078055115 0.0357466675819513 -0
1.5859375 -0.091643126066895 4.17871672258841 0.0357466596164885 -0
1.587890625 -0.0834730082501148 4.18709407021867 0.0357466523049162 -0
1.58984375 -0.0752872898551034 4.19469070295609 0.0357466456553057 -0
1.591796875 -0.0670874976916925 4.20150469502398 0.035746639675017 -0
1.59375 -0.0588751621401659 4.20753431669201 0.0357466343706853 -0
1.595703125 -0.0506518167671144 4.21277803548085 0.0357466297482086 -0
1.59765625 -0.0424189979390689 4.21723451723222 0.035746625812736 -0
1.599609375 -0.034178244434176 4.22090262704268 0.0357466225686587 -0
1.6015625 -0.0259310970521834 4.22378143005943 0.0357466200196013 -0
1.603515625 -0.0176790982230064 4.22587019213695 0.0357466181684148 -0
1.60546875 -0.00942379161414842 4.22716838035342 0.0357466170171716 -0
1.607421875 -0.00116672173725081 4.22767566338586 0.035746616567161 -0
1.609375 0.0070905664459526 4.2273919117436 0.0357466168188872 -0
1.611328125 0.0153465279179976 4.22631719785951 0.0357466177720683 -0
1.61328125 0.0235996180000913 4.22445179603898 0.0357466194256364 -0
1.615234375 0.0318482927462749 4.22179618226662 0.0357466217777402 -0
1.6171875 0.0400910093370703 4.21835103387105 0.0357466248257482 -0
1.619140625 0.0483262264723337 4.21411722904841 0.0357466285662538 -0
1.62109375 0.0565524047630406 4.20909584624517 0.0357466329950817 -0
1.623046875 0.0647680071217289 4.20328816340158 0.0357466381072959 -0
1.625 0.072971499151328 4.19669565705668 0.0357466438972091 -0
1.626953125 0.0811613495321065 4.18932000131665 0.0357466503583932 -0
1.62890625 0.0893360304064712 4.18116306668796 0.0357466574836916 -0
1.630859375 0.0974940177613564 4.1722269187774 0.0357466652652325 -0
1.6328125 0.105633791807945 4.16251381686114 0.0357466736944439 -0
1.634765625 0.11375383735847 4.15202621232501 0.0357466827620688 -0
1.63671875 0.12185264419984 4.14076674697876 0.0357466924581833 -0
1.638671875 0.129928707463856 4.12873825124683 0.0357467027722141 -0
1.640625 0.137980527993773 4.11594374223885 0.0357467136929581 -0
1.642578125 0.146006612706976 4.10238642170267 0.0357467252086031 0
1.64453125 0.154005474953549 4.08806967386351 0.0357467373067484 0
1.646484375 0.161975634870506 4.07299706315254 0.0357467499744279 0
1.6484375 0.169915619731489 4.05717233182851 0.0357467631981327 0
1.650390625 0.177823964291711 4.04059939749634 0.035746776963835 0
1.65234375 0.185699211127959 4.02328235052652 0.0357467912570129 0
1.654296875 0.193539910973455 4.00522545137929 0.0357468060626754 0
1.65625 0.201344623047409 3.98643312783796 0.0357468213653884 0
1.658203125 0.209111915379072 3.96690997215562 0.0357468371493008 0
1.66015625 0.216840365126142 3.94666073811948 0.0357468533981714 0
1.662109375 0.224528558887351 3.92569033803763 0.0357468700953957 0
1.6640625 0.232175093009101 3.90400383965256 0.0357468872240337 0
1.666015625 0.239778573885994 3.88160646298624 0.035746904766837 0
1.66796875 0.247337618255141 3.85850357712148 0.0357469227062769 0
1.669921875 0.254850853484125 3.83470069692426 0.0357469410245717 0
1.671875 0.262316917852502 3.81020347971201 0.0357469597037152 0
1.673828125 0.26973446082675 3.78501772187261 0.0357469787255038 0
1.67578125 0.277102143328567 3.759149355439 0.0357469980715641 0
1.677734375 0.284418637996434 3.73260444462435 0.0357470177233807 0
1.6796875 0.291682629440381 3.70538918232276 0.0357470376623229 0
1.681640625 0.298892814489882 3.67750988658019 0.0357470578696718 0
1.68359375 0.306047902434834 3.64897299704083 0.0357470783266462 0
1.685546875 0.313146615259573 3.6197850713735 0.0357470990144292 0
1.6875 0.320187687869887 3.58995278168307 0.0357471199141934 0
1.689453125 0.327169868313022 3.55948291091173 0.0357471410071254 0
1.69140625 0.334091917990636 3.52838234923472 0.0357471622744507 0
1.693359375 0.34095261186472 3.49665809045537 0.0357471836974571 0
1.6953125 0.347750738656477 3.46431722840397 0.0357472052575178 0
1.697265625 0.354485101038173 3.43136695334514 0.0357472269361134 0
1.69921875 0.361154515817982 3.39781454839798 0.0357472487148536 0
1.701171875 0.367757814117853 3.36366738597363 0.0357472705754978 0
1.703125 0.374293841544441 3.32893292423432 0.0357472924999751 0
1.705078125 0.380761458353143 3.29361870357825 0.0357473144704029 0
1.70703125 0.387159539605294 3.25773234315423 0.0357473364691057 0
1.708984375 0.393486975318589 3.22128153741021 0.0357473584786315 0
1.7109375 0.399742670610802 3.18427405267945 0.0357473804817688 0
1.712890625 0.405925545836868 3.14671772380797 0.0357474024615615 0
1.71484375 0.412034536719427 3.10862045082709 0.0357474244013234 0
1.716796875 0.418068594472912 3.06999019567432 0.0357474462846519 0
1.71875 0.42402668592128 3.03083497896602 0.03574746809544 0
1.720703125 0.429907793609498 2.99116287682493 0.0357474898178885 0
1.72265625 0.435710915908877 2.95098201776573 0.0357475114365159 0
1.724609375 0.441435067116395 2.91030057964138 0.0357475329361685 0
1.7265625 0.447079277548102 2.86912678665304 0.0357475543020285 0
1.728515625 0.452642593626759 2.82746890642616 0.0357475755196225 0
1.73046875 0.458124077963829 2.7853352471552 0.0357475965748276 0
1.732421875 0.463522809435959 2.74273415481913 0.0357476174538774 0
1.734375 0.468837883256091 2.69967401046997 0.0357476381433672 0
1.736328125 0.474068411039357 2.65616322759625 0.0357476586302578 0
1.73828125 0.479213520863889 2.61221024956322 0.0357476789018789 0
1.740234375 0.484272357326713 2.56782354713146 0.0357476989459314 0
1.7421875 0.489244081594871 2.52301161605536 0.0357477187504887 0
1.744140625 0.494127871451929 2.47778297476278 0.0357477383039979 0
1.74609375 0.498922921340038 2.43214616211713 0.0357477575952794 0
1.748046875 0.503628442397699 2.38610973526281 0.0357477766135263 0
1.75 0.508243662493408 2.33968226755494 0.0357477953483032 0
1.751953125 0.512767826255336 2.29287234657402 0.0357478137895433 0
1.75390625 0.517200195097213 2.24568857222614 0.0357478319275467 0
1.755859375 0.521540047240594 2.19813955492909 0.0357478497529761 0
1.7578125 0.525786677733655 2.1502339138847 0.0357478672568533 0
1.759765625 0.529939398466706 2.10198027543743 0.0357478844305547 0
1.76171875 0.533997538184583 2.0533872715193 0.0357479012658059 0
1.763671875 0.537960442496079 2.00446353818084 0.0357479177546769 0
1.765625 0.541827473880601 1.9552177142079 0.0357479338895755 0
1.767578125 0.545598011692203 1.90565843982378 0.0357479496632416 0
1.76953125 0.549271452161163 1.85579435547615 0.0357479650687399 0
1.771484375 0.552847208393282 1.80563410070805 0.0357479800994537 0
1.7734375 0.556324710367054 1.75518631311208 0.0357479947490767 0
1.775390625 0.559703404928876 1.70445962736696 0.0357480090116063 0
1.77734375 0.562982755786456 1.65346267435528 0.0357480228813354 0
1.779296875 0.566162243500576 1.60220408036122 0.0357480363528443 0
1.78125 0.569241365475367 1.55069246634709 0.0357480494209933 0
1.783203125 0.572219635947244 1.49893644730714 0.0357480620809138 0
1.78515625 0.57509658597266 1.44694463169723 0.0357480743280004 0
1.787109375 0.577871763414812 1.39472562093862 0.0357480861579026 0
1.7890625 0.580544732929452 1.34228800899429 0.0357480975665161 0
1.791015625 0.583115075949946 1.28964038201595 0.0357481085499751 0
1.79296875 0.585582390671702 1.2367913180598 0.0357481191046436 0
1.794921875 0.587946292036117 1.18374938686903 0.0357481292271072 0
1.796875 0.590206411714159 1.13052314972118 0.0357481389141652 0
1.798828125 0.592362398089715 1.0771211593379 0.0357481481628227 0
1.80078125 0.594413916242823 1.0235519598552 0.0357481569702828 0
1.802734375 0.5963606479329 0.969824086851678 0.0357481653339387 0
1.8046875 0.598202291582087 0.915946067432438 0.0357481732513669 0
1.806640625 0.599938562258808 0.861926420366278 0.0357481807203197 0
1.80859375 0.601569191661643 0.807773656273628 0.0357481877387181 0
1.810546875 0.603093928103626 0.753496277862697 0.035748194304646 0
1.8125 0.604512536497044 0.699102780211217 0.0357482004163431 0
1.814453125 0.605824798338827 0.644601651091135 0.0357482060721995 0
1.81640625 0.607030511696619 0.59000137133354 0.0357482112707497 0
1.818359375 0.608129491195598 0.535310415231073 0.0357482160106675 0
1.8203125 0.609121568006115 0.480537250975042 0.0357482202907613 0
1.822265625 0.610006589832219 0.42569034112439 0.0357482241099694 0
1.82421875 0.610784420901132 0.37077814310368 0.0357482274673558 0
1.826171875 0.611454941953718 0.31580910972718 0.0357482303621066 0
1.828125 0.612018050236004 0.260791689746136 0.0357482327935271 0
1.830078125 0.612473659491789 0.205734328416286 0.0357482347610385 0
1.83203125 0.61282169995638 0.150645468082641 0.0357482362641755 0
1.833984375 0.613062118351487 0.095533548778557 0.0357482373025848 0
1.8359375 0.613194877881296 0.0404070088360809 0.0357482378760232 0
1.837890625 0.613219958229753 -0.0147257144954255 0.0357482379843568 -0
1.83984375 0.613137355559049 -0.0698561844254191 0.0357482376275603 -0
1.841796875 0.612947082509341 -0.124975963996087 0.035748236805717 -0
1.84375 0.612649168199689 -0.180076615457065 0.0357482355190191 -0
1.845703125 0.612243658230212 -0.235149699644002 0.0357482337677684 -0
1.84765625 0.611730614685455 -0.290186775363975 0.0357482315523778 -0
1.849609375 0.611110116138946 -0.345179398790795 0.035748228873373 -0
1.8515625 0.610382257658928 -0.400119122873197 0.0357482257313944 -0
1.853515625 0.609547150815223 -0.454997496758911 0.0357482221272001 -0
1.85546875 0.608604923687214 -0.509806065237593 0.0357482180616686 -0
1.857421875 0.607555720872889 -0.564536368205572 0.0357482135358025 -0
1.859375 0.606399703498911 -0.61917994015535 0.0357482085507327 -0
1.861328125 0.605137049231657 -0.673728309692753 0.0357482031077218 -0
1.86328125 0.603767952289173 -0.72817299908463 0.03574819720817 -0
1.865234375 0.602292623453982 -0.782505523839922 0.035748190853619 -0
1.8671875 0.600711290086674 -0.836717392326935 0.0357481840457586 -0
1.869140625 0.599024196140205 -0.890800105429563 0.0357481767864314 -0
1.87109375 0.597231602174839 -0.944745156245207 0.0357481690776398 0
1.873046875 0.595333785373623 -0.99854402982706 0.0357481609215519 0
1.875 0.593331039558327 -1.05218820297339 0.0357481523205087 0
1.876953125 0.591223675205758 -1.1056691440664 0.0357481432770305 0
1.87890625 0.589012019464318 -1.1589783129632 0.0357481337938248 0
1.880859375 0.586696416170745 -1.21210716094131 0.0357481238737934 0
1.8828125 0.584277225866891 -1.26504713070114 0.03574811352004 0
1.884765625 0.581754825816444 -1.31778965642777 0.0357481027358786 0
1.88671875 0.57912961002147 -1.37032616391423 0.0357480915248408 0
1.888671875 0.576401989238654 -1.42264807074857 0.0357480798906845 0
1.890625 0.573572390995108 -1.47474678656669 0.0357480678374018 0
1.892578125 0.570641259603628 -1.52661371337312 0.0357480553692275 0
1.89453125 0.567609056177245 -1.57824024593154 0.0357480424906472 0
1.896484375 0.564476258642958 -1.62961777222694 0.0357480292064059 0
1.8984375 0.561243361754483 -1.68073767400128 0.035748015521516 0
1.900390625 0.55791087710389 -1.73159132736408 0.0357480014412657 0
1.90234375 0.554479333131967 -1.78217010347976 0.0357479869712272 0
1.904296875 0.550949275137173 -1.83246536933303 0.0357479721172645 0
1.90625 0.54732126528301 -1.8824684885737 0.0357479568855416 0
1.908203125 0.543595882603682 -1.93217082244217 0.0357479412825296 0
1.91015625 0.539773723007846 -1.98156373077679 0.0357479253150145 0
1.912109375 0.535855399280335 -2.03063857310395 0.0357479089901043 0
1.9140625 0.531841541081658 -2.07938670981189 0.0357478923152356 0
1.916015625 0.527732794945132 -2.12779950340906 0.0357478752981804 0
1.91796875 0.523529824271467 -2.17586831986743 0.0357478579470519 0
1.919921875 0.51923330932065 -2.22358453005154 0.0357478402703104 0
1.921875 0.514843947200953 -2.27093951123347 0.0357478222767683 0
1.923828125 0.510362451854894 -2.317924648694 0.0357478039755952 0
1.92578125 0.505789554041992 -2.36453133741011 0.0357477853763215 0
1.927734375 0.501126001318136 -2.41075098382872 0.0357477664888428 0
1.9296875 0.496372558011411 -2.45657500772654 0.0357477473234225 0
1.931640625 0.491530005194204 -2.50199484415556 0.0357477278906942 0
1.93359375 0.486599140651428 -2.5470019454739 0.0357477082016638 0
1.935546875 0.481580778844697 -2.59158778346115 0.0357476882677101 0
1.9375 0.476475750872283 -2.63574385151763 0.0357476681005859 0
1.939453125 0.471284904424706 -2.67946166694644 0.0357476477124168 0
1.94140625 0.466009103735774 -2.7227327733173 0.0357476271157004 0
1.943359375 0.460649229528935 -2.76554874291097 0.0357476063233046 0
1.9453125 0.455206178958778 -2.80790117924268 0.0357475853484641 0
1.947265625 0.449680865547518 -2.84978171966311 0.0357475642047775 0
1.94921875 0.444074219116343 -2.89118203803527 0.0357475429062021 0
1.951171875 0.438387185711443 -2.93209384748512 0.0357475214670491 0
1.953125 0.432620727524605 -2.97250890322422 0.0357474999019767 0
1.955078125 0.426775822808224 -3.01241900544196 0.035747478225983 0
1.95703125 0.420853465784597 -3.05181600226513 0.035747456454398 0
1.958984375 0.414854666549375 -3.09069179278227 0.0357474346028742 0
1.9609375 0.408780450969041 -3.12903833013017 0.0357474126873767 0
1.962890625 0.402631860572304 -3.16684762463967 0.0357473907241718 0
1.96484375 0.396409952435293 -3.20411174703783 0.0357473687298153 0
1.966796875 0.390115799060438 -3.24082283170331 0.0357473467211391 0
1.96875 0.383750488248952 -3.27697307997178 0.0357473247152377 0
1.970703125 0.377315122966798 -3.31255476348786 0.0357473027294531 0
1.97265625 0.370810821204077 -3.34756022760017 0.0357472807813588 0
1.974609375 0.364238715827735 -3.38198189479577 0.035747258888743 0
1.9765625 0.357599954427531 -3.41581226817023 0.0357472370695913 0
1.978515625 0.350895699155195 -3.44904393492933 0.0357472153420676 0
1.98046875 0.344127126556714 -3.48166956991854 0.0357471937244951 0
1.982421875 0.337295427397701 -3.51368193917597 0.0357471722353355 0
1.984375 0.330401806481807 -3.54507390350464 0.0357471508931684 0
1.986328125 0.323447482462136 -3.57583842205971 0.0357471297166691 0
1.98828125 0.316433687645637 -3.60596855594623 0.035747108724586 0
1.990234375 0.309361667790471 -3.63545747182284 0.0357470879357172 0
1.9921875 0.302232681896329 -3.66429844550703 0.0357470673688867 0
1.994140625 0.295048001987709 -3.69248486557691 0.0357470470429195 0
1.99609375 0.287808912890169 -3.72001023696527 0.0357470269766166 0
1.998046875 0.280516711999563 -3.7468681845406 0.0357470071887292 0
2 0.273172709044307 -3.77305245667074 0.0357469876979323 0
