0 2.85508423144527 0 0.38440219284688 -0
0.0390625 2.8445085472274 -0.551178299277437 0.38441288374423 0
0.078125 2.81202342681422 -1.14166438992816 0.384447673109755 0
0.1171875 2.75531601676426 -1.8126314913211 0.384514901578044 0
0.15625 2.67041159155476 -2.608430361883 0.384628449281597 0
0.1953125 2.55153239474216 -3.57635361287067 0.384804593534789 0
0.234375 2.39100896554924 -4.76282407758312 0.385048257017335 0
0.2734375 2.17943676368097 -6.20222299035545 0.385312993843584 0
0.3125 1.90646029442772 -7.89274074277571 0.385418238522665 0
0.3515625 1.56281639315162 -9.75526118267688 0.384964595120352 0
0.390625 1.14433051453109 -11.5854407735047 0.383485617671882 0
0.4296875 0.65770383272157 -13.0432744591927 0.381181736199866 -0
0.46875 0.12532469740666 -13.7486538620025 0.379589736468191 -0
0.5078125 -0.416409750247373 -13.480907228998 0.38023559524181 -0
0.546875 -0.927871179858805 -12.3266754096164 0.382464275801938 -0
0.5859375 -1.37943126662365 -10.619418346473 0.384427006351852 -0
0.625 -1.75751323817701 -8.73754181015875 0.385310640243314 -0
0.6640625 -2.06205172054231 -6.95147005365637 0.385399924119031 0
0.703125 -2.30059683611891 -5.39274462597144 0.385174042807583 0
0.7421875 -2.48335989444632 -4.09270195651994 0.384909239915683 0
0.78125 -2.62033917647203 -3.029612827419 0.384700898260758 0
0.8203125 -2.72004839658843 -2.16056796848242 0.384560399844897 0
0.859375 -2.78913354900972 -1.43786910590506 0.384473864223365 0
0.8984375 -2.83238192048727 -0.815629925923116 0.3844255321616 0
0.9375 -2.85285463697246 -0.251315801408949 0.384404420007199 0
0.9765625 -2.85201596747234 0.295025776011082 0.38440526147559 -0
1.015625 -2.8298057482216 0.862459972960129 0.384428271811488 -0
1.0546875 -2.78463628208483 1.49108933521553 0.384479164830714 -0
1.09375 -2.71331439390788 2.22370594658317 0.384569373186351 -0
1.1328125 -2.61090925500802 3.10644121386015 0.384714878413481 -0
1.171875 -2.47062367407506 4.1869476332888 0.384928741641908 -0
1.2109375 -2.28380397115733 5.50721955427377 0.385195650406925 -0
1.25 -2.04037214639742 7.08616806103032 0.385409636725852 -0
1.2890625 -1.73019709138934 8.88634414873653 0.38527638289363 -0
1.328125 -1.34612650977738 10.7661377810416 0.384309128590953 -0
1.3671875 -0.889092577245468 12.443962012144 0.382275445353379 -0
1.40625 -0.373941977578632 13.5378039429136 0.380102745655186 -0
1.4453125 0.16854835579466 13.7270453319225 0.379643834318311 0
1.484375 0.698483438977813 12.9502844833231 0.381366185390166 0
1.5234375 1.18028933105428 11.448345505583 0.383644269098106 0
1.5625 1.59288543160148 9.60468607168733 0.385033519005489 0
1.6015625 1.93065543040485 7.75026795956804 0.385423638961089 0
1.640625 2.19837511594274 6.07816301021378 0.385294147575413 0
1.6796875 2.4055119155778 4.65950665340002 0.385026921516633 0
1.71875 2.56239907323961 3.4919464084099 0.384788006072292 0
1.7578125 2.67832022873483 2.53946897585612 0.384617327778913 0
1.796875 2.76079508697837 1.75530220714281 0.384508072643939 0
1.8359375 2.81545321366786 1.09231348232187 0.384443865257815 0
1.875 2.84613207778477 0.506425728323439 0.384411221751223 0
1.9140625 2.85501772369313 -0.0433260978237767 0.384402259073941 -0
1.953125 2.84274722639229 -0.596178521258177 0.384414695239822 -0
1.9921875 2.80844127671983 -1.19152266132177 0.38445168310689 -0
2.03125 2.74965951847652 -1.87074869455162 0.384522021634038 -0
2.0703125 2.66228903495799 -2.67848057995291 0.384639970981331 -0
2.109375 2.5404032231677 -3.66214875617915 0.384821631659787 -0
2.1484375 2.37618366338149 -4.86775917911518 0.385069793689797 -0
2.1875 2.16010953729933 -6.3279111598062 0.385330958576355 -0
2.2265625 1.88181560402163 -8.03636933579004 0.38540938730323 -0
2.265625 1.53226818294073 -9.90571083816596 0.384888862629721 -0
2.3046875 1.10793194478992 -11.7202112316638 0.383320867945491 0
2.34375 0.616626680466998 -13.1314176440125 0.381001659367428 0
2.3828125 0.0820399413514368 -13.7639272912599 0.379551285859992 0
2.421875 -0.458680139162679 -13.4182616783891 0.380379182752657 0
2.4609375 -0.966261752272711 -12.2058723452992 0.38265064013657 0
2.5 -1.41226391613918 -10.4716609680312 0.384537431521466 -0
2.5390625 -1.78436026540015 -8.58942297355746 0.385339828178556 -0
2.578125 -2.08331258594835 -6.81826279312908 0.38538835247269 -0
2.6171875 -2.31703704611336 -5.27993261873427 0.385152285508048 -0
2.65625 -2.49580732178697 -3.99996522804719 0.384890135669391 -0
2.6953125 -2.62953432955454 -2.95401381776145 0.384687358030668 -0
2.734375 -2.72658965129958 -2.09835450137036 0.384551767808318 -0
2.7734375 -2.7934682749741 -1.38528248566449 0.384468802464181 -0
2.8125 -2.83481484549212 -0.769164904554741 0.384422961658917 -0
2.8515625 -2.85355928314244 -0.207719042786882 0.384403714577606 -0
2.890625 -2.85104289570984 0.338868623051681 0.384406240332678 0
2.9296875 -2.82708517196653 0.909675671334691 0.384431184788034 0
2.96875 -2.77997448388682 1.54496548522594 0.384484711401439 0
3.0078125 -2.70638474343325 2.28779243363323 0.384578696730827 0
3.046875 -2.60124070000922 3.18452297514104 0.384729303237013 0
3.0859375 -2.45759388600036 4.28272100891935 0.384948622765812 0
3.125 -2.2666531211874 5.62335911750103 0.38521702480907 0
3.1640625 -2.01826895494559 7.22232041518858 0.385417285041452 0
3.203125 -1.70240933875079 9.03572865887446 0.385236772865449 0
3.2421875 -1.31235265347102 10.9116424709477 0.384183827943121 0
3.28125 -0.849937270708003 12.5575266330325 0.382085010936893 0
3.3203125 -0.331295885265359 13.5888294406244 0.379981607972861 0
3.359375 0.211690029340777 13.6991499952099 0.379713151634925 0
3.3984375 0.738950208110411 12.8526305294551 0.381553889173066 -0
3.4375 1.21580178945446 11.3091260017344 0.383796437132913 -0
3.4765625 1.62247567699591 9.45412272605262 0.385095848801959 -0
3.515625 1.95440512742732 7.60901411365429 0.385425850263666 -0
3.5546875 2.21692990462515 5.95574385561431 0.385274553716909 -0
3.59375 2.41969761614718 4.55779400911495 0.385005828401404 -0
3.6328125 2.57300756158726 3.40890459260948 0.3847718715041 -0
3.671875 2.6860182874448 2.47157205583524 0.384606598227083 -0
3.7109375 2.76609912844939 1.69873768322107 0.38450152658554 -0
3.75 2.81873216894645 1.04344859748903 0.384440254003293 -0
3.7890625 2.84761855012822 0.461900818150846 0.384409706637032 -0
3.828125 2.85481817036448 -0.0866717267753947 0.384402457861963 0
3.8671875 2.84084732147389 -0.641446462357448 0.384416659086565 0
3.90625 2.80470516549281 -1.24190977379332 0.384455901033835 0
3.9453125 2.74382312039629 -1.92967711497485 0.384529441213924 0
3.984375 2.6539491408854 -2.74964400737003 0.38465190083404 0
4.0234375 2.5290071823205 -3.7493539925424 0.384839116482515 0
4.0625 2.36103086021802 -4.9743235328468 0.385091485198072 0
4.1015625 2.14038815631685 -6.45521187682782 0.385347897897303 0
4.140625 1.85671743234085 -8.1810854036809 0.385396816208447 -0
4.1796875 1.50124085915428 -10.0558916170052 0.384806130785183 -0
4.21875 1.07110089976232 -11.8524537601989 0.383150475854116 -0
4.2578125 0.575267909138739 -13.2145379057453 0.380827086306867 -0
4.296875 0.0387151258759691 -13.7728313799651 0.379528788338307 -0
4.3359375 -0.500734542421033 -13.3500006683226 0.380532476967125 -0
4.375 -1.00425367633674 -12.0817595887465 0.382833741556951 0
4.4140625 -1.44462201029185 -10.3230371474921 0.38464042289216 0
4.453125 -1.81074095348456 -8.44208296900952 0.385364232092522 0
4.4921875 -2.10415974224572 -6.68657866887425 0.385375116247181 0
4.53125 -2.33312991199036 -5.16877982156391 0.385130454628627 0
4.5703125 -2.5079706658054 -3.90871795648106 0.384871443982052 0
4.609375 -2.63849850234044 -2.87962005781575 0.384674252200183 0
4.6484375 -2.73294098282226 -2.03704165083179 0.384543468201973 0
4.6875 -2.79764238131167 -1.33330731074304 0.384463972659592 0
4.7265625 -2.83710561647406 -0.723044391901753 0.38442055635749 0
4.765625 -2.854130224429 -0.164215880514604 0.38440314405325 0
4.8046875 -2.84993498213926 0.382864042067297 0.384407358145647 -0
4.84375 -2.82421897114249 0.957297760188921 0.384434275505427 -0
4.8828125 -2.7751460946245 1.59952001592673 0.384490511266762 -0
4.921875 -2.69925646989821 2.35285152142764 0.384588379366529 -0
4.9609375 -2.59132956951297 3.26388194872328 0.384744176593496 -0
5 -2.44426569265421 4.38004002038666 0.384968861933028 -0
5.0390625 -2.24913894292026 5.74116289816389 0.385238074733561 -0
5.078125 -1.99573734123515 7.35988652496169 0.385422653136929 -0
5.1171875 -1.67414780815763 9.18558791802291 0.385191531493338 -0
5.15625 -1.27811328513961 11.0557506005263 0.384051186843761 -0
5.1953125 -0.810417292491507 12.6671657633316 0.381893895592344 -0
5.234375 -0.288490959879331 13.6338729625807 0.379873086716344 -0
5.2734375 0.25472903271011 13.6650299415541 0.379797144643128 -0
5.3125 0.779089504304583 12.7505012768944 0.381743753986844 -0
5.3515625 1.25086194496748 11.1679797619931 0.383941805596297 -0
5.390625 1.65158792321029 9.30370212380587 0.385151818930911 0
5.4296875 1.97771367338982 7.46903729231634 0.385425125689718 0
5.46875 2.23510646167251 5.83497531949631 0.38525433660286 0
5.5078125 2.43357112022547 4.45767202395967 0.384985014117371 0
5.546875 2.58336208854436 3.32720526702374 0.384756190502839 0
5.5859375 2.6935090317117 2.40471526492088 0.384596252150348 0
5.625 2.7712304686163 1.64291490329907 0.384495255326962 0
5.6640625 2.82186175853194 0.995048527419892 0.384436834035739 0
5.703125 2.84896863482098 0.417583650567815 0.384408336001193 0
5.7421875 2.85448548123255 -0.13005642439081 0.384402789531547 -0
5.78125 2.83880797666545 -0.687002274191352 0.384418778359371 -0
5.8203125 2.80081342856135 -1.29284734385178 0.384460332911066 -0
5.859375 2.73780427792703 -1.98944018608895 0.384537168858925 -0
5.8984375 2.64538841402315 -2.8219450131214 0.384664246438647 -0
5.9375 2.51733982377692 -3.83799102919984 0.384857042118751 -0
5.9765625 2.34554536486691 -5.08252728676051 0.385113279716895 0
6.015625 2.12026737949875 -6.58410632788803 0.385363657713918 0
6.0546875 1.83116205800066 -8.32681524323525 0.385380249822582 0
6.09375 1.469734938621 -10.2056539705899 0.38471623665531 0
6.1328125 1.03384534154832 -11.9819632618333 0.382974969395162 0
6.171875 0.533644058790276 -13.2924665979406 0.380659150754221 0
6.2109375 -0.00462861141578862 -13.7753461272111 0.37952242354387 0
6.25 -0.542554857398093 -13.2762679053285 0.38069440199919 -0
6.2890625 -1.04183704151957 -11.9545444237637 0.38301285194431 -0
6.328125 -1.47650364050463 -10.1737128436909 0.38473604340833 -0
6.3671875 -1.83665835743293 -8.29561123430631 0.385384137291114 -0
6.40625 -2.12459826818481 -6.55644623919034 0.385360399093034 -0
6.4453125 -2.34888071986967 -5.05928065532674 0.385108619318888 -0
6.484375 -2.51985456938222 -3.81893997825908 0.384853177183278 -0
6.5234375 -2.64723540567116 -2.8064073207282 0.384661574573675 -0
6.5625 -2.73910514131411 -1.97660563456616 0.384535492204622 0
6.6015625 -2.80165772087164 -1.28192156428889 0.38445936814223 0
6.640625 -2.83925526352418 -0.677247974776036 0.384418312543506 0
6.6796875 -2.85456771890102 -0.120786725493533 0.384402707516092 0
6.71875 -2.84869172645336 0.427031781866083 0.384408616700027 -0
6.7578125 -2.82120586094273 1.00534709668459 0.38443754861364 -0
6.796875 -2.77014898452488 1.65477553561307 0.384496571967114 -0
6.8359375 -2.69192652222296 2.41890738466849 0.384598429934398 -0
6.875 -2.58117184509765 3.34454177742312 0.384759501338389 -0
6.9140625 -2.43063419586178 4.47892171404501 0.384989434233004 -0
6.953125 -2.23125608618788 5.86062820805023 0.385258700712559 -0
6.9921875 -1.97277261710786 7.49882142744492 0.385425514628852 -0
7.03125 -1.64541066216875 9.33580833794254 0.385140387436243 0
7.0703125 -1.2434125907061 11.1982756646395 0.383911344507139 0
7.109375 -0.77054537586879 12.7726786877034 0.381703077666461 0
7.1484375 -0.245547068229269 13.6728359396326 0.37977800531761 0
7.1875 0.297644931915009 13.6247607250715 0.379895161031047 0
7.2265625 0.818887363416944 12.6440904524085 0.381934720130999 0
7.265625 1.28546449850942 11.025100726671 0.384080124667279 0
7.3046875 1.68022335768812 9.15354898587262 0.385201680064229 0
7.34375 2.00058551303072 7.33039071489668 0.385421709352729 0
7.3828125 2.25291013228942 5.71586450933599 0.385233611307677 -0
7.421875 2.4471374278226 4.3591254482521 0.384964510682744 -0
7.4609375 2.59346680793412 3.2468252295522 0.384740962343572 -0
7.5 2.70079564888136 2.33887431160543 0.384586280898475 -0
7.5390625 2.77619136352829 1.58781099611165 0.384489250975186 -0
7.578125 2.82484338295259 0.947092193530048 0.384433600282084 -0
7.6171875 2.85018294114783 0.373454373539939 0.384407107665116 -0
7.65625 2.85401950588539 -0.17349974101398 0.384403254617301 0
7.6953125 2.83662827388111 -0.732866197451164 0.384421056361056 0
7.734375 2.79676433420952 -1.34435712980998 0.384464984993368 -0
7.7734375 2.7316003731147 -2.05006147191697 0.384545213230577 -0
7.8125 2.63660328171601 -2.89540793648053 0.384677014963827 -0
7.8515625 2.50539662807716 -3.92808107202599 0.3848754005651 -0
7.890625 2.32972194796398 -5.19237905263311 0.385135119552947 -0
7.9296875 2.0997420145902 -6.71457235766393 0.385378073477515 -0
7.96875 1.80514598252148 -8.47347962999376 0.385359407741359 -0
8.0078125 1.43775141849694 -10.3548423280285 0.384619049325719 -0
8.046875 0.996173925644256 -12.1085332698558 0.382794949040494 -0
8.0859375 0.491772256789456 -13.3650433478337 0.380498976819222 -0
8.125 -0.0479700859052521 -13.7714658788999 0.379532242391311 0
8.1640625 -0.584123514999596 -13.1972167165247 0.380863850001809 0
8.203125 -1.07900264188374 -11.8244339424491 0.383187314119907 0
8.2421875 -1.50790741675343 -10.0238482674963 0.384824395780479 0
8.28125 -1.86211578778189 -8.15009143735019 0.385399827023585 0
8.3203125 -2.14463331029642 -6.42789040907143 0.385344373915959 0
8.359375 -2.3642947259906 -4.95142779652963 0.385086842159726 -0
8.3984375 -2.53146360690029 -3.73061052232553 0.384835345092283 -0
8.4375 -2.65574867304728 -2.7343513068695 0.384649318376795 -0
8.4765625 -2.74508480274947 -1.91702278988203 0.384527831075054 -0
8.515625 -2.80551607850681 -1.23110337490208 0.384454982474561 -0
8.5546875 -2.8412647539137 -0.631755338625627 0.384416226733819 -0
8.59375 -2.85487196433694 -0.0774120128214455 0.384402404262942 -0
8.6328125 -2.84731256741537 0.471391646656528 0.384410018000875 0
8.671875 -2.8180444919419 1.05384466032167 0.384441008999256 0
8.7109375 -2.76498095332774 1.71075480025512 0.384502901244015 0
8.75 -2.68439177317197 2.48598426874634 0.384608857186594 0
8.7890625 -2.57076343233194 3.42652587276173 0.384775279189788 0
8.828125 -2.41669443936246 4.57938216419461 0.385010310899709 0
8.8671875 -2.21299920075423 5.98174994377332 0.385278794693932 0
8.90625 -1.94937022500517 7.63907560811416 0.385425633023989 0
8.9453125 -1.61619641887031 9.48627011142848 0.38508307965897 0
8.984375 -1.20825537254982 11.3390268361242 0.383764500705085 0
9.0234375 -0.730334947298114 12.8738682840029 0.381513584093067 -0
9.0625 -0.202484412862095 13.7056325064447 0.37969709530155 -0
9.1015625 0.340417592267877 13.5784309642777 0.380006448785585 -0
9.140625 0.858330506222099 12.533596013339 0.382125770427945 -0
9.1796875 1.31960478080999 10.8806788328781 0.38421120780783 -0
9.21875 1.7083835400407 9.00378178791864 0.385245695701117 -0
9.2578125 2.02302523299113 7.19312290881895 0.385415835622375 -0
9.296875 2.27034626729218 5.59841600034329 0.38521248401737 -0
9.3359375 2.46040148301795 4.26213799303204 0.384944346014267 -0
9.375 2.60332579799781 3.16774101606496 0.384726185053807 -0
9.4140625 2.70788124989802 2.27402496450149 0.384576675696634 -0
9.453125 2.78098399834949 1.53340323714387 0.384483505830884 -0
9.4921875 2.82767837779989 0.899558642797277 0.384430547906334 -0
9.53125 2.85126201731802 0.329493195201412 0.38440601967073 -0
9.5703125 2.853420033675 -0.217021246180923 0.384403853868251 0
9.609375 2.83430723246014 -0.779058567314916 0.384423496623902 0
9.6484375 2.79255608310352 -1.39646103398751 0.38446986376762 0
9.6875 2.72520871417986 -2.11156466127252 0.384553583089267 0
9.7265625 2.6275900939416 -2.97005706369502 0.384690213067817 0
9.765625 2.49317300607869 -4.01964476757566 0.384894181485558 0
9.8046875 2.31355534647476 -5.30388579155716 0.385156940755968 0
9.84375 2.07880692861329 -6.84658429577036 0.385390969996899 0
9.8828125 1.7786659483677 -8.62099367474048 0.38533400612298 0
9.921875 1.40529179777419 -10.5032952355659 0.384514474210373 0
9.9609375 0.958096008089108 -12.2319565935351 0.382611087256718 -0
10 0.449670188904259 -13.4321168216078 0.380347666588764 -0
