0 0.602740012305112 0 0.0345733062171786 -0
0.0390625 0.581525311724534 -1.06932922640406 0.0345371539430401 0
0.078125 0.519198666492295 -2.07091080842242 0.0344331544681569 0
0.1171875 0.419735404816533 -2.93666573121954 0.0342787991130822 0
0.15625 0.289771656240768 -3.60080680131187 0.0341113648080386 -0
0.1953125 0.138422373464043 -4.00672827613887 0.0339844134655027 -0
0.234375 -0.0232539903325808 -4.11663941648179 0.0339464851655796 -0
0.2734375 -0.183190080948597 -3.91984632074534 0.0340132933521416 -0
0.3125 -0.32949198414081 -3.43535343185018 0.0341575243088399 -0
0.3515625 -0.451577067811892 -2.70731784643566 0.0343262253468427 -0
0.390625 -0.541001190893596 -1.79588883103311 0.0344690680392902 -0
0.4296875 -0.591880882736354 -0.768025576030038 0.0345547670477376 -0
0.46875 -0.601003189020943 0.308193787025138 0.0345703367815625 0
0.5078125 -0.567803243125015 1.3651172983077 0.0345139344875843 0
0.546875 -0.494353400090654 2.33485482503627 0.0343930054401162 0
0.5859375 -0.385392709919056 3.14953090703788 0.0342301881127714 0
0.625 -0.24829629797832 3.74510130832749 0.0340685275975312 0
0.6640625 -0.0928066702059712 4.06931641026969 0.0339630087597762 0
0.703125 0.069619046574 4.09145662282301 0.0339553148026765 0
0.7421875 0.226838378452076 3.80936083150091 0.0340486514230134 0
0.78125 0.367225361535009 3.24995593124695 0.0342056486006088 0
0.8203125 0.480741185580744 2.46298733831069 0.0343714094135185 0
0.859375 0.559646247340531 1.51137621828794 0.034500206113907 0
0.8984375 0.59881745263449 0.462786346897001 0.034566602043228 0
0.9375 0.595801430691859 -0.614817588258969 0.0345614528224023 -0
0.9765625 0.550784828551758 -1.65380429853256 0.0344853627300827 -0
1.015625 0.466597969869003 -2.58614390279206 0.0343493035152613 -0
1.0546875 0.348742336146128 -3.34447093733755 0.0341815799373397 -0
1.09375 0.205311177889507 -3.86714844018155 0.0340303466607152 -0
1.1328125 0.0466213642569448 -4.10710668215489 0.0339498373910991 -0
1.171875 -0.115556531653844 -4.04129628840336 0.0339726542460289 -0
1.2109375 -0.269104908274568 -3.67613418179038 0.0340893083596997 -0
1.25 -0.402754514606218 -3.04593498759927 0.0342544137707435 -0
1.2890625 -0.50706857918076 -2.20521539201555 0.0344134409838975 -0
1.328125 -0.575036967107432 -1.21896303328571 0.0345261565352331 0
1.3671875 -0.602300066156207 -0.15518625568451 0.0345725539010198 0
1.40625 -0.587160893332785 0.918298821489603 0.0345467303852336 -0
1.4453125 -0.530557970727331 1.93380083880357 0.0344517931665113 -0
1.484375 -0.436082702801256 2.82322171871074 0.0343028823649129 -0
1.5234375 -0.309993773953054 3.52011945520136 0.0341342629053162 -0
1.5625 -0.16107337036365 3.96600549342596 0.0339980693827581 -0
1.6015625 -0.000149594779151295 4.11979196792976 0.0339453739133775 -0
1.640625 0.160785377130863 3.9665644541666 0.0339978833748601 0
1.6796875 0.309738253202614 3.52118388332025 0.0341339656681523 0
1.71875 0.435877868015257 2.82469715637415 0.0343025770624921 0
1.7578125 0.530417718544345 1.93557004936641 0.0344515620465834 0
1.796875 0.587094278122008 0.920237058629404 0.0345466170622099 0
1.8359375 0.602311238749767 -0.153203707859104 0.0345725730051738 -0
1.875 0.575125238445516 -1.21706026768364 0.0345263059370877 0
1.9140625 0.507228405336983 -2.20351743128842 0.0344136993822494 0
1.953125 0.402975439126108 -3.04456557273901 0.0342547267281804 0
1.9921875 0.269371719966748 -3.67520586928648 0.0340895842236651 0
2.03125 0.115849980588102 -4.04089362172154 0.0339727921134541 0
2.0703125 -0.046323094230247 -4.10726869870151 0.0339497805175922 0
2.109375 -0.205030386497953 -3.86785925162893 0.0340301189397628 0
2.1484375 -0.348499598263758 -3.34566366315525 0.034181270073051 0
2.1875 -0.466410360181957 -2.58771571111293 0.034349012672949 0
2.2265625 -0.550664888194455 -1.65563454812071 0.0344851623578011 0
2.265625 -0.595756809253888 -0.616781135347175 0.0345613766786427 0
2.3046875 -0.598850914393454 0.460813895614931 0.0345666591999128 -0
2.34375 -0.559755723658972 1.50951912163095 0.0345003899656252 -0
2.3828125 -0.480919733016036 2.46137077240887 0.0343716907028373 -0
2.421875 -0.367461132064529 3.24870182107542 0.0342059615672481 -0
2.4609375 -0.227114903244518 3.80857564058302 0.0340488973173124 -0
2.5 -0.0699161601439802 4.09121349478094 0.0339553996414747 -0
2.5390625 0.0925111510352433 4.06963912208948 0.033962897075028 -0
2.578125 0.24802439626926 3.74595841962023 0.0340682657653159 -0
2.6171875 0.385164152568074 3.15084343123289 0.0342298741488256 -0
2.65625 0.49418403933433 2.33651308816297 0.0343927349139815 -0
2.6953125 0.567704237580806 1.36699835920184 0.0345137675088131 -0
2.734375 0.600980786146974 0.310172516812069 0.0345702984894839 -0
2.7734375 0.591936465456749 -0.766073334682969 0.0345548617702348 0
2.8125 0.541131306874867 -1.79408762637108 0.0344692840660263 0
2.8515625 0.451773369646509 -2.70579268822442 0.0343265241654836 0
2.890625 0.329741253107334 -3.4342234193647 0.0341578289876919 0
2.9296875 0.183474665008641 -3.91921031920799 0.0340135012368738 0
2.96875 0.0235529469192096 -4.11655780411474 0.0339465139158967 0
3.0078125 -0.138131413437823 -4.0072090694631 0.0339842509678454 0
3.046875 -0.289510261632595 -3.60180366329617 0.0341110772331447 -0
3.0859375 -0.419522324632836 -2.93808900247566 0.0342784890518023 -0
3.125 -0.519048464951006 -2.07264543847343 0.0344329091320046 -0
3.1640625 -0.581447749513573 -1.07125088618662 0.0345370222965433 -0
3.203125 -0.602739940434336 -0.00198380942862528 0.0345733060942704 -0
3.2421875 -0.581602734625185 1.06740733849869 0.0345372853573574 0
3.28125 -0.519348742114125 2.06917572011586 0.0344333996286228 0
3.3203125 -0.419948381491133 2.93524177798618 0.0342791091249018 0
3.359375 -0.290032978208955 3.59980906369162 0.0341116525204318 0
3.3984375 -0.138713298390225 4.00624647729821 0.033984576273187 0
3.4375 0.0229550278299683 4.1167199864956 0.0339464567815971 0
3.4765625 0.182905450554744 3.92048134536796 0.0340130857360001 0
3.515625 0.32924263293684 3.43648261901525 0.0341572197111381 0
3.5546875 0.451380655165311 2.70884238477541 0.034325926434946 0
3.59375 0.54087094424742 1.79768964312282 0.0344688518145816 0
3.6328125 0.591825158534281 0.769977654607375 0.0345546720860108 0
3.671875 0.601025448513621 -0.306214992307605 0.0345703748288213 -0
3.7109375 0.567902112260249 -1.36323594370416 0.0345141012446207 -0
3.75 0.494522640411733 -2.33319603838945 0.0343932758187666 -0
3.7890625 0.385621171761073 -3.14821764113792 0.0342305020764812 -0
3.828125 0.248568137197833 -3.74424327630638 0.0340687896226433 -0
3.8671875 0.0931021657996374 -4.06899267204765 0.0339631207860676 -0
3.90625 -0.0693219153058895 -4.09169871701728 0.0339552303169154 -0
3.9453125 -0.226561796467337 -3.81014508123349 0.0340484057483044 -0
3.984375 -0.366989499777256 -3.2512092707957 0.0342053356601931 -0
4.0234375 -0.480562520748252 -2.46460334813877 0.0343711279932726 -0
4.0625 -0.559536636350597 -1.51323298816007 0.0345000220472311 -0
4.1015625 -0.598783847948257 -0.464758700539231 0.0345665446430087 -0
4.140625 -0.595845909830224 0.612853911200234 0.0345615287244572 0
4.1796875 -0.550904636135739 1.65197368947972 0.0344855628952272 0
4.21875 -0.466785465339621 2.58457150653161 0.0343495942445717 0
4.2578125 -0.348984987187957 3.34327741322919 0.0341818898548263 0
4.296875 -0.20559191743109 3.86643666894987 0.0340305746263849 0
4.3359375 -0.0469196224262481 4.10694362647932 0.0339498946258786 0
4.375 0.115263053387606 4.04169793806277 0.0339725167058607 0
4.4140625 0.268838028984905 3.67706159526224 0.03408903266139 0
4.453125 0.402533490517469 3.04730369008285 0.034254100788002 0
4.4921875 0.506908629772628 2.20691286156859 0.0344131824232814 0
4.53125 0.574948557827515 1.22086553778788 0.0345260069059847 0
4.5703125 0.602288749912306 0.157168770842939 0.0345725345512998 0
4.609375 0.58722736804962 -0.916360389143773 0.0345468434721498 -0
4.6484375 0.530698094510449 -1.93203120300797 0.0344520240988325 -0
4.6875 0.436287430314621 -2.82174563007048 0.0343031875951006 -0
4.7265625 0.310249217161193 -3.51905417616569 0.0341345602515858 -0
4.765625 0.161361322801677 -3.96544554063104 0.0339982556809333 -0
4.8046875 0.00044878429939265 -4.11979092450899 0.0339453742813938 0
4.84375 -0.160497343175588 -3.96712242266884 0.0339976976575063 0
4.8828125 -0.30948265497161 -3.52224746019853 0.0341336685404574 0
4.921875 -0.435672926003598 -2.82617194266111 0.0343022716881201 0
4.9609375 -0.530277337992009 -1.93733883427399 0.034451330739192 0
5 -0.587027522431253 -0.922175100142871 0.0345465035031239 0
5.0390625 -0.602322267690671 0.151221127784282 0.0345725918637556 -0
5.078125 -0.575213371823106 1.21515724140348 0.0345264551114816 -0
5.1171875 -0.507388108206024 2.20181897980705 0.0344139576181558 -0
5.15625 -0.403196264025681 3.04319544588641 0.0342550396599957 -0
5.1953125 -0.269638463996149 3.67427665804078 0.0340898602529293 -0
5.234375 -0.116143400116245 4.04048993815175 0.0339729303079333 -0
5.2734375 0.0460248124219568 4.1074296760644 0.0339497240054438 -0
5.3125 0.204749543326286 3.86856910306205 0.0340298914638436 -0
5.3515625 0.348256773598679 3.34685559033029 0.0341809602623142 -0
5.390625 0.46622263632084 2.58928693108377 0.0343487217178773 -0
5.4296875 0.550544815089598 1.65746443782101 0.0344849617784914 -0
5.46875 0.595712045525606 0.618744552045997 0.034561300293206 -0
5.5078125 0.598884233218192 -0.458841347111295 0.0345667161130432 0
5.546875 0.559865065282537 -1.50766169861203 0.0345005736022922 0
5.5859375 0.481098163014127 -2.45975365084776 0.0343719718610072 0
5.625 0.367696811310056 -3.24744694064527 0.034206274559767 0
5.6640625 0.227391370776215 -3.80778950873121 0.0340491434308674 0
5.703125 0.0702132559404299 -4.09096933297301 0.0339554848331827 0
5.7421875 -0.0922156083623011 -4.06996080739869 0.0339627857319891 0
5.78125 -0.247752432137592 -3.7468146099133 0.034068004126345 0
5.8203125 -0.384935499761778 -3.15215521334814 0.0342295601849755 0
5.859375 -0.494014558180416 -2.33817082735203 0.0343924642405639 0
5.8984375 -0.567605095648655 -1.36887912596413 0.0345136003083869 0
5.9375 -0.600958239896363 -0.312151181250559 0.0345702599525986 0
5.9765625 -0.591991906683855 0.764120930985712 0.0345549562534664 -0
6.015625 -0.541261292163104 1.79228602955977 0.0344694998946644 0
6.0546875 -0.451969560624498 2.70426691054729 0.0343268228906064 -0
6.09375 -0.329990439776597 3.43309258189751 0.0341581337473337 -0
6.1328125 -0.183759202663755 3.91857334096363 0.034013709389903 -0
6.171875 -0.0238518975138134 4.11647514942209 0.0339465430325048 -0
6.2109375 0.137840418384845 4.00768885711136 0.0339840887804517 -0
6.25 0.289248794448012 3.60279964933693 0.034110789796112 -0
6.2890625 0.419309140989293 2.93951159136203 0.0342781789413621 -0
6.328125 0.51889813752317 2.07437960984743 0.0344326636203276 -0
6.3671875 0.581370048008624 1.07317231742528 0.0345368904179224 -0
6.40625 0.60273972482202 0.003967618439779 0.0345733057255459 -0
6.4453125 0.581680018199232 -1.0654852228916 0.0345374165394397 0
6.484375 0.519498691783614 -2.06744017397526 0.0344336446132404 0
6.5234375 0.420161254607414 -2.9338171431682 0.0342794190869609 -0
6.5625 0.290294227473598 -3.59881045074324 0.0341119403699619 -0
6.6015625 0.139004188143098 -4.00576367310098 0.0339847393906611 -0
6.640625 -0.0226560594874157 -4.11679951412891 0.0339464287639921 -0
6.6796875 -0.182620773898222 -3.92111539286844 0.0340128783887426 -0
6.71875 -0.328993199555263 -3.43761098052141 0.0341569151949464 -0
6.7578125 -0.451184131751458 -2.71036630283816 0.0343256274300562 -0
6.796875 -0.540740566964494 -1.79949006221715 0.0344686353920259 -0
6.8359375 -0.591769292862172 -0.771929569995426 0.0345545768850902 -0
6.875 -0.601047564620387 0.304236133077303 0.0345704126312474 0
6.9140625 -0.568000844965508 1.36135429581371 0.0345142677798425 0
6.953125 -0.494691760259941 2.33153672864007 0.0343935460497313 0
6.9921875 -0.385849538040502 3.14690363390796 0.0342308160396232 0
7.03125 -0.248839913860881 3.74338432382848 0.0340690518403043 0
7.0703125 -0.0933976377414025 4.06866790753198 0.0339632331537352 0
7.109375 0.0690247664150545 4.09193977728216 0.033955146184318 0
7.1484375 0.226285157358766 3.81092838952963 0.034048160293519 0
7.1875 0.366753546847057 3.25246183935768 0.0342050227463453 0
7.2265625 0.480383738558585 2.46621880147869 0.0343708464423213 0
7.265625 0.559426890712579 1.51508943082438 0.0344998377656914 0
7.3046875 0.59875010034174 0.466730956123339 0.0345664869992748 0
7.34375 0.595890246659715 -0.610890104589821 0.0345616043847798 -0
7.3828125 0.55102431092066 -1.65014272138534 0.0344857628531256 -0
7.421875 0.466972846551485 -2.58299852274211 0.0343498848606381 -0
7.4609375 0.349227551331433 -3.34208309118234 0.0341821998251572 -0
7.5 0.205872605052865 -3.86572393816415 0.0340308028364557 -0
7.5390625 0.0472178686623588 -4.10677953172987 0.0339499522218445 -0
7.578125 -0.114969545863531 -4.04209857056564 0.0339723794931523 -0
7.6171875 -0.268571082163082 -3.67798810941208 0.0340887571290928 -0
7.65625 -0.40231236691135 -3.04867167980553 0.0342537877802729 0
7.6953125 -0.506748557147889 -2.20860983952769 0.0344129237005825 0
7.734375 -0.57486001062445 -1.22276778076829 0.0345258570494094 0
7.7734375 -0.602277290020412 -0.159151252916821 0.0345725149560201 0
7.8125 -0.587293702258577 0.914421762012213 0.0345469563229134 -0
7.8515625 -0.530838089863208 1.93026114240216 0.034452254843404 -0
7.890625 -0.436492050508408 2.82026889085307 0.0343034927527736 -0
7.9296875 -0.310504582765312 3.51798804653725 0.0341348577065981 -0
7.96875 -0.161649234372686 3.96488459596624 0.0339984422691178 -0
8.0078125 -0.000747973705449427 4.11978883766781 0.0339453750174255 -0
8.046875 0.160209268570111 3.96767939874888 0.0339975122309634 -0
8.0859375 0.309226979321807 3.52331018551256 0.0341333715225942 -0
8.125 0.43546787681328 2.82764607717206 0.0343019662420789 -0
8.1640625 0.530136829100874 1.93910719310378 0.0344510992444803 -0
8.203125 0.586960626274513 0.924112945609679 0.0345463897080207 -0
8.2421875 0.60233315297663 -0.14923851587761 0.0345726104767585 0
8.28125 0.575301367221574 -1.21325395486707 0.0345266040583478 0
8.3203125 0.50754768775264 -2.20012003799131 0.0344142156914355 0
8.359375 0.403416989253503 -3.04182460742591 0.0342553525658726 0
8.3984375 0.269905140297491 -3.67334654834372 0.0340901364471349 0
8.4375 0.11643679016415 -4.04008523782876 0.0339730688292624 0
8.4765625 -0.0457265189078808 -4.10758961418918 0.0339496678547388 0
8.515625 -0.204468648444379 -3.86927799425117 0.0340296642332729 0
8.5546875 -0.348013862208754 -3.34804671851081 0.0341806505054828 0
8.59375 -0.466034798328036 -2.59085756229414 0.0343484306502886 0
8.6328125 -0.550424609262983 -1.65929396721028 0.0344847609922628 0
8.671875 -0.59566713951634 -0.620707837936562 0.0345612236661197 0
8.7109375 -0.598917409101777 0.456868701804362 0.0345667727825992 -0
8.75 -0.559974272187874 1.50580394965412 0.0345007570238142 -0
8.7890625 -0.481276475535049 2.45813597404185 0.0343722528878064 -0
8.828125 -0.367932399215855 3.24619129032077 0.0342065875778214 -0
8.8671875 -0.227667780978738 3.80700243619712 0.0340493897633441 -0
8.90625 -0.0705103338879547 4.09072413748146 0.0339555703776727 -0
8.9453125 0.0919200422620009 4.07028146608935 0.0339626747308251 -0
8.984375 0.247480405650275 3.74766987893562 0.0340677426809657 -0
9.0234375 0.384706751553846 3.15346625300892 0.0342292462215529 -0
9.0625 0.493844956666598 2.33982804218595 0.0343921934200651 -0
9.1015625 0.567505817349623 1.37075959817206 0.0345134328863854 -0
9.140625 0.60093555027379 0.31412977992276 0.0345702211709196 -0
9.1796875 0.592047206406089 -0.762168365357804 0.0345550504973967 0
9.21875 0.541391146730212 -1.79048404102224 0.0344697155250791 0
9.2578125 0.452165640701227 -2.70274051380993 0.034327121521949 0
9.296875 0.330239544088811 -3.43196091978746 0.0341584385874053 0
9.3359375 0.184043693842831 -3.91793538622028 0.034013917810935 0
9.375 0.0241508420403515 -4.1163914524318 0.03394657251536 0
9.4140625 -0.137549388378403 -4.00816763892443 0.033983926903558 -0
9.453125 -0.28898725475062 -3.60379475912679 0.0341105024973025 -0
9.4921875 -0.419095853935183 -2.94093349748624 0.0342778687820622 -0
9.53125 -0.518747684241732 -2.07611332212295 0.0344324179332882 -0
9.5703125 -0.581292207226038 -1.07509351969893 0.0345367583072331 -0
9.609375 -0.602739365468211 -0.00595142661598433 0.034573305111005 -0
9.6484375 -0.581757162430412 1.06356288000385 0.0345375474892315 0
9.6875 -0.51964851546791 2.06570417042213 0.0344338894218484 0
9.7265625 -0.420374024116184 2.93239182715831 0.0342797289989596 0
9.765625 -0.290555403971167 3.59781096277474 0.034112228356267 0
9.8046875 -0.139295042649407 4.00527986370734 0.0339849028176874 0
9.84375 0.0223570853809692 4.11687799935476 0.0339464011128068 0
9.8828125 0.182336051050184 3.92174846303965 0.0340126713106621 0
9.921875 0.328743684055942 3.43873851603033 0.0341566107606252 0
9.9609375 0.450987497615054 2.71188960021845 0.0343253283324359 0
10 0.540610059073008 1.80129008789305 0.0344684187717489 0
