0 0.0951694840481755 0 0.000887843910241952 -0
0.0390625 0.0916134081798383 -0.178679183752827 0.000886631717577305 0
0.078125 0.0812101728174859 -0.344037317145005 0.000883346397526013 -0
0.1171875 0.0647354927778848 -0.483725610232407 0.000878943486933045 -0
0.15625 0.0434191095180791 -0.587282189265963 0.000874711678016028 -0
0.1953125 0.0188540717414815 -0.646926245003759 0.000871898297625344 -0
0.234375 -0.00712200337283958 -0.658164645734518 0.000871337300390351 -0
0.2734375 -0.0325650412065277 -0.620149718435158 0.000873195428343137 -0
0.3125 -0.0555712001255863 -0.53574742127211 0.000876920971726767 -0
0.3515625 -0.0744203084934114 -0.411307729095905 0.000881412690217827 -0
0.390625 -0.0877046164612039 -0.256164252018536 0.00088535165571036 -0
0.4296875 -0.0944331406823595 -0.081916932968028 0.000887589184651875 -0
0.46875 -0.0941043768493311 0.0984360813180557 0.000887476081650558 0
0.5078125 -0.0867428218293864 0.271451936530847 0.000885045104615158 0
0.546875 -0.0728971943078586 0.424222311138666 0.000881001820832991 0
0.5859375 -0.0536004537716781 0.545321626725152 0.000876526029727878 0
0.625 -0.0302939422199561 0.625664090245565 0.000872932842691129 0
0.6640625 -0.00472044672124328 0.659203692810007 0.000871284937921722 0
0.703125 0.0212063462808257 0.643411578110619 0.000872071729345646 0
0.7421875 0.0455460828186488 0.579478836523116 0.000875059385966753 0
0.78125 0.0664781303841941 0.472220747831048 0.000879362662854647 0
0.8203125 0.0824383287429494 0.329693939754298 0.000883713953568495 0
0.859375 0.0922354694274987 0.162569736578058 0.000886840492770228 0
0.8984375 0.0951390894131103 -0.0166738840239517 0.000887833357298119 -0
0.9375 0.0909328222381275 -0.19467478854382 0.00088640489138213 -0
0.9765625 0.0799301215581244 -0.358161308390859 0.000882969104108205 -0
1.015625 0.0629514700200916 -0.494921655048984 0.000878525793494889 -0
1.0546875 0.0412643672574225 -0.594710199168311 0.000874376320448099 -0
1.09375 0.0164897357100674 -0.650027147347576 0.000871744486907561 -0
1.1328125 -0.00951900362910693 -0.656704584956835 0.000871410737978512 -0
1.171875 -0.0348153099896854 -0.614238841420392 0.000873474278319562 -0
1.2109375 -0.057506413115075 -0.525831006491891 0.000877322580061136 -0
1.25 -0.0758958573718644 -0.398130731240856 0.000881818738855333 -0
1.2890625 -0.0886103764932669 -0.24071330207941 0.000885643389113555 -0
1.328125 -0.0947015840968184 -0.0653456057509599 0.000887681823142612 -0
1.3671875 -0.0937155019425607 0.114892526690493 0.000887342799018712 0
1.40625 -0.0857256054491236 0.286566598171074 0.000884724511270909 0
1.4453125 -0.0713274864604456 0.43686620877921 0.000880587177595191 0
1.484375 -0.0515954328882478 0.55454747150946 0.000876138768522777 0
1.5234375 -0.028003465248769 0.630778403860782 0.000872687200253615 0
1.5625 -0.00231587008662423 0.659821055803457 0.000871253786370747 0
1.6015625 0.023545054735876 0.639485413107659 0.000872264332820895 -0
1.640625 0.0476439278124117 0.571305161674823 0.000875418548236248 -0
1.6796875 0.0681782704917216 0.460414445666179 0.000879782249234856 -0
1.71875 0.0836138063800819 0.315140342933937 0.000884070839642693 -0
1.7578125 0.0927986097834354 0.146356716547919 0.000887030690334727 -0
1.796875 0.095047924860388 -0.033337147915944 0.000887801725032018 0
1.8359375 0.0901941451025023 -0.210546352249384 0.000886160586572484 0
1.875 0.0785989910909049 -0.372056884352174 0.000882583031263323 0
1.9140625 0.0611272010124887 -0.505801700158383 0.000878110651577625 0
1.953125 0.0390832332660312 -0.601758085729329 0.000874054178024393 0
1.9921875 0.0141148505648849 -0.652712285266925 0.0008716106957298 0
2.03125 -0.0119099140204473 -0.654824452443759 0.000871505060252538 0
2.0703125 -0.0370433097822838 -0.607935266869442 0.000873768672026127 0
2.109375 -0.0594048567446224 -0.515578751622373 0.000877729823884107 0
2.1484375 -0.0773228997527816 -0.384699751485084 0.000882218932898926 0
2.1875 -0.0894595248293946 -0.225108946048728 0.000885919567267799 0
2.2265625 -0.0949095361628385 -0.0487326561650394 0.000887753763832267 0
2.265625 -0.0932667635922883 0.131275783905483 0.000887189672540203 -0
2.3046875 -0.0846536155452226 0.301498587553168 0.000884390687106315 -0
2.34375 -0.0697121864396971 0.449231324125441 0.000880169817803365 -0
2.3828125 -0.0495574183479226 0.563419026302532 0.000875760183535976 -0
2.421875 -0.0256950750098118 0.6354893634063 0.000872459136401323 -0
2.4609375 9.01881681946333e-05 0.660016336387356 0.000871243926532532 -0
2.5 0.0258687012704504 0.635150281432104 0.00087247560930341 -0
2.5390625 0.0497113039050777 0.56276642228436 0.00087578823982407 -0
2.578125 0.069834828011416 0.44831427239312 0.000880201173808918 -0
2.6171875 0.0847358564357902 0.300385825110047 0.000884416150825418 -0
2.65625 0.0933024705981384 0.130050457595816 0.000887201830681494 -0
2.6953125 0.0948960484354634 -0.0499791781320674 0.000887749093076173 0
2.734375 0.0893978473065707 -0.226283753382117 0.000885899419909255 0
2.7734375 0.0772176302024855 -0.385715159256453 0.000882189159910718 0
2.8125 0.0592638504896603 -0.516358763886277 0.00087769912448348 0
2.8515625 0.0368771017738701 -0.608421311932679 0.000873746081914875 0
2.890625 0.0117309354949197 -0.654979926834842 0.000871497270845145 0
2.9296875 -0.0142932050101019 -0.652525461095378 0.000871620022658082 0
2.96875 -0.0392476161531567 -0.601243054518572 0.000874077849087409 0
3.0078125 -0.0612653186443654 -0.504997239540272 0.000878141658640184 0
3.046875 -0.0787005254922404 -0.371023383593544 0.000882612254152459 0
3.0859375 -0.090251520487611 -0.209361138931367 0.000886179492305583 0
3.125 -0.0950568644712535 -0.0320886665378168 0.000887804825580734 -0
3.1640625 -0.0927584475608779 0.147575413238549 0.000887017088093836 0
3.203125 -0.0835275353119918 0.31623836946486 0.000884044477542486 0
3.2421875 -0.0680523249464358 0.46130973526327 0.000879750806483124 0
3.28125 -0.0474877122445488 0.571930587785174 0.000875391248555856 0
3.3203125 -0.0233702477757191 0.639793932390137 0.000872249241284039 0
3.359375 0.00249618872343061 0.659789408563129 0.000871255383980602 0
3.3984375 0.0281757997682754 0.630408977771127 0.000872705011886826 0
3.4375 0.0517468901117999 0.553868109184814 0.000876167509230195 0
3.4765625 0.071446745798339 0.435927982524774 0.000880618366811939 0
3.515625 0.0858037637465479 0.285439810485982 0.000884749012103028 0
3.5546875 0.0937467309925564 0.113661351607455 0.00088735348241794 0
3.59375 0.0946835568408803 -0.0665893743014365 0.000887675593938995 -0
3.6328125 0.0885444361252567 -0.24187695401876 0.000885622051027496 -0
3.671875 0.0757869198081647 -0.399127396413344 0.000881788491492735 -0
3.7109375 0.0573626082804642 -0.526586069636038 0.000877292267038005 -0
3.75 0.0346473831178492 -0.61469558733786 0.000873452827492933 -0
3.7890625 0.00933951551969386 -0.65682860927207 0.000871404506286474 -0
3.828125 -0.0166673519815313 -0.64980909390385 0.000871755327181017 -0
3.8671875 -0.0414268199415444 -0.594166513395314 0.00087440101137223 -0
3.90625 -0.0630866108405402 -0.494093262372722 0.000878557028773692 -0
3.9453125 -0.0800278560644133 -0.357110375628224 0.00088299770262582 -0
3.984375 -0.0909858589364952 -0.193479925133855 0.000886422507751371 -0
4.0234375 -0.0951434752154958 -0.0154242384558201 0.000887834879833831 -0
4.0625 -0.0921908775658562 0.163781026923764 0.000886825480722692 0
4.1015625 -0.0823480824870767 0.330776528923909 0.000883686759911019 0
4.140625 -0.0663489612436757 0.473093701436808 0.000879331213681502 0
4.1796875 -0.0453876370623261 0.580076682483601 0.000875032913181955 0
4.21875 -0.0210304704246444 0.643689335793855 0.000872058058247518 0
4.2578125 0.00490059229656883 0.659140418748636 0.000871288128997735 0
4.296875 0.0304648747900928 0.625264558134833 0.000872951946975193 0
4.3359375 0.0537493859008526 0.544615942771686 0.00087655538095527 0
4.375 0.0730129953191307 0.423263511347486 0.000881032763703964 0
4.4140625 0.086816847724875 0.270311843043253 0.000885068580531374 0
4.453125 0.0941311080568849 0.0971998419404208 0.000887485263389578 0
4.4921875 0.0944105853764703 -0.0831571558050138 0.00088758141268641 -0
4.53125 0.0876344552596182 -0.257316006109129 0.000885329180830128 -0
4.5703125 0.0743077723991946 -0.412285013849002 0.000881382045467899 -0
4.609375 0.0554246885526649 -0.536477050394868 0.000876891122862625 -0
4.6484375 0.0323955028370956 -0.620576871009536 0.000873175172220972 -0
4.6875 0.00694212050504493 -0.65825713996096 0.000871332642572342 -0
4.7265625 -0.0190308362223544 -0.64667710292554 0.000871910623152305 0
4.765625 -0.0435795281610129 -0.586710198876883 0.000874737325115077 0
4.8046875 -0.0648675705096109 -0.482873816981748 0.0008789748704573 0
4.84375 -0.0813040451127119 -0.342969624307609 0.000883374299037397 0
4.8828125 -0.0916620724086429 -0.177475432152253 0.000886648000119891 0
4.921875 -0.0951693132496067 0.00125001381483504 0.000887843850931853 -0
4.9609375 -0.0915644150793589 0.17988229563219 0.000886615333583581 -0
5 -0.0811160089033419 0.345103777172413 0.000883318441287842 -0
5.0390625 -0.0646031824877642 0.484575668124564 0.000878912111740363 -0
5.078125 -0.0432585348311103 0.587852070465788 0.00087468610032923 -0
5.1171875 -0.0186772394826245 0.647173061986222 0.000871886082373761 -0
5.15625 0.00730186063656334 0.65806978567649 0.000871342076656346 -0
5.1953125 0.0327344625233513 0.619720337752013 0.000873215775875093 -0
5.234375 0.0557175120234394 0.535015869150004 0.000876950858057119 -0
5.2734375 0.0745325773006954 0.410328969733223 0.000881443307873583 -0
5.3125 0.0877744627838474 0.25501158048077 0.000885374047311321 -0
5.3515625 0.0944553570257555 0.0806764169192976 0.000887596841601814 -0
5.390625 0.0940773078556676 -0.0996719683451934 0.00088746678649712 0
5.4296875 0.0866684844987873 -0.272591057740636 0.000885021549777802 0
5.46875 0.0727811314696804 -0.425179589855978 0.00088097085675161 0
5.5078125 0.053451329041289 -0.546025353112536 0.000876496721668283 0
5.546875 0.0301229007577635 -0.626061374281895 0.000872913833632455 0
5.5859375 0.00454028417551598 -0.659264597272665 0.000871281866056945 0
5.625 -0.0213821459041634 -0.643131508067637 0.000872085508194243 0
5.6640625 -0.0457043648922682 -0.578878909586821 0.00087508592312768 0
5.703125 -0.0666070607156338 -0.471346100325541 0.000879394114334311 0
5.7421875 -0.0825282789802011 -0.328610169285838 0.000883741087257787 0
5.78125 -0.0922797301910899 -0.161357864219324 0.000886855400406908 0
5.8203125 -0.0951343621223358 0.017923469913759 0.000887831716291516 -0
5.859375 -0.0908794591040775 0.195868954922389 0.000886387176778672 -0
5.8984375 -0.0798321000190241 0.359210957605448 0.000882940456247721 -0
5.9375 -0.0628161030411518 0.495748272007691 0.000878494572555915 -0
5.9765625 -0.0411017662684233 0.595251748888575 0.000874351703796407 -0
6.015625 -0.0163120601592319 0.650242864457466 0.000871733759149403 -0
6.0546875 0.00969845751731628 0.656578200103296 0.00087141708704824 -0
6.09375 0.0349831117238381 0.613779888790923 0.000873495816506003 -0
6.1328125 0.0576500113291071 0.525074056139567 0.000877352924756869 -0
6.171875 0.0760045223597418 0.397132638852062 0.00088184895331329 -0
6.2109375 0.0886759987394245 0.239548788096071 0.000885664639775099 -0
6.25 0.0947192714297473 0.0641016033094861 0.000887687936019584 -0
6.2890625 0.0936839364979781 -0.116123290503046 0.000887332004092231 0
6.328125 0.0856471393591969 -0.287692359354944 0.00088469993607808 -0
6.3671875 0.0712079709233731 -0.437802868454703 0.00088055597311037 -0
6.40625 0.0514437902611732 -0.555224842948894 0.00087611007657771 -0
6.4453125 0.0278310300679907 -0.63114556335523 0.000872669487416751 -0
6.484375 0.00213554312404584 -0.659850331206712 0.00087125230842623 -0
6.5234375 -0.0237197770575336 -0.639174595690571 0.0008722795293051 -0
6.5625 -0.04779997216428 -0.570677684132931 0.00087544590709395 -0
6.6015625 -0.0683039711304189 -0.459517504700455 0.000879813688266679 -0
6.640625 -0.0836997772190031 -0.314041187355428 0.000884097136688848 -0
6.6796875 -0.0928384388925617 -0.14513749591435 0.000887044185469336 -0
6.71875 -0.0950386440873116 0.0345855099744436 0.000887798506459954 0
6.7578125 -0.0901364459258083 0.211730811659712 0.000886141586071502 0
6.796875 -0.0784971744263967 0.373089051630327 0.00088255376454427 0
6.8359375 -0.060988863767189 0.506604345826271 0.000878079664830952 0
6.875 -0.0389187099087193 0.602270955392104 0.000874030585905265 0
6.9140625 -0.0139364453771808 0.652896763372259 0.000871601483265686 0
6.953125 0.0120888497297384 0.654666624330132 0.000871512965663141 0
6.9921875 0.0372093846486107 0.607447037907435 0.000873791345223649 0
7.03125 0.0595456495662568 0.514796889141975 0.000877760549086589 0
7.0703125 0.0774278916128275 0.383682964788956 0.000882248667259989 0
7.109375 0.089520881190394 0.223933332612129 0.000885939623279685 0
7.1484375 0.0949226832231501 0.0474859597729044 0.000887758317243643 0
7.1875 0.0932307217976522 -0.132500640280101 0.000887177405040356 -0
7.2265625 0.0845710707012672 -0.30261026991323 0.000884365153777943 -0
7.265625 0.0695892944606811 -0.450146764762623 0.000880138452515414 -0
7.3046875 0.0494033547041873 -0.564069607386358 0.000875732181483202 -0
7.34375 0.0255213563836219 -0.635826161722059 0.000872442765612423 -0
7.3828125 -0.00027056418034855 -0.660013963842248 0.00087124404634158 -0
7.421875 -0.0260422345415538 -0.634808917027734 0.000872492184079045 -0
7.4609375 -0.0498650108231403 -0.562111797689744 0.000875816349941745 -0
7.5 -0.069957218736065 -0.447395612867679 0.000880232520082213 -0
7.5390625 -0.0848177930784277 -0.299271986577383 0.0008844415445727 -0
7.578125 -0.0933378426874231 -0.128824665738954 0.00088721387929201 -0
7.6171875 -0.0948822200892834 0.0512255212121866 0.000887744305041495 0
7.65625 -0.089335848842721 0.227457750401092 0.000885879181490127 0
7.6953125 -0.0771120833391981 0.386729184452654 0.000882159348720929 0
7.734375 -0.0591226313073575 0.517136923119694 0.000877668451327178 0
7.7734375 -0.036710761220472 0.608905171338289 0.000873723575217753 0
7.8125 -0.0115519147965536 0.655133046939783 0.000871489597554487 0
7.8515625 0.0144715080716985 0.652336291534801 0.000871629463914634 0
7.890625 0.0394118579796027 0.60072586362314 0.000874101598750967 -0
7.9296875 0.0614032161672564 0.504190966873202 0.000878172685572151 -0
7.96875 0.0788017772665717 0.369988553068747 0.000882641432794264 -0
8.0078125 0.0903085718757522 0.208175175953294 0.000886198303002503 -0
8.046875 0.0950654628879228 0.0308400703086943 0.000887807808062265 -0
8.0859375 0.0927179523686189 -0.148793581621539 0.000887003378939422 0
8.125 0.08344096432374 -0.317335263006495 0.000884018050763814 0
8.1640625 0.0679261349462365 -0.462203370267017 0.00087971936046296 0
8.203125 0.0473313260216294 -0.57255396020363 0.000875364008447805 0
8.2421875 0.0231953568053279 -0.640100152420264 0.000872234254914169 0
8.28125 -0.00267649838620373 -0.659755389600473 0.000871257101232492 0
8.3203125 -0.028348033007209 -0.630037286424212 0.000872722922057385 0
8.359375 -0.0518981613880953 -0.553186758428817 0.000876196298284634 0
8.3984375 -0.0715657485094604 -0.434988193068556 0.000880649540313439 0
8.4375 -0.0858816139715762 -0.284312000342464 0.000884773438225789 0
8.4765625 -0.0937776235362153 -0.112429769662198 0.000887364054138565 0
8.515625 -0.0946651897264355 0.0678329045087146 0.000887669248496862 -0
8.5546875 -0.088478177871472 0.243039739741997 0.000885600625820031 -0
8.59375 -0.0756777100590919 0.400122630785374 0.000881758211658158 -0
8.6328125 -0.0572185973413647 0.527339242847161 0.000877261986124617 -0
8.671875 -0.0344793317116575 0.615150124890119 0.000873431464337619 -0
8.7109375 -0.00915999383432415 0.656950272599375 0.000871398392062977 -0
8.75 0.0168449083351687 0.649588704916585 0.0008717662798119 -0
8.7890625 0.041589123737284 0.593620693536066 0.000874425776210888 -0
8.828125 0.0632215250176738 0.493263096965513 0.00087858827794288 -0
8.8671875 0.0801253031877147 0.356058163093363 0.000883026251392283 -0
8.90625 0.0910385690093428 0.192284368973894 0.000886440025636513 -0
8.9453125 0.0951475195138002 0.0141745376820556 0.000887836283877092 -0
8.984375 0.0921459547657534 -0.16499173091761 0.000886810364477051 0
9.0234375 0.0822575405358619 -0.3318579329073 0.000883659506673044 0
9.0625 0.0662195537573707 -0.47396495799753 0.000879299767266745 0
9.1015625 0.0452290281923049 -0.580672445306999 0.000875006505156537 0
9.140625 0.0208545189677614 -0.643964780110903 0.000872044495098861 0
9.1796875 -0.0050807202538594 -0.659074775317959 0.000871291439238485 0
9.21875 -0.0306356978539542 -0.6248627793964 0.000872971146206962 0
9.2578125 -0.0538981248942031 -0.543908303800303 0.000876584774926552 0
9.296875 -0.0731285340883529 -0.422303193932537 0.000881063684921282 0
9.3359375 -0.0868905619201826 -0.269170781367358 0.00088509197719264 0
9.375 -0.0941575013826777 -0.0959632546382285 0.000887494331584156 0
9.4140625 -0.0943876911887942 0.0843970809904193 0.000887573525815415 0
9.453125 -0.0875639794303012 0.258466838622136 0.000885306622990036 0
9.4921875 -0.0741949694214398 0.41326082047694 0.000881351374062456 0
9.53125 -0.0552779778305402 0.537204753884394 0.000876861311895483 0
9.5703125 -0.0322258480242215 0.621001793928719 0.000873155007802857 0
9.609375 -0.0067622126798591 0.658347268020478 0.00087132810327025 0
9.6484375 0.0192075322898783 0.646425636654431 0.000871923058775202 0
9.6875 0.0437397901837683 0.586136101366869 0.000874763041254762 0
9.7265625 0.064999415209165 0.482020291442563 0.000879006261861882 0
9.765625 0.0813976254527186 0.341900702495129 0.000883402145423963 0
9.8046875 0.0917104075915969 0.176271045142949 0.00088666418098044 0
9.84375 0.0951688008545115 -0.00250002315569559 0.000887843673002408 -0
9.8828125 0.0915150932825582 -0.181084763480099 0.000886598848371031 -0
9.921875 0.0810215537076287 -0.346169000559275 0.000883290430721687 -0
9.9609375 0.0644706401138649 -0.485423987594424 0.000878880745330417 -0
10 0.0430978046768143 -0.588419840415624 0.000874660592425247 -0
