0 2.64786888477738 0 0.368968666525374 -0
0.001953125 2.64782454808028 -0.0454026479253174 0.368968666695188 0
0.00390625 2.64769153068392 -0.0908127762626802 0.3689686672047 0
0.005859375 2.647469810673 -0.136237865584983 0.368968668054125 0
0.0078125 2.64715935152148 -0.181685396785081 0.36896866924382 0
0.009765625 2.64676010209181 -0.227162851231419 0.368968670774282 0
0.01171875 2.64627199663386 -0.272677710918433 0.368968672646152 0
0.013671875 2.64569495478354 -0.318237458609978 0.36896867486021 0
0.015625 2.64502888156116 -0.363849577974 0.368968677417377 0
0.017578125 2.64427366736957 -0.409521553706707 0.368968680318711 0
0.01953125 2.643429187992 -0.455260871644412 0.368968683565408 0
0.021484375 2.64249530458971 -0.501075018861279 0.368968687158801 0
0.0234375 2.64147186369957 -0.546971483751119 0.368968691100356 0
0.025390625 2.64035869723131 -0.592957756091404 0.368968695391669 0
0.02734375 2.63915562246484 -0.639041327087616 0.368968700034471 0
0.029296875 2.63786244204737 -0.685229689396049 0.368968705030616 0
0.03125 2.63647894399063 -0.731530337123116 0.368968710382086 0
0.033203125 2.63500490166799 -0.777950765799224 0.368968716090984 0
0.03515625 2.63344007381173 -0.824498472325213 0.368968722159534 0
0.037109375 2.63178420451047 -0.871180954889324 0.368968728590072 0
0.0390625 2.63003702320669 -0.918005712852651 0.368968735385052 0
0.041015625 2.62819824469464 -0.964980246600945 0.368968742547032 0
0.04296875 2.62626756911841 -1.01211205736063 0.368968750078676 0
0.044921875 2.62424468197057 -1.05940864697685 0.368968757982747 0
0.046875 2.62212925409116 -1.10687751765124 0.368968766262105 0
0.048828125 2.61992094166725 -1.15452617163719 0.368968774919698 0
0.05078125 2.6176193862332 -1.20236211089028 0.368968783958557 0
0.052734375 2.61522421467158 -1.25039283667129 0.368968793381794 0
0.0546875 2.61273503921495 -1.29862584909963 0.36896880319259 0
0.056640625 2.61015145744854 -1.34706864665432 0.368968813394194 0
0.05859375 2.60747305231396 -1.39572872562027 0.368968823989909 0
0.060546875 2.60469939211408 -1.4446135794769 0.368968834983092 0
0.0625 2.60183003051913 -1.4937306982266 0.368968846377138 0
0.064453125 2.59886450657413 -1.54308756766012 0.368968858175476 0
0.06640625 2.59580234470795 -1.59269166855612 0.368968870381561 0
0.068359375 2.59264305474384 -1.64255047581183 0.368968882998858 0
0.0703125 2.58938613191181 -1.69267145750188 0.368968896030837 0
0.072265625 2.58603105686297 -1.74306207386223 0.36896890948096 0
0.07421875 2.58257729568579 -1.79372977619595 0.368968923352667 0
0.076171875 2.57902429992471 -1.84468200569764 0.368968937649369 0
0.078125 2.57537150660103 -1.89592619219318 0.368968952374426 0
0.080078125 2.57161833823645 -1.94746975279132 0.368968967531143 0
0.08203125 2.56776420287919 -1.99932009044363 0.368968983122747 0
0.083984375 2.56380849413316 -2.05148459240924 0.368968999152375 0
0.0859375 2.55975059119009 -2.10397062862058 0.368969015623057 0
0.087890625 2.55558985886511 -2.15678554994644 0.368969032537698 0
0.08984375 2.55132564763562 -2.20993668634845 0.368969049899058 0
0.091796875 2.54695729368406 -2.26343134492692 0.368969067709735 0
0.09375 2.54248411894449 -2.31727680785208 0.368969085972144 0
0.095703125 2.53790543115339 -2.37148033017654 0.368969104688493 0
0.09765625 2.53322052390474 -2.42604913752459 0.368969123860762 0
0.099609375 2.52842867670993 -2.48099042365422 0.368969143490678 0
0.1015625 2.52352915506234 -2.53631134788713 0.368969163579691 0
0.103515625 2.51852121050725 -2.59201903240245 0.368969184128947 0
0.10546875 2.51340408071702 -2.64812055938932 0.368969205139258 0
0.107421875 2.50817698957213 -2.70462296805371 0.368969226611075 0
0.109375 2.50283914724806 -2.76153325147467 0.368969248544458 0
0.111328125 2.49738975030856 -2.81885835330498 0.368969270939039 0
0.11328125 2.49182798180546 -2.87660516431133 0.368969293793996 0
0.115234375 2.48615301138547 -2.93478051874889 0.36896931710801 0
0.1171875 2.4803639954041 -2.99339119056505 0.368969340879232 0
0.119140625 2.47446007704732 -3.05244388942718 0.368969365105244 0
0.12109375 2.46844038646103 -3.11194525656903 0.368969389783019 0
0.123046875 2.46230404088885 -3.17190186045038 0.368969414908878 0
0.125 2.45605014481864 -3.23232019222455 0.368969440478446 0
0.126953125 2.44967779013797 -3.29320666100816 0.368969466486606 0
0.12890625 2.44318605629908 -3.35456758894772 0.368969492927454 0
0.130859375 2.43657401049365 -3.41640920607729 0.368969519794246 0
0.1328125 2.42984070783784 -3.47873764496175 0.36896954707935 0
0.134765625 2.42298519156801 -3.54155893511987 0.368969574774187 0
0.13671875 2.41600649324753 -3.60487899722166 0.368969602869183 0
0.138671875 2.40890363298512 -3.66870363705417 0.368969631353704 0
0.140625 2.40167561966528 -3.73303853925024 0.368969660216004 0
0.142578125 2.39432145119117 -3.79788926077445 0.368969689443154 0
0.14453125 2.38684011474038 -3.8632612241607 0.368969719020989 0
0.146484375 2.37923058703429 -3.92915971049598 0.368969748934033 0
0.1484375 2.37149183462126 -3.99558985214466 0.368969779165436 0
0.150390625 2.36362281417435 -4.06255662520809 0.368969809696903 0
0.15234375 2.35562247280404 -4.13006484171418 0.368969840508623 0
0.154296875 2.34748974838641 -4.19811914153184 0.368969871579193 0
0.15625 2.33922356990743 -4.26672398400522 0.368969902885543 0
0.158203125 2.33082285782389 -4.33588363930305 0.368969934402861 0
0.16015625 2.3222865244414 -4.40560217947836 0.368969966104508 0
0.162109375 2.3136134743103 -4.47588346923439 0.368969997961944 0
0.1640625 2.30480260463971 -4.54673115639229 0.368970029944639 0
0.166015625 2.29585280573064 -4.61814866205709 0.36897006201999 0
0.16796875 2.28676296142855 -4.69013917047825 0.36897009415324 0
0.169921875 2.27753194959596 -4.76270561860172 0.368970126307386 0
0.171875 2.26815864260588 -4.83585068531074 0.368970158443092 0
0.173828125 2.25864190785647 -4.90957678035317 0.368970190518603 0
0.17578125 2.24898060830763 -4.98388603295335 0.368970222489656 0
0.177734375 2.23917360304024 -5.05878028010737 0.368970254309387 0
0.1796875 2.22921974783846 -5.13426105456083 0.368970285928244 0
0.181640625 2.21911789579586 -5.21032957246914 0.368970317293899 0
0.18359375 2.208866897946 -5.28698672074067 0.368970348351156 0
0.185546875 2.19846560391797 -5.36423304406423 0.368970379041867 0
0.1875 2.18791286261763 -5.44206873162268 0.368970409304843 0
0.189453125 2.17720752293507 -5.52049360349561 0.36897043907577 0
0.19140625 2.16634843447897 -5.59950709675476 0.36897046828713 0
0.193359375 2.15533444833837 -5.67910825125685 0.368970496868116 0
0.1953125 2.1441644178725 -5.75929569513947 0.368970524744559 0
0.197265625 2.13283719952923 -5.84006763002663 0.368970551838855 0
0.19921875 2.12135165369271 -5.92142181595203 0.368970578069899 0
0.201171875 2.10970664556067 -6.00335555600889 0.368970603353018 0
0.203125 2.09790104605205 -6.08586568073671 0.368970627599917 0
0.205078125 2.08593373274529 -6.16894853225667 0.368970650718629 0
0.20703125 2.07380359084792 -6.25259994816861 0.368970672613468 0
0.208984375 2.06150951419776 -6.33681524522418 0.368970693184999 0
0.2109375 2.04905040629626 -6.42158920279219 0.36897071233001 0
0.212890625 2.03642518137435 -6.50691604613398 0.368970729941494 0
0.21484375 2.02363276549105 -6.59278942950808 0.368970745908647 0
0.216796875 2.01067209766533 -6.67920241912531 0.368970760116873 0
0.21875 1.99754213104134 -6.76614747597758 0.368970772447803 0
0.220703125 1.9842418340873 -6.85361643856496 0.368970782779329 0
0.22265625 1.9707701918282 -6.9416005055483 0.368970790985654 0
0.224609375 1.9571262071125 -7.03009021835606 0.368970796937355 0
0.2265625 1.94330890191275 -7.11907544377666 0.368970800501465 0
0.228515625 1.92931731866025 -7.20854535656949 0.368970801541572 0
0.23046875 1.91515052161365 -7.29848842213015 0.368970799917943 0
0.232421875 1.9008075982613 -7.38889237924769 0.368970795487661 0
0.234375 1.88628766075721 -7.47974422299397 0.368970788104789 0
0.236328125 1.87158984739023 -7.57103018778773 0.368970777620558 0
0.23828125 1.85671332408616 -7.66273573067826 0.368970763883573 0
0.240234375 1.84165728594227 -7.75484551489608 0.368970746740054 0
0.2421875 1.8264209587936 -7.84734339372048 0.368970726034097 0
0.244140625 1.81100360081055 -7.94021239471632 0.368970701607962 0
0.24609375 1.79540450412674 -8.0334347043949 0.368970673302397 0
0.248046875 1.77962299649651 -8.12699165335613 0.368970640956985 0
0.25 1.76365844298082 -8.22086370197187 0.368970604410524 0
0.251953125 1.74751024766068 -8.3150304266726 0.368970563501439 0
0.25390625 1.73117785537663 -8.40947050690186 0.368970518068228 0
0.255859375 1.71466075349309 -8.50416171280538 0.368970467949935 0
0.2578125 1.69795847368598 -8.59908089372406 0.368970412986665 0
0.259765625 1.68107059375198 -8.69420396756173 0.368970353020125 0
0.26171875 1.66399673943769 -8.78950591110121 0.368970287894202 0
0.263671875 1.64673658628674 -8.88496075134349 0.368970217455578 0
0.265625 1.62928986150276 -8.98054155794696 0.36897014155437 0
0.267578125 1.61165634582601 -9.07622043684501 0.368970060044811 0
0.26953125 1.59383587542133 -9.17196852512162 0.368969972785961 0
0.271484375 1.57582834377476 -9.26775598722585 0.368969879642449 0
0.2734375 1.55763370359623 -9.36355201260678 0.368969780485242 0
0.275390625 1.53925196872551 -9.45932481485141 0.368969675192448 0
0.27734375 1.52068321603822 -9.55504163240792 0.36896956365014 0
0.279296875 1.50192758734892 -9.65066873097708 0.368969445753212 0
0.28125 1.48298529130784 -9.74617140765409 0.368969321406246 0
0.283203125 1.46385660528777 -9.84151399690241 0.368969190524409 0
0.28515625 1.44454187725744 -9.93665987844022 0.368969053034357 0
0.287109375 1.42504152763761 -10.0315714871184 0.368968908875157 0
0.2890625 1.40535605113588 -10.1262103248674 0.368968757999212 0
0.291015625 1.3854860185561 -10.2205369747871 0.368968600373197 0
0.29296875 1.36543207857812 -10.314511117453 0.368968435978982 0
0.294921875 1.34519495950355 -10.4080915495049 0.368968264814562 0
0.296875 1.32477547096287 -10.5012362045854 0.368968086894966 0
0.298828125 1.30417450557939 -10.593902176686 0.36896790225315 0
0.30078125 1.28339304058519 -10.6860457459587 0.368967710940872 0
0.302734375 1.26243213938424 -10.7776224070401 0.368967513029527 0
0.3046875 1.24129295305769 -10.8685868999342 0.368967308610955 0
0.306640625 1.21997672180637 -10.9588932434901 0.368967097798194 0
0.30859375 1.1984847763253 -11.0484947715043 0.368966880726194 0
0.310546875 1.17681853910518 -11.1373441714706 0.368966657552461 0
0.3125 1.1549795256555 -11.2253935259917 0.368966428457643 0
0.314453125 1.13296934564427 -11.3125943568566 0.368966193646039 0
0.31640625 1.11078970394903 -11.3988976717812 0.368965953346022 0
0.318359375 1.08844240161388 -11.4842540137971 0.368965707810386 0
0.3203125 1.06592933670763 -11.5686135132649 0.368965457316581 0
0.322265625 1.04325250507769 -11.6519259424762 0.368965202166858 0
0.32421875 1.02041400099483 -11.7341407727997 0.368964942688296 0
0.326171875 0.997416017683939 -11.8152072343117 0.368964679232717 0
0.328125 0.974260847735803 -11.8950743778432 0.368964412176472 0
0.330078125 0.950950883395489 -11.9736911393608 0.368964141920107 0
0.33203125 0.927488616722675 -12.0510064065886 0.368963868887891 0
0.333984375 0.903876639619752 -12.1269690877633 0.368963593527207 0
0.3359375 0.8801176437236 -12.2015281824053 0.368963316307805 0
0.337890625 0.856214420157231 -12.2746328539733 0.368963037720906 0
0.33984375 0.832169859137766 -12.3462325042589 0.368962758278171 0
0.341796875 0.80798694943747 -12.4162768493651 0.368962478510512 0
0.34375 0.783668777694934 -12.4847159971017 0.368962198966772 0
0.345703125 0.759218527573792 -12.5515005256153 0.368961920212248 0
0.34765625 0.734639478766749 -12.6165815630666 0.368961642827086 0
0.349609375 0.709935005843063 -12.6799108681491 0.368961367404529 0
0.3515625 0.685108576938042 -12.7414409112406 0.368961094549041 -0
0.353515625 0.660163752283529 -12.8011249559646 0.368960824874302 -0
0.35546875 0.635104182578805 -12.8589171409309 0.36896055900109 -0
0.357421875 0.609933607201768 -12.9147725614195 0.36896029755505 -0
0.359375 0.58465585226076 -12.9686473507601 0.368960041164369 -0
0.361328125 0.559274828487861 -13.0204987611592 0.368959790457364 -0
0.36328125 0.533794528974981 -13.0702852437176 0.368959546059994 -0
0.365234375 0.508219026754589 -13.1179665273796 0.368959308593314 -0
0.3671875 0.482552472227405 -13.1635036965532 0.368959078670885 -0
0.369140625 0.456799090439928 -13.2068592671371 0.368958856896146 -0
0.37109375 0.43096317821515 -13.2479972606946 0.36895864385978 -0
0.373046875 0.40504910114034 -13.2868832765112 0.368958440137078 -0
0.375 0.379061290416279 -13.3234845612803 0.368958246285325 -0
0.376953125 0.353004239572838 -13.3577700761632 0.36895806284122 -0
0.37890625 0.326882501056266 -13.389710560975 0.368957890318354 -0
0.380859375 0.30070068269403 -13.4192785952586 0.368957729204757 -0
0.3828125 0.274463444043537 -13.4464486560134 0.368957579960541 -0
0.384765625 0.248175492631478 -13.4711971718588 0.368957443015642 -0
0.38671875 0.221841580090964 -13.4935025734219 0.368957318767693 -0
0.388671875 0.195466498204048 -13.5133453397527 0.368957207580034 -0
0.390625 0.169055074857555 -13.5307080405835 0.368957109779875 -0
0.392578125 0.142612169920519 -13.5455753742637 0.368957025656632 -0
0.39453125 0.116142671051837 -13.5579342012192 0.368956955460442 -0
0.396484375 0.0896514894470067 -13.5677735728002 0.368956899400875 -0
0.3984375 0.0631435555330867 -13.5750847554011 0.368956857645842 -0
0.400390625 0.0366238146212212 -13.5798612497542 0.368956830320727 -0
0.40234375 0.0100972225262343 -13.582098805318 0.368956817507727 -0
0.404296875 -0.0164312588370524 -13.5817954297016 0.368956819245426 -0
0.40625 -0.0429566658710377 -13.5789513930859 0.36895683552859 -0
0.408203125 -0.0694740377162942 -13.5735692276239 0.368956866308195 -0
0.41015625 -0.0959784206664436 -13.5656537218226 0.368956911491684 -0
0.412109375 -0.122464872567164 -13.555211909929 0.368956970943451 -0
0.4140625 -0.148928467189604 -13.5422530563643 0.36895704448555 -0
0.416015625 -0.175364298568587 -13.5267886352703 0.36895713189862 -0
0.41796875 -0.201767485296128 -13.5088323052505 0.36895723292302 -0
0.419921875 -0.228133174760972 -13.4883998794105 0.368957347260169 -0
0.421875 -0.254456547325075 -13.4655092908165 0.36895747457407 -0
0.423828125 -0.280732820428224 -13.4401805535141 0.368957614493024 -0
0.42578125 -0.30695725261224 -13.4124357192599 0.368957766611499 -0
0.427734375 -0.333125147456583 -13.3822988301416 0.368957930492154 -0
0.4296875 -0.359231857417481 -13.3497958672697 0.368958105668004 -0
0.431640625 -0.385272787563105 -13.3149546957434 0.368958291644696 -0
0.43359375 -0.411243399197728 -13.2778050061026 0.368958487902896 -0
0.435546875 -0.437139213368194 -13.2383782524897 0.368958693900759 -0
0.4375 -0.462955814246516 -13.1967075877551 0.368958909076464 -0
0.439453125 -0.488688852382862 -13.1528277957476 0.368959132850806 -0
0.44140625 -0.514334047823655 -13.1067752210395 0.368959364629818 -0
0.443359375 -0.539887193090048 -13.0585876963395 0.368959603807402 -0
0.4453125 -0.565344156012482 -13.0083044678534 0.368959849767973 -0
0.447265625 -0.5907008824176 -12.9559661188519 0.36896010188907 -0
0.44921875 -0.615953398664247 -12.9016144917101 0.368960359543941 -0
0.451171875 -0.641097814025843 -12.845292608679 0.368960622104077 -0
0.453125 -0.666130322916899 -12.7870445916514 0.368960888941681 -0
0.455078125 -0.691047206961981 -12.72691558118 0.368961159432064 -0
0.45703125 -0.715844836905884 -12.6649516550023 0.368961432955942 -0
0.458984375 -0.740519674364334 -12.6011997463216 0.368961708901649 -0
0.4609375 -0.765068273414953 -12.5357075620872 0.368961986667221 -0
0.462890625 -0.789487282028737 -12.468523501511 0.368962265662377 -0
0.46484375 -0.81377344334273 -12.3996965750471 0.368962545310364 -0
0.466796875 -0.837923596775015 -12.3292763240545 0.36896282504967 -0
0.46875 -0.861934678983568 -12.2573127413529 0.368963104335607 -0
0.470703125 -0.885803724670924 -12.1838561928696 0.368963382641743 -0
0.47265625 -0.909527867236965 -12.1089573405672 0.368963659461196 -0
0.474609375 -0.933104339282515 -12.0326670668283 0.368963934307783 -0
0.4765625 -0.956530472966763 -11.9550364004623 0.368964206717018 -0
0.478515625 -0.979803700221821 -11.8761164444882 0.368964476246975 -0
0.48046875 -1.00292155282805 -11.7959583058335 0.368964742479 -0
0.482421875 -1.02588166235398 -11.7146130270778 0.368965005018285 -0
0.484375 -1.04868175996507 -11.6321315203568 0.368965263494309 -0
0.486328125 -1.07131967610538 -11.548564503531 0.368965517561145 -0
0.48828125 -1.09379334005699 -11.4639624387082 0.368965766897639 -0
0.490234375 -1.11610077938158 -11.3783754732002 0.368966011207467 -0
0.4921875 -1.13824011924917 -11.2918533829801 0.368966250219084 -0
0.494140625 -1.16020958165885 -11.2044455186938 0.368966483685552 -0
0.49609375 -1.18200748455657 -11.116200754271 0.36896671138428 -0
0.498046875 -1.20363224085522 -11.0271674381666 0.368966933116659 -0
0.5 -1.22508235736191 -10.9373933472556 0.368967148707616 -0
0.501953125 -1.24635643361794 -10.8469256433917 0.368967358005086 -0
0.50390625 -1.26745316065641 -10.7558108326323 0.368967560879411 -0
0.505859375 -1.28837131968291 -10.6640947271221 0.368967757222682 -0
0.5078125 -1.30910978068423 -10.5718224096203 0.368967946948011 -0
0.509765625 -1.32966750097048 -10.4790382006447 0.368968129988765 -0
0.51171875 -1.3500435236555 -10.3857856282045 0.368968306297755 -0
0.513671875 -1.37023697608066 -10.2921074000791 0.368968475846385 -0
0.515625 -1.39024706818706 -10.1980453786012 0.368968638623773 -0
0.517578125 -1.41007309084082 -10.1036405578896 0.368968794635861 -0
0.51953125 -1.42971441411631 -10.0089330434785 0.368968943904488 -0
0.521484375 -1.44917048554191 -9.91396203427872 0.368969086466473 -0
0.5234375 -1.46844082831272 -9.81876580680813 0.368969222372682 -0
0.525390625 -1.48752503947475 -9.72338170161935 0.368969351687095 -0
0.52734375 -1.50642278808467 -9.62784611185409 0.368969474485882 -0
0.529296875 -1.52513381334918 -9.53219447384768 0.368969590856486 -0
0.53125 -1.54365792274813 -9.43646125970655 0.368969700896718 -0
0.533203125 -1.56199499014491 -9.34067997177918 0.36896980471387 -0
0.53515625 -1.5801449538879 -9.24488313893967 0.368969902423846 -0
0.537109375 -1.59810781490639 -9.1491023146021 0.368969994150316 -0
0.5390625 -1.61588363480431 -9.0533680763833 0.3689700800239 -0
0.541015625 -1.63347253395477 -8.9577100273314 0.368970160181368 -0
0.54296875 -1.65087468959857 -8.86215679863739 0.368970234764878 -0
0.544921875 -1.66809033394944 -8.7667360537478 0.368970303921242 -0
0.546875 -1.68511975230853 -8.67147449379673 0.368970367801225 -0
0.548828125 -1.70196328119084 -8.57639786427685 0.36897042655887 -0
0.55078125 -1.71862130646586 -8.48153096286982 0.368970480350863 -0
0.552734375 -1.73509426151455 -8.38689764835838 0.368970529335933 -0
0.5546875 -1.75138262540476 -8.29252085054345 0.368970573674276 -0
0.556640625 -1.76748692108698 -8.19842258109177 0.368970613527022 -0
0.55859375 -1.78340771361215 -8.10462394524132 0.368970649055734 -0
0.560546875 -1.79914560837308 -8.01114515429378 0.368970680421936 -0
0.5625 -1.81470124937111 -7.91800553882547 0.36897070778668 -0
0.564453125 -1.83007531750912 -7.82522356255058 0.368970731310137 -0
0.56640625 -1.84526852891232 -7.73281683677258 0.36897075115123 -0
0.568359375 -1.86028163327776 -7.64080213536229 0.368970767467287 -0
0.5703125 -1.87511541225358 -7.54919541020341 0.368970780413731 -0
0.572265625 -1.88977067784887 -7.45801180704875 0.368970790143796 -0
0.57421875 -1.90424827087486 -7.36726568173303 0.36897079680827 -0
0.576171875 -1.91854905941814 -7.27697061669037 0.368970800555263 -0
0.578125 -1.93267393734631 -7.18713943772731 0.368970801530008 -0
0.580078125 -1.94662382284676 -7.09778423100439 0.368970799874676 -0
0.58203125 -1.96039965699867 -7.00891636018215 0.368970795728219 -0
0.583984375 -1.97400240237872 -6.92054648368943 0.368970789226235 0
0.5859375 -1.98743304170058 -6.83268457207436 0.368970780500855 0
0.587890625 -2.00069257648839 -6.74533992540102 0.368970769680642 0
0.58984375 -2.01378202578418 -6.65852119065654 0.368970756890518 0
0.591796875 -2.02670242488939 -6.57223637913607 0.368970742251702 0
0.59375 -2.03945482414018 -6.48649288377497 0.368970725881665 0
0.595703125 -2.05204028771664 -6.40129749639979 0.368970707894097 0
0.59765625 -2.06445989248549 -6.31665642487155 0.368970688398898 0
0.599609375 -2.07671472687629 -6.23257531009688 0.368970667502167 0
0.6015625 -2.08880588979056 -6.14905924288451 0.368970645306212 0
0.603515625 -2.10073448954381 -6.06611278062625 0.368970621909571 0
0.60546875 -2.11250164283988 -5.98373996378352 0.368970597407037 0
0.607421875 -2.12410847377734 -5.90194433216219 0.368970571889698 0
0.609375 -2.13555611288739 -5.82072894095995 0.368970545444977 0
0.611328125 -2.14684569620296 -5.74009637657197 0.368970518156691 0
0.61328125 -2.15797836435837 -5.66004877214242 0.368970490105104 0
0.615234375 -2.16895526171914 -5.58058782285014 0.368970461366993 0
0.6171875 -2.17977753554138 -5.50171480091883 0.368970432015717 0
0.619140625 -2.19044633516023 -5.42343057034281 0.36897040212129 0
0.62109375 -2.20096281120678 -5.34573560132077 0.368970371750459 0
0.623046875 -2.21132811485289 -5.26862998439124 0.368970340966783 0
0.625 -2.22154339708331 -5.19211344426413 0.368970309830719 0
0.626953125 -2.23160980799455 -5.11618535334414 0.368970278399701 0
0.62890625 -2.24152849611981 -5.0408447449424 0.368970246728232 0
0.630859375 -2.25130060777948 -4.96609032617383 0.368970214867969 0
0.6328125 -2.26092728645643 -4.8919204905383 0.368970182867815 0
0.634765625 -2.27040967219564 -4.81833333018458 0.368970150774004 0
0.63671875 -2.27974890102746 -4.74532664785672 0.368970118630193 0
0.638671875 -2.28894610441383 -4.67289796852311 0.368970086477551 0
0.640625 -2.29800240871701 -4.60104455068912 0.368970054354848 0
0.642578125 -2.30691893468996 -4.5297633973948 0.368970022298544 0
0.64453125 -2.31569679698808 -4.45905126689951 0.368969990342873 0
0.646484375 -2.32433710370129 -4.38890468305589 0.368969958519936 0
0.6484375 -2.33284095590627 -4.31931994537618 0.368969926859779 0
0.650390625 -2.34120944723792 -4.25029313879379 0.368969895390482 0
0.65234375 -2.34944366347968 -4.18182014312407 0.368969864138241 0
0.654296875 -2.35754468217199 -4.11389664222789 0.368969833127443 0
0.65625 -2.36551357223838 -4.04651813288233 0.368969802380754 0
0.658203125 -2.37335139362857 -3.97967993336291 0.36896977191919 0
0.66015625 -2.38105919697808 -3.91337719174196 0.368969741762193 0
0.662109375 -2.38863802328381 -3.84760489390806 0.368969711927708 0
0.6640625 -2.39608890359491 -3.78235787131156 0.368969682432249 0
0.666015625 -2.40341285871862 -3.7176308084412 0.368969653290973 0
0.66796875 -2.41061089894038 -3.65341825003743 0.368969624517745 0
0.669921875 -2.41768402375783 -3.58971460804755 0.368969596125205 0
0.671875 -2.42463322162807 -3.5265141683283 0.368969568124828 0
0.673828125 -2.43145946972786 -3.4638110971014 0.36896954052699 0
0.67578125 -2.43816373372612 -3.40159944716776 0.368969513341022 0
0.677734375 -2.44474696756836 -3.3398731638858 0.368969486575272 0
0.6796875 -2.45121011327255 -3.27862609091973 0.368969460237155 0
0.681640625 -2.45755410073601 -3.2178519757634 0.36896943433321 0
0.68359375 -2.46377984755288 -3.1575444750453 0.368969408869149 0
0.685546875 -2.46988825884166 -3.09769715962051 0.368969383849907 0
0.6875 -2.47588022708264 -3.03830351945511 0.368969359279689 0
0.689453125 -2.48175663196453 -2.97935696830867 0.368969335162014 0
0.69140625 -2.4875183402401 -2.92085084822041 0.368969311499761 0
0.693359375 -2.49316620559039 -2.86277843380441 0.368969288295207 0
0.6953125 -2.49870106849715 -2.80513293635946 0.368969265550072 0
0.697265625 -2.50412375612305 -2.74790750779882 0.368969243265553 0
0.69921875 -2.50943508219949 -2.69109524440513 0.36896922144236 0
0.701171875 -2.5146358469215 -2.63468919041595 0.368969200080756 0
0.703125 -2.51972683684955 -2.57868234144471 0.368969179180585 0
0.705078125 -2.52470882481777 -2.52306764774249 0.368969158741306 0
0.70703125 -2.52958256984854 -2.46783801730541 0.368969138762026 0
0.708984375 -2.53434881707287 -2.4129863188325 0.368969119241524 0
0.7109375 -2.53900829765648 -2.35850538453906 0.368969100178281 0
0.712890625 -2.54356172873123 -2.30438801282995 0.368969081570507 0
0.71484375 -2.5480098133316 -2.25062697083764 0.368969063416166 0
0.716796875 -2.55235324033606 -2.19721499682944 0.368969045712997 0
0.71875 -2.55659268441296 -2.14414480248835 0.368969028458542 0
0.720703125 -2.56072880597078 -2.09140907507189 0.36896901165016 0
0.72265625 -2.56476225111246 -2.03900047945313 0.368968995285056 0
0.724609375 -2.56869365159365 -1.98691166004802 0.368968979360294 0
0.7265625 -2.57252362478453 -1.93513524263315 0.368968963872815 0
0.728515625 -2.57625277363518 -1.88366383605782 0.368968948819461 0
0.73046875 -2.57988168664413 -1.83249003385429 0.368968934196983 0
0.732421875 -2.58341093782993 -1.78160641575002 0.368968920002064 0
0.734375 -2.58684108670565 -1.73100554908546 0.368968906231328 0
0.736328125 -2.59017267825604 -1.68067999014115 0.368968892881358 0
0.73828125 -2.59340624291714 -1.63062228537741 0.368968879948707 0
0.740234375 -2.5965422965583 -1.58082497259021 0.368968867429909 0
0.7421875 -2.59958134046632 -1.53128058198644 0.368968855321495 0
0.744140625 -2.60252386133168 -1.48198163718178 0.368968843620002 0
0.74609375 -2.60537033123656 -1.43292065612448 0.368968832321979 0
0.748046875 -2.60812120764467 -1.38409015194796 0.368968821424006 0
0.75 -2.61077693339261 -1.33548263375529 0.368968810922695 0
0.751953125 -2.61333793668277 -1.28709060733845 0.368968800814701 0
0.75390625 -2.61580463107752 -1.23890657583532 0.368968791096734 0
0.755859375 -2.61817741549463 -1.19092304032697 0.368968781765561 0
0.7578125 -2.6204566742038 -1.14313250037813 0.368968772818015 0
0.759765625 -2.62264277682423 -1.09552745452343 0.368968764251005 0
0.76171875 -2.62473607832303 -1.04810040070195 0.368968756061518 0
0.763671875 -2.62673691901447 -1.0008438366426 0.368968748246626 0
0.765625 -2.62864562455992 -0.953750260202786 0.368968740803494 0
0.767578125 -2.63046250596839 -0.906812169662835 0.36896873372938 0
0.76953125 -2.63218785959766 -0.86002206397833 0.368968727021645 0
0.771484375 -2.63382196715581 -0.813372442992834 0.368968720677756 0
0.7734375 -2.6353650957031 -0.766855807613121 0.368968714695288 0
0.775390625 -2.63681749765429 -0.720464659949145 0.368968709071929 0
0.77734375 -2.63817941078103 -0.674191503420878 0.368968703805486 0
0.779296875 -2.63945105821453 -0.628028842834109 0.368968698893883 0
0.78125 -2.64063264844835 -0.581969184427278 0.368968694335169 0
0.783203125 -2.6417243753412 -0.536005035891349 0.368968690127518 0
0.78515625 -2.6427264181198 -0.490128906364713 0.368968686269234 0
0.787109375 -2.64363894138169 -0.444333306405072 0.368968682758749 0
0.7890625 -2.64446209509795 -0.398610747940219 0.368968679594629 0
0.791015625 -2.64519601461583 -0.352953744199609 0.368968676775574 0
0.79296875 -2.64584082066123 -0.30735480962859 0.368968674300422 0
0.794921875 -2.64639661934094 -0.261806459787129 0.368968672168145 0
0.796875 -2.64686350214477 -0.216301211234852 0.368968670377858 0
0.798828125 -2.64724154594733 -0.170831581404214 0.368968668928813 0
0.80078125 -2.64753081300963 -0.12539008846357 0.368968667820403 0
0.802734375 -2.64773135098039 -0.0799692511719237 0.368968667052165 0
0.8046875 -2.64784319289702 -0.0345615887271192 0.368968666623776 0
0.806640625 -2.64786635718635 0.0108403793907789 0.368968666535055 -0
0.80859375 -2.64780084766503 0.0562441335791697 0.368968666785966 -0
0.810546875 -2.64764665353956 0.101657154273923 0.368968667376613 -0
0.8125 -2.64740374940614 0.147086922109971 0.368968668307246 -0
0.814453125 -2.64707209525007 0.192540918079748 0.368968669578254 -0
0.81640625 -2.64665163644489 0.238026623687729 0.36896867119017 -0
0.818359375 -2.64614230375129 0.283551521099328 0.368968673143667 -0
0.8203125 -2.6455440133156 0.329123093282392 0.368968675439559 -0
0.822265625 -2.64485666666816 0.374748824139532 0.3689686780788 -0
0.82421875 -2.64408015072131 0.420436198629507 0.368968681062482 -0
0.826171875 -2.64321433776726 0.466192702875878 0.368968684391833 -0
0.828125 -2.6422590854757 0.512025824261097 0.368968688068217 -0
0.830078125 -2.64121423689124 0.557943051504239 0.368968692093132 -0
0.83203125 -2.64007962043076 0.603951874720483 0.368968696468208 -0
0.833984375 -2.63885504988061 0.650059785460496 0.368968701195203 -0
0.8359375 -2.6375403243938 0.696274276727796 0.368968706276003 -0
0.837890625 -2.63613522848714 0.742602842972171 0.36896871171262 -0
0.83984375 -2.63463953203844 0.789052980057181 0.368968717507184 -0
0.841796875 -2.6330529902838 0.835632185199749 0.368968723661948 -0
0.84375 -2.63137534381501 0.882347956879794 0.368968730179276 -0
0.845703125 -2.62960631857723 0.929207794717837 0.368968737061647 -0
0.84765625 -2.62774562586689 0.976219199318466 0.368968744311644 -0
0.849609375 -2.6257929623299 1.02338967207748 0.368968751931957 -0
0.8515625 -2.62374800996034 1.07072671495052 0.368968759925371 -0
0.853515625 -2.62161043609962 1.11823783018092 0.368968768294768 -0
0.85546875 -2.61937989343619 1.16593051998448 0.368968777043116 -0
0.857421875 -2.61705602000593 1.21381228618876 0.368968786173466 -0
0.859375 -2.61463843919327 1.26189062982456 0.368968795688948 -0
0.861328125 -2.61212675973318 1.31017305066695 0.368968805592759 -0
0.86328125 -2.6095205757141 1.35866704672352 0.368968815888161 -0
0.865234375 -2.60681946658191 1.4073801136671 0.368968826578472 -0
0.8671875 -2.60402299714509 1.45631974421025 0.368968837667057 -0
0.869140625 -2.60113071758109 1.50549342741894 0.368968849157322 -0
0.87109375 -2.59814216344423 1.55490864796249 0.368968861052703 -0
0.873046875 -2.59505685567499 1.60457288529691 0.368968873356656 -0
0.875 -2.59187430061104 1.6544936127787 0.368968886072651 -0
0.876953125 -2.58859399000007 1.70467829670611 0.368968899204155 -0
0.87890625 -2.58521540101453 1.75513439528465 0.368968912754626 -0
0.880859375 -2.58173799626849 1.80586935751377 0.3689689267275 -0
0.8828125 -2.57816122383674 1.85689062199139 0.368968941126175 -0
0.884765625 -2.57448451727634 1.90820561563286 0.368968955954001 -0
0.88671875 -2.57070729565068 1.95982175230106 0.368968971214264 -0
0.888671875 -2.56682896355641 2.01174643134389 0.368968986910173 -0
0.890625 -2.56284891115324 2.06398703603573 0.368969003044839 -0
0.892578125 -2.5587665141969 2.11655093191905 0.368969019621265 -0
0.89453125 -2.55458113407543 2.1694454650423 0.368969036642323 -0
0.896484375 -2.55029211784908 2.22267796009042 0.368969054110735 -0
0.8984375 -2.54589879829383 2.27625571840361 0.368969072029059 -0
0.900390625 -2.54140049394906 2.33018601588067 0.368969090399661 -0
0.90234375 -2.5367965091693 2.38447610076238 0.368969109224698 -0
0.904296875 -2.53208613418046 2.43913319129086 0.368969128506091 -0
0.90625 -2.52726864514082 2.49416447324042 0.368969148245503 -0
0.908203125 -2.52234330420686 2.54957709731552 0.368969168444315 -0
0.91015625 -2.51730935960443 2.60537817641115 0.368969189103595 -0
0.912109375 -2.51216604570526 2.66157478273105 0.368969210224072 -0
0.9140625 -2.50691258310939 2.71817394475908 0.368969231806106 -0
0.916015625 -2.50154817873354 2.77518264407868 0.368969253849658 -0
0.91796875 -2.49607202590595 2.83260781203573 0.368969276354255 -0
0.919921875 -2.49048330446778 2.89045632623964 0.368969299318958 -0
0.921875 -2.48478118088158 2.94873500689756 0.368969322742327 -0
0.923828125 -2.47896480834708 3.00745061297664 0.36896934662238 -0
0.92578125 -2.47303332692464 3.06660983818894 0.368969370956557 -0
0.927734375 -2.46698586366666 3.12621930679374 0.36896939574168 -0
0.9296875 -2.46082153275748 3.18628556921183 0.368969420973906 -0
0.931640625 -2.45453943566193 3.24681509744626 0.368969446648689 -0
0.93359375 -2.44813866128308 3.30781428030415 0.368969472760728 -0
0.935546875 -2.44161828612949 3.36928941841384 0.368969499303923 -0
0.9375 -2.4349773744924 3.43124671903195 0.368969526271323 -0
0.939453125 -2.42821497863327 3.49369229063454 0.368969553655073 -0
0.94140625 -2.42133013898211 3.5566321372868 0.368969581446364 -0
0.943359375 -2.41432188434699 3.62007215278565 0.368969609635373 -0
0.9453125 -2.40718923213529 3.68401811456944 0.368969638211206 -0
0.947265625 -2.39993118858696 3.74847567738924 0.36896966716184 -0
0.94921875 -2.39254674902049 3.81345036673598 0.368969696474058 -0
0.951171875 -2.38503489809189 3.87894757201799 0.368969726133387 -0
0.953125 -2.37739461006729 3.94497253948322 0.368969756124028 -0
0.955078125 -2.36962484910954 4.01153036488087 0.368969786428795 -0
0.95703125 -2.36172456957947 4.078625985857 0.368969817029037 -0
0.958984375 -2.35369271635228 4.14626417407884 0.368969847904568 -0
0.9609375 -2.34552822514948 4.21444952708281 0.368969879033595 -0
0.962890625 -2.33723002288712 4.28318645984113 0.368969910392639 -0
0.96484375 -2.32879702804072 4.35247919604245 0.36896994195646 -0
0.966796875 -2.32022815102757 4.42233175908181 0.368969973697972 -0
0.96875 -2.31152229460681 4.49274796275566 0.368970005588166 -0
0.970703125 -2.30267835429806 4.56373140165791 0.368970037596026 -0
0.97265625 -2.29369521881908 4.63528544127325 0.368970069688444 -0
0.974609375 -2.28457177054309 4.70741320776431 0.368970101830131 -0
0.9765625 -2.27530688597625 4.78011757744968 0.368970133983538 -0
0.978515625 -2.26589943625617 4.85340116596999 0.368970166108759 -0
0.98046875 -2.25634828767168 4.9272663171401 0.368970198163448 -0
0.982421875 -2.24665230220484 5.00171509148548 0.368970230102729 -0
0.984375 -2.23681033809557 5.07674925446166 0.368970261879103 -0
0.986328125 -2.2268212504296 5.15237026435626 0.368970293442366 -0
0.98828125 -2.21668389175043 5.22857925987341 0.368970324739511 -0
0.990234375 -2.20639711269572 5.30537704740145 0.368970355714646 -0
0.9921875 -2.19595976265902 5.38276408796523 0.368970386308904 -0
0.994140625 -2.18537069047711 5.46074048386518 0.368970416460359 -0
0.99609375 -2.17462874514392 5.53930596500626 0.368970446103938 -0
0.998046875 -2.1637327765513 5.61845987492071 0.368970475171345 -0
1 -2.15268163625751 5.69820115648938 0.368970503590977 -0
1.001953125 -2.14147417828377 5.77852833736765 0.368970531287852 -0
1.00390625 -2.13010925993967 5.85943951512287 0.368970558183536 -0
1.005859375 -2.11858574267782 5.94093234209141 0.368970584196076 -0
1.0078125 -2.10690249297837 6.02300400996475 0.368970609239941 -0
1.009765625 -2.09505838326389 6.10565123411508 0.368970633225963 -0
1.01171875 -2.08305229284511 6.18887023767253 0.36897065606129 -0
1.013671875 -2.07088310889799 6.27265673536734 0.368970677649344 -0
1.015625 -2.05854972747258 6.35700591715188 0.368970697889792 -0
1.017578125 -2.04605105453411 6.44191243161899 0.368970716678514 -0
1.01953125 -2.03338600703657 6.52737036923468 0.368970733907598 -0
1.021484375 -2.02055351402929 6.61337324540517 0.368970749465333 -0
1.0234375 -2.00755251779671 6.69991398339964 0.368970763236221 -0
1.025390625 -1.99438197503163 6.7869848971524 0.368970775100995 -0
1.02734375 -1.9810408580422 6.87457767396968 0.368970784936663 -0
1.029296875 -1.96752815599269 6.96268335716855 0.368970792616554 -0
1.03125 -1.95384287617826 7.05129232867746 0.368970798010392 -0
1.033203125 -1.93998404533379 7.14039429162991 0.368970800984376 -0
1.03515625 -1.92595071097658 7.22997825298508 0.368970801401291 -0
1.037109375 -1.91174194278307 7.32003250621152 0.36897079912063 -0
1.0390625 -1.8973568339992 7.41054461407222 0.368970793998739 -0
1.041015625 -1.88279450288435 7.50150139155171 0.368970785888987 -0
1.04296875 -1.86805409418845 7.5928888889684 0.368970774641957 -0
1.044921875 -1.85313478066182 7.68469237531758 0.368970760105663 -0
1.046875 -1.83803576459736 7.77689632189316 0.368970742125793 -0
1.048828125 -1.82275627940442 7.86948438623853 0.368970720545977 -0
1.05078125 -1.80729559121362 7.96243939647949 0.368970695208084 -0
1.052734375 -1.79165300051192 8.05574333609479 0.368970665952551 -0
1.0546875 -1.775827843807 8.14937732918198 0.368970632618738 -0
1.056640625 -1.75981949531981 8.24332162627903 0.368970595045314 -0
1.05859375 -1.74362736870435 8.33755559080454 0.368970553070681 -0
1.060546875 -1.72725091879323 8.43205768618141 0.368970506533423 -0
1.0625 -1.7106896433677 8.52680546371155 0.368970455272789 -0
1.064453125 -1.6939430849506 8.62177555127117 0.368970399129216 -0
1.06640625 -1.67701083262055 8.71694364289827 0.368970337944877 -0
1.068359375 -1.65989252384553 8.81228448934606 0.368970271564272 -0
1.0703125 -1.64258784633404 8.90777188967779 0.36897019983484 -0
1.072265625 -1.62509653990148 9.00337868398013 0.36897012260762 -0
1.07421875 -1.60741839834974 9.09907674727387 0.368970039737931 -0
1.076171875 -1.58955327135744 9.19483698470182 0.368969951086095 -0
1.078125 -1.57150106637825 9.29062932807498 0.368969856518182 -0
1.080078125 -1.55326175054465 9.38642273385888 0.368969755906791 -0
1.08203125 -1.53483535257411 9.48218518268243 0.368969649131855 -0
1.083984375 -1.51622196467479 9.57788368045205 0.368969536081476 -0
1.0859375 -1.49742174444735 9.67348426115352 0.36896941665278 -0
1.087890625 -1.47843491677966 9.76895199142388 0.368969290752795 -0
1.08984375 -1.45926177573085 9.86425097697464 0.368969158299348 -0
1.091796875 -1.43990268640085 9.95934437094665 0.368969019221975 -0
1.09375 -1.42035808678184 10.0541943842751 0.368968873462842 -0
1.095703125 -1.40062848958728 10.1487622981415 0.368968720977677 -0
1.09765625 -1.38071448405472 10.2430084785861 0.368968561736695 -0
1.099609375 -1.3606167377178 10.3368923933532 0.368968395725536 -0
1.1015625 -1.34033599814319 10.4303726310348 0.368968222946178 -0
1.103515625 -1.31987309462782 10.5234069225793 0.36896804341785 -0
1.10546875 -1.29922893985186 10.6159521652209 0.36896785717792 -0
1.107421875 -1.27840453148243 10.7079644488867 0.368967664282759 -0
1.109375 -1.2574009537234 10.7993990851286 0.368967464808573 -0
1.111328125 -1.23621937880615 10.890210638622 0.368967258852195 -0
1.11328125 -1.21486106841628 10.9803529612679 0.368967046531833 -0
1.115234375 -1.19332737505119 11.0697792289259 0.368966827987767 -0
1.1171875 -1.17161974330329 11.1584419807982 0.368966603382977 -0
1.119140625 -1.1497397110637 11.2462931614777 0.368966372903715 -0
1.12109375 -1.12768891064127 11.3332841656623 0.368966136759992 -0
1.123046875 -1.10546906979158 11.4193658855293 0.368965895185986 -0
1.125 -1.08308201265092 11.5044887607532 0.368965648440358 -0
1.126953125 -1.06052966056989 11.588602831141 0.368965396806473 -0
1.12890625 -1.03781403284177 11.6716577918463 0.36896514059251 -0
1.130859375 -1.01493724732049 11.753603051114 0.36896488013147 -0
1.1328125 -0.99190152092336 11.8343877904947 0.368964615781053 -0
1.134765625 -0.968709170013871 11.9139610274569 0.368964347923424 -0
1.13671875 -0.945362610659856 11.9922716803122 0.368964076964842 -0
1.138671875 -0.921864358762651 12.0692686353563 0.368963803335154 -0
1.140625 -0.898217030052996 12.1449008161169 0.368963527487158 -0
1.142578125 -0.874423339949694 12.2191172545871 0.368963249895815 -0
1.14453125 -0.850486103277265 12.2918671643084 0.368962971057329 0
1.146484375 -0.826408233839115 12.3631000151589 0.368962691488068 0
1.1484375 -0.802192743843051 12.4327656096855 0.368962411723353 0
1.150390625 -0.777842743176281 12.5008141608103 0.368962132316093 0
1.15234375 -0.753361438527385 12.5671963707296 0.368961853835284 0
1.154296875 -0.728752132353118 12.6318635108096 0.368961576864361 0
1.15625 -0.704018221688285 12.6947675022767 0.368961301999423 0
1.158203125 -0.67916319679735 12.7558609974868 0.36896102984732 0
1.16015625 -0.654190639666852 12.8150974615511 0.368960761023626 0
1.162109375 -0.629104222338166 12.8724312540849 0.368960496150484 0
1.1640625 -0.603907705080583 12.9278177108411 0.368960235854364 0
1.166015625 -0.578604934405193 12.9812132249811 0.368959980763704 0
1.16796875 -0.5531998409205 13.0325753277319 0.368959731506487 0
1.169921875 -0.52769643703124 13.0818627681721 0.368959488707736 0
1.171875 -0.502098814482328 13.1290355918875 0.368959252986952 0
1.173828125 -0.476411141750429 13.174055218235 0.368959024955519 0
1.17578125 -0.450637661286098 13.2168845159509 0.36895880521407 0
1.177734375 -0.424782686609996 13.257487876843 0.368958594349851 0
1.1796875 -0.39885059926718 13.295831287305 0.368958392934093 0
1.181640625 -0.372845845643961 13.3318823973986 0.368958201519395 0
1.18359375 -0.346772933652342 13.3656105872487 0.368958020637168 0
1.185546875 -0.320636429287521 13.3969870305084 0.368957850795118 0
1.1875 -0.294440953064418 13.4259847546548 0.368957692474821 0
1.189453125 -0.26819117633965 13.452578697886 0.368957546129384 0
1.19140625 -0.241891817525801 13.4767457624018 0.368957412181218 0
1.193359375 -0.215547638205268 13.4984648638603 0.368957291019944 0
1.1953125 -0.189163439151347 13.5177169768168 0.368957183000435 0
1.197265625 -0.162744056264578 13.5344851759654 0.368957088441023 0
1.19921875 -0.136294356432732 13.5487546730187 0.368957007621873 0
1.201171875 -0.109819233323099 13.5605128490772 0.368956940783546 0
1.203125 -0.0833236031160244 13.5697492823584 0.368956888125755 0
1.205078125 -0.056812400188886 13.5764557711729 0.368956849806328 0
1.20703125 -0.0302905727598802 13.5806263520526 0.368956825940391 0
1.208984375 -0.00376307850118039 13.582257312959 0.368956816599756 0
1.2109375 0.022765119868866 13.5813472015154 0.368956821812555 0
1.212890625 0.0492890590047393 13.5778968282304 0.368956841563088 0
1.21484375 0.0758037793541409 13.5719092646987 0.368956875791903 0
1.216796875 0.102304329569968 13.5633898367874 0.368956924396114 0
1.21875 0.128785770904092 13.5523461128351 0.368956987229931 0
1.220703125 0.155243181573231 13.5387878869123 0.36895706410543 0
1.22265625 0.181671661087343 13.5227271572122 0.368957154793519 0
1.224609375 0.208066334531091 13.5041780996594 0.368957259025131 0
1.2265625 0.234422356789138 13.4831570368444 0.368957376492605 0
1.228515625 0.260734916706265 13.4596824024092 0.36895750685126 0
1.23046875 0.286999241173549 13.433774701027 0.368957649721142 0
1.232421875 0.313210599132151 13.4054564641367 0.368957804688932 0
1.234375 0.339364305486583 13.3747522016069 0.368957971310013 0
1.236328125 0.365455724919678 13.3416883495195 0.368958149110653 0
1.23828125 0.391480275601894 13.306293214277 0.368958337590313 0
1.240234375 0.417433432787948 13.268596913248 0.368958536224059 0
1.2421875 0.443310732294269 13.2286313121778 0.368958744465042 0
1.244140625 0.469107773851143 13.1864299595994 0.368958961747054 0
1.24609375 0.494820224323954 13.1420280184884 0.368959187487126 0
1.248046875 0.520443820798363 13.0954621954133 0.368959421088155 0
1.25 0.545974373524787 13.0467706674341 0.368959661941538 0
1.251953125 0.571407768718028 12.9959930070115 0.368959909429812 0
1.25390625 0.596739971208426 12.9431701051859 0.368960162929257 0
1.255859375 0.62196702694141 12.88834409329 0.368960421812476 0
1.2578125 0.64708506532284 12.8315582634572 0.368960685450907 0
1.259765625 0.67209030140804 12.7728569881848 0.36896095321728 0
1.26171875 0.696979037932937 12.7122856392123 0.368961224487991 0
1.263671875 0.721747667186213 12.6498905059645 0.36896149864538 0
1.265625 0.746392672721861 12.5857187138116 0.368961775079909 0
1.267578125 0.770910630912039 12.5198181423839 0.368962053192232 0
1.26953125 0.795298212340548 12.4522373441788 0.368962332395133 0
1.271484375 0.819552183037738 12.3830254636837 0.368962612115346 0
1.2734375 0.843669405558063 12.3122321572338 0.368962891795241 0
1.275390625 0.867646839901932 12.23990751381 0.368963170894361 0
1.27734375 0.891481544283883 12.1661019769758 0.368963448890832 0
1.279296875 0.915170675749494 12.0908662681363 0.368963725282615 0
1.28125 0.93871149064379 12.0142513112961 0.36896399958862 0
1.283203125 0.962101344934244 11.936308159477 0.368964271349678 0
1.28515625 0.985337694391747 11.8570879229452 0.368964540129358 0
1.287109375 1.00841809463325 11.7766416993878 0.368964805514652 0
1.2890625 1.03134020102998 11.6950205061621 0.368965067116517 0
1.291015625 1.05410176848544 11.6122752147314 0.368965324570282 0
1.29296875 1.07670065108753 11.5284564873875 0.368965577535922 0
1.294921875 1.0991348016393 11.4436147163483 0.368965825698211 0
1.296875 1.12140227107326 11.3577999653058 0.368966068766751 0
1.298828125 1.14350120775378 11.2710619134881 0.368966306475892 0
1.30078125 1.16542985667282 11.1834498022891 0.368966538584535 0
1.302734375 1.18718655854397 11.095012384504 0.368966764875854 0
1.3046875 1.20876974879979 11.0057978762037 0.368966985156901 0
1.306640625 1.23017795649789 10.9158539112638 0.368967199258148 0
1.30859375 1.25140980314067 10.8252274985611 0.368967407032937 0
1.310546875 1.27246400141414 10.7339649818338 0.368967608356867 0
1.3125 1.29333935385096 10.6421120021986 0.368967803127114 0
1.314453125 1.31403475142273 10.5497134633045 0.368967991261698 0
1.31640625 1.33454917206699 10.4568134990989 0.368968172698705 0
1.318359375 1.35488167915359 10.3634554441714 0.368968347395463 0
1.3203125 1.37503141989578 10.2696818066354 0.368968515327685 0
1.322265625 1.39499762371076 10.1755342435009 0.36896867648859 0
1.32421875 1.41477960053446 10.0810535384845 0.368968830887998 0
1.326171875 1.43437673909546 9.98627958220165 0.368968978551411 0
1.328125 1.45378850515243 9.89125135467562 0.368969119519086 0
1.330078125 1.47301443969966 9.79600691009884 0.368969253845104 0
1.33203125 1.49205415714501 9.70058336377534 0.368969381596439 0
1.333984375 1.51090734346441 9.60501688117143 0.368969502852037 0
1.3359375 1.52957375433708 9.50934266899845 0.368969617701897 0
1.337890625 1.54805321326519 9.41359496824961 0.368969726246174 0
1.33984375 1.56634560968181 9.31780704911115 0.368969828594294 0
1.341796875 1.58445089705078 9.22201120766658 0.368969924864092 0
1.34375 1.60236909096176 9.12623876431221 0.368970015180972 0
1.345703125 1.62010026722387 9.03052006380123 0.368970099677091 0
1.34765625 1.63764455996098 8.93488447683387 0.368970178490575 0
1.349609375 1.6550021597115 8.83936040311094 0.368970251764759 0
1.3515625 1.67217331153563 8.74397527576893 0.368970319647462 0
1.353515625 1.68915831313248 8.64875556711511 0.36897038229029 0
1.35546875 1.70595751296968 8.55372679558252 0.368970439847975 0
1.357421875 1.72257130842772 8.45891353382577 0.368970492477744 0
1.359375 1.73900014396118 8.36433941787986 0.368970540338726 0
1.361328125 1.75524450927881 8.27002715730625 0.368970583591388 0
1.36328125 1.77130493754441 8.17599854625183 0.368970622397008 0
1.365234375 1.78718200360011 8.0822744753486 0.368970656917181 0
1.3671875 1.80287632221374 7.9888749443838 0.368970687313357 0
1.369140625 1.81838854635161 7.8958190756726 0.368970713746412 0
1.37109375 1.83371936547809 7.80312512806743 0.368970736376254 0
1.373046875 1.84886950388312 7.71081051154068 0.368970755361453 0
1.375 1.86383971903879 7.61889180227967 0.36897077085891 0
1.376953125 1.87863079998578 7.52738475823526 0.368970783023551 0
1.37890625 1.89324356575065 7.43630433506813 0.368970792008047 0
1.380859375 1.90767886379464 7.34566470243889 0.368970797962566 0
1.3828125 1.92193756849455 7.25547926059097 0.368970801034552 0
1.384765625 1.93602057965632 7.16576065717758 0.368970801368519 0
1.38671875 1.94992882106165 7.07652080428656 0.368970799105884 0
1.388671875 1.96366323904807 6.98777089561924 0.368970794384809 0
1.390625 1.97722480112266 6.89952142378199 0.368970787340076 0
1.392578125 1.99061449460971 6.81178219765146 0.36897077810297 0
1.39453125 2.00383332533224 6.72456235977678 0.368970766801193 0
1.396484375 2.01688231632759 6.63787040378431 0.368970753558786 0
1.3984375 2.02976250659702 6.55171419175266 0.368970738496077 0
1.400390625 2.04247494988913 6.46610097152804 0.368970721729637 0
1.40234375 2.05502071351705 6.38103739395182 0.368970703372252 0
1.404296875 2.06740087720925 6.29652952997446 0.368970683532913 0
1.40625 2.07961653199352 6.21258288763164 0.368970662316814 0
1.408203125 2.09166877911406 6.12920242886072 0.368970639825361 0
1.41015625 2.10355872898125 6.0463925861369 0.368970616156194 0
1.412109375 2.11528750015366 5.96415727891079 0.368970591403218 0
1.4140625 2.126856218352 5.88249992983022 0.368970565656642 0
1.416015625 2.13826601550456 5.80142348073118 0.368970539003023 0
1.41796875 2.1495180288236 5.72093040838391 0.368970511525324 0
1.419921875 2.16061339991231 5.64102273998188 0.368970483302969 0
1.421875 2.17155327390166 5.56170206836258 0.368970454411914 0
1.423828125 2.18233879861685 5.48296956695055 0.368970424924713 0
1.42578125 2.19297112377256 5.404826004414 0.368970394910591 0
1.427734375 2.20345140019659 5.327271759028 0.368970364435528 0
1.4296875 2.21378077908126 5.2503068327377 0.368970333562335 0
1.431640625 2.22396041126197 5.17393086491677 0.368970302350737 0
1.43359375 2.23399144652234 5.09814314581662 0.368970270857462 0
1.435546875 2.24387503292532 5.02294262970319 0.368970239136325 0
1.4375 2.25361231616962 4.94832794767897 0.368970207238319 0
1.439453125 2.26320443897094 4.87429742018846 0.368970175211699 0
1.44140625 2.27265254046723 4.80084906920636 0.368970143102077 0
1.443359375 2.28195775564753 4.72798063010806 0.368970110952507 0
1.4453125 2.29112121480359 4.65568956322312 0.368970078803579 0
1.447265625 2.30014404300387 4.58397306507252 0.368970046693501 0
1.44921875 2.30902735958903 4.51282807929142 0.368970014658195 0
1.451171875 2.3177722776886 4.44225130723936 0.368969982731378 0
1.453125 2.32637990375794 4.37223921830057 0.368969950944652 0
1.455078125 2.33485133713509 4.30278805987713 0.368969919327587 0
1.45703125 2.34318766961683 4.23389386707844 0.368969887907804 0
1.458984375 2.35138998505336 4.16555247211067 0.368969856711061 0
1.4609375 2.35945935896101 4.09775951336994 0.368969825761327 0
1.462890625 2.36739685815246 4.03051044424383 0.368969795080867 0
1.46484375 2.37520354038384 3.96380054162533 0.368969764690314 0
1.466796875 2.38288045401819 3.89762491414419 0.368969734608747 0
1.46875 2.39042863770472 3.83197851012051 0.368969704853761 0
1.470703125 2.39784912007335 3.7668561252455 0.368969675441541 0
1.47265625 2.40514291944396 3.70225240999487 0.36896964638693 0
1.474609375 2.41231104354989 3.63816187677993 0.368969617703494 0
1.4765625 2.41935448927513 3.57457890684193 0.368969589403588 0
1.478515625 2.42627424240474 3.51149775689517 0.368969561498422 0
1.48046875 2.433071277388 3.44891256552442 0.368969533998115 0
1.482421875 2.43974655711382 3.38681735934228 0.368969506911759 0
1.484375 2.44630103269793 3.32520605891205 0.368969480247473 0
1.486328125 2.45273564328144 3.26407248444194 0.368969454012459 0
1.48828125 2.45905131584028 3.20341036125609 0.368969428213055 0
1.490234375 2.4652489650051 3.14321332504827 0.368969402854782 0
1.4921875 2.47132949289125 3.0834749269237 0.368969377942397 0
1.494140625 2.4772937889384 3.02418863823477 0.368969353479936 0
1.49609375 2.48314272975936 2.96534785521615 0.368969329470762 0
1.498046875 2.48887717899783 2.90694590342484 0.368969305917607 0
1.5 2.49449798719461 2.84897604199068 0.368969282822612 0
1.501953125 2.50000599166186 2.79143146768266 0.368969260187367 0
1.50390625 2.50540201636524 2.73430531879645 0.368969238012949 0
1.505859375 2.51068687181341 2.67759067886849 0.368969216299961 0
1.5078125 2.51586135495457 2.62128058022162 0.368969195048561 0
1.509765625 2.5209262490799 2.5653680073477 0.368969174258499 0
1.51171875 2.52588232373328 2.50984590013202 0.368969153929147 0
1.513671875 2.53073033462729 2.45470715692451 0.368969134059531 0
1.515625 2.53547102356501 2.39994463746278 0.368969114648356 0
1.517578125 2.54010511836738 2.34555116565149 0.368969095694036 0
1.51953125 2.54463333280584 2.29151953220302 0.368969077194721 0
1.521484375 2.54905636654005 2.23784249714382 0.368969059148318 0
1.5234375 2.55337490506031 2.18451279219113 0.368969041552518 0
1.525390625 2.55758961963454 2.13152312300424 0.368969024404816 0
1.52734375 2.56170116725954 2.07886617131485 0.368969007702535 0
1.529296875 2.56571019061624 2.02653459694056 0.368968991442841 0
1.53125 2.56961731802884 1.97452103968569 0.36896897562277 0
1.533203125 2.57342316342751 1.92281812113344 0.368968960239236 0
1.53515625 2.57712832631452 1.87141844633332 0.368968945289059 0
1.537109375 2.5807333917335 1.82031460538761 0.368968930768973 0
1.5390625 2.58423893024181 1.76949917494079 0.368968916675643 0
1.541015625 2.58764549788562 1.7189647195753 0.368968903005684 0
1.54296875 2.59095363617766 1.66870379311746 0.368968889755671 0
1.544921875 2.59416387207748 1.61870893985688 0.368968876922149 0
1.546875 2.59727671797397 1.56897269568274 0.368968864501653 0
1.548828125 2.60029267166999 1.5194875891403 0.368968852490712 0
1.55078125 2.60321221636905 1.47024614241082 0.368968840885867 0
1.552734375 2.60603582066378 1.42124087221806 0.368968829683673 0
1.5546875 2.60876393852615 1.37246429066431 0.368968818880716 0
1.556640625 2.61139700929919 1.32390890599909 0.368968808473618 0
1.55859375 2.61393545769021 1.27556722332325 0.368968798459047 0
1.560546875 2.6163796937653 1.22743174523146 0.368968788833725 0
1.5625 2.61873011294502 1.17949497239569 0.368968779594435 0
1.564453125 2.62098709600122 1.13174940409253 0.368968770738027 0
1.56640625 2.62315100905476 1.0841875386768 0.368968762261427 0
1.568359375 2.62522220357418 1.03680187400415 0.368968754161644 0
1.5703125 2.62720101637509 0.989584907805113 0.36896874643577 0
1.572265625 2.62908776962029 0.942529138012934 0.368968739080992 0
1.57421875 2.63088277082045 0.895627063047751 0.368968732094594 0
1.576171875 2.63258631283532 0.848871182059285 0.36896872547396 0
1.578125 2.63419867387537 0.802253995130392 0.368968719216582 0
1.580078125 2.6357201175038 0.755768003443685 0.368968713320063 0
1.58203125 2.63715089263882 0.709405709413396 0.36896870778212 0
1.583984375 2.63849123355619 0.663159616784616 0.368968702600584 0
1.5859375 2.63974135989189 0.617022230701994 0.368968697773412 0
1.587890625 2.64090147664487 0.570986057749947 0.368968693298682 0
1.58984375 2.64197177417997 0.525043605966398 0.368968689174598 0
1.591796875 2.64295242823068 0.479187384832 0.368968685399494 0
1.59375 2.64384359990197 0.433409905236813 0.368968681971834 0
1.595703125 2.64464543567301 0.387703679426323 0.368968678890218 0
1.59765625 2.64535806739973 0.342061220928709 0.368968676153376 0
1.599609375 2.64598161231726 0.296475044465201 0.368968673760179 0
1.6015625 2.64651617304217 0.250937665845371 0.368968671709634 0
1.603515625 2.64696183757447 0.205441601849185 0.368968670000887 0
1.60546875 2.6473186792994 0.159979370097591 0.368968668633224 0
1.607421875 2.64758675698892 0.114543488913448 0.368968667606073 0
1.609375 2.64776611480297 0.0691264771745444 0.368968666919004 0
1.611328125 2.64785678229038 0.0237208541604876 0.368968666571727 0
1.61328125 2.64785877438953 -0.0216808606048103 0.368968666564097 -0
1.615234375 2.64777209142864 -0.0670861475132885 0.368968666896111 -0
1.6171875 2.64759671912581 -0.112502487033804 0.368968667567908 -0
1.619140625 2.64733262858867 -0.157937359872368 0.36896866857977 -0
1.62109375 2.6469797763138 -0.203398247129811 0.368968669932122 -0
1.623046875 2.64653810418582 -0.248892630455137 0.36896867162553 -0
1.625 2.64600753947609 -0.294427992192809 0.3689686736607 -0
1.626953125 2.64538799484131 -0.34001181552222 0.368968676038481 -0
1.62890625 2.64467936832171 -0.385651584587572 0.368968678759859 -0
1.630859375 2.64388154333902 -0.431354784616383 0.368968681825958 -0
1.6328125 2.6429943886943 -0.477128902024827 0.36896868523804 -0
1.634765625 2.64201775856548 -0.522981424508089 0.368968688997501 -0
1.63671875 2.64095149250481 -0.568919841113904 0.36896869310587 -0
1.638671875 2.63979541543613 -0.614951642297415 0.368968697564808 -0
1.640625 2.63854933765209 -0.66108431995547 0.368968702376104 -0
1.642578125 2.6372130548113 -0.707325367438446 0.368968707541674 -0
1.64453125 2.63578634793553 -0.753682279537662 0.368968713063559 -0
1.646484375 2.63426898340686 -0.800162552446396 0.368968718943918 -0
1.6484375 2.63266071296504 -0.846773683692512 0.368968725185031 -0
1.650390625 2.63096127370494 -0.893523172040637 0.36896873178929 -0
1.65234375 2.62917038807425 -0.940418517361807 0.368968738759199 -0
1.654296875 2.62728776387149 -0.98746722046846 0.368968746097368 -0
1.65625 2.6253130942443 -1.03467678291259 0.368968753806508 -0
1.658203125 2.62324605768824 -1.08205470674483 0.368968761889429 -0
1.66015625 2.62108631804608 -1.12960849423226 0.368968770349034 -0
1.662109375 2.61883352450764 -1.17734564753252 0.368968779188311 -0
1.6640625 2.6164873116104 -1.22527366832191 0.368968788410331 -0
1.666015625 2.61404729924076 -1.27340005737503 0.36896879801824 -0
1.66796875 2.61151309263628 -1.32173231409351 0.368968808015251 -0
1.669921875 2.60888428238884 -1.37027793598116 0.368968818404641 -0
1.671875 2.60616044444886 -1.41904441806306 0.36896882918974 -0
1.673828125 2.60334114013078 -1.46803925224582 0.368968840373922 -0
1.67578125 2.60042591611977 -1.51726992661625 0.368968851960602 -0
1.677734375 2.59741430447993 -1.56674392467567 0.368968863953222 -0
1.6796875 2.59430582266401 -1.61646872450694 0.368968876355242 -0
1.681640625 2.59109997352483 -1.66645179787121 0.368968889170131 -0
1.68359375 2.58779624532857 -1.71670060923135 0.368968902401357 -0
1.685546875 2.58439411177002 -1.76722261469898 0.368968916052373 -0
1.6875 2.5808930319899 -1.8180252609018 0.368968930126607 -0
1.689453125 2.57729245059462 -1.86911598376802 0.368968944627447 -0
1.69140625 2.57359179767831 -1.9205022072244 0.368968959558229 -0
1.693359375 2.56979048884765 -1.97219134180457 0.368968974922222 -0
1.6953125 2.56588792524939 -2.02419078316392 0.368968990722612 -0
1.697265625 2.56188349360091 -2.07650791049759 0.368969006962488 -0
1.69921875 2.55777656622401 -2.1291500848576 0.368969023644822 -0
1.701171875 2.55356650108194 -2.18212464736554 0.368969040772451 -0
1.703125 2.54925264182023 -2.23543891731668 0.368969058348062 -0
1.705078125 2.54483431781117 -2.28910019017165 0.368969076374168 -0
1.70703125 2.54031084420238 -2.34311573543145 0.368969094853087 -0
1.708984375 2.53568152196964 -2.39749279439161 0.368969113786921 -0
1.7109375 2.53094563797428 -2.45223857777132 0.368969133177533 -0
1.712890625 2.52610246502522 -2.50736026321292 0.368969153026521 -0
1.71484375 2.52115126194611 -2.56286499264744 0.368969173335192 -0
1.716796875 2.51609127364769 -2.61875986952146 0.368969194104538 -0
1.71875 2.51092173120579 -2.67505195588071 0.368969215335201 -0
1.720703125 2.50564185194504 -2.73174826930561 0.36896923702745 -0
1.72265625 2.50025083952881 -2.78885577969378 0.368969259181144 -0
1.724609375 2.49474788405561 -2.84638140588475 0.368969281795703 -0
1.7265625 2.48913216216208 -2.90433201212166 0.368969304870071 -0
1.728515625 2.48340283713326 -2.96271440434491 0.368969328402682 -0
1.73046875 2.47755905902011 -3.02153532631252 0.36896935239142 -0
1.732421875 2.47159996476485 -3.08080145554196 0.368969376833581 -0
1.734375 2.4655246783344 -3.14051939906805 0.368969401725833 -0
1.736328125 2.45933231086224 -3.20069568901152 0.368969427064168 -0
1.73828125 2.45302196079919 -3.26133677795279 0.368969452843864 -0
1.740234375 2.44659271407336 -3.32244903410542 0.368969479059434 -0
1.7421875 2.44004364425972 -3.38403873628358 0.36896950570458 -0
1.744140625 2.43337381275975 -3.44611206865811 0.368969532772139 -0
1.74609375 2.42658226899152 -3.50867511529529 0.368969560254034 -0
1.748046875 2.41966805059063 -3.57173385447283 0.368969588141219 -0
1.75 2.41263018362249 -3.63529415276737 0.36896961642362 -0
1.751953125 2.40546768280638 -3.69936175890779 0.36896964509008 -0
1.75390625 2.39817955175176 -3.76394229738869 0.368969674128296 -0
1.755859375 2.39076478320721 -3.82904126183848 0.368969703524756 -0
1.7578125 2.3832223593227 -3.89466400813637 0.368969733264678 -0
1.759765625 2.37555125192543 -3.96081574727296 0.368969763331939 -0
1.76171875 2.36775042280991 -4.02750153794881 0.368969793709006 -0
1.763671875 2.35981882404281 -4.09472627890568 0.368969824376871 -0
1.765625 2.35175539828294 -4.16249470098543 0.368969855314971 -0
1.767578125 2.34355907911709 -4.2308113589112 0.368969886501118 -0
1.76953125 2.33522879141219 -4.29968062278623 0.368969917911418 -0
1.771484375 2.32676345168433 -4.36910666930546 0.368969949520197 -0
1.7734375 2.31816196848522 -4.43909347267544 0.36896998129992 -0
1.775390625 2.30942324280669 -4.50964479523837 0.368970013221105 -0
1.77734375 2.30054616850382 -4.58076417779613 0.368970045252244 -0
1.779296875 2.29152963273718 -4.65245492963088 0.368970077359716 -0
1.78125 2.28237251643495 -4.72472011821858 0.368970109507701 -0
1.783203125 2.27307369477538 -4.79756255863279 0.368970141658095 -0
1.78515625 2.26363203769029 -4.87098480263603 0.368970173770417 -0
1.787109375 2.25404641039009 -4.94498912745663 0.368970205801725 -0
1.7890625 2.24431567391116 -5.01957752424956 0.368970237706526 -0
1.791015625 2.23443868568599 -5.09475168624013 0.368970269436683 -0
1.79296875 2.22441430013678 -5.17051299655014 0.368970300941329 -0
1.794921875 2.21424136929321 -5.24686251570658 0.368970332166778 -0
1.796875 2.20391874343481 -5.32380096883391 0.368970363056435 -0
1.798828125 2.19344527175871 -5.40132873253128 0.368970393550711 -0
1.80078125 2.18281980307336 -5.47944582143729 0.368970423586935 -0
1.802734375 2.17204118651872 -5.55815187448544 0.368970453099273 -0
1.8046875 2.16110827231365 -5.6374461408544 0.368970482018645 -0
1.806640625 2.150019912531 -5.71732746561823 0.36897051027265 -0
1.80859375 2.13877496190108 -5.79779427510281 0.368970537785485 -0
1.810546875 2.12737227864388 -5.87884456195544 0.368970564477885 -0
1.8125 2.11581072533094 -5.96047586993641 0.368970590267046 -0
1.814453125 2.10408916977695 -6.04268527844178 0.368970615066574 -0
1.81640625 2.09220648596202 -6.12546938676862 0.368970638786424 -0
1.818359375 2.08016155498488 -6.2088242981348 0.368970661332861 -0
1.8203125 2.06795326604744 -6.29274560346719 0.368970682608411 -0
1.822265625 2.05558051747134 -6.3772283649735 0.368970702511838 -0
1.82421875 2.04304221774676 -6.46226709951455 0.36897072093812 -0
1.826171875 2.03033728661386 -6.54785576179563 0.368970737778436 -0
1.828125 2.01746465617724 -6.63398772739696 0.368970752920169 -0
1.830078125 2.00442327205371 -6.72065577566552 0.368970766246918 -0
1.83203125 1.99121209455355 -6.80785207249203 0.368970777638525 -0
1.833984375 1.97783009989554 -6.89556815299896 0.368970786971112 -0
1.8359375 1.9642762814559 -6.98379490416756 0.368970794117142 -0
1.837890625 1.95054965105114 -7.07252254743379 0.368970798945488 -0
1.83984375 1.93664924025499 -7.16174062128525 0.368970801321524 -0
1.841796875 1.92257410174924 -7.25143796389354 0.368970801107237 -0
1.84375 1.90832331070853 -7.34160269581857 0.368970798161353 -0
1.845703125 1.8938959662187 -7.43222220282376 0.368970792339492 -0
1.84765625 1.87929119272875 -7.52328311884333 0.36897078349434 -0
1.849609375 1.86450814153572 -7.61477130914554 0.368970771475846 -0
1.8515625 1.8495459923024 -7.70667185373774 0.368970756131445 -0
1.853515625 1.83440395460706 -7.79896903106204 0.368970737306308 -0
1.85546875 1.81908126952481 -7.89164630203249 0.368970714843617 -0
1.857421875 1.80357721123974 -7.98468629446735 0.368970688584868 -0
1.859375 1.78789108868705 -8.07807078797256 0.368970658370207 -0
1.861328125 1.77202224722422 -8.17178069933472 0.368970624038792 -0
1.86328125 1.75597007033027 -8.26579606848459 0.368970585429191 -0
1.865234375 1.73973398133171 -8.36009604509449 0.368970542379806 -0
1.8671875 1.72331344515412 -8.45465887587512 0.368970494729333 -0
1.869140625 1.70670797009782 -8.54946189263977 0.368970442317259 -0
1.87109375 1.689917109636 -8.64448150120602 0.368970384984383 -0
1.873046875 1.67294046423373 -8.73969317120715 0.368970322573379 -0
1.875 1.65577768318597 -8.83507142688724 0.36897025492939 -0
1.876953125 1.63842846647245 -8.93058983895604 0.368970181900655 -0
1.87890625 1.62089256662755 -9.02622101758099 0.368970103339172 -0
1.880859375 1.60316979062253 -9.12193660659559 0.368970019101387 -0
1.8828125 1.58526000175803 -9.21770727900419 0.368969929048926 -0
1.884765625 1.56716312156392 -9.31350273386458 0.368969833049345 -0
1.88671875 1.54887913170387 -9.40929169463034 0.368969730976921 -0
1.888671875 1.53040807588177 -9.50504190903548 0.36896962271346 -0
1.890625 1.5117500617467 -9.600720150604 0.368969508149141 -0
1.892578125 1.49290526279347 -9.69629222186697 0.368969387183372 -0
1.89453125 1.47387392025504 -9.7917229593691 0.36896925972568 -0
1.896484375 1.45465634498344 -9.8869762405459 0.368969125696602 -0
1.8984375 1.4352529193154 -9.98201499255147 0.368968985028607 -0
1.900390625 1.41566409891878 -10.0768012031149 0.368968837667014 -0
1.90234375 1.39589041461574 -10.1712959335013 0.368968683570925 -0
1.904296875 1.37593247417854 -10.2654593336516 0.368968522714154 -0
1.90625 1.35579096409366 -10.3592506595697 0.368968355086159 -0
1.908203125 1.3354666512896 -10.4526282930261 0.368968180692955 -0
1.91015625 1.31496038482403 -10.5455497636387 0.368967999558023 -0
1.912109375 1.29427309752538 -10.6379717733896 0.368967811723189 -0
1.9140625 1.27340580758422 -10.7298502236304 0.368967617249486 -0
1.916015625 1.25235962008933 -10.8211402446238 0.368967416217975 -0
1.91796875 1.23113572850366 -10.9117962276606 0.368967208730527 -0
1.919921875 1.20973541607503 -11.001771859788 0.368966994910559 -0
1.921875 1.18816005717636 -11.0910201611735 0.368966774903715 -0
1.923828125 1.16641111857045 -11.1794935251249 0.368966548878484 -0
1.92578125 1.14449016059385 -11.2671437607747 0.368966317026748 -0
1.927734375 1.12239883825492 -11.3539221384306 0.368966079564257 -0
1.9296875 1.1001389022406 -11.4397794375826 0.368965836731006 -0
1.931640625 1.07771219982686 -11.5246659975493 0.368965588791541 -0
1.93359375 1.05512067568767 -11.6085317707321 0.368965336035145 -0
1.935546875 1.03236637259744 -11.6913263784386 0.368965078775927 -0
1.9375 1.0094514320219 -11.7729991692231 0.368964817352801 -0
1.939453125 0.986378094592662 -11.8534992796804 0.368964552129335 -0
1.94140625 0.963148700460647 -11.9327756976186 0.368964283493486 -0
1.943359375 0.93976568952384 -12.0107773275221 0.368964011857195 -0
1.9453125 0.916231601525014 -12.0874530582067 0.368963737655852 -0
1.947265625 0.89254907601522 -12.1627518325527 0.368963461347625 -0
1.94921875 0.868720852179105 -12.2366227191928 0.368963183412636 -0
1.951171875 0.844749768518373 -12.3090149860161 0.368962904352005 -0
1.953125 0.820638762389979 -12.3798781753394 0.368962624686744 -0
1.955078125 0.796390869395953 -12.4491621805841 0.3689623449565 -0
1.95703125 0.772009222622073 -12.516817324284 0.368962065718166 0
1.958984375 0.747497051722969 -12.5827944372404 0.368961787544341 0
1.9609375 0.722857681851602 -12.6470449386263 0.368961511021649 0
1.962890625 0.69809453243146 -12.709520916835 0.368961236748936 0
1.96484375 0.673211115770216 -12.7701752108553 0.368960965335322 0
1.966796875 0.648211035514056 -12.8289614919475 0.36896069739815 0
1.96875 0.623097984942296 -12.8858343453872 0.368960433560805 0
1.970703125 0.597875745102387 -12.9407493520348 0.368960174450442 0
1.97265625 0.57254818278591 -12.9936631694828 0.368959920695615 0
1.974609375 0.547119248346595 -13.0445336125282 0.368959672923831 0
1.9765625 0.521592973361971 -13.0933197327129 0.368959431759028 0
1.978515625 0.495973468140686 -13.1399818966702 0.368959197819006 0
1.98046875 0.470264919078103 -13.1844818630175 0.368958971712823 0
1.982421875 0.444471585863273 -13.226782857531 0.368958754038154 0
1.984375 0.418597798540873 -13.2668496463411 0.368958545378661 0
1.986328125 0.392647954432253 -13.3046486068893 0.368958346301361 0
1.98828125 0.366626514920211 -13.3401477963916 0.368958157354026 0
1.990234375 0.340538002102599 -13.3733170175559 0.368957979062631 0
1.9921875 0.314386995320384 -13.4041278813118 0.368957811928863 0
1.994140625 0.288178127566224 -13.4325538663153 0.368957656427707 0
1.99609375 0.261916081780089 -13.4585703750016 0.368957513005139 0
1.998046875 0.235605587038874 -13.4821547859712 0.368957382075928 0
2 0.209251414647389 -13.5032865025045 0.368957264021568 0
