0 0.22206211611241 0 0.00481762038510899 -0
0.0390625 0.213820196340877 -0.414277268812316 0.00481123105947803 0
0.078125 0.189696704486448 -0.798204349372187 0.00479379995162488 0
0.1171875 0.151460481546175 -1.12339349424491 0.00477016824854876 -0
0.15625 0.101931587748565 -1.36542192623065 0.00474713562797279 -0
0.1953125 0.044786893559405 -1.50579602259712 0.00473158587182793 -0
0.234375 -0.0157087265168358 -1.53363941014544 0.00472830674001965 -0
0.2734375 -0.0750286853582073 -1.44678029786927 0.00473832213691871 -0
0.3125 -0.128738437287873 -1.25197761526143 0.00475852031053148 -0
0.3515625 -0.172839436550507 -0.964227235904253 0.00478276750566195 -0
0.390625 -0.204068690092893 -0.605323565907153 0.00480395498285897 -0
0.4296875 -0.220130340137003 -0.201990701815544 0.0048161032832614 -0
0.46875 -0.219849213672232 0.216121546193763 0.00481588349778102 0
0.5078125 -0.203245844340615 0.618419578328937 0.00480335520111454 0
0.546875 -0.171535184115284 0.975320239978361 0.00478195397357947 0
0.5859375 -0.127048950592306 1.26023429010748 0.00475772697101833 0
0.625 -0.073079380200637 1.45156931942835 0.00473778630167422 0
0.6640625 -0.0136450975119656 1.53458934120605 0.00472819371899929 0
0.703125 0.0468104120810858 1.5028326807168 0.0047319310437344 0
0.7421875 0.103763705669035 1.35877616247001 0.00474783150098081 0
0.78125 0.152964799774056 1.11357733618734 0.00477100319082516 0
0.8203125 0.19076193505867 0.785961615111493 0.00479452914413164 0
0.859375 0.214368050954641 0.400519577973305 0.00481164899137429 0
0.8984375 0.222052527087835 -0.0142615963391018 0.00481761282502666 -0
0.9375 0.213253863740649 -0.427999676008039 0.00481080005051233 -0
0.9765625 0.188615052399707 -0.81037878006588 0.00479306339029536 -0
1.015625 0.149943021548002 -1.13311291510396 0.00476933398598149 -0
1.0546875 0.10009060590721 -1.37194940063049 0.00474644861611872 -0
1.09375 0.0427594746237448 -1.50862838986328 0.00473125526941653 -0
1.1328125 -0.0177709870508594 -1.53255597051685 0.004728435553124 -0
1.171875 -0.0769714605728842 -1.44186565270364 0.00473887005062456 -0
1.2109375 -0.130416741168331 -1.2436128001882 0.00475931842606439 -0
1.25 -0.174128710587588 -0.953051477580573 0.00478357738236302 -0
1.2890625 -0.204873887854313 -0.592175896665381 0.00480454404645098 -0
1.328125 -0.22039245251457 -0.187842676904685 0.00481630843128884 -0
1.3671875 -0.219549096987492 0.230234007021576 0.00481564914490356 0
1.40625 -0.20240542071601 0.631462807782369 0.00480274489719464 0
1.4453125 -0.170216065129494 0.986329519616214 0.00478113706300603 0
1.484375 -0.125348426995993 1.26838208896374 0.00475693868959716 0
1.5234375 -0.0711237144292021 1.4562322841438 0.00473726274202743 0
1.5625 -0.011580279797259 1.53540567713992 0.00472809653231783 0
1.6015625 0.0488298540973545 1.49973863355023 0.00473229065682199 -0
1.640625 0.105586800948852 1.35201270633999 0.00474853598314958 -0
1.6796875 0.154455846780166 1.10366530734758 0.00477183852243767 -0
1.71875 0.191810653085382 0.773651638088682 0.00479525072510896 -0
1.7578125 0.214897381005845 0.386727779102994 0.00481205371174857 -0
1.796875 0.222023760827803 -0.0285219801435702 0.00481759014718142 0
1.8359375 0.212669101307128 -0.441685626558409 0.00481035610325552 0
1.875 0.187517071252927 -0.822483851690864 0.00479231970564752 0
1.9140625 0.148412550393779 -1.14273474033377 0.00476850069369641 0
1.953125 0.0982409196643519 -1.37835799899984 0.0047457707144952 0
1.9921875 0.0407283317219168 -1.51132952502717 0.00473093935946597 0
2.03125 -0.019831699478396 -1.53133912103576 0.00472858011016269 0
2.0703125 -0.0789075371090023 -1.43682582835425 0.00473942984139301 0
2.109375 -0.132083717318572 -1.23514058983583 0.00476012103424101 0
2.1484375 -0.175402895689926 -0.941793941809581 0.00478438332845281 0
2.1875 -0.205661369022445 -0.578977700652471 0.00480512219964159 0
2.2265625 -0.220635528553401 -0.173678675732023 0.00481649887650152 0
2.265625 -0.21923001556401 0.244326882622889 0.00481540029936288 -0
2.3046875 -0.201547490848487 0.64445213211128 0.00480212427075243 -0
2.34375 -0.168882192742816 0.99725411133841 0.0047803170524036 -0
2.3828125 -0.123637013400174 1.27642028533317 0.0047561557469285 -0
2.421875 -0.0691618579511623 1.46076877001647 0.00473675165076772 -0
2.4609375 -0.00951445324263716 1.53608834355589 0.0047280152163164 -0
2.5 0.0508450438891414 1.49651416223168 0.0047326645774854 -0
2.5390625 0.107400715681713 1.34513216508507 0.0047492488196718 -0
2.578125 0.155933494286412 1.09365828203953 0.00477267395331549 -0
2.6171875 0.192842768966051 0.761275484319184 0.00479596445471859 -0
2.65625 0.215408141498849 0.372903050333309 0.00481244509050671 -0
2.6953125 0.221975819773341 -0.0427799389668189 0.00481755235877796 0
2.734375 0.212065958767066 -0.455333950161377 0.00480989936077787 0
2.7734375 0.186402854916983 -0.834518514141251 0.00479156914591197 0
2.8125 0.146869199849781 -1.15225811957682 0.0047676686623639 0
2.8515625 0.0963826893250445 -1.38464714505856 0.00474510216916027 0
2.890625 0.0386936416420807 -1.51389918247247 0.00473063825953924 0
2.9296875 -0.021890684305617 -1.52998897256191 0.00472874035711313 0
2.96875 -0.0808367468393185 -1.43166128037625 0.00474000130364906 0
3.0078125 -0.133739221835011 -1.22656173825695 0.00476092785048927 0
3.046875 -0.176661882640642 -0.930455611917259 0.00478518507045 0
3.0859375 -0.206431066516047 -0.565730111726156 0.00480568925396041 -0
3.125 -0.220859547619248 -0.159499903732932 0.00481667455824659 -0
3.1640625 -0.218891996495183 0.258398972751956 0.00481513704055372 0
3.203125 -0.200672127873002 0.657386433243499 0.00480149352506411 0
3.2421875 -0.167533681398034 1.00809305846438 0.0047794942217154 0
3.28125 -0.121914857680472 1.28434816206375 0.00475537842215344 0
3.3203125 -0.0671939812368034 1.46517836633615 0.00473625321625462 0
3.359375 -0.00744779781046008 1.53663727823975 0.00472794980140599 0
3.3984375 0.0528558061256775 1.49315955966703 0.00473305266688703 0
3.4375 0.109205292788527 1.33813515613312 0.00474996975302961 0
3.4765625 0.157397615198577 1.08355714238628 0.00477350919379143 0
3.515625 0.193858194537454 0.748834224936367 0.00479667009605985 0
3.5546875 0.215900289021731 0.359046572226249 0.00481282300194434 0
3.59375 0.22190870799263 -0.0570342605383616 0.00481749947182234 -0
3.6328125 0.211444487417171 -0.46894347930512 0.00480942997040666 -0
3.671875 0.185272498671918 -0.846481722799624 0.00479081196197218 -0
3.7109375 0.145313102823451 -1.16168221063606 0.00476683818264813 -0
3.75 0.0945160759659756 -1.39081627298279 0.00474444322305245 -0
3.7890625 0.0366555814966701 -1.51633712848518 0.00473035208174431 -0
3.828125 -0.0239477621969293 -1.52850564808533 0.00472891623410396 -0
3.8671875 -0.0827589222599961 -1.42637247540248 0.0047405842277291 -0
3.90625 -0.135383111837748 -1.21787700852738 0.00476173858914864 -0
3.9453125 -0.177905563551198 -0.919037477661322 0.00478598233670874 -0
3.984375 -0.207182914780039 -0.552434267461555 0.00480624502476478 -0
4.0234375 -0.221064490696631 -0.145307567418862 0.0048168354205941 -0
4.0625 -0.218535068484638 0.272449078682135 0.00481485945251322 0
4.1015625 -0.19977940642459 0.670264597282754 0.00480085286697442 0
4.140625 -0.166170646821923 1.01884541120378 0.0047786688522748 0
4.1796875 -0.120182108674295 1.29216501142733 0.00475460699278596 0
4.21875 -0.0652202553041628 1.46946067373124 0.00473576762233656 0
4.2578125 -0.00538049353904145 1.53705243116217 0.00472790031205372 0
4.296875 0.0548619658803818 1.48967513049748 0.00473345478101832 0
4.3359375 0.111000376031074 1.33102230702483 0.00475069852309847 0
4.375 0.158848083616697 1.07336277823136 0.00477434395470259 0
4.4140625 0.194856843080399 0.736328936098955 0.00479736741523758 0
4.453125 0.216373781749428 0.345159527684131 0.00481318732477702 0
4.4921875 0.221822431180722 -0.0712837328518758 0.00481743150311918 -0
4.53125 0.210804740120375 -0.482513049358377 0.00480894808368978 -0
4.5703125 0.184126099199599 -0.858372438629676 0.0047900484072902 -0
4.609375 0.143744393352431 -1.17100617956171 0.00476600954510306 -0
4.6484375 0.0926412414213403 -1.39686482747078 0.00474379411589068 -0
4.6875 0.034614328706277 -1.5186431412828 0.00473008093268421 -0
4.7265625 -0.0260027539913786 -1.5268892827109 0.00472910767544204 0
4.765625 -0.084673896505512 -1.42095989108775 0.00474117839997009 0
4.8046875 -0.137015245482609 -1.20908717266407 0.00476255296357777 0
4.84375 -0.179133831869892 -0.907540535139119 0.00478677485750423 0
4.8828125 -0.207916849790353 -0.539091309059778 0.00480678933128778 0
4.921875 -0.221250340390187 -0.131102874288934 0.00481698141234964 0
4.9609375 -0.218159261844176 0.286476003294728 0.00481456762390166 -0
5 -0.198869402632787 0.683085514600664 0.00480020250684099 -0
5.0390625 -0.164793206015999 1.02951022674763 0.0047778412267128 -0
5.078125 -0.118438916168128 1.29987013519759 0.00475384173460516 -0
5.1171875 -0.0632408517036869 1.47361530421726 0.00473529504827134 -0
5.15625 -0.00331272052615426 1.53733376448493 0.00472786676677186 -0
5.1953125 0.0568633486466979 1.486061191062 0.00473387077076317 -0
5.234375 0.112785810025564 1.32379425534229 0.00475143486725193 -0
5.2734375 0.160284774845314 1.06307608704969 0.00477517794749023 -0
5.3125 0.195838629326321 0.723760698898488 0.00479805618142869 -0
5.3515625 0.216828579446758 0.331243101859944 0.00481353794216929 -0
5.390625 0.221716996659129 -0.0855271442532808 0.004817348474268 0
5.4296875 0.210146771301971 -0.496041498660886 0.00480845385635824 0
5.46875 0.182963754576248 -0.870189628268841 0.00478927873783101 0
5.5078125 0.142163206593468 -1.18022920073761 0.0047651830400679 0
5.546875 0.0907583482686217 -1.40279226380764 0.00474315508407513 0
5.5859375 0.0325700609834961 -1.52081701104194 0.00472982491340961 0
5.625 -0.0280554807190296 -1.52514002364136 0.00472931460964204 0
5.6640625 -0.0865815033634854 -1.41542401605182 0.00474178360280002 0
5.703125 -0.138635481973078 -1.20019301154242 0.00476337068626172 0
5.7421875 -0.180346582390237 -0.895965786695416 0.00478756236511734 0
5.78125 -0.208632809058658 -0.52570238125665 0.00480732199668478 0
5.8203125 -0.221417080925913 -0.116887032741594 0.00481711248706588 0
5.859375 -0.217764608491595 0.300478551167904 0.0048142616479818 -0
5.8984375 -0.197942194115921 0.695848079928818 0.0047995426584771 -0
5.9375 -0.163401477247156 1.04008656935937 0.00477701162886486 -0
5.9765625 -0.116685430884719 1.30746284472748 0.00475308292154785 -0
6.015625 -0.0612559425028211 1.47764188124404 0.00473483566864845 -0
6.0546875 -0.00124465891252853 1.53748125256572 0.0047278491781093 -0
6.09375 0.0588597803538757 1.48231806935831 0.00473430048196347 -0
6.1328125 0.114561440256089 1.31645164863658 0.00475217852046681 -0
6.171875 0.161707565403608 1.05269797385818 0.00477601088429887 -0
6.2109375 0.19680346946376 0.711130599266823 0.00479873616694744 -0
6.25 0.217264643471329 0.317298482067815 0.00481387474176236 -0
6.2890625 0.221592413375308 -0.0997632835288394 0.00481725041165834 0
6.328125 0.209470636945638 -0.509527668613957 0.00480794744828755 0
6.3671875 0.181785564264842 -0.881932264120898 0.0047885032119855 0
6.40625 0.140569678811193 -1.18935045696716 0.00476435895756186 -0
6.4453125 0.0888675598142827 -1.4085980479291 0.00474252636058897 -0
6.484375 0.0305229563167319 -1.52285853992454 0.00472958411937351 -0
6.5234375 -0.030105763617322 -1.52325803015883 0.00472953695945847 -0
6.5625 -0.0884815772894265 -1.40976534982139 0.00474239961482998 -0
6.6015625 -0.140243681572118 -1.19119531481313 0.00476419146891913 -0
6.640625 -0.181543711259202 -0.884314240830098 0.00478834459391786 -0
6.6796875 -0.20933073163697 -0.512268632231541 0.00480784284807886 -0
6.71875 -0.221564698152291 -0.102661251986322 0.00481722860305335 -0
6.7578125 -0.217351141948401 0.314455528665719 0.00481394162259708 0
6.796875 -0.196997859975282 0.708551192450938 0.00479887353909345 0
6.8359375 -0.161995580038172 1.05057351046559 0.00477618034367653 0
6.875 -0.114921804470158 1.31494246102575 0.00475233082560138 0
6.9140625 -0.0592657002705353 1.48154003974163 0.00473438965331326 0
6.953125 0.000823511134656955 1.53749488196141 0.00472784755264609 0
6.9921875 0.0608510873827 1.47844610500261 0.00473474375548682 0
7.03125 0.116327113087986 1.30899514435464 0.00475292921542893 0
7.0703125 0.163116333035407 1.04222935112604 0.00477684247807452 0
7.109375 0.197751281144708 0.698439727883686 0.00479940714730942 0
7.1484375 0.21768193677632 0.303326857693573 0.00481419761570086 0
7.1875 0.221448691902018 -0.113990939993284 0.00481713734646377 -0
7.2265625 0.208776394589344 -0.522970403771148 0.00480742902345753 -0
7.265625 0.180591629107397 -0.893599324448544 0.00478772209049237 -0
7.3046875 0.138963947366802 -1.19836913955874 0.00476353758717874 -0
7.34375 0.0869690400793705 -1.41428165648425 0.00474190817490161 -0
7.3828125 0.0284731929539698 -1.52476754210265 0.00472935864038877 -0
7.421875 -0.0321534241473991 -1.52124347360478 0.00472977464192036 -0
7.4609375 -0.090373953421404 -1.40398440277084 0.00474302621094723 -0
7.5 -0.141839705613871 -1.18209488081831 0.00476501502260905 -0
7.5390625 -0.182725115985334 -0.872586912105778 0.00478912128044674 -0
7.578125 -0.210010558122135 -0.498791213516309 0.00480835171660484 -0
7.6171875 -0.221693179541296 -0.0884267419553841 0.00481732972338962 -0
7.65625 -0.216918897337399 0.32840574402722 0.00481360765014893 0
7.6953125 -0.196036480789169 0.721193755895111 0.00479819536923825 0
7.734375 -0.160575635158094 1.06097012874655 0.00477534765710808 0
7.7734375 -0.113148189480845 1.32230831483273 0.00475158571669659 0
7.8125 -0.0572702980617867 1.48530942616487 0.00473395716729287 0
7.8515625 0.00289160943828557 1.53737465142971 0.00472786189099031 0
7.890625 0.0628370965811595 1.47444564918783 0.00473520042729608 -0
7.9296875 0.118082675781085 1.30142540976522 0.00475368668263933 -0
7.96875 0.164510956719067 1.03167113868482 0.00477767244266198 -0
8.0078125 0.198681983490837 0.685689180084289 0.00480006890129421 -0
8.046875 0.218080423913152 0.289329420105428 0.00481450646065817 -0
8.0859375 0.221285844436573 -0.128208903577975 0.0048170093146349 0
8.125 0.208064103321123 -0.536368551929064 0.00480689874991109 0
8.1640625 0.179382051317115 -0.90518979346591 0.0047869356363586 0
8.203125 0.137346150706599 -1.20728444841064 0.00476271921798076 0
8.2421875 0.0850629537850341 -1.41984257689708 0.00474130075287241 0
8.28125 0.0264209493865145 -1.52654384378165 0.00472914856058777 0
8.3203125 -0.0341982840104075 -1.51909653735863 0.00473002756836843 0
8.359375 -0.0922584675946286 -1.39808169606191 0.00474366316240988 0
8.3984375 -0.143423416515244 -1.17289251650726 0.00476584105783734 0
8.4375 -0.183890695446758 -0.860784821055344 0.00478989216349687 0
8.4765625 -0.210672230660193 -0.485271279904369 0.00480884843745214 0
8.515625 -0.221802514189287 -0.0741847132156306 0.00481741581592768 0
8.5546875 -0.216467911380164 0.342328007455655 0.00481325983757252 -0
8.59375 -0.195058138606814 0.733774678626104 0.00479750837273631 -0
8.6328125 -0.1591417646125 1.07127551022652 0.00477451385603841 -0
8.671875 -0.111364739370368 1.32955974669541 0.00475084786260115 -0
8.7109375 -0.0552699094019206 1.48894969853675 0.0047335383707242 -0
8.75 0.0049594558278159 1.53712057192934 0.00472789218777788 -0
8.7890625 0.0648176352800588 1.47031706464065 0.00473567032852117 -0
8.828125 0.119827976502867 1.29374312188399 0.00475445065052081 -0
8.8671875 0.165891316677245 1.02102426363818 0.00477850049290133 -0
8.90625 0.1995954970996 0.672880055767003 0.00480072121100656 -0
8.9453125 0.218460071034043 0.275307362564742 0.00481480117786078 -0
8.984375 0.22110388479997 -0.142415964919094 0.00481686635689127 0
9.0234375 0.207333823774738 -0.549720964218272 0.00480635679971181 0
9.0625 0.178156934470418 -0.916702661431041 0.00478614411477891 0
9.1015625 0.135716428350438 -1.21609559209549 0.00476190413839229 0
9.140625 0.0831494663379577 -1.42528030742711 0.00474070431665624 0
9.1796875 0.0243664043326956 -1.52818728322206 0.0047289539583848 0
9.21875 -0.0362401651637659 -1.51681741681471 0.00473029564449478 0
9.2578125 -0.0941349563559533 -1.39205776158231 0.00474431023694235 0
9.296875 -0.144994677787384 -1.1635890373516 0.0047666692846628 0
9.3359375 -0.185040349899047 -0.848908994089444 0.0047906569841929 -0
9.375 -0.211315692950622 -0.471709989359862 0.00480933284990618 -0
9.4140625 -0.221892692817786 -0.0599363768803315 0.00481748685330337 -0
9.453125 -0.215998222394398 0.356221131207781 0.00481289829631168 0
9.4921875 -0.194062916942179 0.746292873737735 0.00479681277662657 0
9.53125 -0.157694091633637 1.08148874836375 0.00477367922816771 0
9.5703125 -0.109571608476261 1.3366961070416 0.00475011752881336 0
9.609375 -0.0532647082710121 1.49246052649029 0.00473313341878381 0
9.6484375 0.00702687015579333 1.53673266661862 0.00472793843167498 0
9.6875 0.0667925313085677 1.46606072557717 0.00473615328553258 0
9.7265625 0.121562864341509 1.28594896739795 0.00475522084552482 0
9.765625 0.167257294386533 1.01028966027136 0.00477932634472335 0
9.8046875 0.20049174405021 0.660013459301108 0.00480136386193661 0
9.84375 0.218820845894432 0.261261880136897 0.00481508167311133 0
9.8828125 0.220902828435905 -0.156610915445883 0.00481670851871207 -0
9.921875 0.206585618125222 -0.563026495194336 0.00480580334889994 -0
9.9609375 0.176916383498847 -0.928136924738285 0.0047853477930538 -0
10 0.134074920880044 -1.22480178794416 0.00476109263609294 -0
