0 0.544039576907942 0 0.0283264148247899 -0
0.001953125 0.54399115292792 -0.0495841708679426 0.0283264146279721 0
0.00390625 0.543845888740489 -0.099160403007431 0.028326414037587 0
0.005859375 0.543603807603672 -0.148720757566585 0.02832641305384 0
0.0078125 0.543264948281245 -0.198257295448923 0.0283264116770739 0
0.009765625 0.542829365043325 -0.247762077196693 0.0283264099077694 0
0.01171875 0.542297127667195 -0.297227162880945 0.0283264077465463 0
0.013671875 0.541668321438321 -0.346644612000586 0.0283264051941646 0
0.015625 0.540943047151568 -0.396006483392645 0.0283264022515259 0
0.017578125 0.540121421112569 -0.44530483515595 0.0283263989196755 0
0.01953125 0.53920357513924 -0.49453172459042 0.0283263951998037 0
0.021484375 0.538189656563387 -0.543679208154136 0.0283263910932489 0
0.0234375 0.537079828232388 -0.592739341440356 0.0283263866014994 0
0.025390625 0.535874268510886 -0.641704179176586 0.0283263817261963 0
0.02734375 0.534573171282479 -0.690565775247821 0.0283263764691364 0
0.029296875 0.533176745951324 -0.739316182746006 0.0283263708322755 0
0.03125 0.531685217443628 -0.787947454047772 0.0283263648177315 0
0.033203125 0.53009882620895 -0.836451640922426 0.0283263584277878 0
0.03515625 0.528417828221274 -0.884820794672162 0.0283263516648972 0
0.037109375 0.526642494979762 -0.933046966306419 0.0283263445316857 0
0.0390625 0.52477311350914 -0.981122206752235 0.0283263370309562 0
0.041015625 0.522809986359636 -1.02903856710244 0.0283263291656928 0
0.04296875 0.520753431606396 -1.07678809890347 0.028326320939065 0
0.044921875 0.518603782848294 -1.12436285448447 0.0283263123544318 0
0.046875 0.516361389206066 -1.17175488732943 0.0283263034153462 0
0.048828125 0.514026615319664 -1.21895625249392 0.0283262941255595 0
0.05078125 0.511599841344762 -1.26595900706789 0.0283262844890257 0
0.052734375 0.509081462948305 -1.31275521068622 0.0283262745099062 0
0.0546875 0.506471891303019 -1.35933692608819 0.0283262641925739 0
0.056640625 0.503771553080773 -1.40569621972738 0.0283262535416177 0
0.05859375 0.500980890444708 -1.45182516243322 0.0283262425618472 0
0.060546875 0.498100361040018 -1.49771583012535 0.0283262312582963 0
0.0625 0.495130437983281 -1.54336030458198 0.0283262196362283 0
0.064453125 0.492071609850245 -1.58875067426323 0.0283262077011391 0
0.06640625 0.48892438066194 -1.63387903519041 0.0283261954587617 0
0.068359375 0.485689269869032 -1.67873749188218 0.0283261829150699 0
0.0703125 0.482366812334276 -1.72331815834825 0.0283261700762818 0
0.072265625 0.478957558312984 -1.76761315914141 0.0283261569488631 0
0.07421875 0.47546207343138 -1.81161463046848 0.0283261435395306 0
0.076171875 0.471880938662717 -1.85531472136065 0.0283261298552547 0
0.078125 0.468214750301065 -1.89870559490366 0.0283261159032626 0
0.080078125 0.464464119932624 -1.94177942952804 0.0283261016910399 0
0.08203125 0.460629674404471 -1.98452842035983 0.0283260872263333 0
0.083984375 0.456712055790594 -2.02694478063161 0.0283260725171516 0
0.0859375 0.452711921355128 -2.06902074315408 0.0283260575717677 0
0.087890625 0.448629943512648 -2.11074856184802 0.0283260423987191 0
0.08984375 0.44446680978541 -2.15212051333628 0.0283260270068084 0
0.091796875 0.440223222757428 -2.1931288985958 0.0283260114051033 0
0.09375 0.43589990002527 -2.2337660446689 0.0283259956029368 0
0.095703125 0.43149757414544 -2.27402430643352 0.0283259796099055 0
0.09765625 0.427016992578264 -2.31389606843172 0.0283259634358689 0
0.099609375 0.422458917628129 -2.35337374675564 0.028325947090947 0
0.1015625 0.417824126379999 -2.39244979099014 0.0283259305855187 0
0.103515625 0.413113410632074 -2.43111668621098 0.0283259139302181 0
0.10546875 0.408327576824488 -2.46936695503768 0.0283258971359314 0
0.107421875 0.403467445963958 -2.50719315973963 0.0283258802137932 0
0.109375 0.398533853544255 -2.54458790439428 0.0283258631751811 0
0.111328125 0.393527649462418 -2.58154383709595 0.0283258460317112 0
0.11328125 0.388449697930599 -2.61805365221361 0.028325828795232 0
0.115234375 0.383300877383458 -2.65411009269618 0.0283258114778183 0
0.1171875 0.378082080381004 -2.6897059524234 0.0283257940917636 0
0.119140625 0.372794213506804 -2.72483407860052 0.0283257766495731 0
0.12109375 0.367438197261471 -2.75948737419478 0.0283257591639553 0
0.123046875 0.362014965951356 -2.79365880041161 0.0283257416478129 0
0.125 0.356525467572363 -2.82734137920838 0.0283257241142337 0
0.126953125 0.350970663688823 -2.86052819584342 0.0283257065764802 0
0.12890625 0.34535152930735 -2.89321240145785 0.028325689047979 0
0.130859375 0.339669052745628 -2.92538721568789 0.0283256715423099 0
0.1328125 0.333924235496069 -2.95704592930495 0.0283256540731933 0
0.134765625 0.328118092084281 -2.98818190688089 0.0283256366544782 0
0.13671875 0.322251649922316 -3.01878858947574 0.0283256193001291 0
0.138671875 0.316325949156641 -3.04885949734491 0.0283256020242124 0
0.140625 0.310342042510812 -3.07838823266321 0.0283255848408822 0
0.142578125 0.304300995122801 -3.10736848226253 0.0283255677643656 0
0.14453125 0.298203884376974 -3.13579402038012 0.0283255508089476 0
0.146484375 0.292051799730691 -3.1636587114145 0.0283255339889555 -0
0.1484375 0.285845842535511 -3.19095651268565 0.0283255173187427 -0
0.150390625 0.279587125853012 -3.2176814771964 0.0283255008126724 -0
0.15234375 0.273276774265213 -3.2438277563916 0.0283254844851002 -0
0.154296875 0.266915923679608 -3.26938960291187 0.0283254683503573 -0
0.15625 0.260505721128838 -3.29436137333843 0.0283254524227326 -0
0.158203125 0.254047324565004 -3.31873753092577 0.028325436716455 -0
0.16015625 0.247541902648659 -3.34251264831852 0.0283254212456745 -0
0.162109375 0.24099063453251 -3.3656814102493 0.0283254060244448 -0
0.1640625 0.234394709639873 -3.38823861621389 0.0283253910667038 -0
0.166015625 0.227755327437925 -3.41017918312037 0.0283253763862549 -0
0.16796875 0.221073697205809 -3.43149814790863 0.0283253619967486 -0
0.169921875 0.214351037797657 -3.45219067013698 0.0283253479116629 -0
0.171875 0.207588577400587 -3.47225203453206 0.0283253341442844 -0
0.173828125 0.200787553287766 -3.491677653499 0.0283253207076896 -0
0.17578125 0.193949211566606 -3.51046306958807 0.0283253076147253 -0
0.177734375 0.187074806922187 -3.52860395791458 0.0283252948779904 -0
0.1796875 0.180165602356002 -3.54609612852865 0.0283252825098163 -0
0.181640625 0.173222868920122 -3.56293552873156 0.0283252705222494 -0
0.18359375 0.166247885446895 -3.57911824533532 0.0283252589270318 -0
0.185546875 0.159241938274281 -3.59464050686237 0.0283252477355837 -0
0.1875 0.152206320966963 -3.60949868568213 0.0283252369589855 -0
0.189453125 0.145142334033335 -3.6236893000815 0.0283252266079607 -0
0.19140625 0.13805128463852 -3.63720901626612 0.0283252166928584 -0
0.193359375 0.130934486313546 -3.65005465028965 0.0283252072236375 -0
0.1953125 0.123793258660826 -3.66222316990804 0.0283251982098499 -0
0.197265625 0.116628927056093 -3.67371169635634 0.0283251896606256 -0
0.19921875 0.109442822346934 -3.6845175060451 0.0283251815846576 -0
0.201171875 0.102236280548104 -3.69463803217411 0.0283251739901877 -0
0.203125 0.095010642533754 -3.70407086626087 0.0283251668849926 -0
0.205078125 0.0877672537267723 -3.71281375958166 0.0283251602763713 -0
0.20703125 0.0805074637853882 -3.72086462452288 0.0283251541711327 -0
0.208984375 0.0732326262872298 -3.72822153584077 0.0283251485755844 -0
0.2109375 0.0659440984110102 -3.73488273182746 0.0283251434955217 -0
0.212890625 0.0586432406160288 -3.74084661538171 0.028325138936218 -0
0.21484375 0.0513314163196754 -3.7461117549826 0.0283251349024159 -0
0.216796875 0.044009991573128 -3.75067688556471 0.0283251313983188 -0
0.21875 0.0366803347354382 -3.75454090929351 0.0283251284275842 -0
0.220703125 0.0293438161462002 -3.75770289623965 0.028325125993317 -0
0.22265625 0.0220018077970021 -3.76016208495126 0.0283251240980641 -0
0.224609375 0.0146556830018594 -3.76191788292322 0.0283251227438105 -0
0.2265625 0.00730681606683325 -3.76296986696282 0.0283251219319755 -0
0.228515625 -4.34180409641504e-05 -3.76331778345115 0.0283251216634102 -0
0.23046875 -0.00739364402477279 -3.76296154849982 0.0283251219383963 -0
0.232421875 -0.0147424865897916 -3.76190124800288 0.0283251227566454 -0
0.234375 -0.022088570774784 -3.76013713758365 0.0283251241172996 -0
0.236328125 -0.0294305222834777 -3.75766964243677 0.0283251260189329 -0
0.23828125 -0.0367669678155527 -3.75449935706559 0.0283251284595538 -0
0.240234375 -0.0440965353970152 -3.75062704491527 0.0283251314366086 -0
0.2421875 -0.051417854709753 -3.74605363790227 0.0283251349469858 -0
0.244140625 -0.0587295574200709 -3.74078023584088 0.0283251389870217 -0
0.24609375 -0.0660302775060064 -3.73480810576769 0.0283251435525062 -0
0.248046875 -0.073318651583226 -3.72813868116505 0.0283251486386905 -0
0.25 -0.0805933192293074 -3.72077356108468 0.028325154240295 -0
0.251953125 -0.087852923306213 -3.71271450917286 0.0283251603515182 -0
0.25390625 -0.0950961102807639 -3.70396345259852 0.0283251669660465 -0
0.255859375 -0.102321530542926 -3.6945224808861 0.0283251740770653 -0
0.2578125 -0.109527838721725 -3.68439384465475 0.0283251816772699 -0
0.259765625 -0.116713693998609 -3.67357995426585 0.0283251897588778 -0
0.26171875 -0.123877760418076 -3.66208337838097 0.0283251983136419 -0
0.263671875 -0.131018707195409 -3.64990684243233 0.028325207332864 -0
0.265625 -0.138135209021327 -3.63705322700813 0.028325216807409 -0
0.267578125 -0.14522594636341 -3.62352556615507 0.02832522672772 -0
0.26953125 -0.152289605764121 -3.60932704560074 0.0283252370838336 -0
0.271484375 -0.159324880135288 -3.59446100089839 0.028325247865396 -0
0.2734375 -0.16633046904888 -3.57893091549675 0.0283252590616795 -0
0.275390625 -0.173305079023947 -3.56274041873797 0.0283252706615996 -0
0.27734375 -0.180247423809575 -3.54589328378635 0.028325282653732 -0
0.279296875 -0.187156224663737 -3.52839342549098 0.0283252950263309 -0
0.28125 -0.194030210627899 -3.51024489818532 0.0283253077673468 -0
0.283203125 -0.200868118797274 -3.49145189342695 0.0283253208644447 -0
0.28515625 -0.207668694586598 -3.47201873768058 0.0283253343050228 -0
0.287109375 -0.214430691991338 -3.45194988994767 0.0283253480762313 -0
0.2890625 -0.221152873844206 -3.43124993934593 0.0283253621649913 -0
0.291015625 -0.227834012066908 -3.40992360264213 0.0283253765580137 -0
0.29296875 -0.234472887917027 -3.38797572174153 0.0283253912418184 -0
0.294921875 -0.241068292229961 -3.3654112611374 0.0283254062027531 -0
0.296875 -0.247619025655845 -3.34223530532409 0.0283254214270125 -0
0.298828125 -0.254123898891384 -3.31845305617713 0.0283254369006573 -0
0.30078125 -0.260581732906537 -3.29406983030372 0.0283254526096327 -0
0.302734375 -0.266991359166007 -3.26909105636732 0.0283254685397873 -0
0.3046875 -0.273351619845472 -3.24352227238955 0.0283254846768917 -0
0.306640625 -0.279661368042529 -3.21736912303308 0.0283255010066564 -0
0.30859375 -0.28591946798232 -3.19063735686883 0.0283255175147497 -0
0.310546875 -0.292124795217798 -3.16333282363101 0.0283255341868158 -0
0.3125 -0.298276236824628 -3.13546147146326 0.0283255510084915 -0
0.314453125 -0.304372691590701 -3.10702934415947 0.0283255679654237 -0
0.31640625 -0.310413070200251 -3.07804257840237 0.0283255850432854 -0
0.318359375 -0.316396295412585 -3.04850740100335 0.0283256022277924 -0
0.3203125 -0.322321302235421 -3.01843012614667 0.0283256195047181 -0
0.322265625 -0.328187038092846 -2.98781715264125 0.0283256368599095 -0
0.32421875 -0.333992462987926 -2.95667496118312 0.0283256542793013 -0
0.326171875 -0.339736549659968 -2.92501011163165 0.0283256717489303 -0
0.328125 -0.345418283736487 -2.89282924030246 0.028325689254949 -0
0.330078125 -0.351036663879899 -2.86013905728004 0.0283257067836384 -0
0.33203125 -0.356590701928987 -2.8269463437527 0.0283257243214207 -0
0.333984375 -0.362079423035183 -2.79325794937281 0.028325741854871 -0
0.3359375 -0.367501865793724 -2.7590807896449 0.0283257593707288 -0
0.337890625 -0.372857082369733 -2.7244218433441 0.0283257768559085 -0
0.33984375 -0.378144138619287 -2.68928814996759 0.0283257942975096 -0
0.341796875 -0.383362114205544 -2.65368680722126 0.028325811682826 -0
0.34375 -0.388510102709995 -2.61762496854398 0.028325828999355 -0
0.345703125 -0.393587211738919 -2.58110984067158 0.0283258462348054 -0
0.34765625 -0.398592563025119 -2.54414868124268 0.0283258633771052 -0
0.349609375 -0.403525292525023 -2.50674879644835 0.0283258804144087 -0
0.3515625 -0.408384550511245 -2.46891753872736 0.0283258973351025 -0
0.353515625 -0.413169501660677 -2.43066230450897 0.0283259141278116 -0
0.35546875 -0.417879325138233 -2.39199053200469 0.0283259307814048 -0
0.357421875 -0.42251321467632 -2.35290969905071 0.0283259472849985 -0
0.359375 -0.42707037865015 -2.31342732100243 0.0283259636279616 -0
0.361328125 -0.431550040148986 -2.27355094868224 0.0283259797999185 -0
0.36328125 -0.43595143704344 -2.23328816638192 0.028325995790752 -0
0.365234375 -0.440273822048916 -2.19264658992077 0.0283260115906059 -0
0.3671875 -0.444516462785318 -2.15163386476024 0.0283260271898864 -0
0.369140625 -0.448678641833135 -2.11025766417615 0.028326042579264 -0
0.37109375 -0.452759656786006 -2.06852568748917 0.0283260577496739 -0
0.373046875 -0.45675882029989 -2.02644565835414 0.0283260726923166 -0
0.375 -0.460675460138952 -1.98402532310887 0.0283260873986579 -0
0.376953125 -0.464508919218284 -1.94127244918276 0.0283261018604281 -0
0.37890625 -0.468258555643572 -1.8981948235656 0.0283261160696212 -0
0.380859375 -0.471923742747837 -1.85480025133671 0.0283261300184937 -0
0.3828125 -0.475503869125356 -1.8110965542546 0.0283261436995632 -0
0.384765625 -0.478998338662894 -1.76709156940698 0.0283261571056054 -0
0.38671875 -0.482406570568352 -1.72279314792124 0.028326170229653 -0
0.388671875 -0.485727999396961 -1.67820915373493 0.0283261830649922 -0
0.390625 -0.488962075075129 -1.63334746242619 0.0283261956051602 -0
0.392578125 -0.492108262922064 -1.58821596010346 0.0283262078439418 -0
0.39453125 -0.495166043669284 -1.54282254235415 0.028326219775366 -0
0.396484375 -0.498134913478135 -1.49717511325163 0.0283262313937028 -0
0.3984375 -0.501014383955423 -1.45128158441974 0.0283262426934589 -0
0.400390625 -0.503803982167274 -1.40514987415417 0.0283262536693739 -0
0.40234375 -0.506503250651337 -1.3587879065998 0.0283262643164163 -0
0.404296875 -0.50911174742743 -1.31220361098295 0.0283262746297795 -0
0.40625 -0.51162904600674 -1.26540492089769 0.0283262846048769 -0
0.408203125 -0.514054735399686 -1.21839977364487 0.0283262942373382 -0
0.41015625 -0.51638842012254 -1.17119610962285 0.0283263035230045 -0
0.412109375 -0.518629720202901 -1.12380187176858 0.0283263124579242 -0
0.4140625 -0.520778271184136 -1.07622500504767 0.0283263210383484 -0
0.416015625 -0.522833724128868 -1.02847345599213 0.0283263292607264 -0
0.41796875 -0.524795745621605 -0.980555172284139 0.0283263371217014 -0
0.419921875 -0.526664017770603 -0.932478102384457 0.0283263446181062 -0
0.421875 -0.528438238209044 -0.884250195203814 0.0283263517469589 -0
0.423828125 -0.530118120095618 -0.835879399815571 0.0283263585054585 -0
0.42578125 -0.531703392114574 -0.787373665207987 0.0283263648909814 -0
0.427734375 -0.533193798475337 -0.738740940074296 0.0283263709010766 -0
0.4296875 -0.534589098911739 -0.68998917263877 0.0283263765334626 -0
0.431640625 -0.535889068680957 -0.641126310516897 0.0283263817860236 -0
0.43359375 -0.537093498562196 -0.592160300607759 0.0283263866568057 -0
0.435546875 -0.538202194855206 -0.543099089016644 0.028326391144014 -0
0.4375 -0.539214979378667 -0.493950621005902 0.028326395246009 -0
0.439453125 -0.54013168946851 -0.44472284097201 0.0283263989613043 -0
0.44140625 -0.540952177976214 -0.395423692446763 0.0283264022885634 -0
0.443359375 -0.54167631326713 -0.346061118120519 0.0283264052265975 -0
0.4453125 -0.542303979218872 -0.296643059885341 0.0283264077743632 -0
0.447265625 -0.542835075219808 -0.247177458895907 0.0283264099309605 -0
0.44921875 -0.543269516167685 -0.197672255646002 0.028326411695631 -0
0.451171875 -0.543607232468425 -0.148135390058401 0.0283264130677566 -0
0.453125 -0.5438481700351 -0.0985748015859312 0.0283264140468582 -0
0.455078125 -0.54399229028712 -0.0489984293214918 0.0283264146325948 -0
0.45703125 -0.544039570149637 0.000585787885208862 0.0283264148247624 0
0.458984375 -0.543990002053193 0.0501699113064391 0.0283264146232944 0
0.4609375 -0.543843593933597 0.0997460022130049 0.0283264140282608 0
0.462890625 -0.543600369232049 0.149306121750837 0.0283264130398686 0
0.46484375 -0.543260366895507 0.198842330819856 0.0283264116584621 0
0.466796875 -0.542823641377284 0.248346689957369 0.0283264098845237 0
0.46875 -0.542290262637861 0.297811259228236 0.0283264077186749 0
0.470703125 -0.541660316145923 0.347228098124045 0.0283264051616772 0
0.47265625 -0.540933902879564 0.396589265473522 0.0283264022144341 0
0.474609375 -0.540111139327667 0.445886819366376 0.0283263988779924 0
0.4765625 -0.539192157491414 0.495112817092796 0.0283263951535444 0
0.478515625 -0.538177104885899 0.544259315100738 0.0283263910424301 0
0.48046875 -0.537066144541802 0.593318368973192 0.0283263865461395 0
0.482421875 -0.535859455007097 0.642282033427528 0.0283263816663156 0
0.484375 -0.534557230348726 0.691142362339026 0.0283263764047571 0
0.486328125 -0.53315968015421 0.739891408790673 0.0283263707634218 0
0.48828125 -0.531667029533137 0.788521225151231 0.0283263647444292 0
0.490234375 -0.530079519118463 0.837023863183604 0.028326358350065 0
0.4921875 -0.528397405067576 0.885391374185443 0.0283263515827839 0
0.494140625 -0.526620959063052 0.933615809163912 0.0283263444452139 0
0.49609375 -0.52475046831303 0.981689219046483 0.0283263369401601 0
0.498046875 -0.522786235551151 1.02960365492959 0.0283263290706089 0
0.5 -0.520728579035961 1.0773511683669 0.0283263208397317 0
0.501953125 -0.518577832549718 1.12492381169894 0.02832631225089 0
0.50390625 -0.516334345396512 1.17231363842577 0.028326303307639 0
0.505859375 -0.513998482399617 1.21951270362417 0.0283262940137324 0
0.5078125 -0.51157062389798 1.2665130644111 0.0283262843731268 0
0.509765625 -0.509051165741761 1.31330678045474 0.0283262743899858 0
0.51171875 -0.506440519286829 1.3598859145346 0.0283262640686849 0
0.513671875 -0.503739111388111 1.40624253315198 0.0283262534138157 0
0.515625 -0.500947384391704 1.45236870719217 0.0283262424301903 0
0.517578125 -0.498065796125641 1.49825651263943 0.0283262311228454 0
0.51953125 -0.495094819889206 1.543898031346 0.0283262194970469 0
0.521484375 -0.492034944440696 1.58928535185607 0.0283262075582935 0
0.5234375 -0.488886673983519 1.63441057028577 0.0283261953123212 0
0.525390625 -0.485650528150517 1.67926579125997 0.0283261827651064 0
0.52734375 -0.482327041986409 1.72384312890666 0.0283261699228703 0
0.529296875 -0.478916765928226 1.76813470790971 0.0283261567920814 0
0.53125 -0.475420265783637 1.81213266462052 0.0283261433794596 0
0.533203125 -0.471838122707052 1.855829148229 0.0283261296919784 0
0.53515625 -0.468170933173367 1.8992163219945 0.0283261157368678 0
0.537109375 -0.464419308949261 1.94228636453682 0.0283261015216166 0
0.5390625 -0.460583877061896 1.98503147118751 0.0283260870539745 0
0.541015625 -0.456665279764934 2.02744385540176 0.0283260723419536 0
0.54296875 -0.452664174501732 2.0695157502306 0.0283260573938298 0
0.544921875 -0.448581233865596 2.11123940985357 0.0283260422181437 0
0.546875 -0.444417145556992 2.15260711117149 0.0283260268237011 0
0.548828125 -0.440172612337582 2.19361115545912 0.0283260112195729 0
0.55078125 -0.43584835198098 2.23424387007716 0.028325995415095 0
0.552734375 -0.431445097220094 2.27449761024322 0.0283259794198673 0
0.5546875 -0.426963595690967 2.31436476086096 0.0283259632437523 0
0.556640625 -0.42240460987298 2.35383773840675 0.0283259468968732 0
0.55859375 -0.417768917025316 2.39290899287294 0.0283259303896117 0
0.560546875 -0.413057309119571 2.43157100976674 0.0283259137326051 0
0.5625 -0.408270592768414 2.46981631216368 0.0283258969367426 0
0.564453125 -0.403409589150181 2.50763746281437 0.0283258800131615 0
0.56640625 -0.398475133929296 2.54502706630327 0.0283258629732423 0
0.568359375 -0.393468077172434 2.58197777125809 0.0283258458286041 0
0.5703125 -0.388389283260319 2.61848227260816 0.0283258285910979 0
0.572265625 -0.383239630795058 2.65453331389028 0.028325811272801 0
0.57421875 -0.378020012502935 2.69012368960009 0.0283257938860097 0
0.576171875 -0.372731335132558 2.7252462475873 0.0283257764432317 0
0.578125 -0.367374519348297 2.75989389149263 0.0283257589571776 0
0.580078125 -0.361950499618915 2.79405958322447 0.0283257414407524 0
0.58203125 -0.356460224101326 2.82773634547306 0.0283257239070461 0
0.583984375 -0.350904654519411 2.86091726425991 0.0283257063693232 0
0.5859375 -0.345284766037811 2.89359549152002 0.0283256888410123 0
0.587890625 -0.339601547130661 2.92576424771452 0.0283256713356946 0
0.58984375 -0.333855999445176 2.95741682447107 0.0283256538670924 0
0.591796875 -0.328049137660071 2.98854658724942 0.0283256364490559 0
0.59375 -0.322181989338733 3.01914697802932 0.0283256190955512 0
0.595703125 -0.316255594777144 3.04921151801804 0.0283256018206455 0
0.59765625 -0.310271006846475 3.07873381037452 0.028325584638494 0
0.599609375 -0.304229290830368 3.10770754294713 0.0283255675633245 0
0.6015625 -0.298131524256838 3.13612649102219 0.0283255506094226 0
0.603515625 -0.291978796724813 3.16398452007983 0.0283255337911162 0
0.60546875 -0.285772209725276 3.1912755885543 0.0283255171227587 0
0.607421875 -0.279512876457022 3.21799375059527 0.0283255006187133 0
0.609375 -0.273201921637013 3.24413315882705 0.0283254842933355 0
0.611328125 -0.266840481305354 3.26968806710216 0.0283254681609562 0
0.61328125 -0.260429702624896 3.29465283324613 0.0283254522358636 0
0.615234375 -0.253970743675487 3.31902192178991 0.0283254365322855 0
0.6171875 -0.247464773242904 3.34278990668659 0.0283254210643714 0
0.619140625 -0.240912970602492 3.36595147400902 0.0283254058461734 0
0.62109375 -0.234316525297556 3.38850142462463 0.0283253908916279 0
0.623046875 -0.227676636912552 3.41043467684428 0.0283253762145368 0
0.625 -0.220994514841133 3.43174626904144 0.0283253618285485 0
0.626953125 -0.214271378049109 3.45243136223828 0.0283253477471389 0
0.62890625 -0.20750845483239 3.47248524265524 0.0283253339835924 0
0.630859375 -0.200706982569987 3.49190332422064 0.0283253205509825 0
0.6328125 -0.193868207472153 3.51068115103679 0.0283253074621536 0
0.634765625 -0.186993384323749 3.52881439979935 0.0283252947297013 0
0.63671875 -0.180083776222937 3.54629888216648 0.0283252823659539 0
0.638671875 -0.173140654315287 3.56313054707452 0.0283252703829542 0
0.640625 -0.166165297523427 3.57930548299689 0.0283252587924406 0
0.642578125 -0.15915899227233 3.59481992014303 0.0283252476058293 0
0.64453125 -0.152123032210368 3.60967023259425 0.0283252368341969 0
0.646484375 -0.145058717926259 3.62385294037337 0.0283252264882622 0
0.6484375 -0.137967356662035 3.63736471144518 0.0283252165783702 0
0.650390625 -0.130850262022176 3.65020236364481 0.0283252071144746 0
0.65234375 -0.123708753679047 3.66236286653117 0.0283251981061227 0
0.654296875 -0.116544157074789 3.67384334316276 0.0283251895624395 0
0.65625 -0.109357803119818 3.68464107179313 0.0283251814921126 0
0.658203125 -0.102151027888097 3.69475348748364 0.0283251739033783 0
0.66015625 -0.0949251723093347 3.70417818363089 0.028325166804008 0
0.662109375 -0.0876815818582885 3.71291291340676 0.0283251602012947 0
0.6640625 -0.0804216062413395 3.72095559110867 0.0283251541020417 0
0.666015625 -0.0731465990805203 3.7283042934182 0.0283251485125503 0
0.66796875 -0.0658579175951747 3.73495726056603 0.02832514343861 0
0.669921875 -0.0585569222814342 3.74091289740155 0.0283251388854878 0
0.671875 -0.0512449765896999 3.74616977436537 0.0283251348579199 0
0.673828125 -0.0439234466003195 3.75072662836337 0.0283251313601036 0
0.67578125 -0.0365937006976555 3.75458236354084 0.0283251283956897 0
0.677734375 -0.0292571092427381 3.75773605195567 0.0283251259677764 0
0.6796875 -0.0219150442447036 3.76018693414931 0.0283251240789042 0
0.681640625 -0.0145688790312173 3.76193441961493 0.0283251227310514 0
0.68359375 -0.00721998791808281 3.7629780871618 0.0283251219256306 0
0.685546875 0.00013025412175843 3.76331768517542 0.0283251216634861 0
0.6875 0.00748047178963367 3.76295313177309 0.028325121944893 0
0.689453125 0.0148292897927471 3.76188451485448 0.028325122769556 0
0.69140625 0.022175333175784 3.76011209204732 0.0283251241366106 0
0.693359375 0.0295172276523069 3.75763629054815 0.0283251260446241 0
0.6953125 0.0368535999357377 3.75445770685849 0.0283251284915982 0
0.697265625 0.0441830780697229 3.75057710641671 0.0283251314749728 0
0.69921875 0.051504291757678 3.74599542312632 0.0283251349916297 0
0.701171875 0.0588158726913101 3.74071375878127 0.0283251390378987 0
0.703125 0.0661164548779173 3.73473338238922 0.0283251436095634 0
0.705078125 0.0734046749662679 3.7280557293938 0.0283251487018686 0
0.70703125 0.0806791725708619 3.72068240079711 0.0283251543095284 0
0.708984375 0.0879385905943816 3.71261516218365 0.0283251604267353 0
0.7109375 0.0951815755481417 3.7038559426474 0.0283251670471699 0
0.712890625 0.102406777870348 3.69440683362346 0.0283251741640114 0
0.71484375 0.109612852241983 3.68427008762617 0.0283251817699494 0
0.716796875 0.116798457900138 3.67344811689563 0.028325189857196 0
0.71875 0.123962258948607 3.66194349195456 0.0283251984174988 0
0.720703125 0.131102924665585 3.64975894007773 0.0283252074421541 0
0.72265625 0.138219129808286 3.63689734367631 0.0283252169220219 0
0.724609375 0.145309554914321 3.62336173859945 0.0283252268475403 0
0.7265625 0.15237288659969 3.60915531235572 0.0283252372087412 0
0.728515625 0.15940781785321 3.59428140225695 0.0283252479952663 0
0.73046875 0.166413048327256 3.57874349348726 0.0283252591963836 0
0.732421875 0.173387284624645 3.56254521710009 0.0283252708010045 0
0.734375 0.180329240581553 3.54569034794616 0.0283252827977008 0
0.736328125 0.18723763754631 3.52818280253534 0.028325295174723 0
0.73828125 0.194111204653957 3.51002663683554 0.0283253079200181 0
0.740234375 0.200948679096448 3.49122604401172 0.0283253210212478 0
0.7421875 0.207748806388378 3.47178535210828 0.0283253344658073 0
0.744140625 0.214510340628121 3.45170902167803 0.0283253482408441 0
0.74609375 0.221232044754307 3.43100164336122 0.0283253623332765 0
0.748046875 0.227912690797501 3.40966793541767 0.0283253767298132 0
0.75 0.234551060127033 3.38771274121583 0.0283253914169718 0
0.751953125 0.241145943692876 3.3651410266818 0.0283254063810982 0
0.75390625 0.247696142262508 3.34195787771199 0.0283254216083854 0
0.755859375 0.254200466652688 3.31816849755284 0.0283254370848925 0
0.7578125 0.260657737956074 3.29377820415104 0.0283254527965636 0
0.759765625 0.267066787762653 3.26879242747773 0.0283254687292463 0
0.76171875 0.273426458375909 3.24321670683028 0.0283254848687103 0
0.763671875 0.279735603023709 3.21705668811486 0.0283255012006654 0
0.765625 0.285993086063858 3.19031812111356 0.0283255177107796 0
0.767578125 0.292197783184309 3.16300685673924 0.028325534384697 0
0.76953125 0.298348581597995 3.13512884428165 0.0283255512080543 0
0.771484375 0.304444380232284 3.10669012864815 0.0283255681664987 0
0.7734375 0.310484089913027 3.07769684760233 0.0283255852457036 0
0.775390625 0.31646663354323 3.04815522900386 0.0283256024313852 0
0.77734375 0.322390946276324 3.01807158805274 0.028325619709318 0
0.779296875 0.328255975684061 2.98745232454125 0.0283256370653497 0
0.78125 0.334060681919063 2.95630392011648 0.0283256544854163 0
0.783203125 0.339804037872016 2.92463293555681 0.0283256719555559 0
0.78515625 0.345485029323582 2.89244600806499 0.0283256894619222 0
0.787109375 0.35110265509102 2.85974984858101 0.028325706990798 0
0.7890625 0.356655927169601 2.82655123911735 0.0283257245286071 0
0.791015625 0.362143870868822 2.79285703011954 0.0283257420619267 0
0.79296875 0.367565524943506 2.75867413785455 0.0283257595774981 0
0.794921875 0.372919941719817 2.72400954182969 0.0283257770622379 0
0.796875 0.378206187216278 2.6888702822444 0.0283257945032478 0
0.798828125 0.383423341259834 2.65326345747735 0.0283258118878242 0
0.80078125 0.388570497597049 2.61719622161118 0.0283258292034666 0
0.802734375 0.393646764000503 2.58067578199696 0.0283258464378866 0
0.8046875 0.398651262370474 2.54370939686054 0.0283258635790147 0
0.806640625 0.403583128831989 2.50630437295269 0.0283258806150079 0
0.80859375 0.408441513827321 2.46846806324497 0.0283258975342557 0
0.810546875 0.41322558220404 2.43020786467301 0.0283259143253859 0
0.8125 0.4179345132987 2.39153121592894 0.02832593097727 0
0.814453125 0.422567501016262 2.35244559530438 0.0283259474790276 0
0.81640625 0.427123753905358 2.31295851858559 0.0283259638200306 0
0.818359375 0.431602495229487 2.2730775370019 0.0283259799899063 0
0.8203125 0.436002963034271 2.2328102352288 0.0283259959785407 0
0.822265625 0.44032441021085 2.19216422944665 0.0283260117760804 0
0.82421875 0.444566104555547 2.15114716545603 0.0283260273729351 0
0.826171875 0.448727328825912 2.10976671685069 0.0283260427597783 0
0.828125 0.452807380793245 2.06803058324862 0.0283260579275483 0
0.830078125 0.456805573291727 2.02594648858216 0.0283260728674487 0
0.83203125 0.460721234264269 1.98352217944746 0.0283260875709485 0
0.833984375 0.464553706805194 1.94076542351382 0.028326102029781 0
0.8359375 0.46830234919987 1.8976840079932 0.0283261162359434 0
0.837890625 0.471966534961417 1.85428573817008 0.0283261301816954 0
0.83984375 0.475545652864597 1.81057843599182 0.0283261438595574 0
0.841796875 0.47903910697701 1.7665699387194 0.0283261572623084 0
0.84375 0.48244631668772 1.7222680976386 0.028326170382984 0
0.845703125 0.485766716733411 1.67768077683121 0.0283261832148734 0
0.84765625 0.488999757222217 1.63281585200613 0.0283261957515167 0
0.849609375 0.49214490365531 1.58768120938979 0.0283262079867016 0
0.8515625 0.495201636946395 1.54228474467556 0.0283262199144601 0
0.853515625 0.498169453439199 1.49663436203133 0.0283262315290649 0
0.85546875 0.50104786492308 1.45073797316478 0.0283262428250254 0
0.857421875 0.503836398646874 1.40460349644542 0.0283262537970842 0
0.859375 0.50653459733107 1.3582388560825 0.0283262644402122 0
0.861328125 0.509142019178446 1.31165198135802 0.0283262747496056 0
0.86328125 0.51165823788325 1.2648508059136 0.0283262847206803 0
0.865234375 0.514082842639046 1.21784326709012 0.0283262943490685 0
0.8671875 0.516415438145321 1.17063730531911 0.0283263036306138 0
0.869140625 0.518655644612949 1.12324086356436 0.0283263125613672 0
0.87109375 0.520803097768619 1.0756618868126 0.0283263211375818 0
0.873046875 0.522857448858311 1.02790832161176 0.0283263293557095 0
0.875 0.524818364649915 0.979988115655299 0.0283263372123957 0
0.876953125 0.526685527435089 0.931909217411132 0.0283263447044754 0
0.87890625 0.528458635030427 0.883679575793506 0.0283263518289689 0
0.880859375 0.530137400778033 0.835307139876146 0.0283263585830773 0
0.8828125 0.531721553545568 0.786799858644979 0.0283263649641789 0
0.884765625 0.533210837725864 0.738165680788646 0.0283263709698249 0
0.88671875 0.534605013236149 0.689412554524977 0.0283263765977359 0
0.888671875 0.535903855516978 0.640548427461563 0.0283263818457977 0
0.890625 0.537107155530921 0.591581246488503 0.0283263867120586 0
0.892578125 0.538214719761073 0.54251895770136 0.0283263911947253 0
0.89453125 0.539226370209442 0.49336950635234 0.0283263952921604 0
0.896484375 0.540141944395262 0.44414083682765 0.028326399002879 0
0.8984375 0.5409612953533 0.394840892648971 0.0283264023255466 0
0.900390625 0.541684291632172 0.345477616496939 0.028326405258976 0
0.90234375 0.542310817292741 0.296058950254517 0.0283264078021255 0
0.904296875 0.542840771906604 0.246592835068102 0.0283264099540968 0
0.90625 0.543274070554726 0.197087211424183 0.0283264117141333 0
0.908203125 0.54361064382623 0.147550019239375 0.0283264130816183 0
0.91015625 0.543850437817379 0.0979891979615941 0.0283264140560746 0
0.912109375 0.543993414130767 0.0484126866801749 0.0283264146371625 0
0.9140625 0.544039549874724 -0.00117157575732943 0.02832641482468 -0
0.916015625 0.543988837662965 -0.0507556506238929 0.0283264146185619 -0
0.91796875 0.543841285614474 -0.100331599189564 0.0283264140188798 -0
0.919921875 0.543596917353631 -0.149891482598068 0.0283264130258423 -0
0.921875 0.543255772010576 -0.19942736174571 0.0283264116397955 -0
0.923828125 0.542817904221812 -0.248931297164844 0.0283264098612233 -0
0.92578125 0.542283384131025 -0.298395348914123 0.0283264076907488 -0
0.927734375 0.541652297390116 -0.347811576477805 0.0283264051291354 -0
0.9296875 0.540924745160409 -0.397172038676299 0.028326402177288 -0
0.931640625 0.540100844114036 -0.446468793590192 0.0283263988362553 -0
0.93359375 0.539180726435447 -0.495693898499933 0.0283263951072312 -0
0.935546875 0.538164539823021 -0.544839409843351 0.0283263909915575 -0
0.9375 0.537052447490747 -0.59389738319317 0.0283263864907261 -0
0.939453125 0.535844628169923 -0.642859873256622 0.0283263816063817 -0
0.94140625 0.534541276110838 -0.691718933899285 0.0283263763403249 -0
0.943359375 0.533142601084378 -0.740466618195193 0.0283263706945153 -0
0.9453125 0.531648828383513 -0.789094978505258 0.0283263646710745 -0
0.947265625 0.530060198824592 -0.837596066586001 0.0283263582722901 -0
0.94921875 0.528376968748411 -0.885961933730553 0.0283263515006189 -0
0.951171875 0.526599410020957 -0.934184630943831 0.0283263443586908 -0
0.953125 0.524727810033787 -0.982256209153777 0.0283263368493132 -0
0.955078125 0.52276247170395 -1.03016871946046 0.0283263289754744 -0
0.95703125 0.520703713473395 -1.07791421342484 0.0283263207403484 -0
0.958984375 0.51855186930776 -1.1254847433989 0.0283263121472987 -0
0.9609375 0.516307288694493 -1.17287236289876 0.0283263031998828 -0
0.962890625 0.513970336640186 -1.22006912702253 0.028326293901857 -0
0.96484375 0.511541393667061 -1.26706709291424 0.02832628425718 -0
0.966796875 0.50902085580849 -1.31385832027544 0.0283262742700181 -0
0.96875 0.506409134603485 -1.36043487192595 0.0283262639447493 -0
0.970703125 0.503706657090029 -1.40678881441489 0.0283262532859678 -0
0.97265625 0.500913865797177 -1.45291221868352 0.0283262422984882 -0
0.974609375 0.498031218735797 -1.49879716078082 0.02832623098735 -0
0.9765625 0.495059189387877 -1.54443572263317 0.0283262193578218 -0
0.978515625 0.491998266694261 -1.58981999286896 0.0283262074154051 -0
0.98046875 0.488848955040732 -1.63494206769926 0.0283261951658386 -0
0.982421875 0.485611774242311 -1.67979405185529 0.0283261826151017 -0
0.984375 0.482287259525673 -1.72436805958348 0.0283261697694184 -0
0.986328125 0.478875961509563 -1.76865621569895 0.0283261566352604 -0
0.98828125 0.475378446183098 -1.81265065669779 0.0283261432193503 -0
0.990234375 0.471795294881837 -1.85634353192883 0.0283261295286646 -0
0.9921875 0.468127104261501 -1.89972700482525 0.0283261155704366 -0
0.994140625 0.464374486269238 -1.94279325419623 0.028326101352158 -0
0.99609375 0.460538068112297 -1.9855344755791 0.0283260868815816 -0
0.998046875 0.456618492224008 -2.02794288265182 0.0283260721667226 -0
1 0.452616416226939 -2.07001070870597 0.0283260572158601 -0
1.001953125 0.448532512893125 -2.11173020818009 0.0283260420375378 -0
1.00390625 0.444367470101235 -2.15309365825319 0.0283260266405645 -0
1.005859375 0.440121990790573 -2.19409336049808 0.0283260110340144 -0
1.0078125 0.43579679291179 -2.23472164259412 0.0283259952272265 -0
1.009765625 0.43139260937419 -2.27497086009881 0.0283259792298038 -0
1.01171875 0.426910187989529 -2.31483339827769 0.0283259630516118 -0
1.013671875 0.422350291412168 -2.35430167399161 0.0283259467027769 -0
1.015625 0.417713697075499 -2.39336813764072 0.0283259301936838 -0
1.017578125 0.413001197124509 -2.43202527516395 0.0283259135349727 -0
1.01953125 0.40821359834439 -2.47026561009315 0.0283258967375359 -0
1.021484375 0.403351722085082 -2.50808170566042 0.0283258798125135 -0
1.0234375 0.398416404181654 -2.54546616695755 0.028325862771289 -0
1.025390625 0.393408494870405 -2.58241164314597 0.0283258456254839 -0
1.02734375 0.388328858700615 -2.61891082971569 0.0283258283869524 -0
1.029296875 0.383178374441828 -2.6549564707917 0.0283258110677741 -0
1.03125 0.377957934986585 -2.69054136148591 0.028325793680248 -0
1.033203125 0.372668447248523 -2.72565835029279 0.0283257762368841 -0
1.03515625 0.367310832055753 -2.7603003415269 0.0283257587503955 -0
1.037109375 0.361886024039434 -2.79446029779994 0.0283257412336895 -0
1.0390625 0.356394971517472 -2.82813124253538 0.028325723699858 -0
1.041015625 0.35083863637328 -2.86130626251827 0.0283257061621676 -0
1.04296875 0.34521799392951 -2.89397851047786 0.0283256886340487 -0
1.044921875 0.339534032816726 -2.92614120770055 0.0283256711290844 -0
1.046875 0.33378775483693 -2.95778764667062 0.0283256536609984 -0
1.048828125 0.327980174821919 -2.98891119373607 0.0283256362436426 -0
1.05078125 0.322112320486399 -3.0195052917968 0.0283256188909841 -0
1.052734375 0.316185232275837 -3.04956346301228 0.0283256016170914 -0
1.0546875 0.310199963209007 -3.07907931152594 0.0283255844361206 -0
1.056640625 0.304157578715189 -3.10804652620308 0.0283255673623002 -0
1.05859375 0.298059156466026 -3.13645888337942 0.0283255504099166 -0
1.060546875 0.291905786201988 -3.16431024961711 0.0283255335932978 -0
1.0625 0.285698569553459 -3.19159458446503 0.0283255169267976 -0
1.064453125 0.279438619856422 -3.21830594322012 0.0283255004247791 -0
1.06640625 0.273127061962756 -3.24443847968649 0.0283254841015978 -0
1.068359375 0.266765032045146 -3.26998644892898 0.028325467971584 -0
1.0703125 0.260353677396627 -3.29494421001778 0.0283254520490253 -0
1.072265625 0.253894156224765 -3.31930622876068 0.028325436348149 -0
1.07421875 0.24738763744053 -3.34306708041964 0.0283254208831031 -0
1.076171875 0.240835300441875 -3.36622145240807 0.0283254056679387 -0
1.078125 0.234238334892061 -3.38876414696545 0.0283253907165906 -0
1.080078125 0.227597940492792 -3.41069008380579 0.0283253760428592 -0
1.08203125 0.220915326752195 -3.43199430273647 0.0283253616603908 -0
1.083984375 0.214191712747727 -3.4526719662439 0.0283253475826592 -0
1.0859375 0.207428326884055 -3.47271836204267 0.0283253338229464 -0
1.087890625 0.200626406645998 -3.49212890558461 0.0283253203943234 -0
1.08984375 0.193787198346615 -3.51089914252444 0.0283253073096316 -0
1.091796875 0.186911956870512 -3.52902475113849 0.0283252945814636 -0
1.09375 0.18000194541248 -3.54650154469327 0.0283252822221445 -0
1.095703125 0.173058435211554 -3.56332547376051 0.0283252702437136 -0
1.09765625 0.166082705280603 -3.57949262847533 0.0283252586579056 -0
1.099609375 0.159076042131572 -3.59499924073449 0.0283252474761328 -0
1.1015625 0.152039739496484 -3.60984168633147 0.0283252367094676 -0
1.103515625 0.14497509804434 -3.62401648702529 0.0283252263686246 -0
1.10546875 0.137883425094041 -3.63752031254015 0.028325216463944 -0
1.107421875 0.13076603432348 -3.65034998249293 0.0283252070053752 -0
1.109375 0.123624245474928 -3.66250246824573 0.0283251980024604 -0
1.111328125 0.116459384056895 -3.67397489468073 0.0283251894643194 -0
1.11328125 0.109272781042582 -3.68476454189472 0.0283251813996347 -0
1.115234375 0.102065772565119 -3.69486884681084 0.0283251738166372 -0
1.1171875 0.094839699609727 -3.70428540470499 0.0283251667230926 -0
1.119140625 0.0875959077029898 -3.71301197064484 0.0283251601262883 -0
1.12109375 0.0803357465993956 -3.721046460839 0.0283251540330217 -0
1.123046875 0.0730605699653374 -3.72838695389455 0.0283251484495881 -0
1.125 0.065771735060745 -3.73503169198089 0.0283251433817708 -0
1.126953125 0.0584706024185371 -3.74097908189815 0.0283251388348308 -0
1.12890625 0.0511585355220804 -3.74622769604861 0.0283251348134978 -0
1.130859375 0.0438369004808472 -3.75077627330954 0.0283251313219628 -0
1.1328125 0.036507065704465 -3.75462371980619 0.0283251283638699 -0
1.134765625 0.0291704015753543 -3.7577691095837 0.0283251259423109 -0
1.13671875 0.0218282801201537 -3.76021168517696 0.0283251240598198 -0
1.138671875 0.0144820746801318 -3.76195085807746 0.028325122718368 -0
1.140625 0.00713315958078857 -3.76298620909647 0.0283251219193614 -0
1.142578125 -0.000217090199151303 -3.76331748862396 0.0283251216636378 -0
1.14453125 -0.00756729935914876 -3.76294461678289 0.0283251219514654 -0
1.146484375 -0.0149160926084595 -3.76186768347857 0.0283251227825422 -0
1.1484375 -0.0222620949977369 -3.76008694834311 0.028325124155997 -0
1.150390625 -0.0296039322504247 -3.7576028405749 0.0283251260703904 -0
1.15234375 -0.0369402310937326 -3.75441595867359 0.0283251285237175 -0
1.154296875 -0.0442696195889934 -3.7505270700707 0.0283251315134114 -0
1.15625 -0.0515907274611963 -3.7459371106567 0.0283251350363475 -0
1.158203125 -0.0589021864274961 -3.7406471842051 0.028325139088849 -0
1.16015625 -0.0662026305244975 -3.73465856169453 0.0283251436666932 -0
1.162109375 -0.0734906964341154 -3.72797268052979 0.0283251487651185 -0
1.1640625 -0.080765023807817 -3.7205911436632 0.0283251543788329 -0
1.166015625 -0.0880242555890498 -3.71251571861736 0.0283251605020227 -0
1.16796875 -0.0952670383336661 -3.7037483364111 0.0283251671283624 -0
1.169921875 -0.102492022528156 -3.69429109039 0.0283251742510255 -0
1.171875 -0.109697862905502 -3.68414623496346 0.028325181862696 -0
1.173828125 -0.116883218758482 -3.67331618425006 0.0283251899555802 -0
1.17578125 -0.124046754250229 -3.66180351063344 0.0283251985214203 -0
1.177734375 -0.131187138721894 -3.64961094323072 0.0283252075515076 -0
1.1796875 -0.138303046997224 -3.63674136627578 0.0283252170366968 -0
1.181640625 -0.145393159683908 -3.62319781742001 0.0283252269674212 -0
1.18359375 -0.152456163471521 -3.60898348595266 0.028325237333708 -0
1.185546875 -0.159490751425911 -3.59410171094391 0.0283252481251943 -0
1.1875 -0.166495623279895 -3.57855597931296 0.0283252593311439 -0
1.189453125 -0.173469485720102 -3.56234992382425 0.028325270940464 -0
1.19140625 -0.180411052669834 -3.54548732101463 0.0283252829417226 -0
1.193359375 -0.187319045567816 -3.52797208905446 0.0283252953231664 -0
1.1953125 -0.194192193642703 -3.50980828554576 0.028325308072739 -0
1.197265625 -0.201029234183229 -3.49100010526055 0.0283253211780987 -0
1.19921875 -0.207828912803877 -3.47155187782258 0.0283253346266379 -0
1.201171875 -0.214589983705973 -3.45146806533573 0.028325348405501 -0
1.203125 -0.221311209934094 -3.43075325996236 0.028325362501604 -0
1.205078125 -0.227991363627701 -3.40941218145505 0.0283253769016531 -0
1.20703125 -0.234629226267903 -3.38744967464507 0.0283253915921638 -0
1.208984375 -0.241223588919283 -3.36487070689097 0.0283254065594799 -0
1.2109375 -0.247773252466696 -3.34168036549087 0.0283254217897929 -0
1.212890625 -0.254277027846982 -3.31788385506176 0.0283254372691605 -0
1.21484375 -0.260733736275531 -3.29348649488942 0.0283254529835253 -0
1.216796875 -0.267142209467644 -3.26849371625233 0.0283254689187341 -0
1.21875 -0.273501289854642 -3.24291105972318 0.0283254850605556 -0
1.220703125 -0.279809830794688 -3.21674417245131 0.0283255013946991 -0
1.22265625 -0.28606669677828 -3.18999880542956 0.0283255179068323 -0
1.224609375 -0.292270763628397 -3.16268081074907 0.0283255345825989 -0
1.2265625 -0.298420918695268 -3.13479613884532 0.0283255514076359 -0
1.228515625 -0.304516061045761 -3.10635083573875 0.0283255683675904 -0
1.23046875 -0.310555101647373 -3.07735104027343 0.0283255854481365 -0
1.232421875 -0.316536963546829 -3.0478029813569 0.0283256026349909 -0
1.234375 -0.322460582043298 -3.01771297520456 0.0283256199139288 -0
1.236328125 -0.328324904856222 -2.98708742259162 0.0283256372707989 -0
1.23828125 -0.334128892287797 -2.9559328061159 0.0283256546915383 -0
1.240234375 -0.339871517380112 -2.92425568747437 0.0283256721621864 -0
1.2421875 -0.345551766066993 -2.89206270475655 0.0283256896688984 -0
1.244140625 -0.351168637320568 -2.85936056975756 0.0283257071979587 -0
1.24609375 -0.356721143292609 -2.82615606531369 0.0283257247357928 -0
1.248046875 -0.362208309450699 -2.79245604266323 0.0283257422689798 -0
1.25 -0.367629174709262 -2.75826741883529 0.028325759784263 -0
1.251953125 -0.372982791555525 -2.72359717406895 0.0283257772685611 -0
1.25390625 -0.378268226170469 -2.68845234926558 0.0283257947089781 -0
1.255859375 -0.383484558544843 -2.65284004347628 0.0283258120928126 -0
1.2578125 -0.388630882590298 -2.61676741142714 0.0283258294075668 -0
1.259765625 -0.39370630624573 -2.58024166108412 0.0283258466409547 -0
1.26171875 -0.398709951578908 -2.54327005125996 0.0283258637809095 -0
1.263671875 -0.403640954883465 -2.50585988926482 0.0283258808155908 -0
1.265625 -0.408498466771349 -2.46801852860272 0.0283258977333909 -0
1.267578125 -0.413281652260819 -2.42975336671539 0.0283259145229405 -0
1.26953125 -0.417989690860081 -2.39107184277525 0.0283259311731141 -0
1.271484375 -0.42262177664666 -2.35198143552906 0.0283259476730342 -0
1.2734375 -0.427177118342616 -2.31248966119366 0.0283259640120756 -0
1.275390625 -0.431654939385698 -2.27260407140505 0.0283259801798687 -0
1.27734375 -0.436054477996542 -2.23233225122213 0.0283259961663025 -0
1.279296875 -0.440374987242034 -2.19168181718606 0.0283260119615269 -0
1.28125 -0.444615735094925 -2.15066041543634 0.0283260275559546 -0
1.283203125 -0.448776004489832 -2.10927571988434 0.028326042940262 -0
1.28515625 -0.452855093375723 -2.06753543044518 0.0283260581053908 -0
1.287109375 -0.456852314765009 -2.02544727132846 0.0283260730425478 -0
1.2890625 -0.46076699677935 -1.98301898938843 0.0283260877432049 -0
1.291015625 -0.464598482692307 -1.94025835253408 0.0283261021990986 -0
1.29296875 -0.468346130968936 -1.89717314819935 0.0283261164022293 -0
1.294921875 -0.472009315302461 -1.85377118187367 0.0283261303448597 -0
1.296875 -0.47558742464813 -1.81006027569307 0.0283261440195132 -0
1.298828125 -0.479079863254387 -1.76604826709162 0.028326157418972 -0
1.30078125 -0.482486050691457 -1.72174300751331 0.0283261705362746 -0
1.302734375 -0.485805421877486 -1.67715236118401 0.0283261833647133 -0
1.3046875 -0.489037427102332 -1.63228420394322 0.028326195897831 -0
1.306640625 -0.492181532049139 -1.58714642213525 0.0283262081294184 -0
1.30859375 -0.495237217813798 -1.54174691155923 0.0283262200535104 -0
1.310546875 -0.498203980922417 -1.49609357647748 0.0283262316643824 -0
1.3125 -0.501081333346913 -1.45019432868141 0.0283262429565467 -0
1.314453125 -0.503868802518829 -1.40405708661418 0.0283262539247485 -0
1.31640625 -0.5065659313415 -1.35768977454937 0.0283262645639615 -0
1.318359375 -0.509172278200663 -1.31110032182452 0.0283262748693844 0
1.3203125 -0.511687416973627 -1.2642966621287 0.0283262848364358 0
1.322265625 -0.514110937037103 -1.21728673284276 0.0283262944607503 0
1.32421875 -0.516442443273794 -1.17007847443132 0.0283263037381742 0
1.326171875 -0.51868155607785 -1.12267982988492 0.0283263126647606 0
1.328125 -0.520827911359282 -1.07509874421137 0.0283263212367652 0
1.330078125 -0.522881160547426 -1.02734316397444 0.0283263294506422 0
1.33203125 -0.524840970593557 -0.979421036878822 0.0283263373030391 0
1.333984375 -0.526707023972734 -0.93134031139955 0.0283263447907933 0
1.3359375 -0.528479018684962 -0.883108936454343 0.0283263519109271 0
1.337890625 -0.530156668255759 -0.834734861117256 0.0283263586606439 0
1.33984375 -0.531739701736201 -0.786226034371855 0.0283263650373239 0
1.341796875 -0.533227863702524 -0.737590404902161 0.0283263710385205 0
1.34375 -0.53462091425535 -0.688835920919545 0.0283263766619561 0
1.345703125 -0.535918629018616 -0.639970530023687 0.0283263819055185 0
1.34765625 -0.537120799138255 -0.591002179095689 0.0283263867672579 0
1.349609375 -0.538227231280708 -0.541938814221385 0.0283263912453828 0
1.3515625 -0.539237747631307 -0.492788380642831 0.0283263953382577 0
1.353515625 -0.540152185892594 -0.443558822735969 0.0283263990443996 0
1.35546875 -0.54097039928262 -0.394258084012364 0.0283264023624754 0
1.357421875 -0.541692256533268 -0.344894107142938 0.0283264052913 0
1.359375 -0.542317641888647 -0.295474834001566 0.0283264078298332 0
1.361328125 -0.542846455103586 -0.246008205726369 0.0283264099771785 0
1.36328125 -0.543278611442265 -0.196502162796558 0.0283264117325807 0
1.365234375 -0.54361404167701 -0.146964645122597 0.0283264130954252 0
1.3671875 -0.543852692087276 -0.0974035921475103 0.0283264140652361 0
1.369140625 -0.543994524458836 -0.0478269429570824 0.0283264146416754 0
1.37109375 -0.544039516083202 0.00175736360327162 0.0283264148245427 -0
1.373046875 -0.543987659757261 0.0513413888072137 0.0283264146137744 -0
1.375 -0.543838963783174 0.100917193924018 0.0283264140094439 -0
1.376953125 -0.543593451968496 0.150476840095187 0.0283264130117612 -0
1.37890625 -0.543251163626552 0.200012388213396 0.0283264116210741 -0
1.380859375 -0.542812153577037 0.249515898806025 0.0283264098378682 -0
1.3828125 -0.542276492146841 0.298979431925513 0.0283264076627682 -0
1.384765625 -0.541644265171078 0.34839504704877 0.028326405096539 -0
1.38671875 -0.540915573994306 0.397754802987882 0.0283264021400876 -0
1.388671875 -0.540090535471907 0.447050757814301 0.028326398794464 -0
1.390625 -0.539169281971594 0.496274968798732 0.028326395060864 -0
1.392578125 -0.538151961375037 0.545419492368876 0.0283263909406312 -0
1.39453125 -0.537038737079528 0.594476384087187 0.0283263864352591 -0
1.396484375 -0.535829787999696 0.643437698650765 0.0283263815463945 -0
1.3984375 -0.534525308569174 0.692295489915492 0.0283263762758397 -0
1.400390625 -0.533125508742214 0.741041810946461 0.0283263706255562 -0
1.40234375 -0.531630613995164 0.789668714096747 0.0283263645976675 -0
1.404296875 -0.530040865327773 0.83816825111651 0.0283263581944633 -0
1.40625 -0.52835651926424 0.886532473294383 0.0283263514184022 -0
1.408203125 -0.526577847853967 0.934753431633069 0.0283263442721165 -0
1.41015625 -0.524705138671924 0.982823177061011 0.0283263367584154 -0
1.412109375 -0.522738694818572 1.03073376068196 0.0283263288802896 -0
1.4140625 -0.52067883491926 1.07847723406421 0.0283263206409152 -0
1.416015625 -0.518525893123009 1.12604564957123 0.0283263120436579 -0
1.41796875 -0.516280219100622 1.1734310607353 0.0283263030920778 -0
1.419921875 -0.513942178042012 1.22062552267591 0.0283262937899332 -0
1.421875 -0.511512150652669 1.26762109256421 0.0283262841411854 -0
1.423828125 -0.508990533149183 1.31440983013522 0.0283262741500033 -0
1.42578125 -0.506377737253704 1.36098379824915 0.0283262638207672 -0
1.427734375 -0.503674190187272 1.40733506350305 0.028326253158074 -0
1.4296875 -0.500880334661895 1.45345569689422 0.0283262421667409 -0
1.431640625 -0.497996628871279 1.49933777453648 0.0283262308518102 -0
1.43359375 -0.495023546480112 1.54497337843045 0.028326219218553 -0
1.435546875 -0.491961576611785 1.59035459728887 0.0283262072724738 -0
1.4375 -0.488811223834452 1.63547352741788 0.0283261950193139 -0
1.439453125 -0.485573008145309 1.68032227365516 0.0283261824650559 -0
1.44140625 -0.482247464952986 1.72489295036576 0.0283261696159263 -0
1.443359375 -0.478835145057943 1.76917768249617 0.0283261564784 -0
1.4453125 -0.475336614630736 1.81316860668736 0.0283261430592026 -0
1.447265625 -0.47175245518807 1.85685787244726 0.0283261293653136 -0
1.44921875 -0.468083263566489 1.90023764338301 0.0283261154039691 -0
1.451171875 -0.464329651893605 1.94330009849342 0.0283261011826642 -0
1.453125 -0.460492247556749 1.98603743352177 0.0283260867091546 -0
1.455078125 -0.456571693168911 2.028441862369 0.0283260719914587 -0
1.45703125 -0.45256864653187 2.07050561856744 0.0283260570378586 -0
1.458984375 -0.448483780596382 2.11222095681487 0.0283260418569013 -0
1.4609375 -0.444317783419312 2.15358015456871 0.0283260264573986 -0
1.462890625 -0.440071358117598 2.19457551370007 0.028326010848428 -0
1.46484375 -0.435745222818921 2.23519936220719 0.0283259950393314 -0
1.466796875 -0.431340110608976 2.27544405598776 0.0283259790397151 -0
1.46875 -0.426856769475219 2.31530198066942 0.0283259628594475 -0
1.470703125 -0.422295962246986 2.35476555349781 0.0283259465086582 -0
1.47265625 -0.417658466531868 2.39382722528113 0.028325929997735 -0
1.474609375 -0.412945074648231 2.43247948239033 0.028325913337321 -0
1.4765625 -0.408156593553781 2.47071484881385 0.0283258965383114 -0
1.478515625 -0.403293844770052 2.50852588826562 0.0283258796118493 -0
1.48046875 -0.398357664302743 2.54590520634505 0.028325862569321 -0
1.482421875 -0.393348902557767 2.5828454527476 0.0283258454223509 -0
1.484375 -0.388268424252948 2.61933932352429 0.0283258281827956 -0
1.486328125 -0.38311710832525 2.65537956338863 0.0283258108627378 -0
1.48828125 -0.377895847833461 2.6909589680691 0.0283257934744786 -0
1.490234375 -0.37260554985623 2.72607038670533 0.0283257760305306 -0
1.4921875 -0.367247135385393 2.76070672428603 0.0283257585436093 -0
1.494140625 -0.361821539214488 2.79486094412657 0.0283257410266242 -0
1.49609375 -0.356329709822399 2.828526070384 0.0283257234926693 -0
1.498046875 -0.35077260925205 2.86169519060728 0.0283257059550133 -0
1.5 -0.345151212984089 2.89436145832025 0.0283256884270884 -0
1.501953125 -0.339466509805487 2.92651809563497 0.0283256709224794 -0
1.50390625 -0.333719501673015 2.95815839589271 0.0283256534549116 -0
1.505859375 -0.327911203571531 2.98927572633011 0.0283256360382384 -0
1.5078125 -0.322042643367038 3.01986353076756 0.0283256186864281 -0
1.509765625 -0.31611486165447 3.04991533231714 0.0283256014135504 -0
1.51171875 -0.310128911600174 3.07942473610716 0.0283255842337622 -0
1.513671875 -0.304085858779052 3.10838543202019 0.028325567161293 -0
1.515625 -0.297986781006345 3.13679119744177 0.0283255502104295 -0
1.517578125 -0.291832768164045 3.16463590001646 0.0283255333955003 -0
1.51953125 -0.285624922021906 3.19191350040814 0.0283255167308594 -0
1.521484375 -0.279364356053076 3.2186180550614 0.0283255002308699 -0
1.5234375 -0.273052195244323 3.24474371896055 0.0283254839098871 -0
1.525390625 -0.266689575900886 3.27028474838312 0.0283254677822407 -0
1.52734375 -0.260277645445951 3.29523550364433 0.0283254518622181 -0
1.529296875 -0.253817562214775 3.31959045182923 0.0283254361640453 -0
1.53125 -0.247310495243493 3.343344169509 0.0283254207018697 -0
1.533203125 -0.240757624052631 3.36649134543798 0.0283254054897408 -0
1.53515625 -0.234160138425376 3.38902678322808 0.0283253905415922 -0
1.537109375 -0.227519238180646 3.41094540399682 0.0283253758712223 -0
1.5390625 -0.220836132941013 3.43224224898585 0.0283253614922757 -0
1.541015625 -0.214112041895545 3.45291248214618 0.0283253474182239 -0
1.54296875 -0.20734819355763 3.47295139268689 0.0283253336623466 -0
1.544921875 -0.200545825517862 3.49235439758369 0.0283253202377122 -0
1.546875 -0.193706184192068 3.51111704404401 0.0283253071571593 -0
1.548828125 -0.186830524564565 3.52923501192521 0.0283252944332773 -0
1.55078125 -0.179920109926736 3.54670411610247 0.0283252820783883 -0
1.552734375 -0.17297621161104 3.5635203087832 0.0283252701045279 -0
1.5546875 -0.166000108720551 3.57967968176456 0.028325258523427 -0
1.556640625 -0.158993087854147 3.59517846863092 0.0283252473464943 -0
1.55859375 -0.151956442827462 3.6100130468882 0.0283252365847978 -0
1.560546875 -0.14489147438974 3.62417994003191 0.0283252262490478 -0
1.5625 -0.137799489936712 3.63767581954593 0.0283252163495802 -0
1.564453125 -0.130681803219639 3.65049750682915 0.0283252068963395 -0
1.56640625 -0.123539734050661 3.6626419750471 0.028325197898863 -0
1.568359375 -0.116374608004611 3.67410635090589 0.0283251893662655 -0
1.5703125 -0.109187756117435 3.68488791634578 0.0283251813072241 -0
1.572265625 -0.101980514581385 3.69498411015188 0.0283251737299645 -0
1.57421875 -0.0947542244371539 3.70439252947961 0.0283251666422466 -0
1.576171875 -0.0875102312631055 3.7131109312926 0.0283251600513523 -0
1.578125 -0.0802498848617921 3.72113723371084 0.0283251539640729 -0
1.580078125 -0.0729745389439225 3.72846951726708 0.0283251483866979 -0
1.58203125 -0.0656855508099676 3.73510602606955 0.0283251433250045 -0
1.583984375 -0.0583842810295883 3.7410451688693 0.0283251387842472 -0
1.5859375 -0.0510720931190719 3.74628552003039 0.0283251347691498 -0
1.587890625 -0.0437503532169696 3.75082582040159 0.0283251312838964 -0
1.58984375 -0.0364204297581282 3.75466497808817 0.028325128332125 -0
1.591796875 -0.0290836931463126 3.75780206912265 0.0283251259169208 -0
1.59375 -0.0217415154256178 3.76023633803339 0.0283251240408109 -0
1.595703125 -0.0143952699508697 3.76196719831026 0.0283251227057603 -0
1.59765625 -0.00704633105721836 3.76299423276657 0.0283251219131681 -0
1.599609375 0.000303926270874708 3.76331719379678 0.0283251216638654 -0
1.6015625 0.00765412673105031 3.76293600352952 0.0283251219581137 -0
1.603515625 0.0150028950346619 3.76185075387573 0.0283251227956042 -0
1.60546875 0.0223488562383774 3.76006170647187 0.028325124175459 -0
1.607421875 0.0296906360755676 3.75756929251815 0.028325126096232 -0
1.609375 0.0370268612872764 3.7543741125123 0.0283251285559116 -0
1.611328125 0.0443561599525688 3.75047693587892 0.0283251315519244 -0
1.61328125 0.0516771618180535 3.74587870049537 0.0283251350811392 -0
1.615234375 0.0589884986263788 3.74058051211462 0.0283251391398727 -0
1.6171875 0.0662888044435012 3.73458364368614 0.0283251437238957 -0
1.619140625 0.0735767159845278 3.72788953457581 0.0283251488284404 -0
1.62109375 0.080850872937938 3.72049978968601 0.0283251544482085 -0
1.623046875 0.0881099182879888 3.7124161784773 0.0283251605773803 -0
1.625 0.0953524986351149 3.7036406338932 0.0283251672096242 -0
1.626953125 0.102577264514134 3.6941752511896 0.028325174338108 -0
1.62890625 0.109782870710074 3.68402228667074 0.0283251819555098 -0
1.630859375 0.116967976571442 3.67318415633351 0.0283251900540305 -0
1.6328125 0.124131246320752 3.66166343442225 0.0283251986254068 0
1.634765625 0.131271349362154 3.64946285189618 0.0283252076609247 0
1.63671875 0.138386960585971 3.63658529481171 0.028325217151434 0
1.638671875 0.145476760670012 3.62303380262214 0.028325227087363 0
1.640625 0.152539436377464 3.60881156639721 0.0283252374587342 0
1.642578125 0.159573680851251 3.59392192696514 0.0283252482551802 0
1.64453125 0.166578193904672 3.57836837297995 0.0283252594659606 0
1.646484375 0.173551682308204 3.5621545389168 0.0283252710799782 0
1.6484375 0.180492860072316 3.54528420299835 0.0283252830857974 0
1.650390625 0.187400448726166 3.52776128505515 0.0283252954716612 0
1.65234375 0.194273177592062 3.50958984432301 0.0283253082255095 0
1.654296875 0.201109784055553 3.4907740771807 0.0283253213349976 0
1.65625 0.207909013831049 3.47131831483099 0.0283253347875146 0
1.658203125 0.214669621222861 3.45122702092844 0.0283253485702023 0
1.66015625 0.221390369381551 3.43050478915725 0.0283253626699741 0
1.662109375 0.228070030555507 3.40915634076237 0.0283253770735336 0
1.6640625 0.234707386337654 3.38718652203754 0.0283253917673944 0
1.666015625 0.241301227907216 3.36460030177341 0.0283254067378984 0
1.66796875 0.247850356266456 3.34140276866943 0.0283254219712353 0
1.669921875 0.254353582472331 3.31759912871276 0.0283254374534613 0
1.671875 0.260809727862991 3.29319470252791 0.0283254531705179 0
1.673828125 0.267217624279081 3.26819492270033 0.0283254691082507 0
1.67578125 0.273576114279789 3.24260533107767 0.0283254852524277 0
1.677734375 0.279884051353603 3.21643157605199 0.0283255015887577 0
1.6796875 0.286140300123742 3.18967940982656 0.0283255181029079 0
1.681640625 0.292343736548238 3.16235468567041 0.0283255347805217 0
1.68359375 0.298493248114642 3.13446335516433 0.0283255516072363 0
1.685546875 0.304587734029348 3.10601146544148 0.028325568568699 0
1.6875 0.310626105401523 3.07700515642601 0.0283255856505843 0
1.689453125 0.316607285421637 3.04745065807298 0.0283256028386094 0
1.69140625 0.32253020953462 3.01735428761276 0.0283256201185504 0
1.693359375 0.328393825607625 2.98672244680314 0.028325637476257 0
1.6953125 0.334197094092445 2.95556161919226 0.0283256548976673 0
1.697265625 0.339938988182595 2.92387836739533 0.028325672368822 0
1.69921875 0.345618493965083 2.89167933038827 0.0283256898758778 0
1.701171875 0.351234610566924 2.85897122082094 0.0283257074051207 0
1.703125 0.356786350296415 2.82576082235307 0.0283257249429779 0
1.705078125 0.36227273877924 2.79205498701537 0.0283257424760304 0
1.70703125 0.367692815089444 2.75786063259867 0.0283257599910236 0
1.708984375 0.373045631875329 2.72318474007355 0.0283257774748782 0
1.7109375 0.378330255480356 2.68803435104289 0.0283257949147005 0
1.712890625 0.38354576605909 2.65241656522991 0.0283258122977915 0
1.71484375 0.388691257688285 2.61633853800379 0.0283258296116557 0
1.716796875 0.393765838473167 2.57980747794506 0.0283258468440098 0
1.71875 0.398768630649008 2.54283064445301 0.0283258639827896 0
1.720703125 0.403698770678062 2.5054153453969 0.0283258810161574 0
1.72265625 0.408555409341965 2.46756893481286 0.0283258979325082 0
1.724609375 0.413337711829675 2.42929881064842 0.0283259147204758 0
1.7265625 0.41804485782106 2.39061241255599 0.0283259313689374 0
1.728515625 0.422676041566222 2.35151721973718 0.0283259478670184 0
1.73046875 0.427230471960658 2.31202074883912 0.0283259642040967 0
1.732421875 0.431707372616375 2.27213055190421 0.0283259803698058 0
1.734375 0.436105981929034 2.23185421437448 0.0283259963540377 0
1.736328125 0.440425553141275 2.19119935315164 0.0283260121469454 0
1.73828125 0.444665354402283 2.15017361471383 0.0283260277389446 0
1.740234375 0.448824668823751 2.10878467328983 0.0283260431207151 0
1.7421875 0.452902794532321 2.06704022909162 0.0283260582832016 0
1.744140625 0.45689904471864 2.02494800660581 0.0283260732176139 0
1.74609375 0.460812747683125 1.98251575294459 0.0283260879154271 0
1.748046875 0.46464324687858 1.9397512362564 0.0283261023683809 0
1.75 0.468389900949752 1.89666224419693 0.0283261165684788 0
1.751953125 0.472052083769974 1.8532565824604 0.0283261305079865 0
1.75390625 0.475629184474988 1.80954207337128 0.0283261441794306 0
1.755859375 0.47912060749408 1.76552655453659 0.0283261575755962 0
1.7578125 0.482525772578646 1.72121787755835 0.028326170689525 0
1.759765625 0.485844114828293 1.67662390680633 0.028326183514512 0
1.76171875 0.489075084714609 1.6317525182505 0.0283261960441033 0
1.763671875 0.492218148102709 1.58661159835285 0.0283262082720924 0
1.765625 0.495272786270674 1.5412090430182 0.0283262201925171 0
1.767578125 0.498238495926999 1.49555275660315 0.0283262317996555 0
1.76953125 0.501114789226155 1.44965065098269 0.0283262430880228 0
1.771484375 0.5039011937824 1.40351064467355 0.0283262540523669 0
1.7734375 0.506597252681912 1.35714066201349 0.0283262646876642 0
1.775390625 0.50920252449339 1.31054863239553 0.028326274989116 0
1.77734375 0.511716583277207 1.26374248955608 0.0283262849521434 0
1.779296875 0.514139018593219 1.2167301709159 0.0283262945723838 0
1.78125 0.516469435507347 1.16951961697257 0.0283263038456856 0
1.783203125 0.518707454597018 1.12211877074337 0.0283263127681045 0
1.78515625 0.520852711955563 1.07453557725707 0.0283263213358987 0
1.787109375 0.522904859195678 1.02677798309326 0.0283263295455244 0
1.7890625 0.524863563452021 0.978853935967814 0.0283263373936317 0
1.791015625 0.526728507383052 0.930771384362818 0.0283263448770599 0
1.79296875 0.528499389172188 0.882538277199433 0.0283263519928337 0
1.794921875 0.530175922528363 0.834162563552009 0.0283263587381585 0
1.796875 0.531757836686063 0.78565219240172 0.0283263651104166 0
1.798828125 0.533244876404932 0.737015112427947 0.0283263711071634 0
1.80078125 0.534636801968985 0.688259271835579 0.0283263767261232 0
1.802734375 0.535933389185539 0.63939261821637 0.028326381965186 0
1.8046875 0.537134429383893 0.590423098442419 0.0283263868224036 0
1.806640625 0.53823972941383 0.541358658589818 0.0283263912959866 0
1.80859375 0.539249111644009 0.492207243890475 0.0283263953843011 0
1.810546875 0.540162413960277 0.442976798710064 0.0283263990858659 0
1.8125 0.54097948976397 0.393675266550038 0.0283264023993499 0
1.814453125 0.541700207970238 0.344310590071614 0.0283264053235695 0
1.81640625 0.542324453006438 0.294890711139581 0.0283264078574863 0
1.818359375 0.542852124810627 0.245423570883803 0.0283264100002054 0
1.8203125 0.543283138830203 0.195917109776218 0.0283264117509734 0
1.822265625 0.543617426020691 0.146379267721159 0.0283264131091772 0
1.82421875 0.543854932844738 0.0968179841567701 0.0283264140743426 0
1.826171875 0.543995621271303 0.0472411981653042 0.0283264146461333 0
1.828125 0.544039468775072 -0.00234315140994532 0.0283264148243504 -0
1.830078125 0.543986468336108 -0.0519271258433113 0.028326414608932 -0
1.83203125 0.543836628439746 -0.101502786403276 0.028326413999953 -0
1.833984375 0.54358997307672 -0.151062194229103 0.0283264129976252 -0
1.8359375 0.543246541743539 -0.200597410209819 0.0283264116022979 -0
1.837890625 0.542806389443088 -0.25010049486782 0.0283264098144583 -0
1.83984375 0.542269586685461 -0.299563508249311 0.0283264076347329 -0
1.841796875 0.541636219488989 -0.348978509823845 0.0283264050638883 0
1.84375 0.540906389381462 -0.398337558395173 0.0283264021028328 0
1.845703125 0.540080213401508 -0.447632712025604 0.0283263987526185 0
1.84765625 0.539157824100112 -0.496856027976095 0.0283263950144429 0
1.849609375 0.538139369542227 -0.545999562664212 0.028326390889651 0
1.8515625 0.537025013308455 -0.595055371642141 0.0283263863797386 0
1.853515625 0.535814934496749 -0.644015509596854 0.028326381486354 0
1.85546875 0.534509327724092 -0.692872030374543 0.0283263762113014 0
1.857421875 0.533108403128099 -0.741616987031371 0.0283263705565443 0
1.859375 0.531612386368501 -0.790242431912592 0.0283263645242081 0
1.861328125 0.53002151862844 -0.838740416762024 0.0283263581165843 0
1.86328125 0.528336056615524 -0.887102992863826 0.0283263513361338 0
1.865234375 0.526556272562566 -0.935322211218517 0.0283263441854908 0
1.8671875 0.524682454227952 -0.983390122755078 0.0283263366674667 0
1.869140625 0.522714904895554 -1.03129877858098 0.0283263287850543 0
1.87109375 0.52065394337412 -1.0790402302719 0.028326320541432 0
1.873046875 0.518499903996055 -1.12660653020283 0.0283263119399677 0
1.875 0.516253136615515 -1.1739897319223 0.0283263029842238 0
1.876953125 0.513914006605733 -1.22118189057121 0.0283262936779609 0
1.87890625 0.511482894855471 -1.26817506334792 0.0283262840251431 0
1.880859375 0.50896019776453 -1.31496131002101 0.0283262740299412 0
1.8828125 0.506346327238202 -1.36153269349115 0.0283262636967386 0
1.884765625 0.50364171068058 -1.40788128040339 0.0283262530301343 0
1.88671875 0.500846790986626 -1.4539991418112 0.0283262420349485 0
1.888671875 0.49796202653288 -1.49987835389334 0.0283262307162259 0
1.890625 0.49498789116673 -1.54551099872481 0.0283262190792406 0
1.892578125 0.491924874194111 -1.59088916510278 0.0283262071294996 0
1.89453125 0.488773480365547 -1.6360049494286 0.0283261948727473 0
1.896484375 0.485534229860406 -1.68085045664658 0.0283261823149689 0
1.8984375 0.482207658269272 -1.72541780124051 0.028326169462394 0
1.900390625 0.47879431657431 -1.7696991082884 0.0283261563215004 0
1.90234375 0.47529477112752 -1.8136865145763 0.0283261428990166 0
1.904296875 0.471709603626747 -1.85737216977136 0.0283261292019252 0
1.90625 0.468039411089351 -1.9007482376549 0.0283261152374654 0
1.908203125 0.464284805823407 -1.94380689741555 0.0283261010131352 0
1.91015625 0.460446415396321 -1.9865403450027 0.0283260865366935 0
1.912109375 0.45652488260074 -2.0289407945405 0.0283260718161619 0
1.9140625 0.452520865417647 -2.07100047980225 0.0283260568598255 0
1.916015625 0.448435036976513 -2.11271165574519 0.0283260416762343 0
1.91796875 0.444268085512393 -2.15406660010537 0.0283260262742036 0
1.919921875 0.440020714319851 -2.19505761505245 0.0283260106628137 0
1.921875 0.435693641703594 -2.23567702890381 0.0283259948514098 0
1.923828125 0.431287600925696 -2.27591719789754 0.0283259788496011 0
1.92578125 0.426803340149307 -2.31577050802369 0.0283259626672594 0
1.927734375 0.422241622378728 -2.35522937691293 0.0283259463145172 0
1.9296875 0.417603225395741 -2.3942862557818 0.0283259298017653 0
1.931640625 0.412888941692081 -2.43293363143356 0.0283259131396499 0
1.93359375 0.408099578397953 -2.47116402831355 0.0283258963390692 0
1.935546875 0.403235957206481 -2.50897001061781 0.0283258794111689 0
1.9375 0.398298914293978 -2.54634418445368 0.0283258623673385 0
1.939453125 0.393289300235959 -2.58327920005097 0.0283258452192049 0
1.94140625 0.388207979918778 -2.61976775402203 0.0283258279786277 0
1.943359375 0.38305583244681 -2.65580259166922 0.0283258106576919 0
1.9453125 0.377833751045071 -2.69137650933794 0.0283257932687013 0
1.947265625 0.372542642957209 -2.72648235681328 0.0283257758241711 0
1.94921875 0.367183429338769 -2.76111303975848 0.0283257583368189 0
1.951171875 0.361757045145652 -2.79526152219291 0.0283257408195565 0
1.953125 0.356264439017703 -2.82892082900757 0.0283257232854801 0
1.955078125 0.350706573157341 -2.86208404851568 0.0283257057478603 0
1.95703125 0.345084423203188 -2.89474433503607 0.0283256882201313 0
1.958984375 0.339398978098607 -2.92689491150678 0.0283256707158795 0
1.9609375 0.333651239955115 -2.95852907212648 0.0283256532488319 0
1.962890625 0.327842223910613 -2.98964018502079 0.0283256358328432 0
1.96484375 0.321972957982377 -3.02022169493099 0.028325618481883 0
1.966796875 0.316044482914788 -3.05026712592215 0.0283256012100223 0
1.96875 0.310057852021744 -3.07977008410783 0.0283255840314187 0
1.970703125 0.304014131023742 -3.10872426038828 0.0283255669603026 0
1.97265625 0.297914397879602 -3.13712343319922 0.0283255500109614 0
1.974609375 0.291759742612808 -3.16496147126799 0.0283255331977238 0
1.9765625 0.285551267132462 -3.1922323363739 0.0283255165349442 0
1.978515625 0.279290085048847 -3.21893008610954 0.0283255000369857 0
1.98046875 0.272977321483596 -3.24504887663983 0.0283254837182033 0
1.982421875 0.266614112874473 -3.27058296545535 0.0283254675929265 0
1.984375 0.260201606774786 -3.29552671411676 0.0283254516754418 0
1.986328125 0.253740961647454 -3.31987459098672 0.0283254359799746 0
1.98828125 0.247233346653744 -3.343621173946 0.0283254205206711 0
1.990234375 0.240679941436728 -3.36676115309029 0.0283254053115798 0
1.9921875 0.234081935899486 -3.38928933340424 0.0283253903666325 0
1.994140625 0.227440529978117 -3.41120063740929 0.0283253756996261 0
1.99609375 0.220756933409605 -3.4324901077817 0.0283253613242031 0
1.998046875 0.214032365494595 -3.45315290993745 0.0283253472538331 0
2 0.207268054855162 -3.47318433458046 0.0283253335017931 0
