0 0.622658011432211 0 0.0368206214347603 -0
0.001953125 0.622603450229966 -0.0558685480270355 0.0368206211975329 0
0.00390625 0.62243977491648 -0.11172860359196 0.0368206204859021 0
0.005859375 0.622167010372185 -0.167571673528823 0.0368206193000221 0
0.0078125 0.621785198066758 -0.223389263267133 0.0368206176401509 0
0.009765625 0.621294396062548 -0.279172876137435 0.0368206155066513 0
0.01171875 0.620694679019347 -0.33491401268629 0.0368206128999928 0
0.013671875 0.619986138200492 -0.390604170003779 0.0368206098207536 0
0.015625 0.619168881480269 -0.446234841066646 0.0368206062696235 0
0.017578125 0.618243033352576 -0.50179751410016 0.0368206022474066 0
0.01953125 0.617208734940816 -0.557283671961779 0.0368205977550254 0
0.021484375 0.616066144008975 -0.612684791549653 0.0368205927935247 0
0.0234375 0.614815434973825 -0.66799234323901 0.0368205873640758 0
0.025390625 0.613456798918197 -0.723197790349398 0.0368205814679815 0
0.02734375 0.611990443605272 -0.778292588645762 0.0368205751066819 0
0.029296875 0.6104165934938 -0.833268185876276 0.0368205682817592 0
0.03125 0.608735489754193 -0.888116021349821 0.0368205609949447 0
0.033203125 0.606947390285402 -0.942827525555951 0.0368205532481246 0
0.03515625 0.60505256973249 -0.997394119830149 0.036820545043347 0
0.037109375 0.603051319504816 -1.05180721606713 0.0368205363828292 0
0.0390625 0.600943947794728 -1.10605821648487 0.0368205272689647 0
0.041015625 0.598730779596672 -1.16013851344201 0.0368205177043313 0
0.04296875 0.596412156726595 -1.21403948931126 0.0368205076916989 0
0.044921875 0.59398843784155 -1.26775251641122 0.0368204972340374 0
0.046875 0.591459998459364 -1.32126895699914 0.0368204863345254 0
0.048828125 0.588827230978272 -1.37458016332702 0.0368204749965586 0
0.05078125 0.586090544696368 -1.42767747776331 0.0368204632237587 0
0.052734375 0.583250365830759 -1.48055223298238 0.0368204510199818 0
0.0546875 0.58030713753628 -1.53319575222403 0.0368204383893276 0
0.056640625 0.577261319923634 -1.585599349625 0.0368204253361483 0
0.05859375 0.574113390076808 -1.63775433062454 0.0368204118650574 0
0.060546875 0.570863842069632 -1.6896519924457 0.0368203979809391 0
0.0625 0.567513186981317 -1.74128362465446 0.0368203836889564 0
0.064453125 0.564061952910825 -1.79264050979803 0.0368203689945608 0
0.06640625 0.560510684989918 -1.84371392412409 0.0368203539035006 0
0.068359375 0.556859945394716 -1.89449513838243 0.0368203384218294 0
0.0703125 0.553110313355612 -1.94497541871017 0.0368203225559145 0
0.072265625 0.549262385165379 -1.99514602760204 0.0368203063124452 0
0.07421875 0.545316774185291 -2.04499822496657 0.0368202896984407 0
0.076171875 0.541274110849103 -2.09452326926945 0.0368202727212572 0
0.078125 0.537135042664708 -2.14371241876462 0.0368202553885958 0
0.080078125 0.532900234213304 -2.19255693281412 0.0368202377085091 0
0.08203125 0.528570367145902 -2.24104807329707 0.0368202196894072 0
0.083984375 0.524146140176987 -2.28917710610833 0.0368202013400645 0
0.0859375 0.519628269075167 -2.3369353027472 0.0368201826696243 0
0.087890625 0.515017486650631 -2.38431394199626 0.0368201636876048 0
0.08984375 0.510314542739244 -2.43130431169037 0.0368201444039022 0
0.091796875 0.505520204183091 -2.47789771057584 0.0368201248287958 0
0.09375 0.500635254807307 -2.52408545025933 0.0368201049729501 0
0.095703125 0.495660495393015 -2.56985885724617 0.0368200848474179 0
0.09765625 0.490596743646189 -2.61520927506748 0.0368200644636416 0
0.099609375 0.485444834162283 -2.66012806649533 0.0368200438334547 0
0.1015625 0.480205618386442 -2.70460661584514 0.0368200229690816 0
0.103515625 0.474879964569138 -2.7486363313641 0.0368200018831373 0
0.10546875 0.469468757717051 -2.79220864770453 0.0368199805886258 0
0.107421875 0.463972899539042 -2.83531502848073 0.0368199590989379 0
0.109375 0.458393308387048 -2.87794696890778 0.0368199374278479 0
0.111328125 0.452730919191746 -2.92009599852055 0.03681991558951 0
0.11328125 0.446986683392827 -2.9617536839711 0.0368198935984527 0
0.115234375 0.441161568863734 -3.00291163190239 0.0368198714695731 0
0.1171875 0.435256559830708 -3.04356149189606 0.0368198492181299 0
0.119140625 0.429272656786015 -3.08369495949194 0.0368198268597356 0
0.12109375 0.423210876395193 -3.12330377927679 0.0368198044103475 0
0.123046875 0.417072251398215 -3.16237974803951 0.0368197818862576 0
0.125 0.410857830504414 -3.20091471798994 0.0368197593040819 0
0.126953125 0.404568678281067 -3.2389006000384 0.0368197366807484 0
0.12890625 0.398205875035514 -3.27632936713254 0.0368197140334838 0
0.130859375 0.391770516690705 -3.31319305764847 0.0368196913798001 0
0.1328125 0.385263714654074 -3.34948377883247 0.036819668737479 0
0.134765625 0.378686595679641 -3.38519371028977 0.036819646124556 0
0.13671875 0.372040301723255 -3.4203151075167 0.0368196235593037 0
0.138671875 0.365325989790904 -3.45484030547216 0.0368196010602137 0
0.140625 0.358544831780004 -3.4887617221846 0.0368195786459772 0
0.142578125 0.35169801431362 -3.52207186239017 0.0368195563354659 0
0.14453125 0.344786738567543 -3.55476332119793 0.0368195341477105 0
0.146484375 0.337812220090191 -3.58682878777765 0.0368195121018795 0
0.1484375 0.330775688615286 -3.61826104906574 0.0368194902172564 0
0.150390625 0.323678387867278 -3.6490529934848 0.0368194685132168 0
0.15234375 0.316521575359486 -3.6791976146719 0.0368194470092037 0
0.154296875 0.309306522184966 -3.70868801521118 0.036819425724703 0
0.15625 0.302034512800068 -3.73751741036553 0.0368194046792182 -0
0.158203125 0.294706844800725 -3.76567913180277 0.0368193838922438 -0
0.16015625 0.287324828691463 -3.79316663131116 0.036819363383239 -0
0.162109375 0.279889787647166 -3.81997348449932 0.0368193431716001 -0
0.1640625 0.272403057267638 -3.84609339447545 0.0368193232766331 -0
0.166015625 0.264865985324996 -3.87152019550075 0.0368193037175254 -0
0.16796875 0.257279931503963 -3.89624785661199 0.0368192845133172 -0
0.169921875 0.249646267135106 -3.92027048520794 0.036819265682873 -0
0.171875 0.241966374921119 -3.94358233059479 0.0368192472448526 -0
0.173828125 0.23424164865622 -3.96617778748503 0.0368192292176818 -0
0.17578125 0.226473492938756 -3.98805139944517 0.0368192116195235 -0
0.177734375 0.218663322877137 -4.00919786228672 0.0368191944682482 -0
0.1796875 0.210812563789198 -4.02961202739576 0.0368191777814052 -0
0.181640625 0.202922650895122 -4.0492889049959 0.0368191615761935 -0
0.18359375 0.194995029004058 -4.0682236673397 0.0368191458694332 -0
0.185546875 0.187031152194577 -4.08641165182382 0.0368191306775368 -0
0.1875 0.179032483489121 -4.10384836402291 0.0368191160164814 -0
0.189453125 0.171000494522612 -4.12052948063767 0.0368191019017812 -0
0.19140625 0.16293666520538 -4.13645085235248 0.0368190883484602 -0
0.193359375 0.15484248338061 -4.15160850659803 0.0368190753710256 -0
0.1953125 0.146719444476482 -4.16599865021468 0.0368190629834427 -0
0.197265625 0.138569051153209 -4.17961767201225 0.0368190511991092 -0
0.19921875 0.130392812945184 -4.19246214522221 0.0368190400308314 -0
0.201171875 0.122192245898435 -4.20452882983824 0.0368190294908006 -0
0.203125 0.113968872203628 -4.21581467484148 0.0368190195905711 -0
0.205078125 0.105724219824835 -4.22631682030684 0.0368190103410387 -0
0.20703125 0.0974598221243046 -4.23603259938685 0.0368190017524205 -0
0.208984375 0.0891772174834804 -4.24495954016989 0.036818993834236 -0
0.2109375 0.080877948920516 -4.25309536740983 0.0368189865952889 -0
0.212890625 0.0725635637045358 -4.26043800412397 0.0368189800436511 -0
0.21484375 0.0642356129669067 -4.26698557305691 0.0368189741866466 -0
0.216796875 0.0558956513097822 -4.2727363980078 0.0368189690308386 -0
0.21875 0.0475452364121887 -4.27768900501877 0.036818964582016 -0
0.220703125 0.0391859286339276 -4.28184212342251 0.0368189608451832 -0
0.22265625 0.0308192906175695 -4.28519468674743 0.0368189578245498 -0
0.224609375 0.0224468868888205 -4.28774583347864 0.036818955523523 -0
0.2265625 0.0140702834555436 -4.28949490767368 0.0368189539447007 -0
0.228515625 0.00569104740572017 -4.29044145943188 0.0368189530898669 -0
0.23046875 -0.0026892534953622 -4.29058524521652 0.0368189529599878 -0
0.232421875 -0.0110690512084069 -4.28992622802935 0.0368189535552104 -0
0.234375 -0.0194467778236018 -4.28846457743709 0.0368189548748616 -0
0.236328125 -0.0278208659640205 -4.28620066944995 0.0368189569174501 -0
0.23828125 -0.0361897491886407 -4.28313508625225 0.0368189596806692 -0
0.240234375 -0.0445518623946933 -4.27926861578574 0.0368189631614007 -0
0.2421875 -0.0529056422190537 -4.2746022511862 0.0368189673557217 -0
0.244140625 -0.0612495274383894 -4.26913719007433 0.0368189722589114 -0
0.24609375 -0.0695819593677816 -4.26287483370211 0.0368189778654608 -0
0.248046875 -0.0779013822575383 -4.25581678595599 0.0368189841690826 -0
0.25 -0.0862062436879222 -4.24796485221877 0.0368189911627238 -0
0.251953125 -0.0944949949615179 -4.23932103809175 0.0368189988385788 -0
0.25390625 -0.102766091492968 -4.22988754797963 0.0368190071881042 -0
0.255859375 -0.111017993195813 -4.21966678354019 0.0368190162020347 -0
0.2578125 -0.119249164866172 -4.20866134200159 0.0368190258704012 -0
0.259765625 -0.127458076563007 -4.19687401434986 0.0368190361825486 -0
0.26171875 -0.135643203984726 -4.18430778338961 0.0368190471271562 -0
0.263671875 -0.143803028841873 -4.17096582168128 0.0368190586922583 -0
0.265625 -0.151936039225669 -4.15685148935806 0.0368190708652662 -0
0.267578125 -0.160040729972178 -4.14196833182619 0.0368190836329914 -0
0.26953125 -0.168115603021865 -4.12632007735234 0.0368190969816691 -0
0.271484375 -0.176159167774335 -4.10991063454188 0.0368191108969832 -0
0.2734375 -0.184169941438044 -4.09274408971216 0.0368191253640918 -0
0.275390625 -0.192146449374773 -4.07482470416492 0.0368191403676532 -0
0.27734375 -0.200087225438688 -4.05615691136219 0.0368191558918531 -0
0.279296875 -0.207990812309782 -4.03674531401012 0.0368191719204317 -0
0.28125 -0.21585576182154 -4.01659468105526 0.0368191884367115 -0
0.283203125 -0.223680635282654 -3.99570994459798 0.0368192054236262 -0
0.28515625 -0.231464003792626 -3.97409619672786 0.0368192228637485 -0
0.287109375 -0.239204448551122 -3.95175868628572 0.0368192407393196 -0
0.2890625 -0.246900561160929 -3.9287028155574 0.0368192590322781 -0
0.291015625 -0.254550943924393 -3.90493413690416 0.0368192777242889 -0
0.29296875 -0.262154210133211 -3.88045834933471 0.0368192967967727 -0
0.294921875 -0.269708984351482 -3.85528129502409 0.0368193162309351 -0
0.296875 -0.277213902691899 -3.82940895578429 0.0368193360077953 -0
0.298828125 -0.284667613085014 -3.80284744949196 0.0368193561082154 -0
0.30078125 -0.292068775541477 -3.77560302647818 0.0368193765129288 -0
0.302734375 -0.299416062407195 -3.7476820658855 0.0368193972025682 -0
0.3046875 -0.306708158611342 -3.71909107199736 0.0368194181576938 -0
0.306640625 -0.313943761907184 -3.68983667054503 0.0368194393588207 -0
0.30859375 -0.321121583105659 -3.65992560499708 0.0368194607864455 -0
0.310546875 -0.328240346301704 -3.62936473283646 0.036819482421073 -0
0.3125 -0.335298789093301 -3.59816102183022 0.036819504243242 -0
0.314453125 -0.342295662793228 -3.56632154629669 0.03681952623355 -0
0.31640625 -0.349229732633523 -3.53385348337507 0.0368195483726777 -0
0.318359375 -0.356099777962662 -3.50076410930225 0.0368195706414129 -0
0.3203125 -0.362904592435485 -3.46706079570143 0.0368195930206728 -0
0.322265625 -0.369642984195871 -3.43275100588735 0.0368196154915266 -0
0.32421875 -0.376313776052232 -3.39784229119244 0.0368196380352158 -0
0.326171875 -0.382915805645841 -3.36234228731849 0.0368196606331752 -0
0.328125 -0.38944792561207 -3.32625871071805 0.0368196832670517 -0
0.330078125 -0.395909003734584 -3.28959935500974 0.0368197059187229 -0
0.33203125 -0.402297923092577 -3.25237208743156 0.0368197285703141 -0
0.333984375 -0.408613582201113 -3.21458484533617 0.036819751204215 -0
0.3359375 -0.414854895144671 -3.17624563273185 0.0368197738030952 -0
0.337890625 -0.421020791703972 -3.1373625168729 0.0368197963499179 -0
0.33984375 -0.427110217476206 -3.0979436249029 0.0368198188279542 -0
0.341796875 -0.433122133988749 -3.05799714055432 0.0368198412207944 -0
0.34375 -0.439055518806496 -3.01753130090759 0.0368198635123604 -0
0.345703125 -0.444909365632919 -2.97655439321275 0.0368198856869149 -0
0.34765625 -0.450682684404984 -2.93507475177662 0.0368199077290717 -0
0.349609375 -0.456374501382047 -2.89310075491817 0.0368199296238032 -0
0.3515625 -0.461983859228883 -2.85064082199478 0.0368199513564482 -0
0.353515625 -0.467509817092964 -2.80770341050171 0.0368199729127177 -0
0.35546875 -0.472951450676155 -2.76429701324716 0.036819994278701 -0
0.357421875 -0.478307852300961 -2.72043015560492 0.0368200154408693 -0
0.359375 -0.483578130971487 -2.67611139284665 0.0368200363860798 -0
0.361328125 -0.488761412429268 -2.63134930755549 0.036820057101578 -0
0.36328125 -0.493856839204125 -2.58615250712263 0.0368200775749994 -0
0.365234375 -0.498863570660216 -2.54052962132827 0.0368200977943706 -0
0.3671875 -0.503780783037439 -2.49448930000836 0.0368201177481091 -0
0.369140625 -0.508607669488373 -2.44804021080801 0.0368201374250227 -0
0.37109375 -0.513343440110908 -2.40119103702277 0.036820156814308 -0
0.373046875 -0.517987321976744 -2.35395047552843 0.0368201759055483 -0
0.375 -0.522538559155941 -2.3063272348 0.0368201946887102 -0
0.376953125 -0.526996412737681 -2.2583300330204 0.0368202131541408 -0
0.37890625 -0.531360160847427 -2.20996759627913 0.0368202312925631 -0
0.380859375 -0.535629098660646 -2.16124865686111 0.0368202490950711 -0
0.3828125 -0.53980253841329 -2.11218195162572 0.0368202665531248 -0
0.384765625 -0.543879809409184 -2.06277622047593 0.0368202836585442 -0
0.38671875 -0.547860258024524 -2.01304020491719 0.0368203004035033 -0
0.388671875 -0.551743247709642 -1.9629826467058 0.036820316780523 -0
0.390625 -0.555528158988219 -1.91261228658601 0.0368203327824643 -0
0.392578125 -0.559214389454119 -1.86193786311541 0.0368203484025206 -0
0.39453125 -0.562801353766014 -1.81096811157755 0.0368203636342102 -0
0.396484375 -0.566288483639969 -1.75971176298107 0.036820378471368 -0
0.3984375 -0.569675227840158 -1.70817754314411 0.0368203929081374 -0
0.400390625 -0.572961052167875 -1.65637417186289 0.0368204069389616 -0
0.40234375 -0.576145439448998 -1.60431036216311 0.0368204205585752 -0
0.404296875 -0.579227889520075 -1.55199481963285 0.0368204337619951 -0
0.40625 -0.582207919213189 -1.49943624183524 0.0368204465445121 -0
0.408203125 -0.585085062339744 -1.44664331779954 0.0368204589016812 -0
0.41015625 -0.587858869673343 -1.39362472758857 0.0368204708293133 -0
0.412109375 -0.590528908931887 -1.34038914194097 0.0368204823234662 -0
0.4140625 -0.59309476475905 -1.28694522198611 0.0368204933804351 -0
0.416015625 -0.59555603870527 -1.23330161902977 0.0368205039967446 -0
0.41796875 -0.597912349208385 -1.17946697440839 0.0368205141691391 -0
0.419921875 -0.600163331574053 -1.12544991940977 0.0368205238945749 -0
0.421875 -0.602308637956079 -1.07125907525789 0.0368205331702115 -0
0.423828125 -0.604347937336779 -1.01690305315952 0.0368205419934033 -0
0.42578125 -0.606280915507484 -0.962390454410174 0.0368205503616915 -0
0.427734375 -0.608107275049319 -0.907729870556956 0.0368205582727966 -0
0.4296875 -0.609826735314347 -0.852929883615708 0.0368205657246109 -0
0.431640625 -0.611439032407192 -0.797999066339839 0.0368205727151907 -0
0.43359375 -0.612943919167237 -0.742945982538178 0.0368205792427502 -0
0.435546875 -0.614341165151482 -0.687779187439099 0.0368205853056544 -0
0.4375 -0.615630556618171 -0.632507228098153 0.0368205909024131 -0
0.439453125 -0.616811896511241 -0.577138643846361 0.0368205960316749 -0
0.44140625 -0.617885004445696 -0.521681966776309 0.0368206006922218 -0
0.443359375 -0.61884971669396 -0.466145722263121 0.0368206048829645 -0
0.4453125 -0.619705886173286 -0.410538429517368 0.036820608602937 -0
0.447265625 -0.620453382434263 -0.35486860216692 0.0368206118512934 -0
0.44921875 -0.6210920916505 -0.299144748864736 0.0368206146273031 -0
0.451171875 -0.621621916609516 -0.243375373919541 0.0368206169303484 -0
0.453125 -0.622042776704874 -0.187568977946336 0.0368206187599211 -0
0.455078125 -0.622354607929618 -0.131734058533648 0.0368206201156204 -0
0.45703125 -0.622557362871021 -0.0758791109244206 0.036820620997151 -0
0.458984375 -0.622651010706667 -0.0200126287074297 0.0368206214043216 -0
0.4609375 -0.622635537201909 0.0358568954839053 0.036820621337044 0
0.462890625 -0.622510944708683 0.0917209692684446 0.0368206207953327 0
0.46484375 -0.622277252165704 0.147571099813127 0.0368206197793051 0
0.466796875 -0.621934495100038 0.203398793130785 0.036820618289182 0
0.46875 -0.621482725630037 0.259195553383113 0.0368206163252884 0
0.470703125 -0.620922012469635 0.314952882191916 0.0368206138880552 0
0.47265625 -0.620252440933975 0.370662277961774 0.0368206109780217 0
0.474609375 -0.619474112946347 0.426315235217228 0.036820607595837 0
0.4765625 -0.618587147046408 0.481903243957576 0.0368206037422642 0
0.478515625 -0.617591678399638 0.53741778903238 0.0368205994181829 0
0.48046875 -0.616487858808 0.592850349540723 0.0368205946245935 0
0.482421875 -0.615275856721744 0.648192398257261 0.0368205893626214 0
0.484375 -0.613955857252307 0.703435401088069 0.0368205836335218 0
0.486328125 -0.612528062186244 0.758570816559259 0.036820577438685 0
0.48828125 -0.610992690000123 0.813590095341315 0.0368205707796416 0
0.490234375 -0.609349975876317 0.86848467981204 0.0368205636580688 0
0.4921875 -0.607600171719607 0.923246003660975 0.0368205560757964 0
0.494140625 -0.605743546174516 0.977865491538117 0.0368205480348138 0
0.49609375 -0.603780384643286 1.0323345587497 0.036820539537277 0
0.498046875 -0.6017109893044 1.08664461100373 0.0368205305855153 0
0.5 -0.599535679131553 1.14078704420802 0.0368205211820397 0
0.501953125 -0.597254789912963 1.19475324432316 0.0368205113295504 0
0.50390625 -0.594868674270915 1.24853458727321 0.0368205010309445 0
0.505859375 -0.592377701681427 1.3021224389163 0.0368204902893251 0
0.5078125 -0.589782258493899 1.35550815507781 0.036820479108009 0
0.509765625 -0.587082747950654 1.40868308164827 0.0368204674905361 0
0.51171875 -0.58427959020621 1.46163855474835 0.0368204554406773 0
0.513671875 -0.581373222346168 1.51436590096301 0.0368204429624442 0
0.515625 -0.578364098405573 1.56685643764699 0.0368204300600974 0
0.517578125 -0.57525268938661 1.61910147330366 0.0368204167381558 0
0.51953125 -0.572039483275481 1.67109230803892 0.0368204030014057 0
0.521484375 -0.568724985058333 1.72282023409233 0.0368203888549091 0
0.5234375 -0.565309716736058 1.77427653644678 0.0368203743040132 0
0.525390625 -0.561794217337837 1.82545249351865 0.0368203593543591 0
0.52734375 -0.558179042933251 1.87633937792968 0.0368203440118898 0
0.529296875 -0.5544647666428 1.92692845736218 0.0368203282828595 0
0.53125 -0.55065197864668 1.97721099549869 0.0368203121738412 0
0.533203125 -0.546741286191633 2.02717825304724 0.036820295691735 0
0.53515625 -0.542733313595714 2.07682148885342 0.0368202788437756 0
0.537109375 -0.538628702250799 2.12613196109994 0.0368202616375397 0
0.5390625 -0.534428110622667 2.17510092859462 0.0368202440809532 0
0.541015625 -0.530132214248476 2.22371965214735 0.0368202261822974 0
0.54296875 -0.525741705731467 2.27197939603664 0.0368202079502157 0
0.544921875 -0.521257294732708 2.31987142956598 0.0368201893937186 0
0.546875 -0.516679707959724 2.36738702871041 0.0368201705221894 0
0.548828125 -0.512009689151808 2.41451747785326 0.0368201513453886 0
0.55078125 -0.50724799906186 2.46125407161297 0.0368201318734577 0
0.552734375 -0.50239541543457 2.50758811675995 0.0368201121169229 0
0.5546875 -0.497452732980767 2.55351093422291 0.0368200920866978 0
0.556640625 -0.492420763347762 2.59901386118424 0.036820071794085 0
0.55859375 -0.487300335085516 2.64408825326376 0.0368200512507779 0
0.560546875 -0.48209229360845 2.68872548678994 0.0368200304688609 0
0.5625 -0.476797501152742 2.73291696115766 0.0368200094608091 0
0.564453125 -0.471416836728928 2.77665410127132 0.0368199882394875 0
0.56640625 -0.465951196069651 2.81992836007189 0.0368199668181486 0
0.568359375 -0.460401491572397 2.8627312211466 0.0368199452104297 0
0.5703125 -0.454768652237047 2.90505420141942 0.0368199234303497 0
0.572265625 -0.449053623598103 2.9468888539206 0.0368199014923033 0
0.57421875 -0.44325736765142 2.98822677063326 0.0368198794110565 0
0.576171875 -0.437380862775316 3.02905958541494 0.0368198572017394 0
0.578125 -0.431425103645893 3.06937897699171 0.0368198348798387 0
0.580078125 -0.425391101146443 3.10917667202238 0.0368198124611891 0
0.58203125 -0.419279882270806 3.14844444823021 0.0368197899619642 0
0.583984375 -0.413092490020543 3.18717413759932 0.036819767398665 0
0.5859375 -0.406829983295808 3.2253576296328 0.0368197447881094 0
0.587890625 -0.40049343677979 3.26298687466939 0.0368197221474186 0
0.58984375 -0.394083940816631 3.3000538872556 0.036819699494004 0
0.591796875 -0.387602601282698 3.33655074956966 0.0368196768455525 0
0.59375 -0.381050539451124 3.3724696148939 0.0368196542200106 0
0.595703125 -0.374428891849519 3.4078027111318 0.0368196316355681 0
0.59765625 -0.367738810110766 3.4425423443658 0.0368196091106401 0
0.599609375 -0.36098146081684 3.47668090245207 0.0368195866638487 0
0.6015625 -0.354158025335562 3.51021085864797 0.0368195643140032 0
0.603515625 -0.347269699650246 3.54312477526804 0.0368195420800798 0
0.60546875 -0.340317694182172 3.57541530736425 0.0368195199812002 0
0.607421875 -0.333303233605855 3.60707520642594 0.0368194980366094 0
0.609375 -0.32622755665707 3.638097324095 0.0368194762656526 0
0.611328125 -0.319091915933609 3.66847461589163 0.0368194546877516 0
0.61328125 -0.311897577688744 3.69820014494589 0.0368194333223798 0
0.615234375 -0.304645821617414 3.72726708573029 0.0368194121890373 0
0.6171875 -0.29733794063511 3.7556687277885 0.036819391307225 0
0.619140625 -0.28997524064949 3.78339847945527 0.0368193706964177 0
0.62109375 -0.282559040324738 3.81044987156252 0.0368193503760375 0
0.623046875 -0.275090670838699 3.83681656112652 0.036819330365426 0
0.625 -0.267571475632837 3.86249233501119 0.0368193106838161 0
0.626953125 -0.260002810155061 3.88747111356225 0.0368192913503043 0
0.62890625 -0.252386041595485 3.91174695420728 0.0368192723838212 0
0.630859375 -0.244722548615189 3.9353140550163 0.0368192538031033 0
0.6328125 -0.237013721068077 3.95816675821802 0.0368192356266636 0
0.634765625 -0.2292609597159 3.9802995536664 0.0368192178727624 0
0.63671875 -0.221465675936568 4.00170708225256 0.0368192005593785 0
0.638671875 -0.213629291425851 4.02238413925692 0.0368191837041794 0
0.640625 -0.205753237892595 4.04232567763662 0.0368191673244931 0
0.642578125 -0.197838956747583 4.0615268112431 0.0368191514372784 0
0.64453125 -0.189887898786177 4.07998281796511 0.0368191360590973 0
0.646484375 -0.181901523864907 4.09768914279228 0.036819121206086 0
0.6484375 -0.173881300572145 4.11464140079448 0.0368191068939277 0
0.650390625 -0.165828705893053 4.1308353800123 0.0368190931378248 0
0.65234375 -0.157745224868972 4.14626704425428 0.036819079952473 0
0.654296875 -0.149632350251435 4.16093253579627 0.0368190673520344 0
0.65625 -0.141491582151017 4.17482817797885 0.0368190553501128 0
0.658203125 -0.133324427681205 4.18795047769848 0.0368190439597292 0
0.66015625 -0.125132400597508 4.2002961277885 0.0368190331932978 0
0.662109375 -0.116917020932031 4.21186200928614 0.0368190230626034 0
0.6640625 -0.108679814623734 4.22264519358177 0.0368190135787803 0
0.666015625 -0.100422313144602 4.23264294444706 0.0368190047522909 0
0.66796875 -0.0921460531219875 4.24185271993856 0.0368189965929066 0
0.669921875 -0.0838525759573424 4.25027217417371 0.0368189891096895 0
0.671875 -0.0755434274416214 4.25789915897628 0.0368189823109755 0
0.673828125 -0.0672201573675913 4.26473172538859 0.0368189762043582 0
0.67578125 -0.0588843191393222 4.2707681250479 0.0368189707966747 0
0.677734375 -0.0505374693791229 4.27600681142486 0.0368189660939927 0
0.6796875 -0.0421811675321939 4.28044644092171 0.0368189621015988 0
0.681640625 -0.0338169754692725 4.28408587382871 0.0368189588239883 0
0.68359375 -0.0254464570875505 4.28692417513683 0.0368189562648566 0
0.685546875 -0.0170711779101443 4.28896061520572 0.0368189544270922 0
0.6875 -0.00869270468440313 4.29019467028557 0.0368189533127711 0
0.689453125 -0.000312604979341248 4.29062602289206 0.0368189529231528 0
0.69140625 0.00806755321751899 4.29025456203384 0.0368189532586777 0
0.693359375 0.0164462019036035 4.28908038329206 0.0368189543189665 0
0.6953125 0.0248217734647536 4.28710378875188 0.0368189561028207 0
0.697265625 0.0331927010784155 4.28432528678602 0.0368189586082253 0
0.69921875 0.0415574191162615 4.28074559169079 0.0368189618323521 0
0.701171875 0.0499143635459576 4.27636562317517 0.0368189657715657 0
0.703125 0.0582619723317895 4.2711865057037 0.0368189704214302 0
0.705078125 0.0665986858338627 4.26520956769455 0.0368189757767176 0
0.70703125 0.0749229472055963 4.25843634057374 0.0368189818314183 0
0.708984375 0.0832332027892289 4.25086855768746 0.0368189885787521 0
0.7109375 0.091527902509063 4.24250815307407 0.0368189960111812 0
0.712890625 0.0998055002621745 4.23335726009784 0.0368190041204247 0
0.71484375 0.10806445430632 4.22341820994682 0.0368190128974741 0
0.716796875 0.116303227644779 4.21269352999728 0.0368190223326103 0
0.71875 0.124520288407872 4.20118594204728 0.0368190324154217 0
0.720703125 0.132714110230901 4.18889836042253 0.0368190431348235 0
0.72265625 0.140883172628272 4.17583388995744 0.0368190544790787 0
0.724609375 0.149025961363548 4.16199582385473 0.0368190664358193 0
0.7265625 0.157140968815205 4.14738764142714 0.0368190789920687 0
0.728515625 0.165226694337872 4.13201300572475 0.0368190921342659 0
0.73046875 0.173281644618817 4.11587576105194 0.0368191058482893 0
0.732421875 0.181304334029482 4.09897993037776 0.0368191201194824 0
0.734375 0.189293284971855 4.08132971264401 0.0368191349326795 0
0.736328125 0.197247028219497 4.06292947997518 0.0368191502722325 0
0.73828125 0.205164103253009 4.04378377479478 0.0368191661220378 0
0.740234375 0.213043058589789 4.02389730685239 0.0368191824655645 0
0.7421875 0.220882452107901 4.00327495016629 0.0368191992858822 0
0.744140625 0.228680851363876 3.98192173988619 0.0368192165656896 0
0.74609375 0.236436833904331 3.959842869081 0.0368192342873434 0
0.748046875 0.244148987571224 3.9370436854565 0.0368192524328871 0
0.75 0.251815910800646 3.91352968800782 0.0368192709840804 0
0.751953125 0.259436212915005 3.88930652361188 0.036819289922428 0
0.75390625 0.267008514408504 3.86437998356461 0.0368193092292094 0
0.755859375 0.274531447225804 3.83875600006838 0.036819328885507 0
0.7578125 0.282003655033772 3.81244064267442 0.0368193488722361 0
0.759765625 0.289423793486251 3.7854401146856 0.0368193691701729 0
0.76171875 0.296790530481762 3.75776074952464 0.0368193897599827 0
0.763671875 0.304102546414081 3.72940900707279 0.0368194106222488 0
0.765625 0.31135853441564 3.70039146998425 0.0368194317374991 0
0.767578125 0.318557200593707 3.67071483998134 0.0368194530862339 0
0.76953125 0.325697264259317 3.64038593413543 0.0368194746489522 0
0.771484375 0.332777458148924 3.60941168113869 0.0368194964061774 0
0.7734375 0.339796528638765 3.57779911757167 0.0368195183384833 0
0.775390625 0.346753235951938 3.54555538417146 0.0368195404265181 0
0.77734375 0.353646354358185 3.51268772210534 0.0368195626510284 0
0.779296875 0.360474672366412 3.47920346925468 0.0368195849928826 0
0.78125 0.367236992909961 3.44511005651367 0.0368196074330929 0
0.783203125 0.373932133524669 3.41041500410746 0.0368196299528369 0
0.78515625 0.380558926519756 3.37512591793423 0.0368196525334777 0
0.787109375 0.387116219141599 3.33925048593539 0.0368196751565842 0
0.7890625 0.393602873730441 3.30279647449831 0.0368196978039492 0
0.791015625 0.400017767870108 3.26577172489556 0.0368197204576073 0
0.79296875 0.406359794530814 3.22818414976471 0.0368197430998519 0
0.794921875 0.412627862205127 3.19004172963247 0.0368197657132505 0
0.796875 0.418820895037191 3.151352509487 0.0368197882806595 0
0.798828125 0.42493783294531 3.11212459540184 0.0368198107852382 0
0.80078125 0.43097763173798 3.07236615121494 0.0368198332104614 0
0.802734375 0.436939263223494 3.03208539526609 0.0368198555401308 0
0.8046875 0.442821715313238 2.99129059719577 0.0368198777583861 0
0.806640625 0.44862399211879 2.94999007480859 0.0368198998497141 0
0.80859375 0.454345114042959 2.90819219100387 0.036819921798958 0
0.810546875 0.459984117864898 2.86590535077625 0.0368199435913245 0
0.8125 0.465540056819429 2.82313799828864 0.0368199652123908 0
0.814453125 0.471012000670713 2.77989861401998 0.0368199866481099 0
0.81640625 0.476399035780444 2.73619571198986 0.0368200078848158 0
0.818359375 0.481700265170674 2.69203783706204 0.0368200289092273 0
0.8203125 0.486914808581468 2.64743356232877 0.0368200497084503 0
0.822265625 0.492041802523521 2.60239148657743 0.0368200702699806 0
0.82421875 0.497080400325911 2.55692023184116 0.0368200905817046 0
0.826171875 0.50202977217915 2.51102844103467 0.0368201106318999 0
0.828125 0.506889105173702 2.46472477567653 0.0368201304092345 0
0.830078125 0.511657603334137 2.41801791369888 0.0368201499027661 0
0.83203125 0.516334487649089 2.37091654734541 0.0368201691019396 0
0.833984375 0.520918996097204 2.32342938115834 0.0368201879965849 0
0.8359375 0.525410383669238 2.27556513005497 0.0368202065769131 0
0.837890625 0.529807922386482 2.22733251749402 0.0368202248335131 0
0.83984375 0.534110901315699 2.17874027373223 0.0368202427573466 0
0.841796875 0.538318626580748 2.12979713417105 0.0368202603397431 0
0.84375 0.542430421371055 2.08051183779354 0.0368202775723945 0
0.845703125 0.546445625947129 2.03089312569116 0.0368202944473486 0
0.84765625 0.550363597643286 1.98094973968013 0.0368203109570028 0
0.849609375 0.554183710867755 1.9306904210068 0.0368203270940972 0
0.8515625 0.557905357100344 1.88012390914155 0.036820342851707 0
0.853515625 0.561527944887839 1.8292589406602 0.036820358223235 0
0.85546875 0.565050899837298 1.77810424821236 0.0368203732024036 0
0.857421875 0.568473664607418 1.72666855957531 0.0368203877832468 0
0.859375 0.571795698898139 1.67496059679266 0.0368204019601013 0
0.861328125 0.57501647943864 1.62298907539622 0.0368204157275984 0
0.86328125 0.578135499973905 1.57076270370986 0.0368204290806548 0
0.865234375 0.581152271250006 1.5182901822338 0.0368204420144643 0
0.8671875 0.584066320998256 1.4655802031078 0.0368204545244882 0
0.869140625 0.586877193918396 1.41264144965145 0.0368204666064469 0
0.87109375 0.589584451660957 1.35948259597983 0.0368204782563106 0
0.873046875 0.592187672808942 1.30611230669264 0.0368204894702906 0
0.875 0.594686452858975 1.25253923663475 0.0368205002448304 0
0.876953125 0.597080404202047 1.19877203072616 0.0368205105765965 0
0.87890625 0.599369156103999 1.14481932385914 0.0368205204624704 0
0.880859375 0.601552354685872 1.09068974086035 0.0368205298995397 0
0.8828125 0.603629662904235 1.03639189651559 0.03682053888509 0
0.884765625 0.605600760531636 0.981934395654793 0.0368205474165964 0
0.88671875 0.607465344137262 0.927325833294762 0.0368205554917162 0
0.888671875 0.609223127067943 0.872574794837184 0.0368205631082808 0
0.890625 0.610873839429594 0.817689856319239 0.0368205702642888 0
0.892578125 0.61241722806919 0.762679584714212 0.0368205769578984 0
0.89453125 0.613853056557384 0.707552538279354 0.0368205831874215 0
0.896484375 0.615181105171844 0.652317266948258 0.0368205889513165 0
0.8984375 0.616401170881401 0.596982312764911 0.0368205942481832 0
0.900390625 0.617513067331082 0.541556210356585 0.0368205990767562 0
0.90234375 0.618516624828106 0.486047487442652 0.0368206034359007 0
0.904296875 0.619411690328905 0.430464665376394 0.0368206073246071 0
0.90625 0.620198127427233 0.374816259716832 0.0368206107419869 0
0.908203125 0.620875816343424 0.319110780827578 0.0368206136872686 0
0.91015625 0.621444653914841 0.263356734499658 0.0368206161597944 0
0.912109375 0.621904553587563 0.207562622595278 0.0368206181590172 0
0.9140625 0.622255445409353 0.15173694370943 0.036820619684498 0
0.916015625 0.622497276023928 0.095888193846252 0.0368206207359039 0
0.91796875 0.622630008666565 0.0400248671070381 0.0368206213130063 0
0.919921875 0.622653623161065 -0.0158445436132442 0.0368206214156803 -0
0.921875 0.622568115918076 -0.0717115459240419 0.0368206210439037 -0
0.923828125 0.622373499934799 -0.127567647235059 0.0368206201977569 -0
0.92578125 0.622069804796064 -0.183404354052986 0.0368206188774235 -0
0.927734375 0.62165707667678 -0.239213171282265 0.036820617083191 -0
0.9296875 0.621135378345743 -0.29498560153301 0.0368206148154525 -0
0.931640625 0.620504789170791 -0.350713144439228 0.0368206120747078 -0
0.93359375 0.619765405125277 -0.406387295990439 0.0368206088615666 -0
0.935546875 0.618917338795829 -0.461999547879816 0.0368206051767506 -0
0.9375 0.617960719391371 -0.517541386871919 0.0368206010210975 -0
0.939453125 0.61689569275336 -0.573004294193091 0.0368205963955637 -0
0.94140625 0.61572242136718 -0.628379744947569 0.0368205913012295 -0
0.943359375 0.614441084374659 -0.683659207562312 0.0368205857393029 -0
0.9453125 0.613051877587639 -0.738834143263544 0.0368205797111253 -0
0.947265625 0.611555013502536 -0.793896005587953 0.0368205732181763 -0
0.94921875 0.609950721315812 -0.848836239931479 0.0368205662620798 -0
0.951171875 0.608239246940303 -0.903646283138555 0.0368205588446104 -0
0.953125 0.606420853022302 -0.958317563134631 0.0368205509676994 -0
0.955078125 0.604495818959309 -1.01284149860478 0.0368205426334423 -0
0.95703125 0.602464440918377 -1.06720949872112 0.0368205338441056 -0
0.958984375 0.600327031854929 -1.12141296292172 0.0368205246021342 -0
0.9609375 0.598083921531964 -1.17544328074359 0.0368205149101595 -0
0.962890625 0.595735456539525 -1.22929183171244 0.0368205047710074 -0
0.96484375 0.593282000314337 -1.28294998529153 0.036820494187706 -0
0.966796875 0.590723933159479 -1.33640910089214 0.0368204831634948 -0
0.96875 0.588061652263977 -1.38966052794807 0.0368204717018326 -0
0.970703125 0.585295571722182 -1.44269560605626 0.0368204598064066 -0
0.97265625 0.58242612255282 -1.49550566518604 0.0368204474811411 -0
0.974609375 0.579453752717549 -1.54808202595874 0.0368204347302065 -0
0.9765625 0.576378927138918 -1.60041600000006 0.0368204215580284 -0
0.978515625 0.573202127717549 -1.65249889036689 0.0368204079692959 -0
0.98046875 0.569923853348423 -1.70432199205059 0.0368203939689714 -0
0.982421875 0.566544619936102 -1.75587659255826 0.0368203795622989 -0
0.984375 0.563064960408742 -1.80715397257399 0.0368203647548132 -0
0.986328125 0.559485424730734 -1.85814540670121 0.0368203495523483 -0
0.98828125 0.555806579913815 -1.90884216428798 0.0368203339610459 -0
0.990234375 0.552029010026485 -1.95923551033616 0.0368203179873639 -0
0.9921875 0.548153316201565 -2.00931670649599 0.0368203016380842 -0
0.994140625 0.544180116641735 -2.05907701214685 0.0368202849203209 -0
0.99609375 0.540110046622866 -2.10850768556548 0.0368202678415274 -0
0.998046875 0.535943758494994 -2.15759998518214 0.0368202504095036 -0
1 0.531681921680748 -2.20634517092568 0.036820232632403 -0
1.001953125 0.527325222671066 -2.25473450565792 0.0368202145187384 -0
1.00390625 0.522874365018022 -2.30275925669782 0.0368201960773883 -0
1.005859375 0.51833006932459 -2.35041069743575 0.0368201773176018 -0
1.0078125 0.513693073231164 -2.39768010903784 0.0368201582490038 -0
1.009765625 0.508964131398661 -2.44455878224067 0.036820138881599 -0
1.01171875 0.504144015488036 -2.49103801923581 0.0368201192257754 -0
1.013671875 0.499233514136021 -2.53710913564423 0.0368200992923076 -0
1.015625 0.494233432926926 -2.58276346257978 0.0368200790923587 -0
1.017578125 0.489144594360319 -2.62799234880144 0.0368200586374819 -0
1.01953125 0.48396783781442 -2.67278716295328 0.0368200379396216 -0
1.021484375 0.478704019505033 -2.71713929589135 0.0368200170111131 -0
1.0234375 0.473354012439845 -2.76104016309636 0.0368199958646818 -0
1.025390625 0.467918706367938 -2.80448120717084 0.0368199745134417 -0
1.02734375 0.462399007724334 -2.84745390041941 0.0368199529708928 -0
1.029296875 0.456795839569424 -2.88994974751049 0.0368199312509175 -0
1.03125 0.451110141523121 -2.93196028821776 0.0368199093677768 -0
1.033203125 0.445342869693574 -2.97347710023941 0.0368198873361043 -0
1.03515625 0.439494996600311 -3.01449180209309 0.0368198651709003 -0
1.037109375 0.433567511091648 -3.05499605608425 0.0368198428875249 -0
1.0390625 0.427561418256232 -3.09498157134562 0.0368198205016893 -0
1.041015625 0.421477739328579 -3.13444010694499 0.0368197980294466 -0
1.04296875 0.415317511588478 -3.17336347505881 0.036819775487182 -0
1.044921875 0.40908178825413 -3.21174354420854 0.0368197528916012 -0
1.046875 0.402771638368913 -3.24957224255671 0.0368197302597183 -0
1.048828125 0.396388146681643 -3.28684156125957 0.0368197076088423 -0
1.05078125 0.389932413520243 -3.32354355787289 0.0368196849565633 -0
1.052734375 0.383405554658702 -3.35967035980739 0.0368196623207366 -0
1.0546875 0.376808701177245 -3.39521416783022 0.0368196397194668 -0
1.056640625 0.370142999315615 -3.43016725960866 0.0368196171710905 -0
1.05859375 0.363409610319399 -3.46452199329208 0.0368195946941577 -0
1.060546875 0.356609710279318 -3.49827081112817 0.036819572307413 -0
1.0625 0.34974448996343 -3.53140624310919 0.0368195500297753 -0
1.064453125 0.342815154642173 -3.56392091064409 0.0368195278803166 -0
1.06640625 0.335822923906226 -3.59580753025185 0.0368195058782404 -0
1.068359375 0.328769031477127 -3.6270589172718 0.0368194840428588 -0
1.0703125 0.321654725010633 -3.65766798958604 0.0368194623935686 -0
1.072265625 0.314481265892806 -3.68762777134955 0.036819440949828 -0
1.07421875 0.307249929028799 -3.71693139672292 0.0368194197311302 -0
1.076171875 0.299962002624357 -3.74557211360302 0.0368193987569789 -0
1.078125 0.292618787960037 -3.77354328734666 0.0368193780468614 -0
1.080078125 0.285221599158159 -3.80083840448219 0.0368193576202219 -0
1.08203125 0.277771762942529 -3.82745107640403 0.0368193374964338 -0
1.083984375 0.270270618390956 -3.85337504304516 0.0368193176947723 -0
1.0859375 0.262719516680633 -3.87860417652225 0.0368192982343861 -0
1.087890625 0.255119820826416 -3.90313248474852 0.0368192791342684 -0
1.08984375 0.247472905412084 -3.92695411500911 0.0368192604132286 -0
1.091796875 0.239780156314662 -3.95006335749371 0.0368192420898632 -0
1.09375 0.232042970421875 -3.9724546487816 0.0368192241825263 -0
1.095703125 0.224262755342859 -3.99412257527365 0.0368192067093009 -0
1.09765625 0.216440929112212 -4.01506187656649 0.0368191896879693 -0
1.099609375 0.208578919887521 -4.03526744876366 0.0368191731359845 -0
1.1015625 0.200678165640479 -4.05473434771877 0.0368191570704409 -0
1.103515625 0.192740113841744 -4.07345779220583 0.0368191415080457 -0
1.10546875 0.184766221139675 -4.09143316701177 0.036819126465091 -0
1.107421875 0.176757953033105 -4.1086560259465 0.0368191119574254 -0
1.109375 0.168716783538321 -4.12512209476581 0.0368190980004266 -0
1.111328125 0.160644194850426 -4.14082727400246 0.0368190846089748 -0
1.11328125 0.152541676999249 -4.15576764170112 0.0368190717974262 -0
1.115234375 0.144410727500031 -4.16993945605277 0.0368190595795875 -0
1.1171875 0.136252850999043 -4.18333915792443 0.0368190479686911 -0
1.119140625 0.128069558914388 -4.19596337327999 0.0368190369773714 -0
1.12109375 0.119862369072168 -4.20780891548855 0.036819026617641 -0
1.123046875 0.111632805338261 -4.21887278751625 0.0368190169008698 -0
1.125 0.103382397245933 -4.22915218399815 0.036819007837763 -0
1.126953125 0.0951126796195184 -4.23864449318685 0.0368189994383418 -0
1.12890625 0.0868251921944216 -4.24734729877454 0.0368189917119245 -0
1.130859375 0.0785214792336803 -4.25525838158552 0.0368189846671088 -0
1.1328125 0.0702030891413532 -4.26237572113641 0.0368189783117559 -0
1.134765625 0.0618715740729912 -4.26869749706154 0.0368189726529757 -0
1.13671875 0.0535284895434566 -4.274222090401 0.0368189676971127 -0
1.138671875 0.0451753940323623 -4.27894808474932 0.0368189634497346 -0
1.140625 0.0368138485874045 -4.28287426726286 0.0368189599156211 -0
1.142578125 0.0284454164258667 -4.28599962952421 0.0368189570987552 -0
1.14453125 0.0200716625345756 -4.28832336826207 0.0368189550023151 -0
1.146484375 0.011694153268593 -4.28984488592562 0.0368189536286684 -0
1.1484375 0.00331445594892865 -4.29056379111212 0.0368189529793673 -0
1.150390625 -0.00506586154043872 -4.29047989884734 0.0368189530551459 -0
1.15234375 -0.0134452311559438 -4.28959323071805 0.0368189538559184 -0
1.154296875 -0.0218220850979311 -4.28790401485659 0.0368189553807798 -0
1.15625 -0.0301948562139773 -4.28541268577739 0.036818957628007 -0
1.158203125 -0.038561978401749 -4.28211988406575 0.0368189605950625 -0
1.16015625 -0.0469218870111092 -4.27802645591951 0.0368189642785995 -0
1.162109375 -0.0552730192451846 -4.27313345254417 0.0368189686744679 -0
1.1640625 -0.0636138145601098 -4.2674421294027 0.0368189737777222 -0
1.166015625 -0.0719427150631639 -4.26095394532113 0.0368189795826317 -0
1.16796875 -0.0802581659090205 -4.25367056145147 0.0368189860826907 -0
1.169921875 -0.0885586156938337 -4.24559384009378 0.0368189932706313 -0
1.171875 -0.0968425168468868 -4.23672584337917 0.036819001138437 -0
1.173828125 -0.105108326019534 -4.22706883181608 0.036819009677358 -0
1.17578125 -0.113354504471168 -4.21662526270218 0.0368190188779278 -0
1.177734375 -0.121579518451964 -4.20539778840455 0.0368190287299806 -0
1.1796875 -0.129781839582124 -4.19338925451089 0.0368190392226705 -0
1.181640625 -0.137959945227397 -4.18060269785492 0.0368190503444918 -0
1.18359375 -0.146112318870619 -4.16704134441911 0.0368190620832997 -0
1.185546875 -0.154237450479034 -4.15270860711821 0.0368190744263331 -0
1.1875 -0.162333836867175 -4.13760808346711 0.0368190873602376 -0
1.189453125 -0.170399982055078 -4.12174355313685 0.0368191008710896 -0
1.19140625 -0.178434397621616 -4.10511897540278 0.0368191149444211 -0
1.193359375 -0.186435603052745 -4.08773848648871 0.0368191295652458 -0
1.1953125 -0.194402126084462 -4.06960639681157 0.0368191447180854 -0
1.197265625 -0.20233250304029 -4.0507271881307 0.0368191603869962 -0
1.19921875 -0.210225279163098 -4.03110551060642 0.0368191765555972 -0
1.201171875 -0.218079008941096 -4.0107461797723 0.0368191932070977 -0
1.203125 -0.225892256427833 -3.98965417342601 0.0368192103243262 -0
1.205078125 -0.233663595556042 -3.96783462844335 0.0368192278897584 -0
1.20703125 -0.24139161044519 -3.94529283752046 0.0368192458855467 -0
1.208984375 -0.249074895702606 -3.9220342458491 0.0368192642935491 -0
1.2109375 -0.256712056718038 -3.89806444773001 0.0368192830953583 -0
1.212890625 -0.264301709951551 -3.87338918312932 0.0368193022723311 -0
1.21484375 -0.271842483214637 -3.84801433418323 0.0368193218056172 -0
1.216796875 -0.279333015944455 -3.82194592165595 0.0368193416761884 -0
1.21875 -0.286771959471106 -3.79519010135614 0.0368193618648674 -0
1.220703125 -0.294157977277877 -3.76775316051682 0.0368193823523562 -0
1.22265625 -0.301489745254375 -3.73964151414413 0.036819403119264 -0
1.224609375 -0.308765951942503 -3.71086170133981 0.0368194241461356 -0
1.2265625 -0.315985298775233 -3.68142038160268 0.036819445413478 -0
1.228515625 -0.323146500308138 -3.65132433111411 0.0368194669017877 -0
1.23046875 -0.330248284443648 -3.62058043901247 0.0368194885915764 -0
1.232421875 -0.337289392648031 -3.58919570366164 0.036819510463397 -0
1.234375 -0.344268580161076 -3.55717722891844 0.0368195324978682 -0
1.236328125 -0.351184616198493 -3.52453222040368 0.0368195546756987 -0
1.23828125 -0.358036284147028 -3.49126798178197 0.0368195769777108 -0
1.240234375 -0.364822381752329 -3.45739191105448 0.0368195993848625 -0
1.2421875 -0.371541721299585 -3.42291149686972 0.0368196218782697 -0
1.244140625 -0.378193129786976 -3.38783431485647 0.0368196444392268 -0
1.24609375 -0.384775449091993 -3.3521680239834 0.036819667049227 -0
1.248046875 -0.391287536130661 -3.31592036294974 0.0368196896899805 -0
1.25 -0.397728263009765 -3.2790991466109 0.0368197123434336 -0
1.251953125 -0.40409651717211 -3.24171226244335 0.036819734991785 -0
1.25390625 -0.410391201534934 -3.2037676670524 0.0368197576175021 -0
1.255859375 -0.416611234621534 -3.16527338272687 0.0368197802033365 -0
1.2578125 -0.422755550686211 -3.12623749404411 0.0368198027323373 -0
1.259765625 -0.428823099832644 -3.0866681445289 0.0368198251878649 -0
1.26171875 -0.434812848125777 -3.04657353336963 0.0368198475536027 -0
1.263671875 -0.440723777697369 -3.00596191219477 0.0368198698135681 -0
1.265625 -0.446554886845288 -2.96484158191284 0.0368198919521226 -0
1.267578125 -0.452305190126716 -2.92322088961865 0.0368199139539808 -0
1.26953125 -0.457973718445361 -2.88110822556851 0.0368199358042182 -0
1.271484375 -0.463559519132843 -2.838512020227 0.0368199574882787 -0
1.2734375 -0.469061656024373 -2.79544074138768 0.0368199789919802 -0
1.275390625 -0.474479209528888 -2.75190289136992 0.0368200003015196 -0
1.27734375 -0.479811276693786 -2.70790700429398 0.0368200214034776 -0
1.279296875 -0.485056971264412 -2.66346164343614 0.036820042284821 -0
1.28125 -0.490215423738459 -2.6185753986657 0.0368200629329059 -0
1.283203125 -0.495285781415449 -2.57325688396535 0.0368200833354787 -0
1.28515625 -0.500267208441448 -2.52751473503633 0.0368201034806768 -0
1.287109375 -0.505158885849185 -2.48135760698964 0.0368201233570285 -0
1.2890625 -0.509960011593752 -2.43479417212426 0.0368201429534521 -0
1.291015625 -0.514669800584046 -2.3878331177935 0.036820162259254 -0
1.29296875 -0.519287484710133 -2.34048314436002 0.0368201812641267 -0
1.294921875 -0.523812312866702 -2.29275296324018 0.036820199958145 -0
1.296875 -0.528243550972789 -2.24465129503827 0.0368202183317631 -0
1.298828125 -0.532580481987945 -2.19618686777068 0.0368202363758097 -0
1.30078125 -0.536822405925019 -2.1473684151804 0.0368202540814831 -0
1.302734375 -0.540968639859744 -2.09820467514156 0.0368202714403461 0
1.3046875 -0.54501851793729 -2.04870438815408 0.0368202884443197 0
1.306640625 -0.54897139137597 -1.99887629592801 0.036820305085677 0
1.30859375 -0.552826628468259 -1.94872914005705 0.0368203213570361 0
1.310546875 -0.556583614579318 -1.89827166078086 0.0368203372513529 0
1.3125 -0.560241752143184 -1.84751259583517 0.036820352761914 0
1.314453125 -0.563800460656799 -1.79646067938915 0.0368203678823281 0
1.31640625 -0.567259176672048 -1.74512464106875 0.0368203826065185 0
1.318359375 -0.570617353785974 -1.69351320506514 0.0368203969287146 0
1.3203125 -0.573874462629334 -1.64163508932691 0.036820410843443 0
1.322265625 -0.577029990853658 -1.58949900483476 0.0368204243455193 0
1.32421875 -0.58008344311697 -1.53711365495712 0.036820437430039 0
1.326171875 -0.583034341068334 -1.48448773488529 0.0368204500923687 0
1.328125 -0.585882223331366 -1.43162993114632 0.0368204623281369 0
1.330078125 -0.588626645486874 -1.37854892119188 0.0368204741332254 0
1.33203125 -0.591267180054771 -1.32525337306128 0.0368204855037603 0
1.333984375 -0.593803416475395 -1.2717519451167 0.0368204964361027 0
1.3359375 -0.596234961090383 -1.21805328584851 0.0368205069268403 0
1.337890625 -0.598561437123241 -1.16416603374862 0.0368205169727788 0
1.33984375 -0.600782484659714 -1.11009881724956 0.0368205265709326 0
1.341796875 -0.602897760628122 -1.0558602547271 0.0368205357185175 0
1.34375 -0.604906938779742 -1.00145895456392 0.0368205444129416 0
1.345703125 -0.606809709669387 -0.946903515271952 0.0368205526517979 0
1.34765625 -0.608605780636273 -0.892202525670911 0.0368205604328562 0
1.349609375 -0.610294875785289 -0.837364565120346 0.036820567754056 0
1.3515625 -0.611876735968774 -0.782398203802655 0.0368205746134992 0
1.353515625 -0.613351118768893 -0.727312003054339 0.0368205810094434 0
1.35546875 -0.614717798480705 -0.67211451574275 0.0368205869402952 0
1.357421875 -0.615976566096013 -0.616814286685547 0.0368205924046044 0
1.359375 -0.617127229288071 -0.561419853109998 0.0368205974010579 0
1.361328125 -0.618169612397224 -0.505939745149269 0.0368206019284748 0
1.36328125 -0.61910355641756 -0.450382486372751 0.0368206059858011 0
1.365234375 -0.619928918984618 -0.394756594347484 0.0368206095721054 0
1.3671875 -0.62064557436423 -0.339070581227674 0.0368206126865747 0
1.369140625 -0.621253413442538 -0.283332954369277 0.0368206153285109 0
1.37109375 -0.621752343717235 -0.227552216966622 0.0368206174973275 0
1.373046875 -0.622142289290064 -0.171736868707976 0.0368206191925471 0
1.375 -0.622423190860625 -0.115895406446982 0.0368206204137988 0
1.376953125 -0.622595005721498 -0.0600363248868468 0.0368206211608171 0
1.37890625 -0.622657707754715 -0.00416811727417782 0.0368206214334399 0
1.380859375 -0.6226112874296 0.0517007239006809 0.0368206212316082 -0
1.3828125 -0.622455751801978 0.107561706199933 0.0368206205553657 -0
1.384765625 -0.622191124514757 0.163406336534381 0.0368206194048589 -0
1.38671875 -0.62181744579989 0.219226120462387 0.0368206177803381 -0
1.388671875 -0.6213347724817 0.275012561494867 0.0368206156821581 -0
1.390625 -0.620743177981551 0.330757160409465 0.0368206131107806 -0
1.392578125 -0.620042752323851 0.386451414577015 0.0368206100667753 -0
1.39453125 -0.619233602143359 0.44208681730341 0.0368206065508238 -0
1.396484375 -0.618315850693759 0.497654857189961 0.0368206025637214 -0
1.3984375 -0.617289637857461 0.553147017515328 0.0368205981063819 -0
1.400390625 -0.61615512015659 0.608554775642068 0.0368205931798404 -0
1.40234375 -0.614912470765109 0.663869602450833 0.036820587785259 -0
1.404296875 -0.613561879522017 0.719082961805211 0.0368205819239303 -0
1.40625 -0.612103552945558 0.774186310050175 0.036820575597284 -0
1.408203125 -0.610537714248383 0.829171095547074 0.0368205688068915 -0
1.41015625 -0.608864603353577 0.884028758248055 0.0368205615544728 -0
1.412109375 -0.607084476911477 0.938750729312757 0.0368205538419022 -0
1.4140625 -0.605197608317199 0.993328430770103 0.0368205456712157 -0
1.416015625 -0.603204287728781 1.04775327522791 0.0368205370446174 -0
1.41796875 -0.60110482208584 1.10201666563306 0.0368205279644878 -0
1.419921875 -0.598899535128652 1.15610999508482 0.0368205184333903 -0
1.421875 -0.59658876741754 1.21002464670397 0.0368205084540804 -0
1.423828125 -0.594172876352465 1.2637519935602 0.0368204980295127 -0
1.42578125 -0.591652236192695 1.31728339866025 0.03682048716285 -0
1.427734375 -0.589027238076448 1.37061021499918 0.0368204758574715 -0
1.4296875 -0.586298290040355 1.42372378567708 0.0368204641169817 -0
1.431640625 -0.583465817038647 1.47661544408347 0.0368204519452189 -0
1.43359375 -0.580530260961904 1.52927651415146 0.0368204393462643 -0
1.435546875 -0.577492080655243 1.58169831068386 0.0368204263244511 -0
1.4375 -0.574351751935795 1.63387213975308 0.0368204128843729 -0
1.439453125 -0.571109767609332 1.68578929917684 0.0368203990308932 -0
1.44140625 -0.567766637485886 1.73744107907131 0.0368203847691542 -0
1.443359375 -0.56432288839421 1.78881876248351 0.0368203701045856 -0
1.4453125 -0.560779064194934 1.83991362610444 0.036820355042913 -0
1.447265625 -0.557135725792239 1.89071694106454 0.036820339590167 -0
1.44921875 -0.553393451143901 1.94121997381263 0.0368203237526913 -0
1.451171875 -0.549552835269534 1.99141398707976 0.0368203075371509 -0
1.453125 -0.545614490256871 2.04129024092905 0.03682029095054 -0
1.455078125 -0.541579045265905 2.0908399938924 0.0368202740001895 -0
1.45703125 -0.537447146530729 2.1400545041951 0.0368202566937746 -0
1.458984375 -0.533219457358893 2.18892503106899 0.0368202390393213 -0
1.4609375 -0.528896658128115 2.23744283615477 0.036820221045213 -0
1.462890625 -0.524479446280163 2.28559918499401 0.0368202027201965 -0
1.46484375 -0.519968536311732 2.33338534861104 0.0368201840733876 -0
1.466796875 -0.515364659762151 2.38079260518513 0.0368201651142761 -0
1.46875 -0.510668565197728 2.42781224181275 0.0368201458527303 -0
1.470703125 -0.50588101819257 2.47443555636 0.0368201262990004 -0
1.47265625 -0.501002801305697 2.52065385940486 0.0368201064637222 -0
1.474609375 -0.49603471405427 2.56645847626881 0.0368200863579194 -0
1.4765625 -0.490977572882772 2.61184074913741 0.0368200659930056 -0
1.478515625 -0.485832211127952 2.65679203926888 0.0368200453807847 -0
1.48046875 -0.480599478979378 2.70130372929002 0.0368200245334522 -0
1.482421875 -0.475280243435413 2.74536722557829 0.0368200034635939 -0
1.484375 -0.469875388254463 2.78897396072885 0.0368199821841848 -0
1.486328125 -0.464385813901316 2.83211539610523 0.036819960708587 -0
1.48828125 -0.458812437488427 2.87478302447209 0.0368199390505465 -0
1.490234375 -0.453156192711972 2.9169683727083 0.036819917224189 -0
1.4921875 -0.447418029782535 2.95866300459858 0.0368198952440155 -0
1.494140625 -0.441598915350259 2.99985852370155 0.0368198731248956 -0
1.49609375 -0.435699832424325 3.04054657629209 0.0368198508820616 -0
1.498046875 -0.429721780286618 3.08071885437561 0.0368198285310996 -0
1.5 -0.423665774399421 3.12036709877166 0.0368198060879417 -0
1.501953125 -0.417532846307041 3.15948310226431 0.0368197835688552 -0
1.50390625 -0.411324043531201 3.1980587128163 0.0368197609904324 -0
1.505859375 -0.405040429460102 3.23608583684418 0.0368197383695784 -0
1.5078125 -0.398683083231028 3.27355644255097 0.0368197157234981 -0
1.509765625 -0.392253099606387 3.31046256331334 0.0368196930696827 -0
1.51171875 -0.385751588843085 3.34679630111973 0.0368196704258943 -0
1.513671875 -0.379179676555138 3.38254983005571 0.0368196478101502 -0
1.515625 -0.37253850356943 3.41771539983298 0.0368196252407058 -0
1.517578125 -0.365829225774541 3.45228533935816 0.0368196027360369 -0
1.51953125 -0.359053013962563 3.48625206033714 0.0368195803148208 -0
1.521484375 -0.352211053663849 3.51960806091114 0.036819557995916 -0
1.5234375 -0.345304544974628 3.55234592931999 0.0368195357983424 -0
1.525390625 -0.338334702377443 3.58445834758843 0.036819513741259 -0
1.52734375 -0.331302754554361 3.61593809523087 0.0368194918439414 -0
1.529296875 -0.324209944192947 3.64677805296999 0.036819470125759 -0
1.53125 -0.317057527784947 3.67697120646466 0.0368194486061509 -0
1.533203125 -0.309846775417694 3.70651065004226 0.0368194273046005 -0
1.53515625 -0.30257897055822 3.7353895904307 0.036819406240611 -0
1.537109375 -0.295255409830075 3.76360135048511 0.0368193854336784 -0
1.5390625 -0.287877402782887 3.79113937290436 0.0368193649032655 -0
1.541015625 -0.280446271654667 3.8179972239323 0.0368193446687743 -0
1.54296875 -0.272963351126902 3.84416859703868 0.0368193247495184 -0
1.544921875 -0.265429988072485 3.86964731657475 0.036819305164695 -0
1.546875 -0.257847541296531 3.89442734139818 0.0368192859333564 -0
1.548828125 -0.250217381270148 3.9185027684625 0.0368192670743811 -0
1.55078125 -0.242540889857225 3.94186783636564 0.0368192486064452 -0
1.552734375 -0.234819460034345 3.96451692885257 0.036819230547993 -0
1.5546875 -0.227054495603894 3.98644457826689 0.036819212917208 -0
1.556640625 -0.21924741090049 4.00764546894634 0.0368191957319836 -0
1.55859375 -0.211399630490823 4.02811444055702 0.036819179009894 -0
1.560546875 -0.203512588867064 4.04784649136156 0.0368191627681653 -0
1.5625 -0.195587730133942 4.06683678141605 0.0368191470236468 -0
1.564453125 -0.187626507689657 4.08508063569096 0.0368191317927824 -0
1.56640625 -0.179630383900774 4.10257354711137 0.0368191170915828 -0
1.568359375 -0.171600829771253 4.11931117951152 0.0368191029355976 -0
1.5703125 -0.163539324605807 4.13528937049935 0.0368190893398881 -0
1.572265625 -0.15544735566774 4.15050413422641 0.0368190763190012 -0
1.57421875 -0.147326417831485 4.16495166405871 0.0368190638869434 -0
1.576171875 -0.139178013230011 4.17862833514446 0.0368190520571557 -0
1.578125 -0.131003650897327 4.19153070687433 0.0368190408424891 -0
1.580078125 -0.122804846406283 4.20365552523057 0.0368190302551817 -0
1.58203125 -0.114583121501895 4.2149997250209 0.0368190203068362 -0
1.583984375 -0.10634000373042 4.22556043199388 0.0368190110083981 -0
1.5859375 -0.098077026064419 4.23533496483197 0.0368190023701358 -0
1.587890625 -0.0897957265240453 4.24432083701928 0.0368189944016214 -0
1.58984375 -0.0814976477948125 4.25251575858084 0.0368189871117128 -0
1.591796875 -0.073184336842089 4.25991763769052 0.0368189805085368 -0
1.59375 -0.0648573445225839 4.26652458214497 0.036818974599474 -0
1.595703125 -0.0565182251930852 4.27233490070114 0.0368189693911445 -0
1.59765625 -0.0481685363167201 4.2773471042751 0.0368189648893955 -0
1.599609375 -0.0398098380670106 4.28155990700029 0.0368189610992903 -0
1.6015625 -0.0314436929300002 4.28497222714323 0.036818958025098 -0
1.603515625 -0.0230716653047323 4.28758318787542 0.036818955670286 -0
1.60546875 -0.0146953211023618 4.28939211789988 0.0368189540375128 -0
1.607421875 -0.00631622734418589 4.29039855193145 0.0368189531286232 -0
1.609375 0.00206404824112042 4.29060223103001 0.0368189529446444 -0
1.611328125 0.0104439376207751 4.29000310278598 0.0368189534857846 -0
1.61328125 0.0188218728613782 4.28860132135791 0.036818954751432 -0
1.615234375 0.0271962865323294 4.28639724736197 0.0368189567401562 -0
1.6171875 0.0355656121088858 4.28339144761365 0.036818959449711 -0
1.619140625 0.0439282843745703 4.27958469472205 0.0368189628770388 -0
1.62109375 0.0522827398226439 4.27497796653734 0.0368189670182764 -0
1.623046875 0.0606274170563567 4.26957244545253 0.0368189718687622 -0
1.625 0.0689607571876928 4.26336951756055 0.0368189774230456 -0
1.626953125 0.0772812042343276 4.25637077166811 0.0368189836748972 -0
1.62890625 0.0855872055145213 4.24857799816795 0.0368189906173205 -0
1.630859375 0.0938772120396712 4.23999318777148 0.0368189982425656 -0
1.6328125 0.102149678904254 4.23061853010372 0.0368190065421434 -0
1.634765625 0.110403065672889 4.22045641216309 0.0368190155068423 -0
1.63671875 0.118635836764266 4.2095094166484 0.0368190251267448 -0
1.638671875 0.126846461831672 4.19778032015596 0.0368190353912463 -0
1.640625 0.135033416139875 4.1852720912497 0.0368190462890751 -0
1.642578125 0.143195180938116 4.17198788840739 0.0368190578083128 -0
1.64453125 0.151330243828966 4.15793105784654 0.0368190699364166 0
1.646484375 0.159437099132829 4.14310513123319 0.0368190826602416 0
1.6484375 0.167514248247846 4.12751382327765 0.0368190959660655 0
1.650390625 0.175560200005007 4.1111610292207 0.0368191098396123 0
1.65234375 0.183573471018239 4.09405082221461 0.0368191242660784 0
1.654296875 0.191552586029283 4.07618745060292 0.0368191392301586 0
1.65625 0.199496078247157 4.0575753351034 0.0368191547160728 0
1.658203125 0.207402489682031 4.03821906589853 0.0368191707075934 0
1.66015625 0.215270371473323 4.01812339963823 0.0368191871880733 0
1.662109375 0.223098284211867 3.99729325635928 0.036819204140474 0
1.6640625 0.230884798255977 3.97573371632632 0.0368192215473944 0
1.666015625 0.238628494041267 3.95345001679922 0.0368192393910992 0
1.66796875 0.246327962384099 3.93044754873179 0.0368192576535487 0
1.669921875 0.253981804778501 3.90673185340672 0.0368192763164271 0
1.671875 0.261588633686469 3.88230861901178 0.0368192953611724 0
1.673828125 0.269147072821515 3.8571836771625 0.0368193147690052 0
1.67578125 0.276655757425385 3.83136299937622 0.0368193345209577 0
1.677734375 0.284113334537829 3.80485269350284 0.0368193545979026 0
1.6796875 0.29151846325938 3.77765900011717 0.036819374980582 0
1.681640625 0.298869815007037 3.74978828887833 0.0368193956496351 0
1.68359375 0.306166073762811 3.72124705486099 0.0368194165856266 0
1.685546875 0.313405936315087 3.69204191486383 0.036819437769074 0
1.6875 0.320588112492748 3.66217960370015 0.0368194591804743 0
1.689453125 0.327711325392041 3.63166697047569 0.0368194808003311 0
1.69140625 0.334774311596168 3.60051097485872 0.0368195026091794 0
1.693359375 0.341775821387583 3.56871868334725 0.0368195245876115 0
1.6953125 0.348714618952994 3.53629726553829 0.0368195467163014 0
1.697265625 0.355589482581092 3.50325399040394 0.0368195689760278 0
1.69921875 0.362399204853009 3.46959622257898 0.0368195913476976 0
1.701171875 0.369142592825541 3.4353314186647 0.0368196138123679 0
1.703125 0.375818468207168 3.40046712355335 0.0368196363512666 0
1.705078125 0.382425667526921 3.36501096677775 0.0368196589458136 0
1.70703125 0.388963042296144 3.32897065889029 0.0368196815776391 0
1.708984375 0.395429459163211 3.29235398787563 0.0368197042286029 0
1.7109375 0.401823800061283 3.25516881560099 0.0368197268808113 0
1.712890625 0.408144962349153 3.21742307430821 0.0368197495166338 0
1.71484375 0.414391858945299 3.17912476315112 0.0368197721187184 0
1.716796875 0.420563418455212 3.14028194478216 0.0368197946700062 0
1.71875 0.426658585292105 3.10090274199159 0.0368198171537446 0
1.720703125 0.432676319791116 3.06099533440275 0.0368198395535 0
1.72265625 0.438615598317115 3.0205679552266 0.0368198618531689 0
1.724609375 0.44447541336622 2.97962888807861 0.0368198840369885 0
1.7265625 0.450254773661172 2.93818646386095 0.0368199060895459 0
1.728515625 0.455952704240677 2.89624905771265 0.0368199279957866 0
1.73046875 0.461568246542862 2.8538250860305 0.0368199497410217 0
1.732421875 0.467100458482984 2.81092300356299 0.0368199713109344 0
1.734375 0.47254841452553 2.76755130057964 0.0368199926915855 0
1.736328125 0.477911205750873 2.72371850011782 0.0368200138694177 0
1.73828125 0.483187939916615 2.67943315530897 0.0368200348312592 0
1.740234375 0.488377741513799 2.63470384678614 0.0368200555643264 0
1.7421875 0.493479751818124 2.58953918017429 0.0368200760562259 0
1.744140625 0.498493128936355 2.54394778366494 0.0368200962949549 0
1.74609375 0.503417047848065 2.49793830567642 0.0368201162689018 0
1.748046875 0.508250700442903 2.45151941260082 0.0368201359668454 0
1.75 0.512993295553537 2.40469978663865 0.0368201553779532 0
1.751953125 0.51764405898446 2.35748812372207 0.0368201744917798 0
1.75390625 0.522202233536826 2.30989313152714 0.0368201932982635 0
1.755859375 0.526667079029488 2.26192352757581 0.036820211787723 0
1.7578125 0.531037872316419 2.21358803742792 0.0368202299508533 0
1.759765625 0.535313907300691 2.16489539296325 0.0368202477787211 0
1.76171875 0.539494494945182 2.11585433075386 0.0368202652627592 0
1.763671875 0.543578963280198 2.0664735905265 0.036820282394761 0
1.765625 0.547566657408176 2.01676191371485 0.0368202991668743 0
1.767578125 0.551456939505647 1.96672804210118 0.0368203155715943 0
1.76953125 0.555249188822634 1.91638071654686 0.0368203316017569 0
1.771484375 0.558942801679658 1.86572867581124 0.0368203472505311 0
1.7734375 0.562537191462521 1.81478065545773 0.036820362511411 0
1.775390625 0.56603178861504 1.76354538684654 0.0368203773782084 0
1.77734375 0.569426040629891 1.7120315962128 0.0368203918450437 0
1.779296875 0.572719412037746 1.66024800382881 0.0368204059063383 0
1.78125 0.575911384394847 1.60820332324944 0.0368204195568053 0
1.783203125 0.579001456269189 1.55590626063887 0.0368204327914409 0
1.78515625 0.581989143225468 1.50336551417747 0.0368204456055155 0
1.787109375 0.584873977808945 1.45058977354701 0.0368204579945649 0
1.7890625 0.587655509528386 1.39758771949251 0.0368204699543813 0
1.791015625 0.590333304838212 1.34436802345895 0.0368204814810042 0
1.79296875 0.592906947120022 1.29093934730087 0.0368204925707115 0
1.794921875 0.595376036663607 1.23731034306278 0.0368205032200109 0
1.796875 0.597740190647611 1.18348965282841 0.0368205134256308 0
1.798828125 0.599999043119968 1.12948590863655 0.0368205231845121 0
1.80078125 0.602152244978223 1.07530773246111 0.0368205324937991 0
1.802734375 0.604199463949894 1.02096373625324 0.0368205413508322 0
1.8046875 0.606140384572962 0.966462522042946 0.0368205497531388 0
1.806640625 0.607974708176624 0.911812682097763 0.0368205576984265 0
1.80859375 0.609702152862406 0.857022799135944 0.0368205651845747 0
1.810546875 0.611322453485749 0.802101446591531 0.036820572209628 0
1.8125 0.612835361638155 0.747057188928638 0.0368205787717889 0
1.814453125 0.614240645630001 0.691898582002227 0.0368205848694114 0
1.81640625 0.615538090474101 0.636634173462582 0.0368205905009947 0
1.818359375 0.616727497870089 0.581272503200677 0.0368205956651772 0
1.8203125 0.617808686189728 0.525822103831542 0.0368206003607313 0
1.822265625 0.618781490463181 0.470291501212743 0.036820604586558 0
1.82421875 0.619645762366341 0.414689214995005 0.0368206083416825 0
1.826171875 0.620401370209256 0.359023759202012 0.0368206116252499 0
1.828125 0.621048198925723 0.303303642836364 0.0368206144365212 0
1.830078125 0.621586150064085 0.247537370508656 0.0368206167748704 0
1.83203125 0.622015141779273 0.191733443086611 0.0368206186397812 0
1.833984375 0.622335108826142 0.135900358361189 0.0368206200308448 0
1.8359375 0.622546002554121 0.0800466117265675 0.0368206209477581 0
1.837890625 0.622647790903199 0.0241806968708804 0.0368206213903221 0
1.83984375 0.622640458401273 -0.031688893525415 0.0368206213584409 -0
1.841796875 0.622524006162866 -0.087553667086671 0.0368206208521215 -0
1.84375 0.622298451889216 -0.143405131037824 0.0368206198714735 -0
1.845703125 0.621963829869749 -0.199234791501951 0.0368206184167098 -0
1.84765625 0.621520190984911 -0.255034152802743 0.0368206164881477 -0
1.849609375 0.620967602710363 -0.310794716775033 0.0368206140862103 -0
1.8515625 0.620306149122509 -0.366507982086497 0.0368206112114285 -0
1.853515625 0.619535930905338 -0.422165443573648 0.0368206078644433 -0
1.85546875 0.618657065358549 -0.477758591595217 0.0368206040460089 -0
1.857421875 0.617669686406919 -0.533278911406005 0.0368205997569964 -0
1.859375 0.61657394461087 -0.588717882554266 0.0368205949983968 -0
1.861328125 0.615370007178191 -0.644066978305652 0.0368205897713262 -0
1.86328125 0.614058057976863 -0.699317665096735 0.0368205840770299 -0
1.865234375 0.612638297548907 -0.754461402021082 0.0368205779168879 -0
1.8671875 0.611110943125218 -0.809489640350818 0.03682057129242 -0
1.869140625 0.609476228641287 -0.864393823096596 0.0368205642052925 -0
1.87109375 0.607734404753747 -0.919165384608826 0.0368205566573234 -0
1.873046875 0.605885738857659 -0.973795750222992 0.0368205486504901 -0
1.875 0.603930515104439 -1.02827633595182 0.0368205401869358 0
1.876953125 0.601869034420347 -1.08259854822702 0.0368205312689767 0
1.87890625 0.599701614525427 -1.13675378369331 0.0368205218991099 0
1.880859375 0.597428589952795 -1.1907334290572 0.0368205120800212 0
1.8828125 0.595050312068172 -1.24452886099326 0.0368205018145929 0
1.884765625 0.59256714908954 -1.29813144611024 0.0368204911059122 0
1.88671875 0.589979486106804 -1.35153254097944 0.0368204799572798 0
1.888671875 0.587287725101339 -1.40472349222772 0.0368204683722186 0
1.890625 0.584492284965289 -1.45769563669738 0.0368204563544821 0
1.892578125 0.58159360152049 -1.51044030167513 0.0368204439080634 0
1.89453125 0.578592127536871 -1.5629488051922 0.0368204310372044 0
1.896484375 0.575488332750208 -1.61521245639754 0.0368204177464044 0
1.8984375 0.572282703879068 -1.66722255600618 0.0368204040404293 0
1.900390625 0.568975744640809 -1.71897039682448 0.0368203899243204 0
1.90234375 0.565567975766472 -1.77044726435388 0.0368203754034033 0
1.904296875 0.562059935014426 -1.82164443747502 0.0368203604832967 0
1.90625 0.558452177182586 -1.87255318921346 0.036820345169921 0
1.908203125 0.554745274119061 -1.92316478758864 0.0368203294695068 0
1.91015625 0.550939814731068 -1.97347049654715 0.036820313388603 0
1.912109375 0.547036404991924 -2.02346157698163 0.036820296934085 0
1.9140625 0.543035667945983 -2.07312928783631 0.0368202801131624 0
1.916015625 0.538938243711313 -2.12246488729997 0.0368202629333861 0
1.91796875 0.534744789479968 -2.17145963408738 0.0368202454026557 0
1.919921875 0.53045597951566 -2.22010478880955 0.0368202275292258 0
1.921875 0.52607250514868 -2.26839161543359 0.0368202093217125 0
1.923828125 0.521595074767872 -2.31631138283241 0.0368201907890988 0
1.92578125 0.517024413809491 -2.36385536642449 0.03682017194074 0
1.927734375 0.512361264742777 -2.41101484990389 0.0368201527863683 0
1.9296875 0.507606387052054 -2.45778112706044 0.0368201333360966 0
1.931640625 0.502760557215197 -2.50414550368981 0.0368201136004225 0
1.93359375 0.497824568678266 -2.55009929959321 0.0368200935902304 0
1.935546875 0.492799231826161 -2.59563385066616 0.036820073316794 0
1.9375 0.487685373949101 -2.64074051107563 0.0368200527917773 0
1.939453125 0.482483839204771 -2.68541065552482 0.0368200320272358 0
1.94140625 0.477195488575957 -2.72963568160451 0.0368200110356153 0
1.943359375 0.471821199823504 -2.77340701222974 0.0368199898297517 0
1.9453125 0.466361867434435 -2.81671609816081 0.0368199684228688 0
1.947265625 0.460818402565063 -2.85955442060673 0.0368199468285755 0
1.94921875 0.45519173297894 -2.90191349390977 0.0368199250608619 0
1.951171875 0.449482802979478 -2.94378486830918 0.0368199031340953 0
1.953125 0.443692573337107 -2.98516013278213 0.036819881063014 0
1.955078125 0.437822021210798 -3.02603091795969 0.0368198588627212 0
1.95703125 0.431872140063827 -3.06638889911564 0.0368198365486773 0
1.958984375 0.425843939573627 -3.10622579922551 0.0368198141366915 0
1.9609375 0.419738445535602 -3.14553339209343 0.0368197916429121 0
1.962890625 0.413556699760762 -3.18430350554371 0.0368197690838165 0
1.96484375 0.407299759967072 -3.22252802467452 0.036819746476199 0
1.966796875 0.400968699664378 -3.26019889517028 0.0368197238371589 0
1.96875 0.394564608032813 -3.29730812666979 0.0368197011840863 0
1.970703125 0.388088589794574 -3.33384779618638 0.0368196785346481 0
1.97265625 0.38154176507896 -3.36981005157689 0.0368196559067721 0
1.974609375 0.374925269280602 -3.4051871150554 0.0368196333186305 0
1.9765625 0.368240252910775 -3.43997128674828 0.0368196107886221 0
1.978515625 0.361487881441741 -3.47415494828621 0.0368195883353543 0
1.98046875 0.354669335144032 -3.5077305664294 0.0368195659776232 0
1.982421875 0.347785808916626 -3.54069069672162 0.0368195437343931 0
1.984375 0.340838512109963 -3.57302798716876 0.0368195216247758 0
1.986328125 0.333828668341748 -3.60473518193746 0.0368194996680078 0
1.98828125 0.32675751530552 -3.63580512506936 0.0368194778834276 0
1.990234375 0.319626304571946 -3.66623076420615 0.0368194562904521 0
1.9921875 0.31243630138284 -3.6960051543209 0.0368194349085518 0
1.994140625 0.30518878443788 -3.72512146145076 0.0368194137572258 0
1.99609375 0.297885045674048 -3.7535729664261 0.0368193928559756 0
1.998046875 0.290526390037778 -3.78135306859126 0.036819372224279 0
2 0.283114135249863 -3.80845528951183 0.036819351881563 0
