0 3.14059265358979 0 0.392399901900008 -0
0.0390625 3.14055523141585 -0.00195186602205959 0.39239990203996 0
0.078125 3.14044016405682 -0.00404981812328443 0.392399902502497 0
0.1171875 3.14023883937497 -0.00645087605357668 0.392399903428683 0
0.15625 3.13993618936513 -0.00933474519450984 0.392399905100985 0
0.1953125 3.13950956240665 -0.0129172663214997 0.392399908029416 0
0.234375 3.13892702793376 -0.0174665696852922 0.392399913107076 0
0.2734375 3.13814498664999 -0.0233231421847205 0.392399921882519 0
0.3125 3.13710490745058 -0.0309253089353929 0.392399937031985 0
0.3515625 3.13572894688941 -0.0408420350043102 0.392399963175491 0
0.390625 3.13391412346587 -0.0538154992043387 0.392400008285509 0
0.4296875 3.13152461101407 -0.0708166192616284 0.392400086117409 0
0.46875 3.12838157508606 -0.0931176680218371 0.392400220401626 0
0.5078125 3.12424979319986 -0.122387379168427 0.392400452072189 0
0.546875 3.11882006108852 -0.160815578001733 0.392400851724693 0
0.5859375 3.11168607616848 -0.211276478073272 0.392401541068934 0
0.625 3.10231408623905 -0.277542441573811 0.3924027298171 0
0.6640625 3.09000307292052 -0.364563242003902 0.392404778955149 0
0.703125 3.07383258295749 -0.47882955632893 0.39240830879491 0
0.7421875 3.05259451383233 -0.628842973446334 0.392414382092896 0
0.78125 3.024704225657 -0.825716583176674 0.392424810184681 0
0.8203125 2.98808540577165 -1.08392604210159 0.392442652205507 0
0.859375 2.94002250361781 -1.42221106269387 0.392472991425025 0
0.8984375 2.87697516649869 -1.86456927846573 0.392524028045508 0
0.9375 2.79435302873768 -2.44114012227929 0.392608262563185 0
0.9765625 2.68626109444562 -3.18844714492062 0.392742606573679 0
1.015625 2.54525559554075 -4.14777284285125 0.392943590686854 0
1.0546875 2.36221634109787 -5.35912719162534 0.393207756072987 0
1.09375 2.12657378369502 -6.84626801258166 0.393458656942354 -0
1.1328125 1.82735165261492 -8.58673858241952 0.393449935382161 -0
1.171875 1.4557348319435 -10.465063811639 0.392709835347089 -0
1.2109375 1.00976854233063 -12.2278905815089 0.39085308908532 -0
1.25 0.500430880263115 -13.4986997721493 0.388488638431977 -0
1.2890625 -0.0448173773685413 -13.9154343695929 0.387475637805887 -0
1.328125 -0.586712429861328 -13.3421350754547 0.388836592487592 0
1.3671875 -1.08717168013844 -11.963617820323 0.391225033530027 0
1.40625 -1.52137007207406 -10.1586409676686 0.392902489358941 0
1.4453125 -1.88081550573755 -8.28946570691471 0.393486571415556 0
1.484375 -2.16898458042678 -6.585471611826 0.39342616669768 0
1.5234375 -2.39530547541145 -5.14340670228657 0.393162174071394 0
1.5625 -2.57081322904291 -3.97539828841277 0.392905982060643 0
1.6015625 -2.7058834666937 -3.05346759517677 0.392716550185854 0
1.640625 -2.8093653849161 -2.33668351622955 0.392591623638873 0
1.6796875 -2.88843686639913 -1.78428690255426 0.392513846307615 0
1.71875 -2.94876279917815 -1.3607540745831 0.39246690516719 -0
1.7578125 -2.99474577847594 -1.03698887721989 0.392439061693962 -0
1.796875 -3.02977755521096 -0.789916819947014 0.392422707859207 -0
1.8359375 -3.0564580300343 -0.60155900803442 0.392413156431638 -0
1.875 -3.07677435271364 -0.458044894947247 0.392407596005551 -0
1.9140625 -3.09224278745205 -0.348733559694519 0.392404365023954 -0
1.953125 -3.10401916206478 -0.265487960655539 0.39240248963849 -0
1.9921875 -3.11298403437827 -0.202097188958434 0.392401401775129 -0
2.03125 -3.11980800495216 -0.153825433770031 0.392400770962388 -0
2.0703125 -3.12500164639155 -0.117063635507484 0.392400405253824 -0
2.109375 -3.12895360147618 -0.0890620618714388 0.392400193263223 -0
2.1484375 -3.13195961997526 -0.0677256948422234 0.392400070387356 -0
2.1875 -3.13424467138573 -0.0514579550966955 0.392399999168271 -0
2.2265625 -3.13597977271718 -0.0390414385928902 0.39239995789122 -0
2.265625 -3.1372947837758 -0.0295469029173758 0.392399933969441 -0
2.3046875 -3.1382881245076 -0.0222637638185824 0.392399920107922 -0
2.34375 -3.13903414032412 -0.0166469318800754 0.392399912079401 -0
2.3828125 -3.13958866606074 -0.0122760244333051 0.392399907435417 -0
2.421875 -3.13999320473297 -0.00882390616211138 0.392399904759679 -0
2.4609375 -3.14027803372965 -0.00603220658118314 0.392399903236148 -0
2.5 -3.14046447087213 -0.0036919832192823 0.392399902400182 -0
2.5390625 -3.14056646991866 -0.00162808378963964 0.392399901996831 -0
2.578125 -3.14059166491819 0.000313962819301523 0.39239990190308 0
2.6171875 -3.1405419415734 0.00227950776195697 0.392399902090339 0
2.65625 -3.14041357837429 0.00441566090339112 0.392399902615717 0
2.6953125 -3.14019696806532 0.00688230111179012 0.392399903639442 0
2.734375 -3.13987589859993 0.00986404219849889 0.392399905473729 0
2.7734375 -3.13942633976856 0.0135840500248894 0.392399908677993 0
2.8125 -3.13881464469174 0.0183207447711574 0.392399914229455 0
2.8515625 -3.13799503158332 0.0244286381295123 0.392399923821161 0
2.890625 -3.13690615733787 0.0323648642713081 0.39239994037828 0
2.9296875 -3.13546652656212 0.0427233887028615 0.392399968950084 0
2.96875 -3.13356839259546 0.056279451772902 0.392400018249479 0
3.0078125 -3.13106969439236 0.0740475650712921 0.392400103309072 0
3.046875 -3.12778342657426 0.0973573830516026 0.392400250062297 0
3.0859375 -3.12346364884146 0.127953086808669 0.392400503242113 0
3.125 -3.11778709166734 0.168123623984378 0.392400939992505 0
3.1640625 -3.11032899071768 0.220873338754915 0.392401693303175 -0
3.203125 -3.10053136207711 0.290145278288679 0.392402992293047 -0
3.2421875 -3.08766139085137 0.38111279199373 0.392405231266998 -0
3.28125 -3.0707569252026 0.500558764864478 0.392409087533489 -0
3.3203125 -3.04855523734634 0.657365251253653 0.392415720731095 -0
3.359375 -3.01940026494841 0.863137467171225 0.392427105031922 -0
3.3984375 -2.98112262272358 1.13298025246303 0.392446567773542 -0
3.4375 -2.93088618272473 1.48642096255413 0.392479617601013 -0
3.4765625 -2.86499598502404 1.94840496173212 0.392535080382575 -0
3.515625 -2.77866704508941 2.55012397217293 0.39262622885449 -0
3.5546875 -2.66576754969803 3.32906368489849 0.39277046622473 -0
3.59375 -2.51858394470672 4.3268798840376 0.392983019925352 -0
3.6328125 -2.3277300587576 5.58227848659527 0.393253356360406 -0
3.671875 -2.08246843794146 7.11401037209961 0.393484848680628 -0
3.7109375 -1.77194799843731 8.8880148730904 0.393393967432304 0
3.75 -1.38809227598128 10.7687692171406 0.392485344364312 0
3.7890625 -0.930637903348203 12.4791552953011 0.390463958357684 0
3.828125 -0.413158268535877 13.6321224752986 0.388178317112411 0
3.8671875 0.134371665034502 13.8884242282473 0.3875452600822 0
3.90625 0.671874874295943 13.1637659197253 0.38921235559381 0
3.9453125 1.16279087751304 11.688080856474 0.391574371061477 0
3.984375 1.58500619120797 9.85080093704961 0.393064439776768 0
4.0234375 1.93238470072005 7.99683055229522 0.393506376939111 -0
4.0625 2.20975857810604 6.33176395792382 0.393388840427291 -0
4.1015625 2.42705375993284 4.93500367183445 0.393117113750325 -0
4.140625 2.5953057399681 3.80954825600242 0.392870254730971 -0
4.1796875 2.72467471743303 2.92390599859087 0.392692224526146 -0
4.21875 2.82373589610802 2.23655865315633 0.392576226953344 -0
4.2578125 2.89940586221087 1.70739578783638 0.392504469878415 -0
4.296875 2.95712619203273 1.30192066442986 0.392461315324462 -0
4.3359375 3.00111841411946 0.992067626461155 0.392435769062709 -0
4.375 3.03463147535001 0.755659998678116 0.392420781633547 -0
4.4140625 3.06015435151618 0.575453310681125 0.392412034001842 -0
4.453125 3.07958876524698 0.438158835262671 0.392406943440367 -0
4.4921875 3.09438551052108 0.333588662636968 0.392403986129579 -0
4.53125 3.10565037951549 0.253955080106369 0.392402269810701 -0
4.5703125 3.11422575115439 0.193315080109892 0.392401274290892 -0
4.609375 3.12075312014907 0.147137655433812 0.392400697049402 -0
4.6484375 3.12572088048516 0.111970020365056 0.392400362406601 -0
4.6875 3.12950077799009 0.0851815471242024 0.392400168426722 -0
4.7265625 3.13237568885423 0.064767918917872 0.39240005599138 0
4.765625 3.13456077165555 0.049201577401855 0.392399990824063 0
4.8046875 3.13621956208875 0.037317596222639 0.392399953054775 0
4.84375 3.13747620886045 0.0282265822822799 0.392399931166244 0
4.8828125 3.13842476382956 0.0212481491458806 0.392399918483453 0
4.921875 3.13913622051247 0.0158600113701884 0.392399911138593 0
4.9609375 3.13966382721785 0.0116589020703637 0.392399906891696 0
5 3.14004707223671 0.00833039406126802 0.392399904447567 0
5.0390625 3.14031463925389 0.00562536825468719 0.392399903060803 0
5.078125 3.14048655413161 0.00334136916343032 0.392399902308473 0
5.1171875 3.14057568371978 0.00130745254455193 0.392399901961134 0
5.15625 3.14058869886166 -0.000628608679442573 0.392399901912854 -0
5.1953125 3.1405265736667 -0.00261171769243859 0.392399902148909 -0
5.234375 3.14038465841693 -0.0047902989256561 0.392399902741291 -0
5.2734375 3.14015233156313 -0.00732740673422937 0.392399903870662 -0
5.3125 3.13981220476582 -0.0104129289931508 0.392399905881457 -0
5.3515625 3.13933882148554 -0.0142777989110111 0.392399909386921 -0
5.390625 3.1386967517259 -0.0192112785791086 0.392399915456134 -0
5.4296875 3.13783794034655 -0.0255826074802484 0.392399925940038 -0
5.46875 3.1366981105165 -0.0338686354299624 0.392399944035883 -0
5.5078125 3.13519195320359 -0.0446895063165278 0.392399975262162 -0
5.546875 3.13320674283553 -0.0588550592797305 0.392400029141165 -0
5.5859375 3.13059390169736 -0.0774254109333854 0.392400122101665 -0
5.625 3.12715788260635 -0.101790231880407 0.392400282485159 -0
5.6640625 3.1226415398317 -0.13377260335562 0.392400559176943 -0
5.703125 3.1167068979692 -0.175765119294879 0.392401036477945 -0
5.7421875 3.10890988988679 -0.230908176077088 0.39240185970413 -0
5.78125 3.09866719671317 -0.303323240636499 0.392403279175719 -0
5.8203125 3.08521276171206 -0.398417302675898 0.392405725580661 -0
5.859375 3.06754084494162 -0.523278461029448 0.392409938415397 -0
5.8984375 3.04433163194413 -0.68718583656832 0.392417182874608 -0
5.9375 3.01385445145972 -0.90225748979492 0.392429610097267 -0
5.9765625 2.97384276555391 -1.18425221181815 0.392450837550804 -0
6.015625 2.92133474741143 -1.55351206229089 0.392486829967147 -0
6.0546875 2.85247463568743 -2.03595355526128 0.392547071573398 -0
6.09375 2.76227587590664 -2.66382503399737 0.392645607822149 0
6.1328125 2.64436330490639 -3.4755240968831 0.392800189508901 0
6.171875 2.49075055583765 -4.51290170486963 0.393024160859639 0
6.2109375 2.29179285921345 -5.81292293284722 0.393298347226051 0
6.25 2.03661595170896 -7.38846448261137 0.393503074707922 0
6.2890625 1.71456907150943 -9.19252369018386 0.393316116368432 0
6.328125 1.31845003841334 -11.0683142570585 0.392228607329963 0
6.3671875 0.849857020176741 -12.7156233552918 0.390064387328567 0
6.40625 0.325041963781173 -13.7412038520122 0.387914923209295 0
6.4453125 -0.223674530761709 -13.8346426129426 0.387682216284728 -0
6.484375 -0.755789490354969 -12.9650804524634 0.389605939874002 -0
6.5234375 -1.23657144111041 -11.4030216236529 0.391896936024106 -0
6.5625 -1.64665055470285 -9.54277229747002 0.393197337788352 -0
6.6015625 -1.98210052685026 -7.70940915678135 0.393511739255878 -0
6.640625 -2.24894814507639 -6.0852662364609 0.39334795293636 -0
6.6796875 -2.45751195157377 -4.73381004127086 0.393072980701409 0
6.71875 -2.61877705455068 -3.65003264635606 0.39283643836429 0
6.7578125 -2.74267075207034 -2.79956435531155 0.392669554051537 0
6.796875 -2.8374930198094 -2.14058971092248 0.392561992197942 0
6.8359375 -2.90990432323615 -1.63375059031871 0.392495838802962 0
6.875 -2.96512978467804 -1.24559500083245 0.392456182410727 0
6.9140625 -3.00721643267619 -0.949071792375174 0.392432749788676 0
6.953125 -3.03927601845735 -0.722876194493169 0.392419016735608 0
6.9921875 -3.06369113537097 -0.550472191142873 0.392411006052643 0
7.03125 -3.08228165839039 -0.419130300413251 0.39240634596393 0
7.0703125 -3.09643569009075 -0.31909718873669 0.392403639274513 0
7.109375 -3.10721112626045 -0.242919883005323 0.392402068589636 0
7.1484375 -3.11541380595054 -0.184911924043268 0.392401157603403 0
7.1875 -3.12165737032633 -0.140738355868073 0.392400629398366 0
7.2265625 -3.12640899000274 -0.107095954288181 0.392400323190274 0
7.265625 -3.13002424175509 -0.0814680631373324 0.392400145695288 0
7.3046875 -3.13277368243534 -0.0619371476643236 0.392400042815828 0
7.34375 -3.13486308141637 -0.0470416798580731 0.392399983187459 0
7.3828125 -3.13644881367425 -0.0356669287075955 0.392399948628692 0
7.421875 -3.13764956022165 -0.0269616071499312 0.392399928601138 0
7.4609375 -3.13855518923284 -0.0202741925770301 0.392399916997254 0
7.5 -3.13923348151673 -0.0151041792869278 0.392399910278247 0
7.5390625 -3.13973520323963 -0.0110646251828434 0.392399906395009 0
7.578125 -3.14009790535914 -0.00785319430982958 0.392399904163253 0
7.6171875 -3.14034873404509 -0.00522953002575307 0.392399902902343 0
7.65625 -3.1405064623924 -0.00299726624276892 0.392399902227731 0
7.6953125 -3.14058289547031 -0.000989330791593593 0.392399901933675 0
7.734375 -3.14058375386049 0.000944558869954316 0.392399901930495 -0
7.7734375 -3.14050910180859 0.00294914339719991 0.392399902217219 -0
7.8125 -3.14035335203259 0.00517445453565034 0.392399902881294 -0
7.8515625 -3.14010484754799 0.00778704409127248 0.392399904125247 -0
7.890625 -3.13974498921295 0.0109824492777144 0.392399906328456 0
7.9296875 -3.13924684369817 0.0149998273201981 0.392399910162848 0
7.96875 -3.13857312770356 0.0201398544552204 0.392399916797816 0
8.0078125 -3.13767341756886 0.0267872285634272 0.392399928256839 0
8.046875 -3.13648037547205 0.0354394587213856 0.392399948034534 0
8.0859375 -3.13490470985625 0.0467440943473909 0.392399982162253 0
8.125 -3.13282849310116 0.0615471756636566 0.392400041046956 0
8.1640625 -3.13009633675753 0.0809565211370796 0.392400142643427 0
8.203125 -3.12650376488732 0.106424564626015 0.392400317925106 0
8.2421875 -3.12178191764612 0.139856887782064 0.392400620315419 0
8.28125 -3.11557744552935 0.183754447598573 0.39240114193642 0
8.3203125 -3.10742610142748 0.241399865010192 0.392402041571984 0
8.359375 -3.09671808107543 0.317101085096641 0.392403592700492 0
8.3984375 -3.0826525791543 0.416509214008842 0.392406265730936 0
8.4375 -3.06417829873099 0.547031080970908 0.392410867993041 0
8.4765625 -3.03991577595345 0.718360077242605 0.392418779640303 0
8.515625 -3.00805641769641 0.943148464766421 0.392432344005707 0
8.5546875 -2.96623230214358 1.2378342501542 0.392455492039708 0
8.59375 -2.91135061690311 1.62360115136133 0.392494676397055 0
8.6328125 -2.83938846219347 2.12735845757916 0.392560070592955 0
8.671875 -2.74515073740474 2.78240961907629 0.392666480527601 0
8.7109375 -2.62201271070314 3.62799926945033 0.392831815906996 0
8.75 -2.46171329447893 4.70596381251104 0.393066840486961 0
8.7890625 -2.25435928785071 6.0510322980821 0.393341955351141 0
8.828125 -1.98897639619127 7.66925784927635 0.393511463478537 0
8.8671875 -1.655198518376 9.49931121530861 0.393213882970319 0
8.90625 -1.24684270749528 11.3620851490848 0.391940160939837 0
8.9453125 -0.767535616103746 12.9354675987875 0.389662408852665 -0
8.984375 -0.236259301340007 13.8249121412347 0.387706758598645 -0
9.0234375 0.312535644930215 13.7545896316154 0.387881990661943 -0
9.0625 0.838318013629945 12.7477312411292 0.39000754602728 -0
9.1015625 1.30845214814343 11.1102045742362 0.392189756408342 -0
9.140625 1.70630274599215 9.23574950690836 0.393303208945829 -0
9.1796875 2.02999507837065 7.42775791587469 0.393504902075627 -0
9.21875 2.28659633316986 5.84610960333631 0.393304611348427 -0
9.2578125 2.4867223911313 4.53974634215033 0.393030101733551 -0
9.296875 2.64126401615035 3.49669591813358 0.392804541314207 -0
9.3359375 2.75990175973548 2.68027770285608 0.392648464098636 -0
9.375 2.85066071168598 2.04862929592867 0.392548845216788 -0
9.4140625 2.91995092347991 1.5632291385145 0.392487898848558 -0
9.453125 2.97278798813243 1.19167959085577 0.392451471034645 -0
9.4921875 3.01305089151552 0.90792515202543 0.392429981994254 -0
9.53125 3.04371964063442 0.691506489504925 0.392417400020025 -0
9.5703125 3.06707483600809 0.526570400879177 0.392410064807683 -0
9.609375 3.0848579532031 0.400924667716979 0.392405799016203 -0
9.6484375 3.09839707567348 0.305232701661199 0.392403321798169 -0
9.6875 3.10870425802038 0.232362207845141 0.392401884427499 -0
9.7265625 3.11655037316138 0.176872354728907 0.392401050813816 -0
9.765625 3.12252241073358 0.134615827539605 0.392400567487901 -0
9.8046875 3.12706723468791 0.102432517770128 0.39240028730269 -0
9.84375 3.13052495118437 0.0779148134034474 0.392400124893975 -0
9.8828125 3.13315432948506 0.0592282000175362 0.39240003075953 -0
9.921875 3.13515215431074 0.0449743095673211 0.392399976200071 -0
9.9609375 3.13666794742 0.0340864156825384 0.39239994457938 -0
10 3.13781515553594 0.025749663727219 0.392399926254908 -0
