0 0.663539597384831 0 0.0416302848974265 -0
0.001953125 0.663481975716602 -0.0590024137628831 0.0416302846408228 0
0.00390625 0.66330911920607 -0.117996129245573 0.0416302838710471 0
0.005859375 0.663021053336737 -0.176972447100544 0.0416302825882071 0
0.0078125 0.662617820584583 -0.235922665849227 0.0416302807924832 0
0.009765625 0.662099480423263 -0.29483808082554 0.04163027848413 0
0.01171875 0.661466109331359 -0.353709983130268 0.0416302756634787 0
0.013671875 0.660717800801661 -0.412529658599899 0.0416302723309397 0
0.015625 0.659854665352453 -0.4712883867935 0.0416302684870062 0
0.017578125 0.658876830540749 -0.529977440001214 0.041630264132258 0
0.01953125 0.657784440977448 -0.588588082277924 0.0416302592673662 0
0.021484375 0.65657765834435 -0.64711156850562 0.0416302538930984 0
0.0234375 0.655256661412973 -0.705539143487965 0.0416302480103243 0
0.025390625 0.653821646065101 -0.763862041080548 0.0416302416200221 0
0.02734375 0.652272825315002 -0.822071483360258 0.0416302347232852 0
0.029296875 0.650610429333224 -0.88015867983718 0.0416302273213295 0
0.03125 0.648834705471888 -0.938114826712387 0.0416302194155017 0
0.033203125 0.646945918291379 -0.995931106184941 0.0416302110072866 0
0.03515625 0.644944349588353 -1.05359868581139 0.0416302020983172 0
0.037109375 0.642830298424928 -1.11110871792095 0.0416301926903826 0
0.0390625 0.640604081158974 -1.1684523390896 0.0416301827854384 0
0.041015625 0.63826603147536 -1.22562066967613 0.0416301723856167 0
0.04296875 0.635816500418052 -1.28260481342324 0.0416301614932359 0
0.044921875 0.633255856422925 -1.33939585712659 0.0416301501108118 0
0.046875 0.630584485351151 -1.3959848703749 0.0416301382410684 0
0.048828125 0.627802790523023 -1.45236290536361 0.0416301258869491 0
0.05078125 0.624911192752074 -1.5085209967852 0.0416301130516285 0
0.052734375 0.621910130379331 -1.56445016179861 0.0416300997385235 0
0.0546875 0.618800059307548 -1.62014140008042 0.0416300859513052 0
0.056640625 0.615581453035267 -1.67558569396022 0.0416300716939114 0
0.05859375 0.612254802690516 -1.73077400864276 0.0416300569705579 0
0.060546875 0.608820617064006 -1.78569729251881 0.0416300417857508 0
0.0625 0.605279422641615 -1.84034647756734 0.0416300261442986 0
0.064453125 0.601631763636009 -1.89471247985069 0.0416300100513244 0
0.06640625 0.597878202017198 -1.94878620010507 0.0416299935122772 0
0.068359375 0.594019317541848 -2.00255852442786 0.0416299765329443 0
0.0703125 0.590055707781152 -2.05602032506377 0.0416299591194628 0
0.072265625 0.585987988147068 -2.10916246129114 0.0416299412783306 0
0.07421875 0.581816791916733 -2.16197578041013 0.041629923016418 0
0.076171875 0.577542770254841 -2.21445111883384 0.0416299043409785 0
0.078125 0.573166592233788 -2.26657930328375 0.0416298852596587 0
0.080078125 0.568688944851389 -2.31835115209037 0.0416298657805091 0
0.08203125 0.564110533045935 -2.36975747660005 0.0416298459119933 0
0.083984375 0.55943207970842 -2.42078908268869 0.041629825662997 0
0.0859375 0.554654325691683 -2.4714367723828 0.0416298050428368 0
0.087890625 0.549778029816299 -2.52169134558844 0.0416297840612679 0
0.08984375 0.544803968872978 -2.57154360192822 0.0416297627284917 0
0.091796875 0.539732937621267 -2.6209843426864 0.041629741055162 0
0.09375 0.534565748784359 -2.670004372862 0.0416297190523911 0
0.095703125 0.529303233039775 -2.71859450332964 0.0416296967317548 0
0.09765625 0.523946239005728 -2.76674555310761 0.0416296741052968 0
0.099609375 0.518495633222948 -2.81444835173257 0.0416296511855316 0
0.1015625 0.512952300131772 -2.86169374173992 0.0416296279854473 0
0.103515625 0.507317142044277 -2.90847258124897 0.0416296045185072 0
0.10546875 0.501591079111268 -2.95477574665152 0.0416295807986496 0
0.107421875 0.495775049283919 -3.00059413540261 0.041629556840288 0
0.109375 0.489870008269852 -3.04591866891159 0.0416295326583089 0
0.111328125 0.483876929483483 -3.09074029553198 0.0416295082680693 0
0.11328125 0.47779680399043 -3.13504999364791 0.0416294836853928 0
0.115234375 0.471630640445796 -3.17883877485493 0.041629458926564 0
0.1171875 0.465379465026153 -3.22209768723302 0.0416294340083233 0
0.119140625 0.459044321355042 -3.26481781870885 0.0416294089478582 0
0.12109375 0.452626270421822 -3.30699030050481 0.0416293837627953 0
0.123046875 0.446126390493695 -3.34860631067157 0.0416293584711901 0
0.125 0.439545777020761 -3.38965707770122 0.0416293330915158 0
0.126953125 0.432885542533925 -3.43013388421734 0.0416293076426506 0
0.12890625 0.426146816535537 -3.47002807073862 0.0416292821438639 0
0.130859375 0.419330745382602 -3.50933103951225 0.0416292566148012 0
0.1328125 0.412438492162442 -3.54803425841304 0.0416292310754677 0
0.134765625 0.405471236560676 -3.58612926490417 0.0416292055462105 0
0.13671875 0.39843017472141 -3.62360767005541 0.0416291800476998 0
0.138671875 0.391316519099522 -3.66046116261411 0.0416291546009085 0
0.140625 0.384131498304949 -3.69668151312449 0.0416291292270906 0
0.142578125 0.37687635693888 -3.73226057809033 0.0416291039477586 0
0.14453125 0.369552355421784 -3.7671903041762 0.04162907878466 0
0.146484375 0.362160769813192 -3.80146273244207 0.0416290537597513 0
0.1484375 0.354702891623182 -3.83507000260602 0.0416290288951729 0
0.150390625 0.347180027615512 -3.86800435732975 0.0416290042132209 0
0.15234375 0.339593499602362 -3.90025814652142 0.0416289797363194 0
0.154296875 0.331944644230662 -3.93182383165007 0.041628955486991 0
0.15625 0.324234812759979 -3.9626939900661 0.0416289314878264 0
0.158203125 0.316465370831967 -3.99286131932176 0.0416289077614535 0
0.16015625 0.308637698231379 -4.02231864148605 0.0416288843305055 -0
0.162109375 0.300753188638662 -4.05105890744771 0.0416288612175879 -0
0.1640625 0.292813249374161 -4.07907520120065 0.0416288384452456 -0
0.166015625 0.284819301133972 -4.10636074410534 0.0416288160359285 -0
0.16796875 0.276772777717499 -4.13290889912038 0.0416287940119573 -0
0.169921875 0.268675125746783 -4.15871317499779 0.0416287723954884 -0
0.171875 0.260527804377664 -4.18376723043612 0.0416287512084787 -0
0.173828125 0.252332285002892 -4.20806487818494 0.0416287304726501 -0
0.17578125 0.244090050947254 -4.23160008909479 0.0416287102094534 -0
0.177734375 0.235802597154865 -4.25436699610617 0.0416286904400327 -0
0.1796875 0.227471429868715 -4.27635989817172 0.0416286711851897 -0
0.181640625 0.219098066302632 -4.29757326410529 0.0416286524653476 -0
0.18359375 0.210684034305803 -4.3180017363521 0.0416286343005155 -0
0.185546875 0.202230872020007 -4.33764013467383 0.0416286167102534 -0
0.1875 0.193740127529734 -4.356483459743 0.0416285997136371 -0
0.189453125 0.185213358505386 -4.37452689664077 0.041628583329224 -0
0.19140625 0.176652131839731 -4.39176581825253 0.0416285675750187 -0
0.193359375 0.168058023277837 -4.40819578855581 0.0416285524684405 -0
0.1953125 0.159432617040685 -4.42381256579517 0.0416285380262904 -0
0.197265625 0.150777505442699 -4.43861210553873 0.0416285242647204 -0
0.19921875 0.142094288503424 -4.45259056361144 0.0416285111992017 -0
0.201171875 0.133384573553592 -4.46574429890009 0.0416284988444966 -0
0.203125 0.124649974835845 -4.47806987602545 0.0416284872146289 -0
0.205078125 0.115892113100368 -4.48956406787698 0.0416284763228578 -0
0.20703125 0.107112615195701 -4.50022385800597 0.0416284661816511 -0
0.208984375 0.0983131136550318 -4.51004644287285 0.0416284568026618 -0
0.2109375 0.0894952462782289 -4.51902923394502 0.0416284481967043 -0
0.212890625 0.080660655709934 -4.52716985964154 0.0416284403737335 -0
0.21484375 0.0718109890140042 -4.53446616712136 0.0416284333428248 -0
0.216796875 0.0629478972446162 -4.54091622391201 0.0416284271121561 -0
0.21875 0.0540730350143479 -4.54651831937596 0.0416284216889911 -0
0.220703125 0.0451880600595539 -4.55127096601205 0.0416284170796654 -0
0.22265625 0.0362946328033633 -4.55517290058987 0.0416284132895729 -0
0.224609375 0.0273944159166247 -4.55822308511497 0.0416284103231553 -0
0.2265625 0.018489073877133 -4.56042070762327 0.0416284081838932 -0
0.228515625 0.00958027252747131 -4.56176518280341 0.0416284068742988 -0
0.23046875 0.000669678631807138 -4.56225615244572 0.041628406395911 -0
0.232421875 -0.00824104056801977 -4.56189348571721 0.0416284067492919 -0
0.234375 -0.0171502177967757 -4.56067727926208 0.0416284079340263 -0
0.236328125 -0.0260561861901373 -4.55860785712747 0.0416284099487219 -0
0.23828125 -0.0349572797386799 -4.55568577051468 0.0416284127910127 -0
0.240234375 -0.0438518337312103 -4.55191179735628 0.041628416457563 -0
0.2421875 -0.0527381851971029 -4.54728694171978 0.0416284209440753 -0
0.244140625 -0.0616146733473032 -4.54181243303902 0.0416284262452978 -0
0.24609375 -0.0704796400136616 -4.53548972517447 0.041628432355036 -0
0.248046875 -0.0793314300862659 -4.52832049530423 0.0416284392661648 -0
0.25 -0.0881683919484437 -4.52030664264752 0.0416284469706426 -0
0.251953125 -0.0969888779091078 -4.51145028702299 0.0416284554595277 -0
0.25390625 -0.105791244632127 -4.50175376724422 0.0416284647229964 -0
0.255859375 -0.114573853562406 -4.4912196393553 0.0416284747503619 -0
0.2578125 -0.123335071348359 -4.47985067470945 0.041628485530096 -0
0.259765625 -0.132073270260489 -4.46764985789402 0.0416284970498518 -0
0.26171875 -0.140786828605757 -4.45462038450532 0.0416285092964874 -0
0.263671875 -0.149474131137463 -4.44076565877723 0.0416285222560922 -0
0.265625 -0.158133569460356 -4.42608929106746 0.0416285359140133 -0
0.267578125 -0.166763542430696 -4.41059509520579 0.0416285502548839 -0
0.26953125 -0.175362456551004 -4.39428708570875 0.0416285652626526 -0
0.271484375 -0.183928726359245 -4.37716947486532 0.041628580920614 -0
0.2734375 -0.192460774812196 -4.35924666969857 0.0416285972114396 -0
0.275390625 -0.200957033662755 -4.34052326880828 0.0416286141172106 -0
0.27734375 -0.209415943830979 -4.32100405909966 0.0416286316194506 -0
0.279296875 -0.217835955768613 -4.30069401240361 0.0416286496991597 -0
0.28125 -0.22621552981693 -4.27959828199387 0.0416286683368482 -0
0.283203125 -0.234553136557652 -4.25772219900688 0.0416286875125724 -0
0.28515625 -0.242847257156801 -4.23507126876986 0.041628707205969 -0
0.287109375 -0.251096383701284 -4.21165116704315 0.041628727396291 -0
0.2890625 -0.259299019528063 -4.18746773618253 0.0416287480624435 -0
0.291015625 -0.267453679545747 -4.16252698122773 0.0416287691830193 -0
0.29296875 -0.275558890548484 -4.13683506592302 0.0416287907363351 -0
0.294921875 -0.283613191522009 -4.11039830867606 0.0416288127004671 -0
0.296875 -0.29161513394175 -4.08322317846123 0.0416288350532865 -0
0.298828125 -0.299563282062873 -4.0553162906734 0.0416288577724952 -0
0.30078125 -0.307456213202193 -4.0266844029386 0.0416288808356603 -0
0.302734375 -0.315292518011852 -3.99733441088753 0.0416289042202493 -0
0.3046875 -0.323070800744722 -3.96727334389822 0.0416289279036633 -0
0.306640625 -0.330789679511455 -3.93650836081385 0.0416289518632714 -0
0.30859375 -0.338447786529151 -3.90504674564201 0.0416289760764428 -0
0.310546875 -0.346043768361619 -3.8728959032412 0.0416290005205792 -0
0.3125 -0.353576286151187 -3.8400633550008 0.0416290251731458 -0
0.314453125 -0.361044015842091 -3.80655673452024 0.0416290500117018 -0
0.31640625 -0.368445648395407 -3.77238378329325 0.04162907501393 -0
0.318359375 -0.37577988999558 -3.73755234640298 0.0416291001576649 -0
0.3203125 -0.383045462248544 -3.70207036823348 0.0416291254209205 -0
0.322265625 -0.390241102371492 -3.66594588820327 0.0416291507819165 -0
0.32421875 -0.397365563374338 -3.62918703652608 0.0416291762191034 -0
0.326171875 -0.404417614232922 -3.59180203000439 0.0416292017111868 -0
0.328125 -0.411396040054042 -3.55379916786055 0.0416292272371502 -0
0.330078125 -0.418299642232377 -3.51518682761066 0.0416292527762766 -0
0.33203125 -0.425127238599396 -3.47597346098603 0.0416292783081691 -0
0.333984375 -0.431877663564354 -3.43616758990677 0.0416293038127699 -0
0.3359375 -0.43854976824747 -3.39577780251209 0.0416293292703785 -0
0.337890625 -0.445142420605417 -3.35481274925164 0.0416293546616677 -0
0.33984375 -0.451654505549234 -3.31328113904199 0.0416293799676998 -0
0.341796875 -0.458084925054799 -3.27119173549234 0.0416294051699398 -0
0.34375 -0.464432598266001 -3.22855335320304 0.0416294302502688 -0
0.345703125 -0.470696461590749 -3.18537485414079 0.041629455190995 -0
0.34765625 -0.476875468789988 -3.14166514409367 0.0416294799748641 -0
0.349609375 -0.482968591059865 -3.09743316920942 0.0416295045850683 -0
0.3515625 -0.488974817107213 -3.05268791261992 0.0416295290052539 -0
0.353515625 -0.494893153218536 -3.0074383911546 0.0416295532195277 -0
0.35546875 -0.50072262332266 -2.96169365214563 0.0416295772124622 -0
0.357421875 -0.50646226904723 -2.91546277032712 0.0416296009691001 -0
0.359375 -0.512111149769251 -2.86875484483064 0.0416296244749567 -0
0.361328125 -0.51766834265985 -2.82157899627916 0.041629647716022 -0
0.36328125 -0.523132942723466 -2.77394436398113 0.0416296706787616 -0
0.365234375 -0.528504062831651 -2.72586010322645 0.0416296933501158 -0
0.3671875 -0.533780833751694 -2.67733538268564 0.0416297157174991 -0
0.369140625 -0.538962404170267 -2.62837938191369 0.0416297377687973 -0
0.37109375 -0.544047940712295 -2.57900128895941 0.0416297594923646 -0
0.373046875 -0.549036627955265 -2.52921029808124 0.0416297808770191 -0
0.375 -0.553927668439175 -2.47901560757033 0.0416298019120386 -0
0.376953125 -0.558720282672336 -2.42842641768118 0.0416298225871541 -0
0.37890625 -0.563413709133242 -2.37745192867029 0.0416298428925437 -0
0.380859375 -0.568007204268704 -2.32610133894288 0.0416298628188254 -0
0.3828125 -0.572500042488487 -2.27438384330782 0.0416298823570493 -0
0.384765625 -0.576891516156626 -2.22230863134027 0.0416299014986889 -0
0.38671875 -0.58118093557966 -2.1698848858519 0.0416299202356323 -0
0.388671875 -0.585367628991985 -2.1171217814681 0.0416299385601727 -0
0.390625 -0.58945094253852 -2.06402848331135 0.0416299564649982 -0
0.392578125 -0.59343024025492 -2.01061414579011 0.0416299739431816 -0
0.39453125 -0.597304904045513 -1.956887911492 0.0416299909881698 -0
0.396484375 -0.601074333659185 -1.90285891018032 0.041630007593772 -0
0.3984375 -0.604737946663404 -1.84853625789242 0.0416300237541493 -0
0.400390625 -0.608295178416577 -1.7939290561387 0.0416300394638024 -0
0.40234375 -0.611745482038946 -1.73904639120045 0.0416300547175601 -0
0.404296875 -0.615088328382204 -1.68389733352498 0.0416300695105674 -0
0.40625 -0.618323205998028 -1.62849093721622 0.0416300838382734 -0
0.408203125 -0.621449621105705 -1.57283623961874 0.0416300976964194 -0
0.41015625 -0.624467097559039 -1.51694226099319 0.0416301110810268 -0
0.412109375 -0.62737517681271 -1.46081800428109 0.041630123988385 -0
0.4140625 -0.630173417888262 -1.40447245495648 0.0416301364150397 -0
0.416015625 -0.632861397339883 -1.34791458096229 0.0416301483577806 -0
0.41796875 -0.635438709220146 -1.29115333272874 0.0416301598136304 -0
0.419921875 -0.637904965045855 -1.23419764327137 0.0416301707798327 -0
0.421875 -0.640259793764174 -1.17705642836596 0.0416301812538412 -0
0.423828125 -0.64250284171916 -1.11973858679763 0.0416301912333084 -0
0.42578125 -0.644633772618853 -1.06225300068121 0.0416302007160751 -0
0.427734375 -0.64665226750307 -1.00460853585018 0.0416302097001596 -0
0.4296875 -0.648558024712017 -0.946814042311023 0.0416302181837485 -0
0.431640625 -0.650350759855848 -0.888878354759982 0.0416302261651859 -0
0.43359375 -0.652030205785299 -0.830810293159265 0.0416302336429653 -0
0.435546875 -0.653596112563501 -0.772618663369368 0.0416302406157198 -0
0.4375 -0.655048247439085 -0.714312257834386 0.0416302470822144 -0
0.439453125 -0.656386394820667 -0.655899856317044 0.0416302530413376 -0
0.44140625 -0.657610356252823 -0.597390226680109 0.0416302584920945 -0
0.443359375 -0.658719950393636 -0.538792125710847 0.0416302634335994 -0
0.4453125 -0.659715012993882 -0.480114299985106 0.0416302678650698 -0
0.447265625 -0.660595396877953 -0.421365486767609 0.0416302717858204 -0
0.44921875 -0.661360971926568 -0.362554414944969 0.0416302751952581 -0
0.451171875 -0.662011625061332 -0.303689805987934 0.0416302780928768 -0
0.453125 -0.662547260231208 -0.244780374939338 0.041630280478254 -0
0.455078125 -0.662967798400939 -0.1858348314242 0.0416302823510467 -0
0.45703125 -0.663273177541459 -0.126861880678406 0.0416302837109889 -0
0.458984375 -0.663463352622339 -0.0678702245923859 0.0416302845578893 -0
0.4609375 -0.663538295606273 -0.00886856276618266 0.0416302848916293 -0
0.462890625 -0.663497995445644 0.0501344064276937 0.0416302847121626 0
0.46484375 -0.663342458081165 0.109129984777247 0.0416302840195141 0
0.466796875 -0.663071706442608 0.168109473163432 0.0416302828137804 0
0.46875 -0.66268578045162 0.227064170495666 0.041630281095131 0
0.470703125 -0.662184737026609 0.285985372654043 0.0416302788638093 0
0.47265625 -0.66156865008969 0.34486437144185 0.0416302761201346 0
0.474609375 -0.660837610575664 0.403692453551999 0.0416302728645054 0
0.4765625 -0.659991726443003 0.46246089955097 0.0416302690974021 0
0.478515625 -0.659031122686794 0.521160982883823 0.0416302648193913 0
0.48046875 -0.657955941353613 0.579783968903858 0.04163026003113 0
0.482421875 -0.656766341558263 0.638321113930441 0.041630254733371 0
0.484375 -0.655462499502322 0.696763664338507 0.0416302489269681 0
0.486328125 -0.654044608494441 0.755102855683235 0.0416302426128829 0
0.48828125 -0.652512878972309 0.813329911863312 0.041630235792191 0
0.490234375 -0.650867538526225 0.871436044326233 0.0416302284660895 0
0.4921875 -0.64910883192416 0.929412451318973 0.0416302206359048 0
0.494140625 -0.64723702113826 0.987250317187389 0.0416302123031004 0
0.49609375 -0.645252385372647 1.04494081172761 0.0416302034692865 0
0.498046875 -0.643155221092449 1.10247508959266 0.0416301941362281 0
0.5 -0.640945842053926 1.15984428975749 0.0416301843058552 0
0.501953125 -0.638624579335584 1.2170395350455 0.0416301739802727 0
0.50390625 -0.636191781370154 1.27405193171969 0.0416301631617702 0
0.505859375 -0.633647813977304 1.33087256914134 0.0416301518528332 0
0.5078125 -0.630993060396946 1.38749251949917 0.0416301400561538 0
0.509765625 -0.62822792132301 1.44390283761182 0.0416301277746417 0
0.51171875 -0.625352814937525 1.50009456080649 0.0416301150114358 0
0.513671875 -0.62236817694486 1.55605870887624 0.041630101769916 0
0.515625 -0.619274460605977 1.61178628411878 0.0416300880537145 0
0.517578125 -0.616072136772521 1.66726827145902 0.0416300738667281 0
0.51953125 -0.61276169392059 1.72249563865798 0.0416300592131301 0
0.521484375 -0.609343638184013 1.77745933661026 0.0416300440973822 0
0.5234375 -0.605818493386956 1.83215029973224 0.0416300285242467 0
0.525390625 -0.602186801075684 1.8865594464433 0.0416300124987986 0
0.52734375 -0.598449120549287 1.94067767974172 0.0416299960264372 0
0.529296875 -0.594606028889193 1.99449588787741 0.0416299791128982 0
0.53125 -0.590658120987266 2.04800494512306 0.0416299617642653 0
0.533203125 -0.586606009572306 2.10119571264536 0.0416299439869816 0
0.53515625 -0.582450325234745 2.15405903947768 0.0416299257878608 0
0.537109375 -0.578191716449346 2.20658576359575 0.0416299071740977 0
0.5390625 -0.573830849595699 2.25876671309726 0.0416298881532797 0
0.541015625 -0.56936840897631 2.31059270748669 0.0416298687333957 0
0.54296875 -0.564805096832079 2.36205455906614 0.0416298489228465 0
0.544921875 -0.560141633354958 2.41314307443284 0.041629828730454 0
0.546875 -0.555378756697576 2.46384905608413 0.0416298081654694 0
0.548828125 -0.550517222979629 2.51416330413012 0.0416297872375816 0
0.55078125 -0.545557806290818 2.56407661811447 0.0416297659569244 0
0.552734375 -0.54050129869012 2.61357979894322 0.0416297443340832 0
0.5546875 -0.535348510201196 2.66266365092169 0.0416297223801011 0
0.556640625 -0.530100268803707 2.71131898389917 0.041629700106484 0
0.55859375 -0.52475742042034 2.75953661552086 0.0416296775252049 0
0.560546875 -0.519320828899328 2.80730737358665 0.0416296546487074 0
0.5625 -0.513791375992267 2.85462209851565 0.0416296314899084 0
0.564453125 -0.508169961327002 2.90147164591566 0.0416296080621996 0
0.56640625 -0.502457502375409 2.94784688925631 0.0416295843794479 0
0.568359375 -0.496654934415844 2.99373872264455 0.0416295604559956 0
0.5703125 -0.490763210490078 3.03913806370077 0.0416295363066581 0
0.572265625 -0.484783301354513 3.0840358565339 0.0416295119467221 0
0.57421875 -0.478716195425493 3.12842307481347 0.041629487391941 0
0.576171875 -0.472562898718523 3.17229072493645 0.0416294626585309 0
0.578125 -0.46632443478121 3.21562984928646 0.0416294377631639 0
0.580078125 -0.460001844619748 3.25843152958287 0.0416294127229609 0
0.58203125 -0.453596186618777 3.30068689031694 0.041629387555483 0
0.583984375 -0.447108536454447 3.34238710227206 0.0416293622787222 0
0.5859375 -0.440539987000526 3.38352338612492 0.0416293369110894 0
0.587890625 -0.433891648227397 3.42408701612429 0.0416293114714028 0
0.58984375 -0.427164647093791 3.46406932384384 0.0416292859788741 0
0.591796875 -0.420360127431132 3.50346170200524 0.0416292604530931 0
0.59375 -0.413479249820333 3.54225560836767 0.0416292349140122 0
0.595703125 -0.406523191460945 3.58044256967964 0.0416292093819283 0
0.59765625 -0.399493146032522 3.61801418568876 0.0416291838774642 0
0.599609375 -0.392390323548099 3.65496213320514 0.0416291584215486 0
0.6015625 -0.385215950199689 3.69127817021372 0.0416291330353948 0
0.603515625 -0.377971268195701 3.72695414003076 0.0416291077404779 0
0.60546875 -0.370657535590194 3.76198197549958 0.0416290825585116 0
0.607421875 -0.363276026103906 3.79635370322048 0.0416290575114226 0
0.609375 -0.355828028936989 3.83006144780958 0.0416290326213255 0
0.611328125 -0.3483148485734 3.86309743618125 0.0416290079104948 0
0.61328125 -0.340737804576906 3.89545400184871 0.0416289834013371 0
0.615234375 -0.333098231378678 3.92712358923705 0.0416289591163621 0
0.6171875 -0.325397478056449 3.95809875800316 0.0416289350781523 0
0.619140625 -0.317636908105228 3.98837218735666 0.041628911309332 0
0.62109375 -0.309817899199587 4.0179366803759 0.0416288878325356 0
0.623046875 -0.30194184294751 4.04678516831327 0.041628864670375 0
0.625 -0.294010144635863 4.07491071488354 0.0416288418454062 0
0.626953125 -0.286024222967496 4.1023065205293 0.0416288193800958 0
0.62890625 -0.277985509790046 4.12896592665741 0.041628797296786 0
0.630859375 -0.269895449816491 4.15488241984012 0.0416287756176601 0
0.6328125 -0.261755500337545 4.18004963597493 0.0416287543647074 0
0.634765625 -0.253567130925964 4.20446136439678 0.0416287335596872 0
0.63671875 -0.24533182313287 4.22811155193657 0.0416287132240935 0
0.638671875 -0.237051070176212 4.25099430691972 0.0416286933791188 0
0.640625 -0.228726376621465 4.27310390309879 0.0416286740456185 0
0.642578125 -0.220359258054732 4.29443478351394 0.0416286552440748 0
0.64453125 -0.211951240748364 4.31498156427526 0.0416286369945615 0
0.646484375 -0.203503861319282 4.3347390382611 0.0416286193167084 0
0.6484375 -0.195018666380156 4.35370217872642 0.0416286022296662 0
0.650390625 -0.186497212183632 4.37186614281546 0.0416285857520723 0
0.65234375 -0.177941064259783 4.38922627497306 0.0416285699020167 0
0.654296875 -0.169351797047018 4.40577811024912 0.0416285546970086 0
0.65625 -0.160730993516623 4.42151737749077 0.0416285401539442 0
0.658203125 -0.152080244791195 4.43644000241708 0.0416285262890746 0
0.66015625 -0.143401149757181 4.45054211057109 0.0416285131179758 0
0.662109375 -0.134695314671776 4.46382003014448 0.041628500655518 0
0.6640625 -0.125964352764429 4.47627029466992 0.041628488915838 0
0.666015625 -0.117209883833222 4.48788964557675 0.0416284779123115 0
0.66796875 -0.108433533836395 4.49867503460564 0.041628467657527 0
0.669921875 -0.0996369344792937 4.50862362607807 0.0416284581632614 0
0.671875 -0.0908217227970275 4.51773279901689 0.0416284494404565 0
0.673828125 -0.081989540733134 4.5260001491142 0.0416284414991977 0
0.67578125 -0.0731420347145501 4.53342349054335 0.0416284343486938 0
0.677734375 -0.064280855223199 4.54000085761176 0.0416284279972587 0
0.6796875 -0.0554076563645042 4.54573050625184 0.0416284224522946 0
0.681640625 -0.0465240954331528 4.55061091534742 0.0416284177202773 0
0.68359375 -0.0376318324764284 4.55464078789329 0.041628413806743 0
0.685546875 -0.0287325298554446 4.55781905198601 0.0416284107162772 0
0.6875 -0.019827851804608 4.56014486164409 0.0416284084525054 0
0.689453125 -0.0109194639896474 4.56161759745623 0.0416284070180857 0
0.69140625 -0.00200903306454463 4.56223686705643 0.0416284064147036 0
0.693359375 0.00690177377229181 4.5620025054252 0.0416284066430682 0
0.6953125 0.0158112892222725 4.56091457501627 0.0416284077029112 0
0.697265625 0.0247178463309491 4.55897336570862 0.0416284095929869 0
0.69921875 0.0336197789320718 4.55617939458394 0.0416284123110754 0
0.701171875 0.0425154220910426 4.55253340552982 0.0416284158539865 0
0.703125 0.0514031125474227 4.54803636866946 0.0416284202175666 0
0.705078125 0.0602811891561577 4.54268947961889 0.0416284253967068 0
0.70703125 0.069147993327184 4.53649415857285 0.0416284313853536 0
0.708984375 0.0780018694630829 4.52945204922115 0.0416284381765207 0
0.7109375 0.0868411653944541 4.52156501749721 0.0416284457623034 0
0.712890625 0.0956642328126814 4.51283515016098 0.0416284541338942 0
0.71484375 0.10446942769977 4.50326475321885 0.0416284632816007 0
0.716796875 0.113255110754943 4.49285635018299 0.0416284731948646 0
0.71875 0.122019647817673 4.4816126801734 0.0416284838622827 0
0.720703125 0.13076141028687 4.46953669586574 0.0416284952716297 0
0.72265625 0.139478775535898 4.45663156128855 0.0416285074098815 0
0.724609375 0.148170127323153 4.44290064947354 0.0416285202632414 0
0.7265625 0.156833856197904 4.42834753996301 0.0416285338171662 0
0.728515625 0.165468359901134 4.41297601617856 0.0416285480563948 0
0.73046875 0.174072043761102 4.39679006265551 0.0416285629649766 0
0.732421875 0.182643321083382 4.3797938621477 0.0416285785263025 0
0.734375 0.191180613535116 4.36199179260749 0.0416285947231357 0
0.736328125 0.199682351523255 4.34338842404593 0.0416286115376439 0
0.73828125 0.208146974566546 4.32398851527822 0.0416286289514326 0
0.740234375 0.21657293166106 4.30379701055996 0.0416286469455782 0
0.7421875 0.224958681639046 4.28281903611946 0.0416286655006625 0
0.744140625 0.233302693520902 4.26105989659183 0.0416286845968078 0
0.74609375 0.241603446860107 4.23852507136048 0.0416287042137116 0
0.748046875 0.249859432080904 4.21522021081198 0.0416287243306822 0
0.75 0.258069150808592 4.19115113251006 0.0416287449266748 0
0.751953125 0.266231116192271 4.16632381729478 0.0416287659803268 0
0.75390625 0.274343853219899 4.14074440531294 0.0416287874699942 0
0.755859375 0.282405899025525 4.11441919198587 0.041628809373787 0
0.7578125 0.290415803188594 4.08735462392065 0.041628831669605 0
0.759765625 0.298372128025215 4.05955729477096 0.0416288543351731 0
0.76171875 0.306273448871293 4.03103394105387 0.0416288773480768 0
0.763671875 0.314118354357457 4.00179143792846 0.041628900685796 0
0.765625 0.321905446675701 3.97183679494279 0.0416289243257399 0
0.767578125 0.329633341837702 3.94117715175506 0.0416289482452802 0
0.76953125 0.337300669924745 3.90981977383522 0.041628972421784 0
0.771484375 0.344906075329246 3.87777204815309 0.0416289968326461 0
0.7734375 0.352448216987843 3.84504147885883 0.0416290214553202 0
0.775390625 0.359925768606038 3.81163568296193 0.0416290462673496 0
0.77734375 0.367337418874413 3.77756238601433 0.0416290712463965 0
0.779296875 0.374681871676407 3.74282941780347 0.0416290963702709 0
0.78125 0.381957846287707 3.70744470806106 0.0416291216169581 0
0.783203125 0.38916407756727 3.6714162821929 0.0416291469646453 0
0.78515625 0.396299316140023 3.63475225703523 0.0416291723917466 0
0.787109375 0.403362328571314 3.597460836643 0.0416291978769279 0
0.7890625 0.41035189753316 3.55955030811503 0.0416292233991294 0
0.791015625 0.417266821962388 3.52102903746118 0.0416292489375879 0
0.79296875 0.424105917210743 3.48190546551627 0.041629274471857 0
0.794921875 0.430868015187061 3.44218810390562 0.0416292999818269 0
0.796875 0.437551964491624 3.40188553106654 0.0416293254477421 0
0.798828125 0.44415663054279 3.36100638833017 0.0416293508502185 0
0.80078125 0.450680895696039 3.31955937606799 0.0416293761702587 0
0.802734375 0.457123659355555 3.27755324990681 0.0416294013892665 0
0.8046875 0.463483838078487 3.23499681701616 0.0416294264890596 0
0.806640625 0.469760365672025 3.19189893247169 0.0416294514518814 0
0.80859375 0.475952193283455 3.14826849569805 0.0416294762604112 0
0.810546875 0.482058289483345 3.10411444699442 0.0416295008977736 0
0.8125 0.488077640342027 3.05944576414586 0.0416295253475462 0
0.814453125 0.49400924949954 3.01427145912319 0.0416295495937661 0
0.81640625 0.499852138229227 2.9686005748742 0.0416295736209357 0
0.818359375 0.505605345495142 2.92244218220858 0.0416295974140266 0
0.8203125 0.511267928003479 2.87580537677885 0.0416296209584831 0
0.822265625 0.516838960248185 2.82869927615939 0.0416296442402238 0
0.82421875 0.522317534550977 2.7811330170253 0.0416296672456426 0
0.826171875 0.52770276109594 2.73311575243299 0.0416296899616087 0
0.828125 0.532993767958918 2.68465664920381 0.0416297123754655 0
0.830078125 0.538189701131892 2.635764885412 0.0416297344750279 0
0.83203125 0.543289724542559 2.58644964797818 0.04162975624858 0
0.833984375 0.548293020069307 2.53672013036911 0.0416297776848707 0
0.8359375 0.553198787551813 2.48658553040458 0.0416297987731088 0
0.837890625 0.55800624479745 2.43605504817188 0.0416298195029576 0
0.83984375 0.562714627583734 2.38513788404818 0.0416298398645286 0
0.841796875 0.567323189657013 2.33384323683108 0.0416298598483741 0
0.84375 0.571831202727606 2.28218030197716 0.0416298794454797 0
0.845703125 0.576237956461611 2.23015826994854 0.0416298986472559 0
0.84765625 0.580542758469592 2.17778632466697 0.041629917445529 0
0.849609375 0.584744934292342 2.12507364207492 0.0416299358325321 0
0.8515625 0.588843827383947 2.07202938880314 0.0416299538008944 0
0.853515625 0.592838799092354 2.01866272094365 0.0416299713436317 0
0.85546875 0.596729228637633 1.96498278292742 0.0416299884541353 0
0.857421875 0.600514513088164 1.91099870650533 0.0416300051261607 0
0.859375 0.60419406733492 1.85671960983144 0.0416300213538169 0
0.861328125 0.607767324064068 1.80215459664683 0.0416300371315541 0
0.86328125 0.611233733728072 1.74731275556279 0.0416300524541527 0
0.865234375 0.614592764515485 1.69220315944142 0.0416300673167109 0
0.8671875 0.61784390231964 1.63683486487196 0.0416300817146329 0
0.869140625 0.620986650706391 1.58121691174091 0.0416300956436169 0
0.87109375 0.624020530881128 1.52535832289393 0.0416301090996428 0
0.873046875 0.626945081655196 1.46926810388724 0.0416301220789607 0
0.875 0.629759859411937 1.41295524282645 0.0416301345780782 0
0.876953125 0.632464438072487 1.3564287102903 0.0416301465937494 0
0.87890625 0.635058409061508 1.29969745933692 0.0416301581229626 0
0.880859375 0.637541381273021 1.24277042559003 0.041630169162929 0
0.8828125 0.63991298103647 1.18565652740254 0.0416301797110712 0
0.884765625 0.642172852083188 1.12836466609456 0.0416301897650128 0
0.88671875 0.644320655513401 1.07090372626339 0.0416301993225667 0
0.888671875 0.646356069763904 1.01328257616222 0.0416302083817254 0
0.890625 0.648278790576535 0.955510068144894 0.0416302169406507 0
0.892578125 0.650088530967595 0.89759503917349 0.0416302249976637 0
0.89453125 0.651785021198307 0.839546311385775 0.0416302325512359 0
0.896484375 0.653368008746446 0.781372692719297 0.0416302395999801 0
0.8984375 0.654837258279241 0.723082977588946 0.041630246142642 0
0.900390625 0.656192551627652 0.664685947614718 0.0416302521780919 0
0.90234375 0.657433687762111 0.606190372396371 0.0416302577053178 0
0.904296875 0.658560482769826 0.547605010331624 0.0416302627234182 0
0.90625 0.659572769833719 0.488938609474511 0.0416302672315953 0
0.908203125 0.660470399213085 0.430199908430445 0.0416302712291497 0
0.91015625 0.661253238226025 0.371397637284538 0.0416302747154746 0
0.912109375 0.661921171233728 0.312540518559682 0.0416302776900512 0
0.9140625 0.662474099626649 0.253637268200858 0.0416302801524445 0
0.916015625 0.662911941812638 0.194696596582135 0.0416302821023 0
0.91796875 0.663234633207048 0.135727209532788 0.0416302835393402 0
0.919921875 0.663442126224875 0.0767378093789495 0.0416302844633626 0
0.921875 0.663534390274935 0.0177370959971987 0.0416302848742379 0
0.923828125 0.663511411756114 -0.0412662321235256 0.0416302847719088 -0
0.92578125 0.663373194055702 -0.1002634768153 0.0416302841563895 -0
0.927734375 0.663119757549804 -0.159245939163504 0.0416302830277661 -0
0.9296875 0.662751139605845 -0.218204918441638 0.0416302813861967 -0
0.931640625 0.662267394587142 -0.277131711052301 0.0416302792319136 -0
0.93359375 0.661668593859547 -0.336017609477924 0.0416302765652246 -0
0.935546875 0.660954825800119 -0.394853901244885 0.041630273386516 -0
0.9375 0.660126195807809 -0.453631867904591 0.0416302696962558 -0
0.939453125 0.659182826316116 -0.51234278403509 0.0416302654949971 -0
0.94140625 0.658124856807672 -0.570977916266809 0.0416302607833833 -0
0.943359375 0.656952443830699 -0.629528522335912 0.0416302555621523 -0
0.9453125 0.655665761017297 -0.687985850168828 0.0416302498321424 -0
0.947265625 0.654264999103477 -0.746341137001412 0.0416302435942985 -0
0.94921875 0.652750365950885 -0.804585608536193 0.0416302368496787 -0
0.951171875 0.651122086570133 -0.862710478141138 0.0416302295994612 -0
0.953125 0.649380403145647 -0.920706946093295 0.0416302218449526 -0
0.955078125 0.647525575061956 -0.978566198870654 0.0416302135875953 -0
0.95703125 0.645557878931308 -1.03627940849552 0.0416302048289767 -0
0.958984375 0.64347760862252 -1.09383773193262 0.0416301955708381 -0
0.9609375 0.641285075290946 -1.15123231054517 0.041630185815084 -0
0.962890625 0.638980607409453 -1.20845426961197 0.0416301755637923 -0
0.96484375 0.636564550800275 -1.26549471790859 0.0416301648192243 -0
0.966796875 0.634037268667623 -1.32234474735578 0.0416301535838353 -0
0.96875 0.631399141630916 -1.37899543273782 0.0416301418602856 -0
0.970703125 0.62865056775849 -1.4354378314938 0.0416301296514515 -0
0.97265625 0.625791962601643 -1.49166298358466 0.0416301169604368 -0
0.974609375 0.622823759228863 -1.54766191143847 0.0416301037905843 -0
0.9765625 0.619746408260087 -1.60342561997682 0.0416300901454875 -0
0.978515625 0.616560377900828 -1.65894509672465 0.0416300760290028 -0
0.98046875 0.613266153976006 -1.71421131200599 0.041630061445261 -0
0.982421875 0.609864239963305 -1.76921521922799 0.0416300463986799 -0
0.984375 0.606355157025897 -1.82394775525538 0.0416300308939757 -0
0.986328125 0.602739444044339 -1.87839984087751 0.0416300149361757 -0
0.98828125 0.599017657647469 -1.93256238136997 0.0416299985306296 -0
0.990234375 0.595190372242112 -1.98642626715261 0.0416299816830219 -0
0.9921875 0.591258180041404 -2.0399823745458 0.0416299643993833 -0
0.994140625 0.587221691091543 -2.0932215666265 0.041629946686102 -0
0.99609375 0.583081533296769 -2.14613469418563 0.0416299285499353 -0
0.998046875 0.57883835244238 -2.19871259678818 0.0416299099980202 -0
1 0.574492812215566 -2.25094610393708 0.0416298910378843 -0
1.001953125 0.570045594223876 -2.30282603634223 0.0416298716774556 -0
1.00390625 0.565497398011104 -2.35434320729525 0.0416298519250724 -0
1.005859375 0.560848941070379 -2.40548842415099 0.0416298317894927 -0
1.0078125 0.556100958854264 -2.45625248991631 0.0416298112799026 -0
1.009765625 0.551254204781643 -2.50662620494651 0.0416297904059248 -0
1.01171875 0.546309450241192 -2.55660036874988 0.0416297691776257 -0
1.013671875 0.541267484591214 -2.60616578190023 0.0416297476055225 -0
1.015625 0.536129115155644 -2.65531324805767 0.0416297257005892 -0
1.017578125 0.530895167215989 -2.70403357609698 0.0416297034742617 -0
1.01953125 0.525566483999015 -2.75231758234362 0.0416296809384426 -0
1.021484375 0.520143926659959 -2.80015609291638 0.0416296581055047 -0
1.0234375 0.51462837426106 -2.84753994617609 0.0416296349882934 -0
1.025390625 0.509020723745209 -2.89445999527946 0.0416296116001292 -0
1.02734375 0.5033218899045 -2.94090711083666 0.0416295879548075 -0
1.029296875 0.497532805343503 -2.98687218367153 0.0416295640665991 -0
1.03125 0.491654420437033 -3.0323461276827 0.0416295399502487 -0
1.033203125 0.485687703282242 -3.07731988280392 0.041629515620972 -0
1.03515625 0.47963363964483 -3.12178441806169 0.0416294910944529 -0
1.037109375 0.473493232899189 -3.16573073472799 0.0416294663868381 -0
1.0390625 0.467267503962299 -3.20914986956579 0.0416294415147316 -0
1.041015625 0.460957491221198 -3.25203289816478 0.0416294164951874 -0
1.04296875 0.454564250453843 -3.29437093836464 0.0416293913457011 -0
1.044921875 0.448088854743211 -3.3361551537628 0.0416293660842004 -0
1.046875 0.441532394384457 -3.37737675730369 0.0416293407290343 -0
1.048828125 0.434895976784993 -3.41802701494608 0.0416293152989605 -0
1.05078125 0.428180726357324 -3.45809724940496 0.0416292898131323 -0
1.052734375 0.421387784404505 -3.49757884396437 0.0416292642910839 -0
1.0546875 0.414518308998088 -3.53646324635718 0.0416292387527142 -0
1.056640625 0.407573474848422 -3.57474197270776 0.0416292132182694 -0
1.05859375 0.400554473167198 -3.61240661153341 0.0416291877083248 -0
1.060546875 0.39346251152212 -3.6494488277999 0.0416291622437642 -0
1.0625 0.386298813683605 -3.68586036702682 0.0416291368457596 -0
1.064453125 0.379064619463421 -3.72163305943769 0.0416291115357484 -0
1.06640625 0.371761184545176 -3.75675882415014 0.0416290863354098 -0
1.068359375 0.364389780306585 -3.79122967340104 0.0416290612666403 -0
1.0703125 0.356951693633454 -3.8250377168013 0.0416290363515278 -0
1.072265625 0.34944822672533 -3.85817516561515 0.0416290116123245 -0
1.07421875 0.341880696892769 -3.89063433705828 0.0416289870714192 -0
1.076171875 0.334250436346196 -3.92240765860945 0.0416289627513078 -0
1.078125 0.326558791976326 -3.95348767232969 0.0416289386745639 -0
1.080078125 0.318807125126158 -3.98386703918346 0.0416289148638076 -0
1.08203125 0.310996811354516 -4.01353854335579 0.0416288913416738 -0
1.083984375 0.303129240191174 -4.04249509655957 0.0416288681307798 -0
1.0859375 0.29520581488358 -4.07072974232682 0.0416288452536922 -0
1.087890625 0.28722795213521 -4.09823566027796 0.0416288227328933 -0
1.08984375 0.279197081835619 -4.12500617036304 0.041628800590746 -0
1.091796875 0.27111464678223 -4.15103473706853 0.0416287788494601 -0
1.09375 0.262982102393945 -4.17631497358379 0.0416287575310559 -0
1.095703125 0.254800916416668 -4.20084064592082 0.0416287366573299 -0
1.09765625 0.246572568620817 -4.22460567698122 0.041628716249818 -0
1.099609375 0.23829855049096 -4.24760415056422 0.0416286963297605 -0
1.1015625 0.229980364907676 -4.26983031530952 0.0416286769180656 -0
1.103515625 0.221619525821782 -4.29127858856901 0.041628658035274 -0
1.10546875 0.213217557921078 -4.31194356020124 0.0416286397015231 -0
1.107421875 0.204775996289746 -4.33181999628275 0.0416286219365117 -0
1.109375 0.196296386060598 -4.35090284273031 0.0416286047594647 -0
1.111328125 0.187780282060331 -4.36918722882831 0.0416285881890988 -0
1.11328125 0.179229248447988 -4.38666847065573 0.0416285722435884 -0
1.115234375 0.170644858346832 -4.40334207440693 0.0416285569405322 -0
1.1171875 0.162028693469836 -4.41920373960112 0.0416285422969205 -0
1.119140625 0.153382343739015 -4.43424936217497 0.0416285283291035 -0
1.12109375 0.14470740689884 -4.44847503745348 0.0416285150527604 -0
1.123046875 0.136005488123962 -4.46187706299403 0.0416285024828693 -0
1.125 0.127278199621519 -4.47445194129894 0.0416284906336793 -0
1.126953125 0.118527160228263 -4.48619638239198 0.041628479518682 -0
1.12890625 0.109753995002801 -4.49710730625449 0.0416284691505857 -0
1.130859375 0.100960334813207 -4.50718184511691 0.041628459541291 -0
1.1328125 0.0921478159203128 -4.51641734560199 0.0416284507018666 -0
1.134765625 0.0833180795569491 -4.52481137071584 0.0416284426425279 -0
1.13671875 0.074472771503454 -4.53236170168353 0.0416284353726167 -0
1.138671875 0.0656135416597479 -4.53906633962605 0.0416284289005825 -0
1.140625 0.0567420436142898 -4.54492350707576 0.0416284232339655 -0
1.142578125 0.0478599342102332 -4.54993164932763 0.0416284183793817 -0
1.14453125 0.0389688731091037 -4.55408943562409 0.0416284143425092 -0
1.146484375 0.0300705223523266 -4.55739576017121 0.0416284111280771 -0
1.1484375 0.0211665459209349 -4.55984974298473 0.0416284087398556 -0
1.150390625 0.0122586092937925 -4.56145073056415 0.0416284071806488 -0
1.15234375 0.00334837900466867 -4.56219829639396 0.0416284064522886 -0
1.154296875 -0.00556247780149646 -4.56209224127103 0.0416284065556308 -0
1.15625 -0.0144722938127963 -4.56113259345752 0.0416284074905541 -0
1.158203125 -0.0233794019946899 -4.55931960865925 0.0416284092559598 -0
1.16015625 -0.0322821360341215 -4.5566537698293 0.0416284118497739 -0
1.162109375 -0.0411788307830856 -4.55313578679741 0.0416284152689519 -0
1.1640625 -0.0500678227012989 -4.54876659572571 0.0416284195094844 -0
1.166015625 -0.0589474502976392 -4.54354735839172 0.0416284245664055 -0
1.16796875 -0.0678160545700165 -4.5374794613 0.041628430433803 -0
1.169921875 -0.0766719794433423 -4.53056451462379 0.0416284371048298 -0
1.171875 -0.0855135722052657 -4.52280435097865 0.0416284445717184 -0
1.173828125 -0.0943391839393527 -4.51420102403021 0.041628452825796 -0
1.17578125 -0.103147169955384 -4.50475680693827 0.0416284618575017 -0
1.177734375 -0.111935890216455 -4.49447419064023 0.0416284716564064 -0
1.1796875 -0.120703709762572 -4.48335588197646 0.0416284822112322 -0
1.181640625 -0.129448999130426 -4.47140480166121 0.041628493509876 -0
1.18359375 -0.138170134769061 -4.45862408210213 0.0416285055394323 -0
1.185546875 -0.146865499451137 -4.44501706507247 0.0416285182862187 -0
1.1875 -0.155533482679501 -4.43058729923965 0.0416285317358025 -0
1.189453125 -0.164172481088792 -4.41533853755458 0.0416285458730286 -0
1.19140625 -0.172780898841823 -4.39927473450597 0.0416285606820481 -0
1.193359375 -0.181357148020456 -4.3824000432443 0.0416285761463491 -0
1.1953125 -0.189899649010746 -4.36471881258027 0.0416285922487869 -0
1.197265625 -0.198406830882098 -4.34623558386265 0.0416286089716169 -0
1.19921875 -0.20687713176021 -4.32695508774063 0.0416286262965266 -0
1.201171875 -0.215308999193585 -4.30688224081619 0.04162864420467 -0
1.203125 -0.223700890513398 -4.28602214219161 0.041628662676701 -0
1.205078125 -0.232051273186521 -4.264380069918 0.0416286816928087 -0
1.20703125 -0.240358625161515 -4.24196147735035 0.041628701232752 -0
1.208984375 -0.24862143520742 -4.21877198941505 0.0416287212758958 -0
1.2109375 -0.256838203245168 -4.1948173987956 0.0416287418012458 -0
1.212890625 -0.265007440671466 -4.1701036620427 0.041628762787485 -0
1.21484375 -0.273127670675022 -4.1446368956146 0.0416287842130094 -0
1.216796875 -0.28119742854496 -4.1184233718539 0.0416288060559636 -0
1.21875 -0.289215261971326 -4.09146951490685 0.0416288282942768 -0
1.220703125 -0.297179731337565 -4.06378189659146 0.041628850905698 -0
1.22265625 -0.305089410004887 -4.03536723222041 0.0416288738678313 -0
1.224609375 -0.312942884588426 -4.0062323763851 0.0416288971581704 -0
1.2265625 -0.320738755225141 -3.97638431870695 0.0416289207541328 -0
1.228515625 -0.328475635833375 -3.94583017956204 0.041628944633094 -0
1.23046875 -0.336152154364055 -3.91457720578528 0.0416289687724195 -0
1.232421875 -0.343766953043474 -3.88263276636016 0.0416289931494979 -0
1.234375 -0.35131868860765 -3.85000434810006 0.0416290177417722 -0
1.236328125 -0.35880603252824 -3.81669955132697 0.0416290425267702 -0
1.23828125 -0.36622767123002 -3.78272608555369 0.0416290674821344 -0
1.240234375 -0.373582306299934 -3.74809176517506 0.041629092585651 -0
1.2421875 -0.380868654687736 -3.71280450517393 0.041629117815277 -0
1.244140625 -0.38808544889827 -3.67687231684749 0.0416291431491676 -0
1.24609375 -0.395231437175421 -3.64030330355935 0.0416291685657013 -0
1.248046875 -0.402305383677798 -3.60310565652262 0.0416291940435047 -0
1.25 -0.409306068646213 -3.56528765061921 0.0416292195614753 -0
1.251953125 -0.41623228856303 -3.52685764026037 0.0416292450988039 -0
1.25390625 -0.42308285630348 -3.48782405529332 0.0416292706349953 -0
1.255859375 -0.429856601279019 -3.44819539695872 0.0416292961498879 -0
1.2578125 -0.43655236957285 -3.40798023390341 0.0416293216236718 -0
1.259765625 -0.443169024067704 -3.36718719825299 0.041629347036906 -0
1.26171875 -0.449705444566025 -3.32582498174831 0.0416293723705343 -0
1.263671875 -0.456160527902659 -3.28390233194993 0.0416293976058991 -0
1.265625 -0.462533188050205 -3.24142804851437 0.0416294227247552 -0
1.267578125 -0.468822356217168 -3.19841097954589 0.0416294477092813 -0
1.26953125 -0.475026980939056 -3.1548600180272 0.0416294725420905 -0
1.271484375 -0.481146028162587 -3.11078409833237 0.0416294972062401 -0
1.2734375 -0.487178481323167 -3.06619219282507 0.041629521685239 -0
1.275390625 -0.49312334141581 -3.02109330854501 0.0416295459630549 -0
1.27734375 -0.498979627059671 -2.97549648398521 0.04162957002412 -0
1.279296875 -0.504746374556377 -2.92941078596277 0.0416295938533352 -0
1.28125 -0.510422637942338 -2.88284530658516 0.0416296174360735 -0
1.283203125 -0.516007489035225 -2.83580916031438 0.0416296407581821 -0
1.28515625 -0.521500017474816 -2.78831148113078 0.0416296638059835 -0
1.287109375 -0.526899330758392 -2.7403614197982 0.0416296865662756 -0
1.2890625 -0.532204554270903 -2.69196814123202 0.0416297090263305 -0
1.291015625 -0.53741483131008 -2.64314082197138 0.0416297311738924 -0
1.29296875 -0.542529323106728 -2.59388864775675 0.0416297529971753 -0
1.294921875 -0.54754720884038 -2.54422081121364 0.0416297744848583 -0
1.296875 -0.552467685650531 -2.49414650964338 0.0416297956260815 0
1.298828125 -0.557289968643674 -2.44367494292136 0.0416298164104403 0
1.30078125 -0.562013290896318 -2.39281531150323 0.0416298368279793 0
1.302734375 -0.566636903454234 -2.34157681453911 0.0416298568691849 0
1.3046875 -0.571160075328111 -2.28996864809597 0.0416298765249782 0
1.306640625 -0.575582093485858 -2.238000003488 0.0416298957867064 0
1.30859375 -0.579902262841736 -2.18568006571446 0.0416299146461338 0
1.310546875 -0.584119906242555 -2.13301801200484 0.041629933095433 0
1.3125 -0.58823436445113 -2.08002301047041 0.0416299511271744 0
1.314453125 -0.592244996127206 -2.02670421886144 0.0416299687343163 0
1.31640625 -0.596151177806058 -1.97307078342919 0.0416299859101942 0
1.318359375 -0.599952303874976 -1.91913183789146 0.0416300026485098 0
1.3203125 -0.603647786547821 -1.86489650250053 0.0416300189433194 0
1.322265625 -0.607237055837869 -1.81037388321201 0.0416300347890229 0
1.32421875 -0.610719559529118 -1.7555730709532 0.0416300501803517 0
1.326171875 -0.614094763146279 -1.70050314098912 0.0416300651123571 0
1.328125 -0.617362149923607 -1.64517315238464 0.0416300795803979 0
1.330078125 -0.620521220772782 -1.58959214756058 0.041630093580129 0
1.33203125 -0.623571494250015 -1.53376915194195 0.0416301071074888 0
1.333984375 -0.626512506522555 -1.47771317369607 0.0416301201586873 0
1.3359375 -0.629343811334766 -1.42143320355839 0.0416301327301945 0
1.337890625 -0.632064979973955 -1.3649382147436 0.041630144818728 0
1.33984375 -0.634675601236108 -1.30823716293969 0.0416301564212416 0
1.341796875 -0.637175281391688 -1.25133898638229 0.0416301675349137 0
1.34375 -0.639563644151664 -1.19425260600677 0.0416301781571361 0
1.345703125 -0.641840330633902 -1.1369869256753 0.0416301882855026 0
1.34765625 -0.644004999330083 -1.07955083247616 0.0416301979177985 0
1.349609375 -0.646057326073262 -1.02195319709233 0.0416302070519898 0
1.3515625 -0.647997004006225 -0.964202874236479 0.0416302156862136 0
1.353515625 -0.649823743550748 -0.90630870314935 0.0416302238187677 0
1.35546875 -0.651537272377902 -0.848279508158369 0.0416302314481015 0
1.357421875 -0.653137335379492 -0.790124099293455 0.041630238572807 0
1.359375 -0.654623694640767 -0.731851272956735 0.0416302451916106 0
1.361328125 -0.655996129414479 -0.673469812642986 0.0416302513033643 0
1.36328125 -0.657254436096404 -0.614988489707445 0.041630256907039 0
1.365234375 -0.658398428202399 -0.556416064177686 0.0416302620017169 0
1.3671875 -0.659427936347098 -0.497761285606153 0.041630266586585 0
1.369140625 -0.660342808224298 -0.439032893959928 0.0416302706609294 0
1.37109375 -0.661142908589129 -0.380239620544274 0.0416302742241298 0
1.373046875 -0.661828119242049 -0.321390188956469 0.0416302772756544 0
1.375 -0.66239833901474 -0.262493316066399 0.041630279815056 0
1.376953125 -0.662853483757933 -0.20355771302037 0.041630281841968 0
1.37890625 -0.663193486331226 -0.144592086264585 0.0416302833561015 0
1.380859375 -0.663418296594904 -0.0856051385846898 0.041630284357243 0
1.3828125 -0.663527881403822 -0.0266055701577952 0.0416302848452522 0
1.384765625 -0.663522224603333 0.0323979203866276 0.0416302848200611 -0
1.38671875 -0.663401327027312 0.0913966349005999 0.0416302842816731 -0
1.388671875 -0.663165206498253 0.150381874649855 0.0416302832301633 -0
1.390625 -0.662813897829461 0.209344939248046 0.0416302816656793 -0
1.392578125 -0.662347452829315 0.268277125596563 0.0416302795884417 -0
1.39453125 -0.661765940307599 0.327169726833575 0.0416302769987471 -0
1.396484375 -0.661069446083871 0.3860140312959 0.0416302738969697 -0
1.3984375 -0.66025807299785 0.444801321497308 0.041630270283565 -0
1.400390625 -0.659331940921773 0.503522873126822 0.0416302661590731 -0
1.40234375 -0.658291186774698 0.562169954070599 0.0416302615241234 -0
1.404296875 -0.657135964538684 0.620733823460917 0.0416302563794393 -0
1.40625 -0.655866445276804 0.67920573075579 0.0416302507258437 -0
1.408203125 -0.65448281715292 0.737576914852705 0.041630244564265 -0
1.41015625 -0.65298528545316 0.795838603239926 0.0416302378957438 -0
1.412109375 -0.651374072609014 0.8539820111888 0.04163023072144 -0
1.4140625 -0.649649418221954 0.91199834099044 0.0416302230426401 -0
1.416015625 -0.64781157908952 0.96987878124013 0.0416302148607657 -0
1.41796875 -0.645860829232735 1.02761450617274 0.0416302061773818 -0
1.419921875 -0.643797459924782 1.08519667505243 0.041630196994206 -0
1.421875 -0.641621779720811 1.14261643161976 0.0416301873131176 -0
1.423828125 -0.639334114488768 1.19986490359942 0.0416301771361678 -0
1.42578125 -0.636934807441126 1.25693320227165 0.0416301664655896 -0
1.427734375 -0.634424219167394 1.31381242211029 0.0416301553038087 -0
1.4296875 -0.631802727667258 1.37049364049046 0.0416301436534537 -0
1.431640625 -0.629070728384228 1.42696791746869 0.0416301315173677 -0
1.43359375 -0.626228634239646 1.4832262956384 0.0416301188986196 -0
1.435546875 -0.623276875666891 1.53925980006328 0.0416301058005155 -0
1.4375 -0.620215900645648 1.59505943829129 0.0416300922266106 -0
1.439453125 -0.617046174736065 1.65061620045178 0.0416300781807209 -0
1.44140625 -0.613768181112634 1.70592105943823 0.0416300636669352 -0
1.443359375 -0.610382420597635 1.7609649711788 0.0416300486896274 -0
1.4453125 -0.606889411693966 1.8157388749971 0.041630033253468 -0
1.447265625 -0.603289690617177 1.87023369406516 0.0416300173634369 -0
1.44921875 -0.599583811326524 1.92444033595071 0.0416300010248346 -0
1.451171875 -0.59577234555487 1.97834969326064 0.0416299842432944 -0
1.453125 -0.591855882837225 2.03195264438232 0.0416299670247943 -0
1.455078125 -0.587835030537751 2.08524005432464 0.041629949375668 -0
1.45703125 -0.583710413875019 2.13820277566001 0.0416299313026167 -0
1.458984375 -0.579482675945329 2.19083164956893 0.0416299128127197 -0
1.4609375 -0.575152477743891 2.24311750698829 0.041629893913445 -0
1.462890625 -0.570720498183656 2.29505116986441 0.0416298746126599 -0
1.46484375 -0.566187434111608 2.34662345251196 0.0416298549186405 -0
1.466796875 -0.561554000322282 2.39782516307928 0.0416298348400811 -0
1.46875 -0.556820929568329 2.44864710512106 0.0416298143861029 -0
1.470703125 -0.551988972567902 2.49908007927856 0.0416297935662625 -0
1.47265625 -0.547058898008648 2.5491148850679 0.0416297723905591 -0
1.474609375 -0.542031492548106 2.59874232277636 0.0416297508694418 -0
1.4765625 -0.536907560810302 2.64795319546685 0.0416297290138156 -0
1.478515625 -0.531687925378314 2.69673831109023 0.0416297068350466 -0
1.48046875 -0.526373426782606 2.7450884847051 0.0416296843449671 -0
1.482421875 -0.520964923484934 2.79299454080446 0.0416296615558789 -0
1.484375 -0.515463291857589 2.84044731574861 0.0416296384805564 -0
1.486328125 -0.509869426157791 2.88743766030318 0.0416296151322484 -0
1.48828125 -0.50418423849703 2.93395644228124 0.0416295915246791 -0
1.490234375 -0.49840865880513 2.97999454928816 0.0416295676720478 -0
1.4921875 -0.492543634788873 3.02554289156768 0.0416295435890281 -0
1.494140625 -0.486590131884944 3.07059240494748 0.0416295192907651 -0
1.49609375 -0.480549133207047 3.11513405388224 0.0416294947928727 -0
1.498046875 -0.474421639486967 3.15915883459229 0.0416294701114283 -0
1.5 -0.46820866900942 3.2026577782953 0.0416294452629676 -0
1.501953125 -0.461911257540501 3.24562195452863 0.0416294202644775 -0
1.50390625 -0.455530458249543 3.28804247455962 0.0416293951333878 -0
1.505859375 -0.449067341624252 3.32991049488084 0.041629369887562 -0
1.5078125 -0.442522995378915 3.37121722078733 0.0416293445452863 -0
1.509765625 -0.435898524355552 3.41195391003238 0.0416293191252579 -0
1.51171875 -0.429195050417851 3.45211187655846 0.0416292936465716 -0
1.513671875 -0.422413712337745 3.49168249429965 0.0416292681287054 -0
1.515625 -0.415555665674493 3.53065720105154 0.0416292425915043 -0
1.517578125 -0.408622082646137 3.56902750240483 0.0416292170551636 -0
1.51953125 -0.401614151993224 3.60678497573809 0.0416291915402102 -0
1.521484375 -0.394533078834661 3.64392127426553 0.041629166067483 -0
1.5234375 -0.387380084515624 3.68042813113514 0.041629140658112 -0
1.525390625 -0.380156406447414 3.71629736357238 0.0416291153334963 -0
1.52734375 -0.37286329793917 3.75152087706466 0.0416290901152801 -0
1.529296875 -0.36550202802138 3.78609066958155 0.0416290650253291 -0
1.53125 -0.358073881261117 3.81999883582544 0.0416290400857039 -0
1.533203125 -0.350580157568937 3.8532375715075 0.041629015318634 -0
1.53515625 -0.343022171997415 3.88579917764335 0.0416289907464893 -0
1.537109375 -0.335401254531268 3.91767606486298 0.0416289663917516 -0
1.5390625 -0.327718749869044 3.9488607577292 0.0416289422769847 -0
1.541015625 -0.319976017196388 3.97934589905885 0.0416289184248038 -0
1.54296875 -0.312174429950846 4.00912425424097 0.0416288948578435 -0
1.544921875 -0.304315375578259 4.03818871554589 0.041628871598726 -0
1.546875 -0.296400255280745 4.06653230641934 0.0416288486700277 -0
1.548828125 -0.288430483756309 4.09414818575543 0.0416288260942454 -0
1.55078125 -0.280407488930138 4.12102965214242 0.0416288038937626 -0
1.552734375 -0.272332711677627 4.14717014807514 0.041628782090814 -0
1.5546875 -0.264207605539219 4.17256326412789 0.041628760707451 -0
1.556640625 -0.256033636427128 4.19720274308163 0.0416287397655057 -0
1.55859375 -0.247812282324056 4.22108248399925 0.0416287192865556 -0
1.560546875 -0.239545032974006 4.24419654624281 0.0416286992918876 -0
1.5625 -0.231233389565296 4.26653915342666 0.0416286798024623 -0
1.564453125 -0.222878864405933 4.28810469730016 0.0416286608388777 -0
1.56640625 -0.214482980591467 4.30888774155418 0.0416286424213343 -0
1.568359375 -0.206047271665487 4.32888302554529 0.041628624569599 -0
1.5703125 -0.19757328127293 4.34808546793175 0.04162860730297 -0
1.572265625 -0.189062562806378 4.36649017021557 0.0416285906402428 -0
1.57421875 -0.180516679045526 4.38409242018485 0.0416285745996753 -0
1.576171875 -0.171937201790031 4.40088769525097 0.041628559198955 -0
1.578125 -0.163325711485952 4.41687166567506 0.0416285444551655 -0
1.580078125 -0.154683796845988 4.43204019767856 0.0416285303847552 -0
1.58203125 -0.14601305446377 4.44638935643265 0.0416285170035062 -0
1.583984375 -0.137315088422423 4.45991540892171 0.041628504326504 -0
1.5859375 -0.12859150989767 4.47261482667593 0.0416284923681087 -0
1.587890625 -0.11984393675572 4.48448428836857 0.0416284811419276 -0
1.58984375 -0.11107399314623 4.49552068227338 0.0416284706607886 -0
1.591796875 -0.10228330909059 4.50572110857822 0.0416284609367149 -0
1.59375 -0.0934735200658462 4.51508288155071 0.0416284519809017 -0
1.595703125 -0.0846462665845324 4.52360353155244 0.0416284438036942 -0
1.59765625 -0.0758031937707195 4.53128080689809 0.0416284364145666 -0
1.599609375 -0.0669459509325867 4.53811267555649 0.0416284298221037 -0
1.6015625 -0.0580761911318269 4.54409732669045 0.0416284240339833 -0
1.603515625 -0.0491955707502021 4.54923317203287 0.0416284190569612 -0
1.60546875 -0.0403057490535735 4.55351884709675 0.0416284148968574 -0
1.607421875 -0.0314083877537305 4.55695321221682 0.0416284115585442 -0
1.609375 -0.0225051505683515 4.55953535342127 0.0416284090459365 -0
1.611328125 -0.0135977027794286 4.56126458313172 0.0416284073619839 -0
1.61328125 -0.00468771079049324 4.56214044069056 0.0416284065086647 -0
1.615234375 0.00422315831701884 4.56216269271444 0.0416284064869819 -0
1.6171875 0.0131332372279225 4.56133133327351 0.0416284072969608 -0
1.619140625 0.0220408588376185 4.55964658389596 0.0416284089376495 -0
1.62109375 0.0309443566962661 4.5571088933979 0.0416284114071205 -0
1.623046875 0.039842065452454 4.55371893753892 0.0416284147024748 -0
1.625 0.0487323212960275 4.54947761850385 0.0416284188198475 -0
1.626953125 0.0576134623997347 4.54438606421169 0.0416284237544159 -0
1.62890625 0.0664838293593544 4.53844562745286 0.0416284295004093 -0
1.630859375 0.0753417656319724 4.53165788485632 0.0416284360511204 -0
1.6328125 0.0841856179720745 4.52402463568836 0.0416284433989189 -0
1.634765625 0.0930137368651301 4.51554790048506 0.0416284515352671 -0
1.63671875 0.101824476958344 4.50622991952091 0.0416284604507365 -0
1.638671875 0.110616197488259 4.49607315111614 0.0416284701350271 -0
1.640625 0.119387262704892 4.48508026978568 0.0416284805769872 -0
1.642578125 0.128136042292109 4.47325416423308 0.0416284917646363 -0
1.64453125 0.136860911783927 4.46059793519251 0.0416285036851879 -0
1.646484375 0.145560252976455 4.4471148931229 0.0416285163250747 -0
1.6484375 0.154232454335188 4.43280855575783 0.041628529669975 -0
1.650390625 0.162875911397384 4.41768264551547 0.0416285437048405 0
1.65234375 0.171489027169233 4.40174108677294 0.0416285584139247 0
1.654296875 0.180070212517591 4.38498800300955 0.0416285737808134 0
1.65625 0.188617886555989 4.36742771382378 0.0416285897884549 0
1.658203125 0.197130477024715 4.34906473182896 0.0416286064191928 0
1.66015625 0.205606420664696 4.32990375943266 0.0416286236547978 0
1.662109375 0.214044163584999 4.3099496855052 0.0416286414765018 0
1.6640625 0.222442161623701 4.28920758194261 0.0416286598650318 0
1.666015625 0.230798880701962 4.26768270012965 0.0416286788006445 0
1.66796875 0.239112797171082 4.24538046730856 0.0416286982631613 0
1.669921875 0.247382398152386 4.22230648285932 0.0416287182320038 0
1.671875 0.255606181869752 4.19846651449735 0.0416287386862296 0
1.673828125 0.263782657974641 4.17386649439453 0.0416287596045679 0
1.67578125 0.27191034786348 4.14851251522964 0.0416287809654554 0
1.677734375 0.279987784987257 4.12241082617434 0.0416288027470724 0
1.6796875 0.288013515153224 4.09556782882073 0.0416288249273781 0
1.681640625 0.295986096818588 4.06799007305672 0.0416288474841463 0
1.68359375 0.303904101376101 4.0396842528954 0.0416288703950007 0
1.685546875 0.311766113431461 4.01065720226446 0.0416288936374494 0
1.6875 0.319570731072447 3.98091589076208 0.0416289171889193 0
1.689453125 0.32731656612975 3.95046741938516 0.0416289410267898 0
1.69140625 0.33500224442942 3.9193190162362 0.0416289651284261 0
1.693359375 0.342626406036923 3.8874780322148 0.0416289894712112 0
1.6953125 0.350187705492759 3.85495193669986 0.0416290140325779 0
1.697265625 0.357684812039656 3.82174831322837 0.0416290387900394 0
1.69921875 0.365116409841308 3.78787485517664 0.0416290637212192 0
1.701171875 0.37248119819269 3.75333936144985 0.0416290888038798 0
1.703125 0.379777891721971 3.71814973218544 0.041629114015951 0
1.705078125 0.38700522058404 3.68231396447606 0.0416291393355565 0
1.70703125 0.394161930645706 3.64584014811736 0.0416291647410398 0
1.708984375 0.401246783662623 3.60873646138617 0.0416291902109885 0
1.7109375 0.408258557447995 3.57101116685396 0.0416292157242579 0
1.712890625 0.415196046033146 3.53267260724091 0.0416292412599936 0
1.71484375 0.42205805982003 3.4937292013153 0.0416292667976518 0
1.716796875 0.428843425725784 3.45418943984299 0.0416292923170195 0
1.71875 0.435550987319417 3.41406188159167 0.0416293177982328 0
1.720703125 0.442179604950752 3.37335514939411 0.0416293432217945 0
1.72265625 0.448728155871738 3.33207792627476 0.0416293685685892 0
1.724609375 0.455195534350262 3.29023895164379 0.0416293938198989 0
1.7265625 0.461580651776596 3.24784701756229 0.0416294189574153 0
1.728515625 0.467882436762615 3.20491096508251 0.0416294439632528 0
1.73046875 0.47409983523395 3.16143968066642 0.0416294688199587 0
1.732421875 0.480231810515218 3.1174420926861 0.0416294935105229 0
1.734375 0.486277343408505 3.072927168009 0.0416295180183859 0
1.736328125 0.492235432265253 3.02790390867088 0.0416295423274461 0
1.73828125 0.49810509305175 2.98238134863934 0.0416295664220656 0
1.740234375 0.503885359408376 2.9363685506703 0.0416295902870746 0
1.7421875 0.509575282702806 2.88987460325986 0.0416296139077749 0
1.744140625 0.51517393207736 2.84290861769361 0.0416296372699425 0
1.74609375 0.520680394490672 2.79547972519531 0.0416296603598283 0
1.748046875 0.526093774753904 2.74759707417677 0.0416296831641588 0
1.75 0.531413195561675 2.6992698275903 0.0416297056701349 0
1.751953125 0.536637797517929 2.65050716038524 0.0416297278654302 0
1.75390625 0.54176673915693 2.60131825706954 0.041629749738188 0
1.755859375 0.546799196959607 2.55171230937757 0.041629771277018 0
1.7578125 0.551734365365436 2.50169851404471 0.0416297924709913 0
1.759765625 0.556571456780094 2.45128607068943 0.0416298133096352 0
1.76171875 0.561309701579067 2.40048417980321 0.0416298337829272 0
1.763671875 0.56594834810745 2.34930204084856 0.0416298538812879 0
1.765625 0.570486662676131 2.29774885046514 0.0416298735955734 0
1.767578125 0.574923929554579 2.24583380078387 0.0416298929170675 0
1.76953125 0.579259450960443 2.1935660778487 0.0416299118374724 0
1.771484375 0.583492547046176 2.14095486014567 0.0416299303488999 0
1.7734375 0.587622555882887 2.08800931723849 0.0416299484438613 0
1.775390625 0.591648833441639 2.03473860850995 0.0416299661152573 0
1.77734375 0.595570753572379 1.98115188200826 0.0416299833563673 0
1.779296875 0.599387707980733 1.92725827339707 0.0416300001608387 0
1.78125 0.603099106202837 1.87306690500812 0.0416300165226753 0
1.783203125 0.606704375578421 1.81858688499501 0.0416300324362261 0
1.78515625 0.610202961222349 1.76382730658673 0.0416300478961733 0
1.787109375 0.613594325994776 1.70879724743911 0.041630062897521 0
1.7890625 0.616877950470157 1.65350576908258 0.0416300774355826 0
1.791015625 0.620053332905255 1.59796191646434 0.041630091505969 0
1.79296875 0.623119989206346 1.54217471758287 0.041630105104577 0
1.794921875 0.626077452895813 1.48615318321263 0.0416301182275766 0
1.796875 0.628925275078271 1.42990630671691 0.0416301308713992 0
1.798828125 0.631663024406426 1.37344306394624 0.0416301430327262 0
1.80078125 0.634290287046811 1.31677241322015 0.0416301547084765 0
1.802734375 0.636806666645567 1.25990329538959 0.0416301658957955 0
1.8046875 0.639211784294426 1.20284463397756 0.0416301765920437 0
1.806640625 0.641505278497042 1.14560533539504 0.0416301867947851 0
1.80859375 0.643686805135813 1.08819428922963 0.041630196501777 0
1.810546875 0.645756037439345 1.03062036860392 0.0416302057109589 0
1.8125 0.647712665950672 0.972892430600689 0.0416302144204428 0
1.814453125 0.649556398496379 0.915019316751954 0.0416302226285029 0
1.81640625 0.651286960156734 0.857009853588727 0.0416302303335664 0
1.818359375 0.65290409323696 0.798872853248426 0.0416302375342046 0
1.8203125 0.654407557239736 0.740617114136707 0.041630244229124 0
1.822265625 0.655797128839056 0.682251421640471 0.0416302504171583 0
1.82421875 0.657072601855519 0.623784548888788 0.041630256097261 0
1.826171875 0.658233787233153 0.56522525755835 0.041630261268498 0
1.828125 0.659280513017856 0.506582298720119 0.0416302659300409 0
1.830078125 0.660212624337529 0.447864413723717 0.0416302700811614 0
1.83203125 0.661029983383965 0.389080335116114 0.0416302737212253 0
1.833984375 0.661732469396576 0.330238787591135 0.0416302768496878 0
1.8359375 0.662319978647993 0.271348488966251 0.0416302794660893 0
1.837890625 0.6627924244316 0.212418151183136 0.0416302815700513 0
1.83984375 0.663149737051052 0.153456481328414 0.0416302831612734 0
1.841796875 0.663391863811789 0.0944721826710144 0.0416302842395308 0
1.84375 0.66351876901461 0.0354739557125553 0.0416302848046724 0
1.845703125 0.663530433951292 -0.0235295007528673 0.0416302848566193 -0
1.84765625 0.663426856902295 -0.0825294885730899 0.0416302843953643 -0
1.849609375 0.663208053136553 -0.141517309170115 0.0416302834209716 -0
1.8515625 0.662874054913349 -0.200484262473791 0.0416302819335778 -0
1.853515625 0.662424911486265 -0.25942164586055 0.0416302799333925 -0
1.85546875 0.661860689109206 -0.318320753100838 0.0416302774207007 -0
1.857421875 0.661181471044465 -0.377172873318825 0.0416302743958648 -0
1.859375 0.660387357572804 -0.435969289968009 0.0416302708593278 -0
1.861328125 0.659478466005527 -0.494701279826282 0.0416302668116168 -0
1.86328125 0.658454930698483 -0.553360112014042 0.0416302622533476 -0
1.865234375 0.657316903067972 -0.61193704703888 0.041630257185229 -0
1.8671875 0.656064551608487 -0.670423335870368 0.0416302516080686 -0
1.869140625 0.654698061912229 -0.728810219048445 0.0416302455227786 -0
1.87109375 0.653217636690329 -0.787088925828855 0.0416302389303823 -0
1.873046875 0.65162349579571 -0.845250673369074 0.0416302318320211 -0
1.875 0.649915876247481 -0.903286665958111 0.0416302242289621 -0
1.876953125 0.648095032256811 -0.961188094293522 0.0416302161226059 -0
1.87890625 0.646161235254147 -1.01894613480896 0.0416302075144955 -0
1.880859375 0.644114773917713 -1.07655194905549 0.0416301984063249 -0
1.8828125 0.641955954203149 -1.1339966831399 0.0416301887999485 -0
1.884765625 0.639685099374198 -1.19127146722312 0.0416301786973911 -0
1.88671875 0.637302550034309 -1.24836741508185 0.0416301681008577 -0
1.888671875 0.634808664159035 -1.3052756237364 0.0416301570127441 0
1.890625 0.632203817129089 -1.36198717314775 0.041630145435648 0
1.892578125 0.629488401763926 -1.41849312598663 0.0416301333723794 0
1.89453125 0.626662828355704 -1.47478452747743 0.0416301208259726 0
1.896484375 0.623727524703468 -1.53085240531976 0.0416301077996973 0
1.8984375 0.620682936147423 -1.58668776969012 0.0416300942970704 0
1.900390625 0.617529525603116 -1.64228161332644 0.041630080321868 0
1.90234375 0.614267773595367 -1.69762491169771 0.0416300658781371 0
1.904296875 0.610898178291796 -1.75270862326128 0.0416300509702081 0
1.90625 0.607421255535752 -1.80752368980985 0.0416300356027061 0
1.908203125 0.603837538878477 -1.86206103691048 0.0416300197805636 0
1.91015625 0.600147579610321 -1.91631157443762 0.0416300035090323 0
1.912109375 0.59635194679083 -1.9702661972019 0.0416299867936947 0
1.9140625 0.592451227277501 -2.02391578567673 0.0416299696404761 0
1.916015625 0.58844602575303 -2.07725120682415 0.0416299520556563 0
1.91796875 0.584336964750844 -2.13026331502168 0.0416299340458803 0
1.919921875 0.580124684678727 -2.18294295309131 0.04162991561817 0
1.921875 0.575809843840331 -2.23528095343214 0.0416298967799343 0
1.923828125 0.571393118454382 -2.28726813925766 0.0416298775389798 0
1.92578125 0.566875202671356 -2.33889532593864 0.0416298579035206 0
1.927734375 0.562256808587434 -2.39015332245247 0.0416298378821874 0
1.9296875 0.557538666255526 -2.44103293293963 0.041629817484037 0
1.931640625 0.552721523693139 -2.49152495836773 0.0416297967185599 0
1.93359375 0.547806146886902 -2.54162019830357 0.0416297755956883 0
1.935546875 0.542793319793516 -2.59130945279315 0.0416297541258033 0
1.9375 0.537683844336929 -2.64058352434995 0.0416297323197409 0
1.939453125 0.532478540401524 -2.68943322005105 0.0416297101887977 0
1.94140625 0.527178245821104 -2.73784935374071 0.0416296877447357 0
1.943359375 0.521783816363474 -2.78582274834117 0.0416296649997858 0
1.9453125 0.516296125710397 -2.83334423826949 0.0416296419666513 0
1.947265625 0.510716065432734 -2.88040467195992 0.0416296186585096 0
1.94921875 0.505044544960553 -2.92699491449046 0.0416295950890134 0
1.951171875 0.499282491548005 -2.9731058503123 0.0416295712722908 0
1.953125 0.493430850232771 -3.01872838608087 0.0416295472229439 0
1.955078125 0.487490583789877 -3.06385345358647 0.0416295229560475 0
1.95703125 0.481462672679699 -3.10847201278291 0.041629498487145 0
1.958984375 0.475348114989944 -3.15257505491189 0.0416294738322446 0
1.9609375 0.469147926371449 -3.19615360572082 0.0416294490078135 0
1.962890625 0.462863139967597 -3.23919872877179 0.0416294240307712 0
1.96484375 0.456494806337184 -3.28170152883876 0.0416293989184817 0
1.966796875 0.45004399337057 -3.32365315539029 0.0416293736887438 0
1.96875 0.443511786198941 -3.36504480615459 0.0416293483597809 0
1.970703125 0.436899287096529 -3.40586773076377 0.0416293229502294 0
1.97265625 0.430207615375645 -3.44611323447372 0.0416292974791251 0
1.974609375 0.423437907274366 -3.48577268195594 0.0416292719658894 0
1.9765625 0.416591315836755 -3.52483750115769 0.0416292464303132 0
1.978515625 0.409669010785469 -3.56329918722614 0.0416292208925403 0
1.98046875 0.402672178386653 -3.60114930649261 0.041629195373049 0
1.982421875 0.395602021306982 -3.63837950051237 0.0416291698926326 0
1.984375 0.388459758462776 -3.67498149015539 0.0416291444723788 0
1.986328125 0.381246624861063 -3.71094707974363 0.0416291191336475 0
1.98828125 0.373963871432528 -3.74626816122964 0.0416290938980478 0
1.990234375 0.366612764856259 -3.7809367184117 0.0416290687874137 0
1.9921875 0.359194587376232 -3.81494483118031 0.0416290438237781 0
1.994140625 0.351710636609461 -3.84828467979064 0.041629019029347 0
1.99609375 0.3441622253458 -3.88094854915561 0.0416289944264708 0
1.998046875 0.336550681339322 -3.91292883315401 0.0416289700376166 0
2 0.328877347091292 -3.94421803894807 0.0416289458853377 0
