0 0.952855436434142 0 0.082529947652537 -0
0.001953125 0.952779181898871 -0.078082527827425 0.0825299473220406 0
0.00390625 0.952550426559816 -0.156156589364205 0.0825299463303403 0
0.005859375 0.952169195221668 -0.234213713791324 0.0825299446768037 0
0.0078125 0.951635529240319 -0.31224542123942 0.0825299423603794 0
0.009765625 0.950949486544951 -0.39024321827961 0.0825299393796015 0
0.01171875 0.950111141668914 -0.468198593433518 0.0825299357325952 0
0.013671875 0.949120585789351 -0.546103012708905 0.0825299314170849 0
0.015625 0.94797792677552 -0.623947915167326 0.0825299264304028 0
0.017578125 0.946683289245729 -0.701724708530221 0.0825299207695006 0
0.01953125 0.945236814632824 -0.779424764829875 0.0825299144309613 0
0.021484375 0.943638661258112 -0.857039416111675 0.0825299074110142 0
0.0234375 0.941889004413637 -0.934559950194118 0.0825298997055505 0
0.025390625 0.939988036452666 -1.01197760649301 0.0825298913101408 0
0.02734375 0.937935966888274 -1.08928357191633 0.0825298822200548 0
0.029296875 0.935733022499868 -1.16646897683621 0.0825298724302813 0
0.03125 0.933379447447508 -1.24352489114457 0.0825298619355517 0
0.033203125 0.930875503393835 -1.32044232039879 0.0825298507303634 0
0.03515625 0.92822146963345 -1.39721220206402 0.0825298388090054 0
0.037109375 0.925417643229522 -1.47382540185857 0.082529826165586 0
0.0390625 0.92246433915744 -1.55027271020887 0.0825298127940611 0
0.041015625 0.919361890455269 -1.62654483882056 0.0825297986882646 0
0.04296875 0.916110648380797 -1.70263241737212 0.0825297838419402 0
0.044921875 0.912710982574909 -1.77852599033762 0.0825297682487744 0
0.046875 0.909163281231041 -1.85421601394497 0.0825297519024315 0
0.048828125 0.905467951270436 -1.92969285327624 0.0825297347965891 0
0.05078125 0.90162541852293 -2.00494677951639 0.0825297169249758 0
0.052734375 0.897636127912951 -2.07996796735688 0.0825296982814094 0
0.0546875 0.893500543650443 -2.15474649256052 0.0825296788598374 0
0.056640625 0.889219149426386 -2.22927232969392 0.0825296586543775 0
0.05859375 0.884792448612576 -2.30353535003374 0.08252963765936 0
0.060546875 0.880220964465317 -2.37752531965315 0.082529615869371 0
0.0625 0.875505240332681 -2.45123189769444 0.0825295932792964 0
0.064453125 0.870645839864948 -2.52464463483409 0.0825295698843678 0
0.06640625 0.86564334722786 -2.59775297194608 0.0825295456802076 0
0.068359375 0.860498367318283 -2.67054623896959 0.0825295206628761 0
0.0703125 0.855211525981885 -2.74301365398671 0.0825294948289192 0
0.072265625 0.849783470232398 -2.81514432251584 0.082529468175416 0
0.07421875 0.844214868472057 -2.88692723702647 0.0825294407000272 0
0.076171875 0.838506410712763 -2.95835127668065 0.0825294124010442 0
0.078125 0.832658808797524 -3.02940520730628 0.0825293832774382 0
0.080078125 0.826672796621723 -3.10007768160752 0.0825293533289086 0
0.08203125 0.820549130353744 -3.17035723961704 0.0825293225559331 0
0.083984375 0.814288588654469 -3.24023230939477 0.0825292909598162 0
0.0859375 0.807891972895171 -3.30969120797765 0.0825292585427378 0
0.087890625 0.801360107373306 -3.37872214258468 0.0825292253078019 0
0.08984375 0.7946938395257 -3.44731321208102 0.0825291912590841 0
0.091796875 0.787894040138615 -3.51545240870498 0.0825291564016782 0
0.09375 0.780961603554196 -3.58312762006135 0.0825291207417433 0
0.095703125 0.77389744787275 -3.65032663138393 0.0825290842865477 0
0.09765625 0.766702515150352 -3.71703712807033 0.0825290470445135 0
0.099609375 0.759377771591226 -3.78324669849125 0.0825290090252588 0
0.1015625 0.751924207734371 -3.8489428370764 0.0825289702396383 0
0.103515625 0.744342838633896 -3.91411294767874 0.0825289306997828 0
0.10546875 0.736634704032501 -3.97874434721836 0.0825288904191361 0
0.107421875 0.728800868527574 -4.04282426960682 0.0825288494124901 0
0.109375 0.720842421729349 -4.10633986995254 0.0825288076960174 0
0.111328125 0.712760478410572 -4.16927822904707 0.0825287652873017 0
0.11328125 0.704556178647134 -4.23162635813196 0.0825287222053654 0
0.115234375 0.696230687949119 -4.29337120394515 0.0825286784706941 0
0.1171875 0.687785197381723 -4.35449965404558 0.0825286341052583 0
0.119140625 0.679220923675504 -4.41499854241398 0.0825285891325319 0
0.12109375 0.670539109325419 -4.47485465532742 0.0825285435775071 0
0.123046875 0.661741022678131 -4.53405473750463 0.0825284974667058 0
0.125 0.652827958007041 -4.59258549851846 0.0825284508281875 0
0.126953125 0.643801235574543 -4.65043361947154 0.0825284036915528 0
0.12890625 0.634662201680981 -4.70758575993017 0.0825283560879435 0
0.130859375 0.625412228699816 -4.76402856511149 0.0825283080500375 0
0.1328125 0.616052715098514 -4.81974867331779 0.0825282596120406 0
0.134765625 0.606585085444668 -4.87473272361178 0.0825282108096728 0
0.13671875 0.597010790396905 -4.92896736372546 0.0825281616801505 0
0.138671875 0.587331306680116 -4.98243925819524 0.0825281122621642 0
0.140625 0.57754813704458 -5.03513509671484 0.0825280625958507 0
0.142578125 0.567662810208573 -5.08704160269721 0.0825280127227613 0
0.14453125 0.557676880784044 -5.13814554203594 0.0825279626858247 0
0.146484375 0.547591929184995 -5.18843373205624 0.0825279125293047 0
0.1484375 0.5374095615182 -5.23789305064459 0.0825278622987535 0
0.150390625 0.527131409455915 -5.2865104455461 0.0825278120409597 0
0.15234375 0.516759130090285 -5.33427294381758 0.0825277618038913 0
0.154296875 0.506294405769128 -5.38116766142404 0.0825277116366338 0
0.15625 0.495738943912847 -5.42718181296568 0.0825276615893236 0
0.158203125 0.48509447681223 -5.47230272152192 0.0825276117130768 0
0.16015625 0.474362761406902 -5.51651782859855 0.0825275620599119 0
0.162109375 0.463545579044267 -5.55981470416349 0.0825275126826705 0
0.1640625 0.452644735218764 -5.60218105675636 0.0825274636349308 0
0.166015625 0.441662059291313 -5.64360474365635 0.0825274149709185 0
0.16796875 0.430599404188856 -5.68407378109275 0.0825273667454132 0
0.169921875 0.419458646083919 -5.72357635448203 0.0825273190136506 0
0.171875 0.408241684054161 -5.76210082867473 0.0825272718312214 0
0.173828125 0.396950439721908 -5.79963575819565 0.0825272252539664 0
0.17578125 0.385586856873709 -5.83616989746002 0.0825271793378688 0
0.177734375 0.374152901059955 -5.87169221094833 0.0825271341389432 0
0.1796875 0.362650559174692 -5.90619188332243 0.0825270897131221 0
0.181640625 0.351081839015727 -5.93965832946487 0.0825270461161408 -0
0.18359375 0.33944876882522 -5.97208120442399 0.0825270034034191 -0
0.185546875 0.327753396810946 -6.00345041324651 0.0825269616299427 -0
0.1875 0.315997790648476 -6.03375612067997 0.0825269208501425 -0
0.189453125 0.30418403696454 -6.06298876072675 0.0825268811177735 -0
0.19140625 0.292314240801887 -6.09113904603208 0.0825268424857933 -0
0.193359375 0.280390525065977 -6.11819797708803 0.0825268050062404 -0
0.1953125 0.268415029953887 -6.14415685123606 0.0825267687301128 -0
0.197265625 0.256389912365836 -6.16900727145047 0.0825267337072477 -0
0.19921875 0.244317345299783 -6.19274115488576 0.0825266999862025 -0
0.201171875 0.232199517229564 -6.21535074117105 0.0825266676141369 -0
0.203125 0.220038631467084 -6.23682860043482 0.0825266366366975 -0
0.205078125 0.207836905509115 -6.25716764104415 0.082526607097905 -0
0.20703125 0.195596570369255 -6.27636111704254 0.0825265790400444 -0
0.208984375 0.183319869895668 -6.29440263527125 0.0825265525035577 -0
0.2109375 0.171009060075227 -6.3112861621596 0.0825265275269415 -0
0.212890625 0.158666408324732 -6.32700603016997 0.0825265041466481 -0
0.21484375 0.146294192769875 -6.34155694388425 0.0825264823969912 -0
0.216796875 0.133894701512684 -6.354933985719 0.0825264623100568 -0
0.21875 0.121470231888161 -6.36713262125714 0.0825264439156188 -0
0.220703125 0.109023089710898 -6.37814870418503 0.0825264272410608 -0
0.22265625 0.0965555885124377 -6.38797848082437 0.0825264123113036 -0
0.224609375 0.0840700487701779 -6.39661859424927 0.0825263991487386 -0
0.2265625 0.0715687971286515 -6.40406608797966 0.082526387773168 -0
0.228515625 0.0590541656140073 -6.41031840924307 0.0825263782017519 -0
0.23046875 0.0465284908425457 -6.41537341179778 0.0825263704489619 -0
0.232421875 0.0339941132241722 -6.4192293583112 0.0825263645265419 -0
0.234375 0.0214533761616426 -6.4218849222884 0.0825263604434766 -0
0.236328125 0.00890862524648319 -6.42333918954646 0.082526358205967 -0
0.23828125 -0.00363779254752324 -6.42359165923158 0.0825263578174135 -0
0.240234375 -0.0161835296723902 -6.42264224437665 0.0825263592784068 -0
0.2421875 -0.0287262388146195 -6.42049127199808 0.0825263625867262 -0
0.244140625 -0.0412635737036327 -6.41713948273171 0.0825263677373456 -0
0.24609375 -0.0537931899190403 -6.41258803000855 0.0825263747224473 -0
0.248046875 -0.0663127456958536 -6.40683847877217 0.0825263835314431 -0
0.25 -0.0788199027267441 -6.39989280374054 0.082526394151003 -0
0.251953125 -0.0913123269604651 -6.39175338721606 0.0825264065650912 -0
0.25390625 -0.103787689395557 -6.38242301644859 0.0825264207550093 -0
0.255859375 -0.116243666868467 -6.37190488055709 0.0825264366994467 -0
0.2578125 -0.128677942835233 -6.36020256701669 0.0825264543745376 -0
0.259765625 -0.141088208145876 -6.34732005771853 0.0825264737539246 -0
0.26171875 -0.153472161810696 -6.33326172461104 0.0825264948088288 -0
0.263671875 -0.165827511757638 -6.31803232493183 0.0825265175081255 -0
0.265625 -0.178151975579961 -6.30163699604045 0.0825265418184264 -0
0.267578125 -0.190443281273421 -6.28408124986291 0.0825265677041664 -0
0.26953125 -0.202699167962238 -6.26537096695971 0.0825265951276959 -0
0.271484375 -0.214917386613108 -6.24551239022985 0.082526624049378 -0
0.2734375 -0.227095700736573 -6.22451211826395 0.0825266544276891 -0
0.275390625 -0.239231887075076 -6.20237709836021 0.0825266862193245 -0
0.27734375 -0.251323736277043 -6.17911461921775 0.0825267193793071 -0
0.279296875 -0.263369053556396 -6.15473230332209 0.0825267538610988 -0
0.28125 -0.275365659336895 -6.12923809903845 0.0825267896167153 -0
0.283203125 -0.287311389880764 -6.10264027242858 0.0825268265968427 -0
0.28515625 -0.299204097901069 -6.0749473988077 0.0825268647509559 -0
0.287109375 -0.311041653157357 -6.0461683540581 0.0825269040274388 -0
0.2890625 -0.322821943034108 -6.01631230571657 0.0825269443737053 -0
0.291015625 -0.334542873101562 -5.98538870385284 0.0825269857363204 -0
0.29296875 -0.346202367658534 -5.95340727175682 0.0825270280611224 -0
0.294921875 -0.357798370256863 -5.92037799645204 0.082527071293344 -0
0.296875 -0.369328844207174 -5.88631111905346 0.0825271153777331 -0
0.298828125 -0.380791773065665 -5.85121712498731 0.0825271602586726 -0
0.30078125 -0.392185161101656 -5.81510673409113 0.0825272058802987 -0
0.302734375 -0.403507033745709 -5.77799089061183 0.0825272521866171 -0
0.3046875 -0.414755438018109 -5.73988075311962 0.082527299121618 -0
0.306640625 -0.425928442937582 -5.7007876843558 0.0825273466293873 -0
0.30859375 -0.437024139910123 -5.66072324103173 0.0825273946542164 -0
0.310546875 -0.448040643097862 -5.61969916359672 0.0825274431407079 -0
0.3125 -0.458976089767923 -5.57772736599183 0.0825274920338784 -0
0.314453125 -0.469828640621268 -5.53481992540665 0.0825275412792579 -0
0.31640625 -0.480596480101543 -5.49098907205566 0.082527590822985 -0
0.318359375 -0.491277816683985 -5.44624717899047 0.0825276406118981 -0
0.3203125 -0.501870883144474 -5.40060675196384 0.0825276905936228 -0
0.322265625 -0.512373936808844 -5.35408041936111 0.0825277407166542 -0
0.32421875 -0.522785259782604 -5.30668092221403 0.0825277909304354 -0
0.326171875 -0.533103159161243 -5.25842110431165 0.0825278411854311 -0
0.328125 -0.543325967221321 -5.20931390242254 0.0825278914331958 -0
0.330078125 -0.553452041592581 -5.1593723366418 0.0825279416264384 -0
0.33203125 -0.563479765411328 -5.10860950087627 0.0825279917190806 -0
0.333984375 -0.573407547455379 -5.05703855348024 0.0825280416663113 -0
0.3359375 -0.58323382226086 -5.00467270805392 0.0825280914246354 -0
0.337890625 -0.592957050221214 -4.95152522441614 0.0825281409519184 -0
0.33984375 -0.602575717668736 -4.89760939976196 0.0825281902074248 -0
0.341796875 -0.612088336939034 -4.8429385600158 0.082528239151853 -0
0.34375 -0.621493446418798 -4.78752605138961 0.0825282877473642 -0
0.345703125 -0.630789610577275 -4.7313852321552 0.0825283359576074 -0
0.34765625 -0.639975419981904 -4.67452946463939 0.0825283837477388 -0
0.349609375 -0.649049491298523 -4.61697210744965 0.0825284310844372 -0
0.3515625 -0.658010467276629 -4.55872650793778 0.0825284779359146 -0
0.353515625 -0.666857016720155 -4.49980599490818 0.0825285242719229 -0
0.35546875 -0.675587834444239 -4.44022387157683 0.0825285700637552 -0
0.357421875 -0.684201641218502 -4.37999340878656 0.0825286152842444 -0
0.359375 -0.692697183697312 -4.31912783848353 0.0825286599077569 -0
0.361328125 -0.701073234337578 -4.25764034745913 0.0825287039101824 -0
0.36328125 -0.709328591304574 -4.19554407136135 0.082528747268921 -0
0.365234375 -0.717462078366333 -4.1328520889786 0.0825287899628657 -0
0.3671875 -0.725472544777147 -4.06957741679887 0.0825288319723821 -0
0.369140625 -0.733358865150704 -4.00573300384617 0.0825288732792855 -0
0.37109375 -0.741119939323421 -3.94133172679617 0.0825289138668139 -0
0.373046875 -0.748754692208501 -3.87638638537189 0.0825289537195992 -0
0.375 -0.75626207364128 -3.81090969802034 0.0825289928236353 -0
0.376953125 -0.763641058216393 -3.74491429787011 0.0825290311662444 -0
0.37890625 -0.770890645117335 -3.67841272896977 0.0825290687360402 -0
0.380859375 -0.778009857938932 -3.61141744280626 0.08252910552289 -0
0.3828125 -0.784997744503297 -3.54394079510225 0.0825291415178744 -0
0.384765625 -0.7918533766698 -3.47599504289083 0.0825291767132455 -0
0.38671875 -0.798575850139589 -3.40759234186575 0.0825292111023837 -0
0.388671875 -0.805164284255213 -3.33874474400474 0.0825292446797533 -0
0.390625 -0.811617821795858 -3.2694641954635 0.0825292774408564 -0
0.392578125 -0.817935628768742 -3.19976253473722 0.0825293093821868 -0
0.39453125 -0.824116894197175 -3.1296514910864 0.0825293405011821 -0
0.396484375 -0.830160829905799 -3.05914268322352 0.082529370796176 -0
0.3984375 -0.836066670303517 -2.9882476182565 0.0825294002663495 -0
0.400390625 -0.841833672164613 -2.91697769088501 0.082529428911682 -0
0.40234375 -0.847461114408537 -2.84534418284524 0.0825294567329025 -0
0.404296875 -0.852948297878852 -2.7733582625985 0.0825294837314401 -0
0.40625 -0.858294545121812 -2.70103098525888 0.0825295099093748 -0
0.408203125 -0.86349920016502 -2.62837329275499 0.0825295352693893 -0
0.41015625 -0.868561628296636 -2.55539601422069 0.0825295598147196 -0
0.412109375 -0.873481215845569 -2.48210986660927 0.082529583549107 -0
0.4140625 -0.878257369963079 -2.40852545552584 0.082529606476751 -0
0.416015625 -0.882889518406217 -2.33465327627208 0.0825296286022615 -0
0.41796875 -0.887377109323517 -2.26050371509783 0.0825296499306129 -0
0.419921875 -0.891719611043318 -2.18608705065342 0.0825296704670986 -0
0.421875 -0.895916511865132 -2.11141345563692 0.082529690217286 -0
0.423828125 -0.8999673198544 -2.03649299863029 0.0825297091869735 -0
0.42578125 -0.903871562641031 -1.96133564611812 0.0825297273821471 -0
0.427734375 -0.907628787222049 -1.88595126468297 0.0825297448089394 -0
0.4296875 -0.911238559768699 -1.81034962337083 0.0825297614735891 -0
0.431640625 -0.914700465438341 -1.7345403962206 0.0825297773824017 -0
0.43359375 -0.918014108191436 -1.65853316495102 0.082529792541712 -0
0.435546875 -0.921179110613931 -1.58233742179883 0.082529806957847 -0
0.4375 -0.924195113745337 -1.50596257250159 0.0825298206370912 -0
0.439453125 -0.927061776912765 -1.4294179394188 0.0825298335856525 -0
0.44140625 -0.929778777571192 -1.35271276478482 0.08252984580963 -0
0.443359375 -0.932345811150206 -1.2758562140871 0.082529857314983 -0
0.4453125 -0.93476259090747 -1.1988573795632 0.082529868107502 -0
0.447265625 -0.937028847789125 -1.12172528381017 0.0825298781927801 -0
0.44921875 -0.939144330297353 -1.04446888349975 0.0825298875761875 -0
0.451171875 -0.941108804365296 -0.967097073192836 0.0825298962628461 -0
0.453125 -0.942922053239513 -0.889618689246871 0.082529904257607 -0
0.455078125 -0.944583877370166 -0.812042513809471 0.0825299115650285 -0
0.45703125 -0.946094094309081 -0.734377278891968 0.0825299181893562 -0
0.458984375 -0.947452538615838 -0.656631670516305 0.0825299241345049 -0
0.4609375 -0.948659061772035 -0.578814332928852 0.0825299294040421 -0
0.462890625 -0.949713532103841 -0.500933872874669 0.0825299340011725 -0
0.46484375 -0.950615834712952 -0.422998863925782 0.0825299379287253 -0
0.466796875 -0.951365871416051 -0.345017850857025 0.082529941189142 -0
0.46875 -0.951963560692862 -0.266999354063019 0.082529943784467 -0
0.470703125 -0.95240883764286 -0.188951874009865 0.0825299457163386 -0
0.47265625 -0.952701653950713 -0.110883895715146 0.082529946985983 -0
0.474609375 -0.952841977860497 -0.0328038932498118 0.082529947594209 -0
0.4765625 -0.95282979415872 0.0452796657444418 0.0825299475414049 0
0.478515625 -0.952665104166183 0.123358315528712 0.0825299468275371 0
0.48046875 -0.952347925738686 0.201423587737738 0.0825299454521499 0
0.482421875 -0.951878293276583 0.279467006854457 0.0825299434143674 0
0.484375 -0.951256257743161 0.357480085694676 0.0825299407128973 0
0.486328125 -0.950481886691838 0.435454320908249 0.0825299373460358 0
0.48828125 -0.949555264302113 0.513381188503173 0.0825299333116746 0
0.490234375 -0.948476491424247 0.591252139399007 0.0825299286073095 0
0.4921875 -0.947245685632586 0.669058595016033 0.0825299232300505 0
0.494140625 -0.945862981287466 0.746791942906586 0.0825299171766339 0
0.49609375 -0.944328529605607 0.824443532434975 0.0825299104434358 0
0.498046875 -0.942642498738892 0.90200467051244 0.0825299030264873 0
0.5 -0.940805073861418 0.979466617393602 0.0825298949214915 0
0.501953125 -0.938816457264698 1.05682058254085 0.082529886123842 0
0.50390625 -0.936676868460868 1.13405772056313 0.082529876628643 0
0.505859375 -0.934386544293748 1.21116912723566 0.0825298664307313 0
0.5078125 -0.931945739057603 1.28814583560697 0.0825298555246994 0
0.509765625 -0.929354724623409 1.36497881219982 0.0825298439049207 0
0.51171875 -0.926613790572448 1.44165895331252 0.0825298315655761 0
0.513671875 -0.923723244337032 1.51817708142703 0.0825298185006818 0
0.515625 -0.920683411348123 1.5945239417305 0.0825298047041192 0
0.517578125 -0.917494635189647 1.67069019875661 0.0825297901696659 0
0.51953125 -0.914157277759231 1.74666643315329 0.0825297748910285 0
0.521484375 -0.910671719435142 1.82244313858328 0.0825297588618761 0
0.5234375 -0.90703835924914 1.89801071876393 0.0825297420758762 0
0.525390625 -0.90325761506497 1.97335948465285 0.0825297245267315 0
0.52734375 -0.899329923762214 2.04847965178562 0.0825297062082175 0
0.529296875 -0.895255741425182 2.1233613377722 0.0825296871142223 0
0.53125 -0.891035543536542 2.19799455995813 0.0825296672387869 0
0.533203125 -0.886669825175346 2.27236923325702 0.0825296465761472 0
0.53515625 -0.882159101219131 2.34647516816059 0.0825296251207764 0
0.537109375 -0.877503906549719 2.42030206893227 0.0825296028674292 0
0.5390625 -0.872704796262365 2.49383953199071 0.0825295798111863 0
0.541015625 -0.86776234587788 2.56707704448907 0.0825295559475001 0
0.54296875 -0.862677151557329 2.64000398309618 0.0825295312722415 0
0.544921875 -0.857449830318911 2.71260961298524 0.0825295057817463 0
0.546875 -0.852081020256606 2.784883087036 0.0825294794728639 0
0.548828125 -0.846571380760176 2.85681344525585 0.0825294523430047 0
0.55078125 -0.840921592736075 2.92838961442538 0.0825294243901891 0
0.552734375 -0.835132358828827 2.99960040797368 0.0825293956130969 0
0.5546875 -0.829204403642428 3.07043452608852 0.0825293660111154 0
0.556640625 -0.823138473961294 3.14088055606641 0.0825293355843894 0
0.55859375 -0.816935338970293 3.21092697290725 0.0825293043338701 0
0.560546875 -0.810595790473375 3.2805621401581 0.0825292722613637 0
0.5625 -0.804120643110301 3.34977431101048 0.0825292393695802 0
0.564453125 -0.79751073457099 3.41855162965516 0.0825292056621812 0
0.56640625 -0.79076692580696 3.48688213289831 0.0825291711438271 0
0.568359375 -0.783890101239356 3.55475375204249 0.0825291358202239 0
0.5703125 -0.776881168963044 3.62215431503578 0.0825290996981684 0
0.572265625 -0.769741060946247 3.68907154889186 0.0825290627855928 0
0.57421875 -0.762470733225185 3.75549308238369 0.0825290250916078 0
0.576171875 -0.755071166093186 3.82140644901301 0.0825289866265436 0
0.578125 -0.747543364283728 3.88679909025745 0.0825289474019902 0
0.580078125 -0.739888357146868 3.95165835909679 0.0825289074308355 0
0.58203125 -0.732107198818506 4.01597152381945 0.0825288667273009 0
0.583984375 -0.724200968381948 4.07972577210969 0.082528825306975 0
0.5859375 -0.716170770021203 4.14290821541601 0.0825287831868453 0
0.587890625 -0.708017733165479 4.20550589360012 0.0825287403853267 0
0.58984375 -0.699743012624327 4.26750577986613 0.082528696922287 0
0.591796875 -0.691347788712877 4.32889478596843 0.0825286528190707 0
0.59375 -0.682833267366638 4.38965976769675 0.0825286080985179 0
0.595703125 -0.674200680245312 4.44978753063602 0.0825285627849814 0
0.59765625 -0.665451284825091 4.50926483619835 0.0825285169043393 0
0.599609375 -0.656586364478912 4.56807840792371 0.0825284704840045 0
0.6015625 -0.647607228544139 4.62621493804559 0.08252842355293 0
0.603515625 -0.638515212377171 4.68366109431696 0.0825283761416103 0
0.60546875 -0.629311677394463 4.74040352709177 0.0825283282820788 0
0.607421875 -0.619998011099469 4.79642887665613 0.0825282800079008 0
0.609375 -0.610575627095025 4.85172378080324 0.0825282313541621 0
0.611328125 -0.601045965080707 4.90627488264495 0.0825281823574529 0
0.61328125 -0.591410490834694 4.96006883865284 0.0825281330558475 0
0.615234375 -0.581670696179719 5.01309232692067 0.0825280834888786 0
0.6171875 -0.57182809893266 5.06533205563959 0.0825280336975077 0
0.619140625 -0.561884242837377 5.11677477177696 0.0825279837240895 0
0.62109375 -0.551840697480406 5.16740726994894 0.0825279336123324 0
0.623046875 -0.541699058189139 5.21721640147638 0.0825278834072534 0
0.625 -0.531460945912139 5.26618908361319 0.0825278331551283 0
0.626953125 -0.521128007081275 5.31431230893542 0.0825277829034368 0
0.62890625 -0.51070191345536 5.36157315487907 0.0825277327008028 0
0.630859375 -0.500184361945028 5.40795879341387 0.0825276825969298 0
0.6328125 -0.489577074418587 5.45345650083978 0.0825276326425311 0
0.634765625 -0.478881797488623 5.49805366769258 0.0825275828892558 0
0.63671875 -0.468100302279163 5.54173780874421 0.0825275333896098 0
0.638671875 -0.457234384173216 5.58449657308311 0.0825274841968725 0
0.640625 -0.446285862540557 5.62631775425955 0.0825274353650089 0
0.642578125 -0.435256580445639 5.66718930048018 0.0825273869485774 0
0.64453125 -0.424148404335556 5.70709932483594 0.0825273390026342 0
0.646484375 -0.412963223707999 5.74603611554683 0.0825272915826335 0
0.6484375 -0.401702950759201 5.78398814620704 0.0825272447443241 0
0.650390625 -0.390369520011878 5.82094408601326 0.0825271985436426 0
0.65234375 -0.378964887923212 5.85689280995903 0.0825271530366039 0
0.654296875 -0.367491032472975 5.89182340897767 0.0825271082791893 0
0.65625 -0.355949952731893 5.925725200016 0.082527064327231 0
0.658203125 -0.344343668410413 5.95858773602124 0.0825270212362957 0
0.66015625 -0.33267421938806 5.99040081582305 0.0825269790615662 0
0.662109375 -0.320943665223604 6.02115449389282 0.0825269378577211 0
0.6640625 -0.309154084646291 6.0508390899622 0.0825268976788143 0
0.666015625 -0.297307575028439 6.0794451984831 0.0825268585781531 0
0.66796875 -0.285406251839717 6.10696369791107 0.0825268206081769 0
0.669921875 -0.273452248083474 6.13338575979467 0.0825267838203356 0
0.671875 -0.261447713715519 6.15870285765301 0.0825267482649688 0
0.673828125 -0.249394815045767 6.18290677562444 0.0825267139911857 0
0.67578125 -0.237295734123236 6.20598961686924 0.0825266810467476 0
0.677734375 -0.225152668104872 6.22794381170959 0.0825266494779505 0
0.6796875 -0.212967828608745 6.24876212549078 0.0825266193295121 0
0.681640625 -0.200743441052173 6.26843766614745 0.0825265906444594 0
0.68359375 -0.188481743975357 6.28696389145978 0.0825265634640216 0
0.685546875 -0.176184988351158 6.30433461598457 0.0825265378275248 0
0.6875 -0.163855436881667 6.32054401764694 0.0825265137722919 0
0.689453125 -0.151495363282225 6.33558664397909 0.0825264913335463 0
0.69140625 -0.139107051553624 6.34945741799289 0.0825264705443204 0
0.693359375 -0.12669279524319 6.36215164367408 0.0825264514353693 0
0.6953125 -0.114254896695522 6.37366501108651 0.08252643403509 0
0.697265625 -0.101795666293634 6.38399360107544 0.0825264183694463 0
0.69921875 -0.0893174216913208 6.39313388956004 0.0825264044619 0
0.701171875 -0.0768224870375398 6.40108275140578 0.0825263923333479 0
0.703125 -0.064313192193642 6.40783746386846 0.0825263820020661 0
0.705078125 -0.0517918719443036 6.41339570960243 0.0825263734836609 0
0.70703125 -0.0392608652030075 6.41775557922655 0.0825263667910264 0
0.708984375 -0.0267225142129499 6.42091557344219 0.0825263619343099 0
0.7109375 -0.0141791637442489 6.4228746046989 0.0825263589208843 0
0.712890625 -0.00163316028834479 6.42363199840391 0.0825263577553281 0
0.71484375 0.0109131487495163 6.42318749367298 0.0825263584394131 0
0.716796875 0.0234574158588153 6.42154124362087 0.0825263609720994 0
0.71875 0.0359972942324103 6.41869381519083 0.0825263653495382 0
0.720703125 0.0485304385744044 6.41464618852353 0.0825263715650825 0
0.72265625 0.0610545059063304 6.40939975586673 0.0825263796093049 0
0.724609375 0.0735671563707589 6.40295632002806 0.0825263894700233 0
0.7265625 0.08606605403144 6.39531809237438 0.0825264011323338 0
0.728515625 0.0985488676690963 6.38648769038193 0.0825264145786509 0
0.73046875 0.111013271571994 6.37646813474266 0.0825264297887548 0
0.732421875 0.123456946320435 6.36526284603299 0.0825264467398459 0
0.734375 0.135877579564311 6.35287564095218 0.0825264654066053 0
0.736328125 0.148272866792904 6.33931072813833 0.0825264857612625 0
0.73828125 0.160640512096101 6.3245727035711 0.0825265077736686 0
0.740234375 0.172978228916229 6.30866654557083 0.0825265314113759 0
0.7421875 0.185283740789737 6.29159760940481 0.0825265566397231 0
0.744140625 0.197554782077966 6.27337162151199 0.0825265834219246 0
0.74609375 0.209789098686268 6.25399467335835 0.0825266117191664 0
0.748046875 0.221984448770772 6.2334732149358 0.0825266414907048 0
0.75 0.234138603432111 6.21181404791806 0.0825266726939705 0
0.751953125 0.246249347395452 6.18902431848773 0.0825267052846753 0
0.75390625 0.258314479676204 6.16511150984931 0.0825267392169234 0
0.755859375 0.270331814230801 6.14008343444325 0.0825267744433237 0
0.7578125 0.282299180591998 6.11394822587701 0.0825268109151067 0
0.759765625 0.294214424488133 6.08671433058917 0.0825268485822415 0
0.76171875 0.306075408445862 6.05839049926317 0.0825268873935558 0
0.763671875 0.31788001237588 6.02898577800768 0.082526927296856 0
0.765625 0.329626134141204 5.99850949932073 0.0825269682390491 0
0.767578125 0.341311690107602 5.96697127285508 0.0825270101662639 0
0.76953125 0.352934615675795 5.93438097600254 0.0825270530239726 0
0.771484375 0.364492865795112 5.90074874431499 0.0825270967571123 0
0.7734375 0.375984415458275 5.86608496177997 0.0825271413102046 0
0.775390625 0.387407260177065 5.83040025096888 0.0825271866274751 0
0.77734375 0.398759416438622 5.79370546307569 0.0825272326529703 0
0.779296875 0.410038922142204 5.75601166786405 0.082527279330673 0
0.78125 0.421243837016216 5.71733014354071 0.0825273266046155 0
0.783203125 0.43237224301541 5.67767236657282 0.0825273744189899 0
0.78515625 0.443422244698141 5.63705000146686 0.0825274227182551 0
0.787109375 0.45439196958364 5.59547489052619 0.0825274714472416 0
0.7890625 0.465279568489259 5.55295904360456 0.082527520551252 0
0.791015625 0.47608321584772 5.50951462787228 0.0825275699761576 0
0.79296875 0.486801110004385 5.46515395761135 0.0825276196684922 0
0.794921875 0.497431473494639 5.41988948405587 0.0825276695755401 0
0.796875 0.507972553301479 5.37373378529326 0.0825277196454215 0
0.798828125 0.518422621093441 5.32669955624167 0.082527769827172 0
0.80078125 0.528779973443048 5.27879959871834 0.0825278200708185 0
0.802734375 0.539042932025935 5.23004681161334 0.0825278703274495 0
0.8046875 0.549209843800912 5.18045418118256 0.0825279205492814 0
0.806640625 0.559279081171179 5.13003477147325 0.0825279706897197 0
0.80859375 0.56924904212698 5.07880171489502 0.0825280207034145 0
0.810546875 0.579118150369988 5.02676820294854 0.0825280705463123 0
0.8125 0.588884855419747 4.97394747712362 0.0825281201757019 0
0.814453125 0.598547632702502 4.92035281997787 0.0825281695502555 0
0.81640625 0.608104983622786 4.86599754640652 0.0825282186300654 0
0.818359375 0.617555435618152 4.81089499511321 0.0825282673766751 0
0.8203125 0.626897542197447 4.75505852029138 0.0825283157531056 0
0.822265625 0.636129882963041 4.69850148352472 0.0825283637238779 0
0.82421875 0.645251063617465 4.64123724591513 0.0825284112550295 0
0.826171875 0.654259715954897 4.5832791604455 0.0825284583141275 0
0.828125 0.663154497837956 4.52464056458446 0.0825285048702761 0
0.830078125 0.671934093160305 4.46533477313932 0.0825285508941211 0
0.83203125 0.680597211795531 4.40537507136307 0.0825285963578491 0
0.833984375 0.689142589532817 4.34477470832049 0.0825286412351831 0
0.8359375 0.697568987999908 4.28354689051814 0.0825286855013743 0
0.837890625 0.705875194573903 4.221704775802 0.0825287291331901 0
0.83984375 0.714060022280384 4.15926146752657 0.0825287721088987 0
0.841796875 0.722122309681429 4.09623000899798 0.0825288144082497 0
0.84375 0.730060920753033 4.03262337819375 0.0825288560124525 0
0.845703125 0.737874744752498 3.96845448276098 0.0825288969041506 0
0.84765625 0.745562696076318 3.90373615529423 0.0825289370673941 0
0.849609375 0.753123714109116 3.83848114889417 0.0825289764876087 0
0.8515625 0.760556763064186 3.77270213300703 0.082529015151563 0
0.853515625 0.767860831816175 3.70641168954519 0.0825290530473326 0
0.85546875 0.775034933726472 3.63962230928799 0.0825290901642629 0
0.857421875 0.782078106461831 3.57234638856212 0.0825291264929297 0
0.859375 0.788989411806793 3.50459622619993 0.0825291620250983 0
0.861328125 0.795767935470425 3.43638402077424 0.0825291967536804 0
0.86328125 0.802412786887942 3.3677218681072 0.0825292306726904 0
0.865234375 0.808923099017719 3.29862175905091 0.0825292637772 0
0.8671875 0.815298028134235 3.22909557753692 0.0825292960632922 0
0.869140625 0.821536753617472 3.15915509889149 0.0825293275280139 0
0.87109375 0.827638477739279 3.08881198841305 0.0825293581693282 0
0.873046875 0.833602425447211 3.0180778002083 0.082529387986066 0
0.875 0.839427844146343 2.94696397628283 0.0825294169778774 0
0.876953125 0.845114003479565 2.87548184588204 0.0825294451451824 0
0.87890625 0.85066019510682 2.80364262507783 0.0825294724891219 0
0.880859375 0.856065732483776 2.7314574165965 0.0825294990115087 0
0.8828125 0.8613299506404 2.65893720988274 0.0825295247147779 0
0.884765625 0.86645220595988 2.58609288139478 0.082529549601939 0
0.88671875 0.871431875958348 2.51293519512537 0.0825295736765271 0
0.888671875 0.876268359065839 2.43947480334317 0.0825295969425548 0
0.890625 0.880961074408908 2.365722247549 0.0825296194044652 0
0.892578125 0.885509461595327 2.29168795964123 0.0825296410670853 0
0.89453125 0.889912980501256 2.21738226328446 0.0825296619355798 0
0.896484375 0.894171111061282 2.14281537547569 0.0825296820154066 0
0.8984375 0.898283353061708 2.06799740830178 0.0825297013122722 0
0.900390625 0.902249225937461 1.99293837088228 0.0825297198320888 0
0.90234375 0.906068268572967 1.91764817149131 0.0825297375809326 0
0.904296875 0.909740039107349 1.84213661985236 0.0825297545650024 0
0.90625 0.913264114744265 1.76641342959958 0.0825297707905805 0
0.908203125 0.916640091566722 1.69048822089937 0.0825297862639937 0
0.91015625 0.919867584357154 1.6143705232258 0.0825298009915768 0
0.912109375 0.922946226423073 1.5380697782834 0.0825298149796363 0
0.9140625 0.925875669428573 1.46159534307103 0.0825298282344163 0
0.916015625 0.928655583231944 1.38495649308016 0.0825298407620655 0
0.91796875 0.931285655729667 1.30816242562125 0.0825298525686056 0
0.919921875 0.933765592707027 1.23122226327171 0.0825298636599014 0
0.921875 0.936095117695573 1.1541450574388 0.0825298740416323 0
0.923828125 0.938273971837647 1.07693979203121 0.0825298837192652 0
0.92578125 0.940301913758194 0.999615387232618 0.0825298926980293 0
0.927734375 0.942178719444025 0.922180703370787 0.0825299009828921 0
0.9296875 0.943904182130737 0.844644544875797 0.0825299085785375 0
0.931640625 0.945478112197446 0.767015664320788 0.0825299154893447 0
0.93359375 0.94690033706949 0.689302766538829 0.0825299217193697 0
0.935546875 0.948170701129238 0.611514512809401 0.0825299272723278 0
0.9375 0.949289065635151 0.53365952510806 0.0825299321515778 0
0.939453125 0.950255308649192 0.455746390412801 0.0825299363601082 0
0.94140625 0.951069324972701 0.3777836650607 0.0825299399005247 0
0.943359375 0.951731026090835 0.299779879148397 0.0825299427750395 0
0.9453125 0.952240340125625 0.221743540969985 0.0825299449854625 0
0.947265625 0.952597211797749 0.143683141485901 0.0825299465331938 0
0.94921875 0.952801602397054 0.0656071588163971 0.082529947419218 0
0.951171875 0.952853489761875 -0.0124759372468108 0.0825299476441003 -0
0.953125 0.952752868267184 -0.0905576807171156 0.0825299472079845 -0
0.955078125 0.952499748821574 -0.168629604884219 0.082529946110592 -0
0.95703125 0.952094158873105 -0.246683237786353 0.0825299443512232 -0
0.958984375 0.951536142423971 -0.324710097689921 0.0825299419287602 -0
0.9609375 0.950825760054003 -0.402701688582958 0.0825299388416713 -0
0.962890625 0.949963088952944 -0.480649495688825 0.0825299350880171 -0
0.96484375 0.948948222961469 -0.558544981006518 0.0825299306654587 -0
0.966796875 0.947781272620887 -0.636379578884042 0.0825299255712668 -0
0.96875 0.946462365231453 -0.714144691631235 0.0825299198023331 -0
0.970703125 0.944991644919203 -0.791831685178492 0.0825299133551833 -0
0.97265625 0.943369272711225 -0.869431884787819 0.0825299062259914 -0
0.974609375 0.941595426619251 -0.946936570822661 0.0825298984105962 -0
0.9765625 0.939670301731449 -1.02433697458296 0.0825298899045189 -0
0.978515625 0.937594110312286 -1.1016242742119 0.0825298807029829 -0
0.98046875 0.935367081910309 -1.17878959068084 0.0825298708009344 -0
0.982421875 0.932989463473689 -1.25582398385885 0.0825298601930656 -0
0.984375 0.93046151947336 -1.33271844867345 0.0825298488738388 -0
0.986328125 0.927783532033558 -1.4094639113689 0.0825298368375125 -0
0.98828125 0.924955801069575 -1.48605122586869 0.0825298240781685 -0
0.990234375 0.921978644432509 -1.56247117024862 0.0825298105897412 -0
0.9921875 0.918852398060792 -1.63871444332702 0.0825297963660479 -0
0.994140625 0.915577416138262 -1.71477166137857 0.082529781400821 -0
0.99609375 0.912154071258531 -1.79063335497828 0.0825297656877409 -0
0.998046875 0.908582754595379 -1.86628996598201 0.0825297492204717 -0
1 0.904863876078914 -1.94173184465005 0.0825297319926965 -0
1.001953125 0.900997864577214 -2.01694924692018 0.0825297139981557 -0
1.00390625 0.896985168083132 -2.09193233183661 0.082529695230685 -0
1.005859375 0.892826253905977 -2.16667115914121 0.0825296756842563 -0
1.0078125 0.888521608867737 -2.24115568703324 0.0825296553530185 -0
1.009765625 0.884071739503504 -2.31537577010407 0.0825296342313397 -0
1.01171875 0.879477172265768 -2.38932115745291 0.082529612313851 -0
1.013671875 0.874738453732203 -2.46298149098975 0.0825295895954906 -0
1.015625 0.869856150816589 -2.53634630393176 0.0825295660715492 -0
1.017578125 0.86483085098247 -2.60940501949882 0.0825295417377161 -0
1.01953125 0.859663162459172 -2.6821469498144 0.082529516590126 -0
1.021484375 0.854353714459758 -2.75456129501736 0.0825294906254068 -0
1.0234375 0.84890315740051 -2.82663714259035 0.0825294638407272 -0
1.025390625 0.843312163121514 -2.89836346691045 0.0825294362338454 -0
1.02734375 0.837581425107891 -2.96972912902729 0.0825294078031582 -0
1.029296875 0.831711658711251 -3.04072287667401 0.0825293785477497 -0
1.03125 0.825703601370884 -3.11133334451585 0.0825293484674405 -0
1.033203125 0.819558012834236 -3.18154905464154 0.082529317562837 -0
1.03515625 0.81327567537619 -3.25135841730188 0.0825292858353804 -0
1.037109375 0.806857394016651 -3.32074973189998 0.082529253287395 -0
1.0390625 0.800303996735956 -3.38971118823742 0.0825292199221368 -0
1.041015625 0.793616334687598 -3.45823086802015 0.0825291857438409 -0
1.04296875 0.786795282407752 -3.52629674662782 0.0825291507577685 -0
1.044921875 0.779841738021083 -3.59389669514985 0.0825291149702526 -0
1.046875 0.772756623442323 -3.6610184826914 0.0825290783887432 -0
1.048828125 0.76554088457307 -3.72764977895176 0.0825290410218506 -0
1.05078125 0.758195491493293 -3.79377815707778 0.0825290028793877 -0
1.052734375 0.750721438646985 -3.8593910967941 0.0825289639724106 -0
1.0546875 0.743119745021441 -3.92447598781203 0.0825289243132575 -0
1.056640625 0.735391454319594 -3.98902013351818 0.0825288839155852 -0
1.05859375 0.727537635124885 -4.05301075494369 0.082528842794404 -0
1.060546875 0.719559381058095 -4.11643499501449 0.0825288009661102 -0
1.0625 0.71145781092561 -4.17927992308248 0.0825287584485154 -0
1.064453125 0.703234068858555 -4.24153253973709 0.0825287152608744 -0
1.06640625 0.694889324442262 -4.30317978189628 0.0825286714239084 -0
1.068359375 0.686424772835522 -4.3642085281754 0.0825286269598273 -0
1.0703125 0.677841634879077 -4.42460560453188 0.0825285818923464 -0
1.072265625 0.66914115719282 -4.48435779018329 0.0825285362467016 -0
1.07421875 0.660324612261173 -4.54345182379558 0.0825284900496604 -0
1.076171875 0.651393298506118 -4.6018744099379 0.0825284433295281 -0
1.078125 0.642348540347353 -4.6596122257998 0.0825283961161518 -0
1.080078125 0.633191688249088 -4.71665192816602 0.0825283484409191 -0
1.08203125 0.623924118752955 -4.77298016064352 0.0825283003367526 -0
1.083984375 0.614547234496574 -4.82858356113475 0.0825282518381012 -0
1.0859375 0.605062464217272 -4.88344876955071 0.0825282029809253 -0
1.087890625 0.595471262740516 -4.93756243575655 0.0825281538026785 -0
1.08984375 0.585775110952598 -4.99091122774199 0.0825281043422841 -0
1.091796875 0.575975515757149 -5.04348184000828 0.0825280546401075 -0
1.09375 0.566074010015066 -5.0952610021626 0.0825280047379225 -0
1.095703125 0.556072152467451 -5.14623548771053 0.0825279546788742 -0
1.09765625 0.545971527641196 -5.19639212303617 0.0825279045074354 -0
1.099609375 0.535773745736841 -5.2457177965595 0.0825278542693596 -0
1.1015625 0.525480442498386 -5.29419946805934 0.0825278040116276 -0
1.103515625 0.515093279064734 -5.34182417815019 0.0825277537823904 -0
1.10546875 0.504613941802487 -5.38857905790051 0.082527703630906 -0
1.107421875 0.494044142119811 -5.43445133857924 0.0825276536074722 -0
1.109375 0.483385616261161 -5.47942836151736 0.0825276037633544 -0
1.111328125 0.472640125082633 -5.52349758807007 0.0825275541507085 -0
1.11328125 0.461809453807763 -5.56664660966547 0.0825275048224993 -0
1.115234375 0.450895411763628 -5.60886315792436 0.0825274558324147 -0
1.1171875 0.439899832097121 -5.65013511483612 0.0825274072347753 -0
1.119140625 0.428824571471299 -5.69045052297448 0.0825273590844401 -0
1.12109375 0.417671509741752 -5.72979759573735 0.0825273114367086 -0
1.123046875 0.40644254961295 -5.76816472759372 0.0825272643472186 -0
1.125 0.395139616274589 -5.80554050432121 0.0825272178718408 -0
1.126953125 0.383764657017945 -5.84191371321678 0.0825271720665709 -0
1.12890625 0.372319640832336 -5.8772733532634 0.0825271269874181 -0
1.130859375 0.36080655798176 -5.911608645235 0.0825270826902914 -0
1.1328125 0.349227419561886 -5.94490904172203 0.0825270392308834 -0
1.134765625 0.337584257037534 -5.97716423705975 0.0825269966645528 -0
1.13671875 0.325879121760872 -6.00836417714123 0.0825269550462045 -0
1.138671875 0.314114084470576 -6.03849906909725 0.0825269144301697 -0
1.140625 0.302291234772211 -6.06755939082507 0.0825268748700842 -0
1.142578125 0.290412680600165 -6.09553590034815 0.0825268364187668 -0
1.14453125 0.278480547661476 -6.1224196449892 0.0825267991280979 -0
1.146484375 0.266496978861926 -6.14820197033879 0.0825267630488982 -0
1.1484375 0.25446413371484 -6.17287452900234 0.0825267282308083 -0
1.150390625 0.242384187733011 -6.19642928910813 0.0825266947221701 -0
1.15234375 0.230259331804261 -6.21885854255972 0.0825266625699091 -0
1.154296875 0.218091771551137 -6.24015491301617 0.08252663181942 -0
1.15625 0.205883726675292 -6.26031136358414 0.0825266025144532 -0
1.158203125 0.193637430287136 -6.27932120420616 0.0825265746970063 -0
1.16015625 0.181355128221361 -6.29717809873009 0.0825265484072174 -0
1.162109375 0.169039078338972 -6.31387607164507 0.0825265236832629 -0
1.1640625 0.156691549816498 -6.32940951447021 0.0825265005612597 -0
1.166015625 0.144314822423073 -6.34377319178252 0.0825264790751713 -0
1.16796875 0.131911185786097 -6.3569622468716 0.0825264592567198 -0
1.169921875 0.11948293864623 -6.36897220700898 0.0825264411353025 -0
1.171875 0.107032388102468 -6.37979898832121 0.082526424737914 -0
1.173828125 0.0945618488481007 -6.38943890025606 0.0825264100890753 -0
1.17578125 0.0820736423983432 -6.39788864963248 0.0825263972107679 -0
1.177734375 0.0695700963104738 -6.40514534426558 0.0825263861223754 -0
1.1796875 0.0570535433973058 -6.41120649615871 0.0825263768406312 -0
1.181640625 0.0445263209348538 -6.41607002425602 0.0825263693795733 -0
1.18359375 0.0319907698650557 -6.41973425674924 0.0825263637505071 -0
1.185546875 0.0194492339944271 -6.42219793293387 0.0825263599619737 -0
1.1875 0.00690405918953279 -6.42346020461073 0.0825263580197276 -0
1.189453125 -0.00564240742983355 -6.42352063702972 0.0825263579267207 -0
1.19140625 -0.0181878182988645 -6.42237920937382 0.0825263596830944 -0
1.193359375 -0.03072982621645 -6.42003631478234 0.0825263632861793 -0
1.1953125 -0.0432660851534831 -6.41649275991313 0.082526368730502 -0
1.197265625 -0.0557942510598607 -6.41174976404501 0.0825263760078005 -0
1.19921875 -0.0683119826692839 -6.40580895772213 0.0825263851070465 -0
1.201171875 -0.0808169423009628 -6.39867238094335 0.0825263960144751 -0
1.203125 -0.0933067966573439 -6.39034248090051 0.0825264087136218 -0
1.205078125 -0.10577921761698 -6.3808221092705 0.0825264231853676 -0
1.20703125 -0.118231883021682 -6.37011451906705 0.0825264394079894 -0
1.208984375 -0.130662477457086 -6.35822336105897 0.0825264573572189 -0
1.2109375 -0.143068693025818 -6.34515267976252 0.082526477006307 -0
1.212890625 -0.155448230112408 -6.33090690901664 0.0825264983260947 -0
1.21484375 -0.167798798139165 -6.31549086715038 0.08252652128509 -0
1.216796875 -0.180118116312215 -6.29890975175287 0.0825265458495508 -0
1.21875 -0.192403914356949 -6.28116913405683 0.0825265719835726 -0
1.220703125 -0.204653933242124 -6.26227495294767 0.0825265996491819 -0
1.22265625 -0.216865925891901 -6.24223350861048 0.082526628806433 -0
1.224609375 -0.229037657885134 -6.22105145582831 0.082526659413511 -0
1.2265625 -0.24116690814123 -6.1987357969457 0.0825266914268364 -0
1.228515625 -0.253251469591953 -6.1752938745117 0.0825267248011751 -0
1.23046875 -0.265289149838542 -6.15073336361772 0.0825267594897504 -0
1.232421875 -0.277277771793585 -6.12506226394548 0.0825267954443573 -0
1.234375 -0.289215174307079 -6.0982888915413 0.0825268326154807 -0
1.236328125 -0.301099212776168 -6.07042187033293 0.082526870952413 -0
1.23828125 -0.312927759738067 -6.04147012340596 0.082526910403375 -0
1.240234375 -0.324698705445722 -6.0114428640566 0.0825269509156366 -0
1.2421875 -0.336409958425788 -5.98034958663848 0.0825269924356389 -0
1.244140625 -0.348059446018529 -5.94820005722082 0.082527034909115 -0
1.24609375 -0.359645114899307 -5.91500430407591 0.0825270782812122 -0
1.248046875 -0.371164931581325 -5.8807726080136 0.082527122496612 -0
1.25 -0.38261688289936 -5.84551549258081 0.08252716749965 -0
1.251953125 -0.393998976474219 -5.8092437141441 0.0825272132344338 -0
1.25390625 -0.405309241157735 -5.77196825187303 0.0825272596449591 -0
1.255859375 -0.416545727458098 -5.73370029764241 0.0825273066752238 -0
1.2578125 -0.427706507945401 -5.69445124587105 0.0825273542693394 -0
1.259765625 -0.438789677637282 -5.65423268331463 0.08252740237164 -0
1.26171875 -0.449793354364599 -5.61305637883016 0.0825274509267876 -0
1.263671875 -0.460715679117087 -5.57093427312916 0.0825274998798743 -0
1.265625 -0.471554816369009 -5.52787846853644 0.0825275491765209 -0
1.267578125 -0.482308954384808 -5.48390121877114 0.0825275987629719 -0
1.26953125 -0.492976305504834 -5.4390149187661 0.0825276485861857 -0
1.271484375 -0.503555106411238 -5.39323209454174 0.0825276985939213 -0
1.2734375 -0.514043618374138 -5.34656539314955 0.0825277487348202 -0
1.275390625 -0.524440127478228 -5.29902757270051 0.0825277989584841 -0
1.27734375 -0.534742944829999 -5.25063149249281 0.082527849215547 -0
1.279296875 -0.544950406745778 -5.20139010325311 0.082527899457744 -0
1.28125 -0.555060874920832 -5.15131643750479 0.0825279496379737 -0
1.283203125 -0.565072736579781 -5.10042360007632 0.0825279997103569 -0
1.28515625 -0.57498440460863 -5.04872475876221 0.0825280496302896 0
1.287109375 -0.584794317668696 -4.9962331351486 0.0825280993544913 0
1.2890625 -0.594500940292804 -4.9429619956147 0.0825281488410484 0
1.291015625 -0.604102762964066 -4.88892464252106 0.0825281980494523 0
1.29296875 -0.613598302177652 -4.83413440559474 0.0825282469406335 0
1.294921875 -0.622986100485921 -4.77860463352117 0.0825282954769893 0
1.296875 -0.632264726527344 -4.72234868575147 0.0825283436224081 0
1.298828125 -0.641432775039637 -4.66537992453395 0.0825283913422888 0
1.30078125 -0.650488866857555 -4.6077117071773 0.0825284386035543 0
1.302734375 -0.659431648895799 -4.54935737855289 0.0825284853746625 0
1.3046875 -0.668259794117527 -4.49033026384273 0.0825285316256113 0
1.306640625 -0.676972001488934 -4.43064366153906 0.0825285773279404 0
1.30859375 -0.685566995920414 -4.37031083670099 0.082528622454728 0
1.310546875 -0.694043528194798 -4.30934501447314 0.0825286669805846 0
1.3125 -0.7024003748832 -4.24775937387037 0.0825287108816425 0
1.314453125 -0.710636338248979 -4.18556704183244 0.0825287541355412 0
1.31640625 -0.718750246140358 -4.12278108755169 0.0825287967214106 0
1.318359375 -0.726740951872228 -4.05941451707633 0.0825288386198498 0
1.3203125 -0.734607334097687 -3.99548026819147 0.0825288798129029 0
1.322265625 -0.74234829666985 -3.93099120557933 0.0825289202840327 0
1.32421875 -0.749962768494481 -3.8659601162599 0.0825289600180911 0
1.326171875 -0.757449703373991 -3.80039970531241 0.0825289990012864 0
1.328125 -0.764808079843358 -3.73432259187779 0.0825290372211498 0
1.330078125 -0.772036900998513 -3.66774130544194 0.0825290746664977 0
1.33203125 -0.77913519431774 -3.60066828239871 0.0825291113273942 0
1.333984375 -0.786102011476633 -3.53311586289173 0.0825291471951098 0
1.3359375 -0.792936428157161 -3.46509628793323 0.0825291822620798 0
1.337890625 -0.799637543851372 -3.39662169679809 0.082529216521861 0
1.33984375 -0.806204481660279 -3.32770412469063 0.0825292499690864 0
1.341796875 -0.812636388088445 -3.25835550068146 0.0825292825994197 0
1.34375 -0.818932432834816 -3.18858764591154 0.0825293144095088 0
1.345703125 -0.825091808580287 -3.1184122720599 0.0825293453969378 0
1.34765625 -0.83111373077255 -3.04784098007158 0.0825293755601788 0
1.349609375 -0.836997437408692 -2.9768852591418 0.0825294048985438 0
1.3515625 -0.842742188816072 -2.90555648595226 0.0825294334121353 0
1.353515625 -0.848347267431943 -2.83386592415519 0.0825294611017973 0
1.35546875 -0.853811977582304 -2.76182472410044 0.0825294879690664 0
1.357421875 -0.85913564526046 -2.6894439228009 0.0825295140161221 0
1.359375 -0.864317617905745 -2.61673444413121 0.0825295392457386 0
1.361328125 -0.869357264182848 -2.54370709925449 0.082529563661236 0
1.36328125 -0.874253973762207 -2.47037258727182 0.0825295872664321 0
1.365234375 -0.879007157101878 -2.3967414960889 0.0825296100655949 0
1.3671875 -0.883616245231305 -2.32282430349424 0.0825296320633958 0
1.369140625 -0.888080689537403 -2.24863137844324 0.0825296532648631 0
1.37109375 -0.892399961553349 -2.17417298254204 0.0825296736753369 0
1.373046875 -0.896573552750458 -2.09945927172542 0.0825296933004246 0
1.375 -0.900600974333526 -2.02450029812244 0.0825297121459571 0
1.376953125 -0.904481757039998 -1.9493060121039 0.0825297302179469 0
1.37890625 -0.908215450943307 -1.87388626450523 0.0825297475225461 0
1.380859375 -0.911801625260722 -1.79825080901862 0.0825297640660067 0
1.3828125 -0.915239868166036 -1.72240930474806 0.0825297798546414 0
1.384765625 -0.918529786607394 -1.64637131892088 0.0825297948947861 0
1.38671875 -0.921671006130571 -1.57014632974942 0.0825298091927633 0
1.388671875 -0.924663170707978 -1.49374372943644 0.0825298227548476 0
1.390625 -0.927505942573682 -1.41717282731768 0.0825298355872316 0
1.392578125 -0.930199002064688 -1.34044285313527 0.0825298476959942 0
1.39453125 -0.932742047468741 -1.26356296043534 0.0825298590870696 0
1.396484375 -0.935134794878888 -1.18654223008347 0.0825298697662184 0
1.3984375 -0.937376978055005 -1.1093896738914 0.0825298797390001 0
1.400390625 -0.939468348292526 -1.03211423834851 0.0825298890107467 0
1.40234375 -0.941408674298554 -0.954724808451585 0.0825298975865384 0
1.404296875 -0.94319774207554 -0.877230211626415 0.0825299054711808 0
1.40625 -0.94483535481272 -0.799639221734629 0.0825299126691836 0
1.408203125 -0.946321332785441 -0.721960563159385 0.0825299191847408 0
1.41015625 -0.947655513262561 -0.644202914963399 0.0825299250217128 0
1.412109375 -0.948837750422017 -0.566374915112845 0.08252993018361 0
1.4140625 -0.94986791527472 -0.488485164760686 0.0825299346735779 0
1.416015625 -0.950745895596864 -0.41054223258298 0.0825299384943847 0
1.41796875 -0.951471595870748 -0.332554659161723 0.0825299416484089 0
1.419921875 -0.952044937234214 -0.25453096140781 0.0825299441376306 0
1.421875 -0.952465857438747 -0.176479637017682 0.0825299459636226 0
1.423828125 -0.952734310816314 -0.0984091689572484 0.0825299471275447 0
1.42578125 -0.952850268254986 -0.0203280299666827 0.0825299476301389 0
1.427734375 -0.952813717183372 0.0577553129203203 0.0825299474717259 -0
1.4296875 -0.952624661563891 0.135832393849223 0.0825299466522046 -0
1.431640625 -0.952283121894898 0.213894743615655 0.0825299451710522 -0
1.43359375 -0.951789135221643 0.291933885141162 0.0825299430273258 -0
1.435546875 -0.951142755156065 0.369941328960078 0.082529940219667 -0
1.4375 -0.950344051905392 0.447908568723939 0.082529936746307 -0
1.439453125 -0.949393112309487 0.52582707672983 0.0825299326050734 -0
1.44140625 -0.948290039886916 0.603688299479087 0.0825299277933998 -0
1.443359375 -0.947034954889647 0.681483653272764 0.0825299223083356 -0
1.4453125 -0.945627994366319 0.759204519850293 0.0825299161465586 -0
1.447265625 -0.944069312233982 0.836842242077767 0.0825299093043887 -0
1.44921875 -0.942359079358203 0.914388119692288 0.0825299017778034 -0
1.451171875 -0.940497483641434 0.991833405108839 0.0825298935624551 -0
1.453125 -0.938484730119497 1.06916929929612 0.0825298846536897 -0
1.455078125 -0.936321041066059 1.14638694772786 0.0825298750465673 -0
1.45703125 -0.934006656104935 1.22347743641598 0.0825298647358839 -0
1.458984375 -0.931541832330059 1.30043178803228 0.0825298537161954 -0
1.4609375 -0.928926844432934 1.37724095812491 0.0825298419818425 -0
1.462890625 -0.926161984837383 1.45389583143633 0.082529829526978 -0
1.46484375 -0.923247563841386 1.5303872183291 0.0825298163455944 -0
1.466796875 -0.920183909765785 1.60670585132612 0.0825298024315544 -0
1.46875 -0.916971369109643 1.68284238177173 0.0825297877786222 -0
1.470703125 -0.913610306711989 1.75878737662023 0.0825297723804958 -0
1.47265625 -0.91010110591972 1.83453131535821 0.0825297562308419 -0
1.474609375 -0.906444168761371 1.91006458706729 0.0825297393233311 -0
1.4765625 -0.902639916126489 1.98537748763358 0.0825297216516749 -0
1.478515625 -0.898688787950303 2.06046021711037 0.0825297032096644 -0
1.48046875 -0.894591243403401 2.13530287724034 0.0825296839912092 -0
1.482421875 -0.890347761086082 2.20989546914385 0.0825296639903787 -0
1.484375 -0.885958839227058 2.28422789117928 0.0825296432014438 -0
1.486328125 -0.881424995886163 2.358289936982 0.0825296216189196 -0
1.48828125 -0.876746769160722 2.43207129368792 0.08252959923761 -0
1.490234375 -0.871924717395195 2.50556154034789 0.0825295760526519 -0
1.4921875 -0.866959419393738 2.57875014653881 0.0825295520595616 -0
1.494140625 -0.861851474635278 2.65162647117758 0.0825295272542809 -0
1.49609375 -0.856601503490701 2.72417976154356 0.0825295016332246 -0
1.498046875 -0.851210147441748 2.79639915251527 0.0825294751933283 -0
1.5 -0.845678069301188 2.86827366602709 0.0825294479320967 -0
1.501953125 -0.84000595343383 2.93979221075107 0.0825294198476524 -0
1.50390625 -0.834194505977941 3.0109435820095 0.0825293909387846 -0
1.505859375 -0.828244455066605 3.08171646192303 0.0825293612049985 -0
1.5078125 -0.822156551048555 3.15209941979955 0.0825293306465647 -0
1.509765625 -0.815931566708013 3.22208091276829 0.0825292992645674 -0
1.51171875 -0.809570297483053 3.29164928666385 0.0825292670609542 -0
1.513671875 -0.803073561681983 3.36079277716436 0.0825292340385838 -0
1.515625 -0.796442200697255 3.4294995111878 0.0825292002012741 -0
1.517578125 -0.789677079216405 3.4977575085502 0.0825291655538497 -0
1.51953125 -0.782779085429481 3.5655546838893 0.0825291301021878 -0
1.521484375 -0.775749131232463 3.63287884885676 0.0825290938532636 -0
1.5234375 -0.768588152426134 3.69971771458181 0.0825290568151949 -0
1.525390625 -0.761297108909877 3.76605889440884 0.0825290189972842 -0
1.52734375 -0.75387698486985 3.83188990691115 0.0825289804100606 -0
1.529296875 -0.746328788961006 3.89719817918259 0.082528941065319 -0
1.53125 -0.738653554482418 3.96197105040849 0.0825289009761578 -0
1.533203125 -0.730852339545348 4.026195775717 0.0825288601570148 -0
1.53515625 -0.722926227233523 4.08985953031126 0.0825288186237001 -0
1.537109375 -0.714876325755069 4.15294941388254 0.0825287763934273 -0
1.5390625 -0.706703768585545 4.21545245530416 0.0825287334848418 -0
1.541015625 -0.698409714601537 4.27735561760525 0.0825286899180459 -0
1.54296875 -0.689995348204274 4.33864580322305 0.0825286457146218 -0
1.544921875 -0.681461879432697 4.39930985953205 0.0825286008976503 -0
1.546875 -0.672810544065477 4.4593345846475 0.0825285554917272 -0
1.548828125 -0.664042603711418 4.5187067335006 0.0825285095229751 -0
1.55078125 -0.65515934588774 4.57741302418179 0.082528463019053 -0
1.552734375 -0.646162084085708 4.63544014454826 0.0825284160091599 -0
1.5546875 -0.637052157823099 4.69277475909116 0.0825283685240366 -0
1.556640625 -0.627830932683008 4.74940351605733 0.0825283205959619 -0
1.55859375 -0.6184998003385 4.80531305481992 0.0825282722587448 -0
1.560546875 -0.609060178562618 4.86049001349149 0.0825282235477128 -0
1.5625 -0.599513511223299 4.91492103677288 0.0825281744996946 -0
1.564453125 -0.589861268262724 4.96859278403015 0.0825281251529994 -0
1.56640625 -0.580104945660681 5.02149193759162 0.0825280755473904 -0
1.568359375 -0.570246065381507 5.07360521125623 0.0825280257240541 -0
1.5703125 -0.560286175304211 5.12491935900405 0.0825279757255642 -0
1.572265625 -0.550226849135397 5.17542118389879 0.0825279255958415 -0
1.57421875 -0.540069686304606 5.22509754717209 0.0825278753801075 -0
1.576171875 -0.529816311841756 5.27393537747829 0.0825278251248342 -0
1.578125 -0.519468376236332 5.32192168030813 0.0825277748776883 -0
1.580078125 -0.509027555278052 5.36904354754915 0.0825277246874706 -0
1.58203125 -0.498495549878718 5.41528816717996 0.0825276746040508 -0
1.583984375 -0.487874085875006 5.46064283308516 0.0825276246782967 -0
1.5859375 -0.477164913811979 5.50509495497697 0.0825275749619998 -0
1.587890625 -0.466369808707127 5.54863206840938 0.0825275255077954 -0
1.58984375 -0.455490569794755 5.59124184486991 0.0825274763690782 -0
1.591796875 -0.444529020250604 5.63291210193387 0.0825274275999144 -0
1.59375 -0.433487006896576 5.6736308134653 0.0825273792549485 -0
1.595703125 -0.422366399885505 5.71338611984867 0.0825273313893072 -0
1.59765625 -0.411169092365917 5.7521663382349 0.0825272840584986 -0
1.599609375 -0.399897000126775 5.78995997278487 0.0825272373183088 -0
1.6015625 -0.388552061222226 5.82675572489352 0.0825271912246944 -0
1.603515625 -0.37713623557641 5.86254250337715 0.0825271458336725 -0
1.60546875 -0.365651504568409 5.89730943460647 0.0825271012012083 -0
1.607421875 -0.354099870597478 5.93104587256766 0.0825270573830995 -0
1.609375 -0.342483356628692 5.96374140883373 0.0825270144348595 -0
1.611328125 -0.330804005719221 5.99538588242811 0.0825269724115987 -0
1.61328125 -0.319063880525457 6.02596938956268 0.0825269313679038 -0
1.615234375 -0.307265062791242 6.05548229323222 0.0825268913577176 -0
1.6171875 -0.295409652817519 6.08391523264727 0.0825268524342171 -0
1.619140625 -0.283499768913714 6.11125913248782 0.0825268146496917 -0
1.62109375 -0.271537546831238 6.13750521195992 0.0825267780554218 -0
1.623046875 -0.259525139179495 6.16264499363785 0.0825267427015584 -0
1.625 -0.24746471482484 6.18667031207462 0.0825267086370036 -0
1.626953125 -0.235358458272954 6.20957332216379 0.082526675909292 -0
1.62890625 -0.223208569035138 6.23134650723603 0.0825266445644752 -0
1.630859375 -0.211017260979063 6.25198268687415 0.082526614647008 -0
1.6328125 -0.198786761664536 6.27147502443096 0.0825265861996374 -0
1.634765625 -0.18651931166488 6.28981703423438 0.0825265592632955 -0
1.63671875 -0.174217163874558 6.3070025884653 0.0825265338769949 -0
1.638671875 -0.161882582803687 6.32302592369379 0.0825265100777294 -0
1.640625 -0.149517843860129 6.33788164706019 0.0825264879003784 -0
1.642578125 -0.137125232619858 6.35156474208804 0.082526467377616 -0
1.64453125 -0.124707044086347 6.36407057411681 0.0825264485398258 -0
1.646484375 -0.112265581939714 6.37539489534267 0.0825264314150211 -0
1.6484375 -0.099803157776415 6.38553384945692 0.0825264160287703 -0
1.650390625 -0.0873220903402732 6.39448397587186 0.0825264024041293 -0
1.65234375 -0.0748247047456655 6.40224221352536 0.08252639056158 -0
1.654296875 -0.0623133316936898 6.40880590425568 0.0825263805189748 -0
1.65625 -0.0497903066821668 6.41417279573944 0.0825263722914894 -0
1.658203125 -0.0372579692103326 6.41834104398639 0.0825263658915812 -0
1.66015625 -0.024718661979095 6.42130921538539 0.0825263613289558 -0
1.662109375 -0.0121747300877334 6.42307628829741 0.0825263586105408 -0
1.6640625 0.000371479772066814 6.42364165419195 0.082526357740467 -0
1.666015625 0.0129176201239539 6.42300511832434 0.082526358720057 -0
1.66796875 0.0254613435155213 6.42116689995262 0.0825263615478217 -0
1.669921875 0.0380003033268938 6.41812763209341 0.0825263662194643 -0
1.671875 0.0505321545783861 6.41388836081728 0.0825263727278921 -0
1.673828125 0.0630545547363363 6.4084505440853 0.0825263810632359 -0
1.67578125 0.0755651645162193 6.40181605012908 0.0825263912128761 -0
1.677734375 0.088061648682153 6.39398715537806 0.0825264031614775 -0
1.6796875 0.100541676841915 6.38496654193835 0.0825264168910303 -0
1.681640625 0.1130029242366 6.37475729462873 0.0825264323808989 -0
1.68359375 0.125443072524058 6.36336289758013 0.0825264496078766 -0
1.685546875 0.137859810555272 6.35078723040592 0.0825264685462483 -0
1.6875 0.150250835142831 6.33703456395128 0.0825264891678584 -0
1.689453125 0.162613851820707 6.32210955563076 0.0825265114421852 -0
1.69140625 0.174946575594514 6.30601724436388 0.0825265353364215 -0
1.693359375 0.187246731681503 6.28876304511967 0.0825265608155604 -0
1.6953125 0.199512056239513 6.27035274308152 0.0825265878424857 -0
1.697265625 0.211740297084165 6.25079248744469 0.0825266163780683 -0
1.69921875 0.223929214393594 6.23008878485954 0.0825266463812657 -0
1.701171875 0.236076581400023 6.20824849253386 0.0825266778092268 -0
1.703125 0.248180185067554 6.18527881100877 0.082526710617399 -0
1.705078125 0.260237826755526 6.16118727662294 0.0825267447596398 -0
1.70703125 0.272247322866862 6.13598175368036 0.0825267801883302 -0
1.708984375 0.28420650548084 6.10967042633765 0.0825268168544911 0
1.7109375 0.296113222969744 6.08226179022703 0.0825268547079012 0
1.712890625 0.307965340598914 6.05376464383164 0.0825268936972169 0
1.71484375 0.319760741109711 6.0241880796302 0.0825269337700928 0
1.716796875 0.33149732528497 5.99354147502819 0.0825269748733033 0
1.71875 0.34317301249654 5.96183448309313 0.0825270169528641 0
1.720703125 0.354785741234552 5.9290770231116 0.082527059954154 0
1.72265625 0.36633346961807 5.8952792709858 0.0825271038220355 0
1.724609375 0.37781417588684 5.8604516494876 0.082527148500975 0
1.7265625 0.389225858873881 5.82460481838805 0.0825271939351616 0
1.728515625 0.400566538458669 5.78774966448023 0.0825272400686241 0
1.73046875 0.411834256000757 5.74989729151339 0.0825272868453455 0
1.732421875 0.423027074753643 5.71105901005626 0.0825273342093765 0
1.734375 0.434143080258789 5.67124632730701 0.0825273821049445 0
1.736328125 0.445180380719686 5.63047093686762 0.082527430476561 0
1.73828125 0.456137107355928 5.58874470849964 0.0825274792691253 0
1.740234375 0.467011414737263 5.54607967787863 0.0825275284280242 0
1.7421875 0.477801481097641 5.50248803636381 0.0825275778992291 0
1.744140625 0.488505508629309 5.45798212079941 0.0825276276293874 0
1.74609375 0.499121723757014 5.41257440336373 0.0825276775659118 0
1.748046875 0.509648377392449 5.3662774814815 0.0825277276570633 0
1.75 0.520083745169051 5.31910406781488 0.0825277778520309 0
1.751953125 0.53042612765735 5.27106698034766 0.0825278281010066 0
1.75390625 0.540673850561034 5.22217913257716 0.0825278783552548 0
1.755859375 0.55082526489398 5.17245352382752 0.082527928567178 0
1.7578125 0.560878747138486 5.12190322969763 0.0825279786903766 0
1.759765625 0.570832699384986 5.07054139265649 0.0825280286797049 0
1.76171875 0.58068554945355 5.01838121279824 0.0825280784913208 0
1.763671875 0.590435750997479 4.96543593876834 0.0825281280827313 0
1.765625 0.600081783589364 4.91171885887209 0.0825281774128334 0
1.767578125 0.609622152789948 4.85724329237586 0.0825282264419492 0
1.76953125 0.619055390200207 4.80202258101102 0.0825282751318565 0
1.771484375 0.628380053497023 4.74607008068963 0.0825283234458149 0
1.7734375 0.637594726452901 4.68939915344082 0.0825283713485865 0
1.775390625 0.646698018940151 4.63202315957569 0.0825284188064525 0
1.77734375 0.655688566919993 4.57395545008836 0.082528465787225 0
1.779296875 0.664565032417059 4.51520935929993 0.0825285122602547 0
1.78125 0.673326103479759 4.45579819775166 0.0825285581964334 0
1.783203125 0.681970494127026 4.39573524535303 0.0825286035681937 0
1.78515625 0.690496944281919 4.33503374478972 0.0825286483495034 0
1.787109375 0.698904219692611 4.27370689519608 0.0825286925158569 0
1.7890625 0.707191111841279 4.211767846096 0.0825287360442626 0
1.791015625 0.715356437841424 4.14922969161552 0.0825287789132266 0
1.79296875 0.723399040324152 4.08610546497005 0.0825288211027333 0
1.794921875 0.731317787313963 4.02240813322848 0.0825288625942231 0
1.796875 0.739111572094576 3.95815059235601 0.0825289033705661 0
1.798828125 0.746779313065354 3.89334566253683 0.0825289434160344 0
1.80078125 0.75431995358886 3.82800608377757 0.0825289827162706 0
1.802734375 0.76173246183011 3.76214451179181 0.0825290212582543 0
1.8046875 0.769015830588047 3.69577351416535 0.0825290590302668 0
1.806640625 0.776169077119818 3.62890556680188 0.0825290960218527 0
1.80859375 0.783191242958367 3.56155305064776 0.0825291322237807 0
1.810546875 0.790081393723911 3.49372824869478 0.0825291676280021 0
1.8125 0.796838618929831 3.42544334325877 0.0825292022276077 0
1.814453125 0.803462031783515 3.35671041353215 0.0825292360167841 0
1.81640625 0.809950768982691 3.28754143340766 0.0825292689907676 0
1.818359375 0.816303990507764 3.21794826957059 0.0825293011457983 0
1.8203125 0.822520879410701 3.14794267985609 0.0825293324790728 0
1.822265625 0.828600641600952 3.0775363118683 0.0825293629886962 0
1.82421875 0.834542505628937 3.00674070185733 0.0825293926736334 0
1.826171875 0.840345722467582 2.93556727385022 0.082529421533661 0
1.828125 0.846009565292414 2.86402733903136 0.0825294495693173 0
1.830078125 0.851533329260673 2.79213209536812 0.082529476781854 0
1.83203125 0.856916331289946 2.71989262747676 0.0825295031731864 0
1.833984375 0.862157909836755 2.64731990672368 0.0825295287458449 0
1.8359375 0.867257424675585 2.57442479155708 0.082529553502926 0
1.837890625 0.872214256678775 2.50121802806348 0.0825295774480444 0
1.83984375 0.877027807597708 2.4277102507438 0.0825296005852847 0
1.841796875 0.881697499845742 2.35391198350344 0.0825296229191543 0
1.84375 0.886222776283268 2.27983364085055 0.0825296444545374 0
1.845703125 0.890603100005315 2.20548552929662 0.0825296651966484 0
1.84765625 0.894837954132083 2.13087784895368 0.0825296851509878 0
1.849609375 0.89892684160279 2.05602069532175 0.082529704323298 0
1.8515625 0.902869284973184 1.98092406126072 0.0825297227195201 0
1.853515625 0.90666482621709 1.90559783914024 0.0825297403457526 0
1.85546875 0.910313026532325 1.83005182316156 0.0825297572082103 0
1.857421875 0.913813466151315 1.7542957118449 0.0825297733131851 0
1.859375 0.91716574415672 1.678339110676 0.0825297886670077 0
1.861328125 0.920369478302393 1.60219153490553 0.0825298032760105 0
1.86328125 0.923424304839944 1.52586241249487 0.0825298171464925 0
1.865234375 0.926329878351201 1.44936108720184 0.0825298302846846 0
1.8671875 0.929085871586826 1.37269682179998 0.0825298426967173 0
1.869140625 0.931691975311357 1.29587880142468 0.0825298543885893 0
1.87109375 0.934147898154892 1.21891613704001 0.0825298653661376 0
1.873046875 0.936453366471669 1.14181786901941 0.0825298756350094 0
1.875 0.938608124205749 1.06459297083398 0.0825298852006354 0
1.876953125 0.94061193276399 0.987250352841752 0.0825298940682043 0
1.87890625 0.942464570896537 0.909798866171483 0.08252990224264 0
1.880859375 0.944165834584972 0.832247306694466 0.0825299097285789 0
1.8828125 0.945715536938312 0.754604419077898 0.0825299165303498 0
1.884765625 0.947113508096995 0.676878900913297 0.0825299226519554 0
1.88671875 0.948359595145005 0.599079406913519 0.082529928097055 0
1.888671875 0.949453662030251 0.521214553171904 0.0825299328689493 0
1.890625 0.950395589493332 0.443292921477115 0.0825299369705663 0
1.892578125 0.951185275004771 0.365323063677211 0.0825299404044495 0
1.89453125 0.951822632710821 0.287313506086535 0.0825299431727474 0
1.896484375 0.952307593387922 0.209272753928996 0.0825299452772049 0
1.8984375 0.952640104405857 0.13120929581131 0.082529946719156 0
1.900390625 0.952820129699684 0.0531316082198059 0.0825299474995185 0
1.90234375 0.952847649750465 -0.0249518399656102 0.0825299476187906 -0
1.904296875 0.952722661574819 -0.103032582946743 0.0825299470770482 -0
1.90625 0.952445178723329 -0.181102153478042 0.0825299458739456 -0
1.908203125 0.952015231287795 -0.259152078339575 0.0825299440087161 -0
1.91015625 0.951432865917315 -0.337173873818452 0.0825299414801752 -0
1.912109375 0.950698145843192 -0.415159041205088 0.0825299382867258 -0
1.9140625 0.949811150912608 -0.493099062310715 0.082529934426364 -0
1.916015625 0.948771977631041 -0.570985395012551 0.0825299298966879 -0
1.91796875 0.94758073921334 -0.648809468833035 0.0825299246949067 -0
1.919921875 0.946237565643412 -0.726562680559566 0.0825299188178528 -0
1.921875 0.944742603742405 -0.804236389911147 0.0825299122619946 -0
1.923828125 0.943096017245321 -0.881821915258398 0.0825299050234517 -0
1.92578125 0.941297986885926 -0.959310529403377 0.0825298970980107 -0
1.927734375 0.939348710489839 -1.03669345542565 0.0825298884811438 -0
1.9296875 0.93724840307567 -1.11396186260111 0.0825298791680288 -0
1.931640625 0.934997296964054 -1.19110686239995 0.0825298691535696 -0
1.93359375 0.93259564189442 -1.26811950457042 0.0825298584324202 -0
1.935546875 0.930043705149326 -1.3449907733146 0.0825298469990084 -0
1.9375 0.92734177168616 -1.42171158356302 0.0825298348475626 -0
1.939453125 0.924490144276032 -1.4982727773543 0.0825298219721392 -0
1.94140625 0.92148914364962 -1.57466512032653 0.0825298083666515 -0
1.943359375 0.918339108649757 -1.65087929832683 0.0825297940249014 -0
1.9453125 0.91504039639053 -1.72690591414551 0.0825297789406104 -0
1.947265625 0.911593382422626 -1.80273548438141 0.0825297631074543 -0
1.94921875 0.907998460904666 -1.87835843644491 0.0825297465190974 -0
1.951171875 0.904256044780263 -1.95376510570487 0.0825297291692297 -0
1.953125 0.900366565960506 -2.02894573278627 0.0825297110516038 -0
1.955078125 0.896330475511567 -2.10389046102456 0.0825296921600749 -0
1.95703125 0.892148243847129 -2.17858933408343 0.0825296724886401 -0
1.958984375 0.887820360925303 -2.25303229374211 0.0825296520314805 -0
1.9609375 0.883347336449699 -2.32720917785854 0.0825296307830033 -0
1.962890625 0.878729700074294 -2.40110971851461 0.0825296087378856 -0
1.96484375 0.873968001611751 -2.47472354034965 0.082529585891119 -0
1.966796875 0.869062811244803 -2.54804015908818 0.0825295622380546 -0
1.96875 0.864014719740313 -2.62104898026792 0.0825295377744499 -0
1.970703125 0.858824338665631 -2.69373929817396 0.0825295124965151 -0
1.97265625 0.853492300606821 -2.76610029498476 0.0825294864009611 -0
1.974609375 0.848019259388347 -2.83812104013572 0.0825294594850478 -0
1.9765625 0.842405890293791 -2.90979048990584 0.082529431746632 -0
1.978515625 0.836652890287152 -2.98109748723265 0.082529403184217 -0
1.98046875 0.830760978234288 -3.05203076176079 0.0825293737970013 -0
1.982421875 0.824730895124024 -3.12257893012915 0.0825293435849279 -0
1.984375 0.818563404288471 -3.19273049650139 0.0825293125487331 0
1.986328125 0.812259291622066 -3.26247385334442 0.082529280689996 0
1.98828125 0.805819365798845 -3.33179728245932 0.0825292480111866 0
1.990234375 0.799244458487459 -3.4006889562687 0.0825292145157141 0
1.9921875 0.79253542456342 -3.46913693936448 0.0825291802079745 0
1.994140625 0.785693142318067 -3.53712919031957 0.0825291450933971 0
1.99609375 0.778718513663734 -3.60465356376693 0.0825291091784904 0
1.998046875 0.771612464334602 -3.67169781274887 0.0825290724708869 0
2 0.764375944082684 -3.73824959133922 0.0825290349793862 0
