0 1e-08 0 0 -0
0.0390625 9.62577819824219e-09 -1.88016488403082e-08 7.07003998228525e-19 -0
0.078125 8.53112118435092e-09 -3.61961002996088e-08 2.62031535379868e-18 -0
0.1171875 6.79795786233525e-09 -5.08814777847642e-08 5.17784956312291e-18 -0
0.15625 4.55600573241622e-09 -6.17586636113767e-08 7.62826506212637e-18 -0
0.1953125 1.97306226769644e-09 -6.80135617638284e-08 9.2516891676042e-18 -0
0.234375 -7.57553780382875e-10 -6.91780283908348e-08 9.5711992240863e-18 -0
0.2734375 -3.43147120033753e-09 -6.5164909732547e-08 8.49293092090201e-18 -0
0.3125 -5.84856235323811e-09 -5.62745650879594e-08 6.33365335167797e-18 -0
0.3515625 -7.82792159783436e-09 -4.31723866153011e-08 3.72770993212207e-18 -0
0.390625 -9.22140505755851e-09 -2.68389984815703e-08 1.44066367898746e-18 -0
0.4296875 -9.92471835420704e-09 -8.49686267400972e-09 1.44393350601959e-19 -0
0.46875 -9.88522245396552e-09 1.04812153853822e-08 2.19711751909544e-19 0
0.5078125 -9.10587340222406e-09 2.86748335835482e-08 1.64449216208836e-18 0
0.546875 -7.64500108025082e-09 4.4722302203966e-08 4.00016862884572e-18 0
0.5859375 -5.61194354253921e-09 5.74225587224787e-08 6.59470050047303e-18 0
0.625 -3.15886368005718e-09 6.58250605636575e-08 8.66587719641835e-18 0
0.6640625 -4.69360686003474e-10 6.93009278518464e-08 9.60523720225365e-18 0
0.703125 2.25527130836833e-09 6.75900115231942e-08 9.13681931541104e-18 0
0.7421875 4.81110896424607e-09 6.08203640159337e-08 7.39823335806137e-18 0
0.78125 7.00686224711315e-09 4.94986552675515e-08 4.9002337465918e-18 0
0.8203125 8.67819140702353e-09 3.44722513274069e-08 2.37667222315981e-18 0
0.859375 9.70000688206681e-09 1.68657937867842e-08 5.68910000116657e-19 0
0.8984375 9.99583154661604e-09 -2.00297330163171e-09 8.02380409409883e-21 -0
0.9375 9.54352459287683e-09 -2.07218291344857e-08 8.58788405357642e-19 -0
0.9765625 8.37693864548435e-09 -3.78897729204548e-08 2.87126978392726e-18 -0
1.015625 6.5833860834663e-09 -5.22218808883264e-08 5.45424968702911e-18 -0
1.0546875 4.29710420108384e-09 -6.26454755847558e-08 7.84891122248048e-18 -0
1.09375 1.68920830340725e-09 -6.83804097321247e-08 9.35176087026652e-18 -0
1.1328125 -1.0451153092384e-09 -6.8997455852515e-08 9.52129782823952e-18 -0
1.171875 -3.70121793507048e-09 -6.44504315237386e-08 8.30771624719225e-18 -0
1.2109375 -6.08030527203048e-09 -5.50796558731859e-08 6.06753698221716e-18 -0
1.25 -8.00431605016313e-09 -4.15864786104203e-08 3.45887040642989e-18 -0
1.2890625 -9.32924891346957e-09 -2.49807879567839e-08 1.2480795338836e-18 -0
1.328125 -9.95594010928687e-09 -6.50542620744399e-09 8.46411402809982e-20 -0
1.3671875 -9.83748533592613e-09 1.24568300052064e-08 3.10345227557219e-19 0
1.40625 -8.98275026513013e-09 3.04867627441089e-08 1.85888540523117e-18 0
1.4453125 -7.45570699654262e-09 4.62349332262387e-08 4.27533810086951e-18 0
1.484375 -5.37064610683022e-09 5.85226797051535e-08 6.84980807974398e-18 0
1.5234375 -2.8836226445775e-09 6.64303336554768e-08 8.82597845915594e-18 0
1.5625 -1.80776289996101e-10 6.9366051775415e-08 9.6232982778191e-18 0
1.6015625 2.53560015037679e-09 6.71101121201089e-08 9.00753429754716e-18 -0
1.640625 5.0622012193874e-09 5.98313590500516e-08 7.15958305155237e-18 -0
1.6796875 7.20992507616207e-09 4.80745661829285e-08 4.62232782735354e-18 -0
1.71875 8.81802670242869e-09 3.27196631606653e-08 2.14115271469479e-18 -0
1.7578125 9.76614876058904e-09 1.49158778782235e-08 4.44966825756153e-19 -0
1.796875 9.9833296616649e-09 -4.00427674309597e-09 3.20684644705986e-20 0
1.8359375 9.45331464003467e-09 -2.26247338329078e-08 1.02375716201984e-18 0
1.875 8.21577233096898e-09 -3.95518571908712e-08 3.12869881449414e-18 0
1.9140625 6.36332579699785e-09 -5.35187470966676e-08 5.72851258159413e-18 0
1.953125 4.03462021404183e-09 -6.34800606091968e-08 8.0594361898946e-18 0
1.9921875 1.40394606190435e-09 -6.86902495903523e-08 9.43670077756978e-18 0
2.03125 -1.33180553520444e-09 -6.87593607785286e-08 9.45569938934373e-18 0
2.0703125 -3.9678789989182e-09 -6.36822215910537e-08 8.11085069354414e-18 0
2.109375 -6.30697909700552e-09 -5.38388272628299e-08 5.79723864207368e-18 0
2.1484375 -8.17403737882678e-09 -3.99659003460414e-08 3.19454638093942e-18 0
2.1875 -9.42931506154e-09 -2.31017511819791e-08 1.06738181534814e-18 0
2.2265625 -9.9788616899189e-09 -4.50856622770056e-09 4.06543388591241e-20 0
2.265625 -9.78154679807911e-09 1.44220594819928e-08 4.15991599404279e-19 -0
2.3046875 -8.85213829288821e-09 3.22732753748043e-08 2.0831286068359e-18 -0
2.34375 -7.26019715942252e-09 4.77090186157387e-08 4.5523009145538e-18 -0
2.3828125 -5.12487121353362e-09 5.95740108753773e-08 7.09812554355916e-18 -0
2.421875 -2.60597755978366e-09 6.69802243974713e-08 8.97270092067123e-18 -0
2.4609375 1.07958817518827e-10 6.93733458683325e-08 9.62532223393457e-18 -0
2.5 2.81381508617981e-09 6.65742636422305e-08 8.86426515901044e-18 -0
2.5390625 5.30907316456809e-09 5.87924732379496e-08 6.91310981887004e-18 -0
2.578125 7.40697705789462e-09 4.6610397780688e-08 4.34505836254792e-18 -0
2.6171875 8.95051049118434e-09 3.09397969157988e-08 1.91454206638175e-18 -0
2.65625 9.82414869194141e-09 1.29535267413395e-08 3.35587710077196e-19 -0
2.6953125 9.96250476785148e-09 -6.00224185637223e-09 7.20538146047736e-20 0
2.734375 9.35522354691233e-09 -2.45087765016684e-08 1.20136025121747e-18 0
2.7734375 8.04775660365864e-09 -4.11809674466978e-08 3.39174415969197e-18 0
2.8125 6.13796046513906e-09 -5.47709952245206e-08 5.99972383576892e-18 0
2.8515625 3.76877260174297e-09 -6.42617228989457e-08 8.25913805988176e-18 0
2.890625 1.11751336365893e-09 -6.89428230279098e-08 9.50622569411538e-18 0
2.9296875 -1.61738544731249e-09 -6.8463941666519e-08 9.37462261703304e-18 0
2.96875 -4.23123207903787e-09 -6.2860920383951e-08 7.90299062303485e-18 0
3.0078125 -6.52839485230866e-09 -5.25531137241356e-08 5.52365952420386e-18 0
3.046875 -8.33694408873597e-09 -3.83120028831544e-08 2.93561912983766e-18 0
3.0859375 -9.52152007755509e-09 -2.12034546925962e-08 8.99172981801963e-19 0
3.125 -9.99346398659505e-09 -2.5079474983274e-09 1.25796013087333e-20 0
3.1640625 -9.71745347586192e-09 1.6375265422249e-08 5.36298635298211e-19 0
3.203125 -8.71414637548184e-09 3.40328820767102e-08 2.31647412489453e-18 0
3.2421875 -7.05863456361894e-09 4.91433294412198e-08 4.83013365713653e-18 0
3.28125 -4.87482376288654e-09 6.05756757481553e-08 7.33882498469129e-18 0
3.3203125 -2.32615989579431e-09 6.74742743508563e-08 9.10555539834926e-18 0
3.359375 3.96603920774111e-10 6.93228040495817e-08 9.61130232259342e-18 0
3.3984375 3.08968417057927e-09 6.59829128214395e-08 8.70748956880337e-18 0
3.4375 5.55151898494907e-09 5.77045726890437e-08 6.65963541845025e-18 0
3.4765625 7.59785391191081e-09 4.51073707243762e-08 4.06934978733262e-18 0
3.515625 9.07553232279096e-09 2.91341364507019e-08 1.69759581345624e-18 0
3.5546875 9.87395832212189e-09 1.09803763699797e-08 2.41137330452819e-19 0
3.59375 9.93337422669563e-09 -7.99520295657297e-09 1.27846540633586e-19 -0
3.6328125 9.24933309113963e-09 -2.63723864319601e-08 1.39100553223326e-18 -0
3.671875 7.87303153669875e-09 -4.27757455139029e-08 3.65952880854037e-18 -0
3.7109375 5.90747797286597e-09 -5.59775812842964e-08 6.26697921288003e-18 -0
3.75 3.49978299886309e-09 -6.49898107894392e-08 8.44735101289422e-18 -0
3.7890625 8.30149004941029e-10 -6.91379194766773e-08 9.56010381912704e-18 -0
3.828125 -1.90161696025233e-09 -6.81114448046457e-08 9.2783378267526e-18 -0
3.8671875 -4.49105762042192e-09 -6.19872126135896e-08 7.68482905520473e-18 -0
3.90625 -6.74436794568902e-09 -5.12235871444931e-08 5.24771175989896e-18 -0
3.9453125 -8.49290036608544e-09 -3.66261650606545e-08 2.68295193410062e-18 -0
3.984375 -9.60578709105265e-09 -1.92874810807204e-08 7.44013852878298e-19 -0
4.0234375 -9.99973482551672e-09 -5.05237916507012e-10 5.10530704552693e-22 -0
4.0625 -9.64525880327976e-09 1.83148194563927e-08 6.70865223440524e-19 0
4.1015625 -8.56888955548604e-09 3.57641158821244e-08 2.55814396966005e-18 0
4.140625 -6.85118724998879e-09 5.05366699311194e-08 5.10791001545381e-18 0
4.1796875 -4.62071221711734e-09 6.15268392448216e-08 7.57110389491624e-18 0
4.21875 -2.0444029339871e-09 6.79120716307918e-08 9.22409894637159e-18 0
4.2578125 6.84918379038267e-10 6.92144684554059e-08 9.58128528712874e-18 0
4.296875 3.36297741409148e-09 6.53365526614017e-08 8.53773022735223e-18 0
4.3359375 5.78933655571027e-09 5.65685643758787e-08 6.40000495109587e-18 0
4.375 7.78239650595701e-09 4.35667380736369e-08 3.79612133275377e-18 0
4.4140625 9.19298796771315e-09 2.73041871276697e-08 1.49103726940561e-18 0
4.453125 9.9155361253062e-09 8.99807176121266e-09 1.61930590839866e-19 0
4.4921875 9.89596232405789e-09 -9.98149853060978e-09 1.9926062583313e-19 -0
4.53125 9.13573155260231e-09 -2.82140099495587e-08 1.59206071486759e-18 -0
4.5703125 7.69174279674862e-09 -4.43348618408802e-08 3.93115994889987e-18 -0
4.609375 5.67207047128354e-09 -5.71374993564462e-08 6.52938766541578e-18 -0
4.6484375 3.22787565952626e-09 -6.56637172805911e-08 8.6234475342108e-18 -0
4.6875 5.42092558737362e-10 -6.92753762865644e-08 9.59815551929018e-18 -0
4.7265625 -2.18426311286158e-09 -6.77021640662559e-08 9.16716603850848e-18 0
4.765625 -4.74713900893888e-09 -6.1061826681992e-08 7.45709335548327e-18 0
4.8046875 -6.95471832239221e-09 -4.98513559378164e-08 4.97031537767773e-18 0
4.84375 -8.64177619158079e-09 -3.49097923458169e-08 2.43738720325611e-18 0
4.8828125 -9.68204584940915e-09 -1.73554276756888e-08 6.02421739612133e-19 0
4.921875 -9.99766897874398e-09 1.49789287745395e-09 4.48736614465454e-21 -0
4.9609375 -9.56502296835806e-09 2.02391045963085e-08 8.19242709720636e-19 -0
5 -8.41648893215738e-09 3.74655334775641e-08 2.80733239751695e-18 -0
5.0390625 -6.63802816542337e-09 5.18878784704612e-08 5.38470386433071e-18 -0
5.078125 -4.36274842665259e-09 6.24267083892371e-08 7.7941878406297e-18 -0
5.1171875 -1.76094157251422e-09 6.82932512497671e-08 9.32793633252763e-18 -0
5.15625 9.72661827235458e-10 6.90484294041796e-08 9.53537120636796e-18 -0
5.1953125 3.63346697468732e-09 6.46357220265564e-08 8.35555312378853e-18 -0
5.234375 6.02232761056017e-09 5.53853953779941e-08 6.13508404235345e-18 -0
5.2734375 7.9604509885931e-09 4.19897842395474e-08 3.52628396096749e-18 -0
5.3125 9.30277950427481e-09 2.54514745583917e-08 1.29555511439292e-18 -0
5.3515625 9.94884743846745e-09 7.00826554390915e-09 9.82315718678884e-20 -0
5.390625 9.85030024989272e-09 -1.19594726223812e-08 2.86057970810972e-19 0
5.4296875 9.01451363984392e-09 -3.00321117101074e-08 1.80385546753674e-18 0
5.46875 7.50404152254057e-09 -4.5857016606884e-08 4.20573194416807e-18 0
5.5078125 5.43193421743111e-09 -5.82497824280873e-08 6.78607430583902e-18 0
5.546875 2.95327727034625e-09 -6.62828805428428e-08 8.78684050611354e-18 0
5.5859375 2.53584175021519e-10 -6.93550788611102e-08 9.62025392766162e-18 0
5.625 -2.46508826567798e-09 -6.72364406648856e-08 9.04147790656536e-18 0
5.6640625 -4.99926275192267e-09 -6.00855340747818e-08 7.22054281010354e-18 0
5.703125 -7.15927061527031e-09 -4.8437564120469e-08 4.6923952358491e-18 0
5.7421875 -8.78344744883431e-09 -3.31643156625719e-08 2.19974366673343e-18 0
5.78125 -9.75023277640874e-09 -1.54089052124123e-08 4.74868719690216e-19 0
5.8203125 -9.98726816855402e-09 3.49977489208812e-09 2.44968485905809e-20 -0
5.859375 -9.47681286296436e-09 2.21465165834158e-08 9.80936393559021e-19 -0
5.8984375 -8.25707156047466e-09 3.91357164070424e-08 3.0632085973849e-18 -0
5.9375 -6.41933501866417e-09 5.31958285692838e-08 5.65959235434527e-18 -0
5.9765625 -4.10114745349936e-09 6.32745329688858e-08 8.00733304486123e-18 -0
6.015625 -1.47601213046996e-09 6.86174954218877e-08 9.41672135594555e-18 -0
6.0546875 1.25959437633561e-09 6.88248253211121e-08 9.47371316096318e-18 -0
6.09375 3.90092734774192e-09 6.38810051928698e-08 8.16156564890293e-18 -0
6.1328125 6.25029790702857e-09 5.41560520923524e-08 5.86575595645918e-18 -0
6.171875 8.13186891745695e-09 4.0377823913817e-08 3.26073732803042e-18 -0
6.2109375 9.40481540029552e-09 2.35775433320639e-08 1.1118010991507e-18 -0
6.25 9.97386449027444e-09 5.01261660096122e-09 5.02526503764639e-20 -0
6.2890625 9.79642607224561e-09 -1.3927476213328e-08 3.87949187345636e-19 -0
6.328125 8.88578041110819e-09 -3.18251759791191e-08 2.0256836522038e-18 -0
6.3671875 7.31008419887693e-09 -4.73409408056771e-08 4.48232935273325e-18 -0
6.40625 5.18726941066467e-09 -5.93135031991931e-08 7.03618332352137e-18 -0
6.4453125 2.67621676143997e-09 -6.6846784385555e-08 8.93698516537777e-18 -0
6.484375 -3.5135619456821e-11 -6.93769607530213e-08 9.62632536665252e-18 -0
6.5234375 -2.74385829738981e-09 -6.67146628697922e-08 8.90169248366008e-18 -0
6.5625 -5.24721865615934e-09 -5.90591487180035e-08 6.9759660945905e-18 -0
6.6015625 -7.35785429098384e-09 -4.69833903575079e-08 4.41487793897193e-18 -0
6.640625 -8.91779602783965e-09 -3.13911901985569e-08 1.97081364416395e-18 -0
6.6796875 -9.81029102524609e-09 -1.34495364885207e-08 3.61780063512097e-19 -0
6.71875 -9.96854106600532e-09 5.49873917702391e-09 6.04722650738753e-20 0
6.7578125 -9.3807020270411e-09 2.40354652261241e-08 1.15540717727244e-18 0
6.796875 -8.09077034521438e-09 4.07732722546227e-08 3.32491946069917e-18 0
6.8359375 -6.1952901321487e-09 5.4459429801784e-08 5.93165898867088e-18 0
6.875 -3.83612739195e-09 6.406960616032e-08 8.20982886707702e-18 0
6.9140625 -1.1898521508737e-09 6.88845338278103e-08 9.49015800134948e-18 0
6.953125 1.54547681334767e-09 6.85438426228425e-08 9.39651672301001e-18 0
6.9921875 4.16513555403587e-09 6.307303136073e-08 7.95641457006326e-18 0
7.03125 6.4730573884047e-09 5.28815594109895e-08 5.59291865147603e-18 0
7.0703125 8.29650738301943e-09 3.87322009727404e-08 3.00036678438551e-18 0
7.109375 9.49901058940005e-09 2.16839557276784e-08 9.40387871999837e-19 0
7.1484375 9.99056642424431e-09 3.01278868628672e-09 1.81537913364345e-20 0
7.1875 9.7343847055162e-09 -1.58838685972045e-08 5.04594563226522e-19 -0
7.2265625 8.7496391900877e-09 -3.35917078956298e-08 2.25680567869063e-18 -0
7.265625 7.11003252617012e-09 -4.878539730349e-08 4.76002998011875e-18 -0
7.3046875 4.93828002575254e-09 -6.03277748556738e-08 7.27888083807373e-18 -0
7.34375 2.39692511557061e-09 -6.73549586873515e-08 9.07338091954966e-18 -0
7.3828125 -3.23826121696796e-10 -6.93410037195685e-08 9.61634959367444e-18 -0
7.421875 -3.02034080002068e-09 -6.61372656822591e-08 8.74827582385146e-18 -0
7.4609375 -5.49080000312329e-09 -5.79835262995597e-08 6.72417864426346e-18 -0
7.5 -7.55030379217378e-09 -4.54900469800417e-08 4.1386887484928e-18 -0
7.5390625 -9.04470992343905e-09 -2.95918941919399e-08 1.75136040373394e-18 -0
7.578125 -9.86217052591909e-09 -1.14789550114513e-08 2.63532816309848e-19 -0
7.6171875 -9.94150328370868e-09 7.49311921437369e-09 1.12293671121633e-19 0
7.65625 -9.27677058729614e-09 2.59043757255609e-08 1.34207336346206e-18 0
7.6953125 -7.91772393014923e-09 4.2376835805262e-08 3.59159242573227e-18 0
7.734375 -5.96608029001005e-09 5.56776287153951e-08 6.19999667873877e-18 0
7.7734375 -3.56790918675899e-09 6.48112651184326e-08 8.40100017250352e-18 0
7.8125 -9.02700202632499e-10 6.90941438401055e-08 9.54800142599438e-18 0
7.8515625 1.83007080074925e-09 6.82057155620269e-08 9.30403927065623e-18 0
7.890625 4.42587132565085e-09 6.22124741303877e-08 7.74078387484832e-18 -0
7.9296875 6.69042034218579e-09 5.15629798665715e-08 5.31748178544093e-18 -0
7.96875 8.45422912772675e-09 3.70542873568214e-08 2.74604042304378e-18 -0
8.0078125 9.58528654193746e-09 1.97722904115669e-08 7.81886936238679e-19 -0
8.046875 9.99893931613041e-09 1.01044903777334e-09 2.04201451587414e-21 -0
8.0859375 9.6642278730135e-09 -1.78270187479202e-08 6.35605194877396e-19 0
8.125 8.60620347644915e-09 -3.53302347184503e-08 2.49645097052159e-18 0
8.1640625 6.90405328563457e-09 -5.01891818704075e-08 5.03790795364168e-18 0
8.203125 4.68517364282356e-09 -6.12917518087057e-08 7.51335767955997e-18 0
8.2421875 2.11563517557943e-09 -6.78069797880547e-08 9.19557301595532e-18 0
8.28125 -6.12246653118209e-10 -6.92472377377954e-08 9.59035986862951e-18 0
8.3203125 -3.29430527268583e-09 -6.55047304729382e-08 8.58173942866456e-18 0
8.359375 -5.72980372131651e-09 -5.68595635558324e-08 6.4660199355195e-18 0
8.3984375 -7.73645867548524e-09 -4.39587789745214e-08 3.86474849786165e-18 0
8.4375 -9.16408332870099e-09 -2.77679276990266e-08 1.54211561739673e-18 0
8.4765625 -9.90582802697169e-09 -9.49880363660967e-09 1.80454541053738e-19 0
8.515625 -9.90617736281112e-09 9.48125230809437e-09 1.7978829065949e-19 -0
8.5546875 -9.16510519040182e-09 2.77516899884673e-08 1.54031259443199e-18 -0
8.59375 -7.73807658246211e-09 4.39450701829786e-08 3.86233838677382e-18 -0
8.6328125 -5.73189658235662e-09 5.68494097090403e-08 6.46371076853264e-18 -0
8.671875 -3.29671644894334e-09 6.54988915290649e-08 8.58020958307243e-18 -0
8.7109375 -6.14795681648423e-10 6.92461507088604e-08 9.59005877598841e-18 -0
8.75 2.11313907518638e-09 6.78107260320432e-08 9.19658912998566e-18 -0
8.7890625 4.68291728960496e-09 6.13000509403828e-08 7.51539249058705e-18 -0
8.828125 6.90220555490378e-09 5.02014127465712e-08 5.0403636835032e-18 -0
8.8671875 8.60490266043083e-09 3.53454819269977e-08 2.49860618530344e-18 -0
8.90625 9.66357133045048e-09 1.78441411212804e-08 6.36826744712338e-19 -0
8.9453125 9.99897618553086e-09 -9.92733012682228e-10 1.97103766893826e-21 0
8.984375 9.58601406383468e-09 -1.97553066793107e-08 7.80544283987239e-19 0
9.0234375 8.45559285120971e-09 -3.70393070539773e-08 2.74382053407762e-18 0
9.0625 6.6923182002427e-09 -5.15511241843238e-08 5.31503680933515e-18 0
9.1015625 4.42816127430941e-09 -6.22046303996906e-08 7.73883208632423e-18 0
9.140625 1.83258145026687e-09 -6.82024708418872e-08 9.30315405787696e-18 0
9.1796875 -9.00156760213026e-10 -6.90957409795267e-08 9.54844284301969e-18 0
9.21875 -3.56552331375865e-09 -6.48175845805363e-08 8.40263854170995e-18 0
9.2578125 -5.96403055556742e-09 -5.56881975240823e-08 6.20235068696241e-18 0
9.296875 -7.91616374532758e-09 -4.23908629448069e-08 3.5939705224108e-18 0
9.3359375 -9.27581672313046e-09 -2.59208113436767e-08 1.34377692142896e-18 0
9.375 -9.94122713155232e-09 -7.51073319773548e-09 1.12822226335132e-19 0
9.4140625 -9.86259275420354e-09 1.14614809701615e-08 2.62731092058748e-19 -0
9.453125 -9.04579893075845e-09 2.95758679261651e-08 1.74946392717193e-18 0
9.4921875 -7.55197807247189e-09 4.54766679653926e-08 4.13625465846914e-18 0
9.53125 -5.49293424596215e-09 5.79737958798299e-08 6.72192201743237e-18 0
9.5703125 -3.02277526936018e-09 6.61319121244893e-08 8.74685960248235e-18 0
9.609375 -3.26378611236424e-10 6.93404277073656e-08 9.61618982928078e-18 0
9.6484375 2.39444564527775e-09 6.73592033319803e-08 9.07452454703812e-18 0
9.6875 4.93605914907453e-09 6.03365224694221e-08 7.28099188740615e-18 0
9.7265625 7.10823646320135e-09 4.87979931768023e-08 4.76248827616649e-18 0
9.765625 8.74840236601221e-09 3.36072092984248e-08 2.25888903365627e-18 0
9.8046875 9.73379968964079e-09 1.59011153369057e-08 5.05690937915156e-19 0
9.84375 9.99067700170797e-09 -2.99508743088056e-09 1.79410974372374e-20 -0
9.8828125 9.49980848410325e-09 -2.16671247957056e-08 9.38928593825358e-19 -0
9.921875 8.29793287704347e-09 -3.87175000645385e-08 2.99808962249508e-18 -0
9.9609375 6.47500379156118e-09 -5.28700888066295e-08 5.59049258084178e-18 -0
10 4.16745718902554e-09 -6.3065649570258e-08 7.95455231143716e-18 -0
