0 0.654105385241919 0 0.040497137074226 -0
0.001953125 0.654048461472325 -0.058287776151493 0.0404971368219648 0
0.00390625 0.653877698616327 -0.116566896406137 0.0404971360652211 0
0.005859375 0.653593122033238 -0.174828703887209 0.0404971348041144 0
0.0078125 0.653194773991768 -0.233064539761745 0.0404971330388452 0
0.009765625 0.652682713674794 -0.291265742271192 0.040497130769696 0
0.01171875 0.652057017186021 -0.349423645772577 0.040497127997034 0
0.013671875 0.651317777558495 -0.40752957979368 0.0404971247213127 0
0.015625 0.650465104764952 -0.465574868105694 0.0404971209430764 0
0.017578125 0.649499125729957 -0.523550827816832 0.040497116662963 0
0.01953125 0.648419984343792 -0.581448768490316 0.0404971118817089 0
0.021484375 0.647227841478042 -0.639259991290179 0.0404971066001534 0
0.0234375 0.645922875002815 -0.696975788158264 0.0404971008192448 0
0.025390625 0.644505279805549 -0.754587441025786 0.0404970945400457 0
0.02734375 0.642975267811308 -0.812086221062782 0.0404970877637399 0
0.029296875 0.641333068004522 -0.869463387968755 0.040497080491639 0
0.03125 0.639578926452055 -0.926710189307754 0.0404970727251901 0
0.033203125 0.637713106327539 -0.983817859891101 0.0404970644659836 0
0.03515625 0.635735887936856 -1.04077762121094 0.0404970557157612 0
0.037109375 0.633647568744683 -1.09758068092769 0.0404970464764249 0
0.0390625 0.631448463401982 -1.1542182324145 0.0404970367500462 0
0.041015625 0.629138903774314 -1.21068145436168 0.040497026538875 0
0.04296875 0.626719238970881 -1.26696151044404 0.04049701584535 0
0.044921875 0.624189835374142 -1.32304954905399 0.0404970046721081 0
0.046875 0.621551076669889 -1.37893670310327 0.0404969930219953 0
0.048828125 0.618803363877645 -1.43461408989599 0.040496980898077 0
0.05078125 0.615947115381233 -1.49007281107554 0.0404969683036488 0
0.052734375 0.612982766959381 -1.54530395264813 0.0404969552422476 0
0.0546875 0.609910771816201 -1.60029858508522 0.0404969417176624 0
0.056640625 0.606731600611392 -1.65504776350743 0.0404969277339459 0
0.05859375 0.60344574149 -1.70954252795207 0.0404969132954252 0
0.060546875 0.600053700111579 -1.76377390372647 0.0404968984067137 0
0.0625 0.596555999678569 -1.81773290184939 0.0404968830727221 0
0.064453125 0.59295318096373 -1.87141051958224 0.0404968672986696 0
0.06640625 0.589245802336451 -1.92479774105213 0.0404968510900949 0
0.068359375 0.585434439787745 -1.97788553796848 0.0404968344528677 0
0.0703125 0.581519686953761 -2.03066487043479 0.040496817393199 0
0.072265625 0.577502155137609 -2.08312668785699 0.0404967999176519 0
0.07421875 0.57338247332932 -2.13526192994998 0.0404967820331518 0
0.076171875 0.569161288223742 -2.18706152784331 0.0404967637469968 0
0.078125 0.564839264236182 -2.23851640528727 0.040496745066867 0
0.080078125 0.560417083515589 -2.28961747996035 0.0404967260008337 0
0.08203125 0.555895445955087 -2.34035566487873 0.0404967065573686 0
0.083984375 0.551275069199656 -2.3907218699087 0.0404966867453517 0
0.0859375 0.546556688650756 -2.44070700338222 0.0404966665740795 0
0.087890625 0.541741057467695 -2.49030197381618 0.0404966460532718 0
0.08984375 0.536828946565537 -2.53949769173553 0.0404966251930783 0
0.091796875 0.531821144609353 -2.58828507160012 0.0404966040040849 0
0.09375 0.526718458004599 -2.63665503383528 0.0404965824973184 0
0.095703125 0.521521710883433 -2.68459850696574 0.040496560684251 0
0.09765625 0.516231745086764 -2.7321064298524 0.0404965385768042 0
0.099609375 0.510849420141823 -2.7791697540312 0.040496516187351 0
0.1015625 0.505375613235079 -2.82577944615338 0.0404964935287184 0
0.103515625 0.499811219180286 -2.87192649052594 0.0404964706141879 0
0.10546875 0.494157150381462 -2.91760189175113 0.0404964474574954 0
0.107421875 0.488414336790633 -2.96279667746355 0.0404964240728307 0
0.109375 0.48258372586012 -3.00750190116332 0.0404964004748347 0
0.111328125 0.476666282489214 -3.05170864514335 0.0404963766785971 0
0.11328125 0.470662988965029 -3.09540802350897 0.0404963526996514 0
0.115234375 0.464574844897382 -3.13859118528752 0.0404963285539701 0
0.1171875 0.4584028671475 -3.18124931762572 0.0404963042579581 0
0.119140625 0.452148089750407 -3.22337364907213 0.0404962798284448 0
0.12109375 0.445811563830812 -3.26495545294204 0.0404962552826757 0
0.123046875 0.439394357512352 -3.30598605076187 0.0404962306383019 0
0.125 0.432897555820023 -3.34645681578988 0.0404962059133694 0
0.126953125 0.426322260575672 -3.38635917660994 0.0404961811263061 0
0.12890625 0.419669590286391 -3.42568462079499 0.0404961562959086 0
0.130859375 0.412940680025692 -3.46442469863624 0.0404961314413269 0
0.1328125 0.406136681307343 -3.50257102693467 0.0404961065820486 0
0.134765625 0.399258761951729 -3.5401152928504 0.0404960817378815 0
0.13671875 0.392308105944646 -3.57704925780614 0.0404960569289346 0
0.138671875 0.385285913288423 -3.6133647614401 0.0404960321755993 0
0.140625 0.378193399845271 -3.64905372560401 0.0404960074985276 0
0.142578125 0.371031797172783 -3.68410815840159 0.0404959829186103 0
0.14453125 0.363802352351514 -3.71852015826257 0.0404959584569543 0
0.146484375 0.356506327804569 -3.75228191804757 0.0404959341348576 0
0.1484375 0.349145001109141 -3.78538572917845 0.0404959099737844 0
0.150390625 0.341719664799966 -3.81782398578923 0.0404958859953388 0
0.15234375 0.334231626164652 -3.84958918889216 0.0404958622212372 0
0.154296875 0.326682207030856 -3.88067395055348 0.0404958386732803 0
0.15625 0.319072743545302 -3.91107099807346 0.0404958153733239 0
0.158203125 0.311404585944632 -3.94077317816511 0.0404957923432489 -0
0.16015625 0.303679098318095 -3.96977346112582 0.040495769604931 -0
0.162109375 0.295897658362109 -3.99806494499621 0.0404957471802086 -0
0.1640625 0.288061657126704 -4.02564085970049 0.0404957250908516 -0
0.166015625 0.280172498753904 -4.05249457116228 0.0404957033585281 -0
0.16796875 0.272231600208101 -4.07861958539017 0.040495682004772 -0
0.169921875 0.264240390998474 -4.10400955252708 0.0404956610509493 -0
0.171875 0.256200312893542 -4.12865827085743 0.0404956405182242 -0
0.173828125 0.248112819627937 -4.15255969076618 0.0404956204275251 -0
0.17578125 0.239979376601487 -4.17570791864399 0.0404956007995109 -0
0.177734375 0.231801460570734 -4.19809722073239 0.0404955816545361 -0
0.1796875 0.223580559333001 -4.21972202690322 0.040495563012617 -0
0.181640625 0.215318171403143 -4.24057693436651 0.0404955448933977 -0
0.18359375 0.207015805683131 -4.26065671130107 0.0404955273161158 -0
0.185546875 0.198674981124623 -4.27995630040206 0.040495510299569 -0
0.1875 0.190297226384686 -4.29847082233998 0.040495493862082 -0
0.189453125 0.181884079474858 -4.31619557912558 0.0404954780214734 -0
0.19140625 0.173437087403727 -4.33312605737535 0.0404954627950239 -0
0.193359375 0.164957805813235 -4.34925793147223 0.0404954481994447 -0
0.1953125 0.156447798608913 -4.36458706661653 0.0404954342508465 -0
0.197265625 0.147908637584264 -4.37910952176201 0.0404954209647098 -0
0.19921875 0.13934190203953 -4.39282155243232 0.040495408355856 -0
0.201171875 0.130749178395075 -4.40571961341317 0.040495396438419 -0
0.203125 0.122132059799635 -4.41780036131573 0.040495385225819 -0
0.205078125 0.113492145733686 -4.42906065700706 0.0404953747307362 -0
0.20703125 0.104831041608201 -4.43949756790339 0.0404953649650867 -0
0.208984375 0.0961503583590633 -4.4491083701225 0.0404953559399993 -0
0.2109375 0.0874517120374103 -4.45789055049149 0.0404953476657941 -0
0.212890625 0.0787367233962059 -4.46584180840661 0.0404953401519617 -0
0.21484375 0.0700070174733219 -4.4729600575419 0.0404953334071453 -0
0.216796875 0.0612642231714328 -4.47924342740381 0.040495327439123 -0
0.21875 0.0525099728350258 -4.4846902647291 0.0404953222547927 -0
0.220703125 0.0437459018248348 -4.48929913472359 0.0404953178601585 -0
0.22265625 0.0349736480900118 -4.49306882213971 0.0404953142603181 -0
0.224609375 0.0261948517383515 -4.49599833219096 0.0404953114594537 -0
0.2265625 0.0174111546048908 -4.49808689130167 0.0404953094608226 -0
0.228515625 0.00862419981920441 -4.49933394769075 0.040495308266751 -0
0.23046875 -0.000164368628276188 -4.4997391717886 0.0404953078786297 -0
0.232421875 -0.00895290632059481 -4.49930245648614 0.0404953082969108 -0
0.234375 -0.0177397688489252 -4.49802391721586 0.0404953095211069 -0
0.236328125 -0.0265233122472193 -4.49590389186451 0.0404953115497925 -0
0.23828125 -0.0353018934265209 -4.4929429405177 0.0404953143806062 -0
0.240234375 -0.0440738706086165 -4.48914184503683 0.040495318010256 -0
0.2421875 -0.052837603758696 -4.48450160846907 0.0404953224345255 -0
0.244140625 -0.0615914550166988 -4.47902345429137 0.0404953276482827 -0
0.24609375 -0.0703337891270217 -4.47270882548993 0.0404953336454899 -0
0.248046875 -0.0790629738662689 -4.46555938347658 0.0404953404192161 -0
0.25 -0.0877773804687271 -4.45757700684402 0.0404953479616503 -0
0.251953125 -0.0964753840492533 -4.448763789962 0.0404953562641177 -0
0.25390625 -0.105155364023266 -4.43912204141692 0.0404953653170959 -0
0.255859375 -0.113815704523538 -4.42865428229746 0.0404953751102344 -0
0.2578125 -0.122454794813491 -4.41736324432917 0.0404953856323746 -0
0.259765625 -0.131071029696699 -4.40525186786121 0.0404953968715713 -0
0.26171875 -0.139662809922323 -4.39232329970868 0.0404954088151161 -0
0.263671875 -0.148228542586186 -4.37858089085406 0.0404954214495619 -0
0.265625 -0.156766641527222 -4.36402819401181 0.0404954347607483 -0
0.267578125 -0.165275527719045 -4.34866896106003 0.0404954487338288 -0
0.26953125 -0.173753629656363 -4.33250714034357 0.040495463353299 -0
0.271484375 -0.182199383736012 -4.31554687385306 0.040495478603025 -0
0.2734375 -0.190611234632351 -4.29779249428437 0.0404954944662737 -0
0.275390625 -0.19898763566681 -4.2792485219836 0.0404955109257439 -0
0.27734375 -0.20732704917135 -4.25991966178224 0.0404955279635974 -0
0.279296875 -0.215627946845647 -4.23981079972798 0.0404955455614912 -0
0.28125 -0.223888810107787 -4.2189269997161 0.0404955637006105 -0
0.283203125 -0.232108130438288 -4.19727350002711 0.0404955823617019 -0
0.28515625 -0.240284409717268 -4.17485570977594 0.0404956015251069 -0
0.287109375 -0.2484161605546 -4.1516792052784 0.0404956211707958 -0
0.2890625 -0.256501906612887 -4.1277497263405 0.0404956412784021 -0
0.291015625 -0.264540182923118 -4.10307317247642 0.0404956618272563 -0
0.29296875 -0.272529536192873 -4.07765559906102 0.0404956827964205 -0
0.294921875 -0.28046852510695 -4.05150321342256 0.0404957041647223 -0
0.296875 -0.288355720620305 -4.02462237088174 0.0404957259107888 -0
0.298828125 -0.296189706243207 -3.99701957074284 0.0404957480130807 -0
0.30078125 -0.303969078318519 -3.96870145224292 0.0404957704499252 -0
0.302734375 -0.311692446291031 -3.93967479046502 0.0404957931995495 -0
0.3046875 -0.319358432968773 -3.90994649222129 0.040495816240113 -0
0.306640625 -0.32696567477627 -3.87952359191186 0.0404958395497395 -0
0.30859375 -0.334512821999679 -3.8484132473654 0.0404958631065483 -0
0.310546875 -0.341998539023791 -3.81662273566708 0.0404958868886853 -0
0.3125 -0.349421504560878 -3.78415944897979 0.0404959108743522 -0
0.314453125 -0.356780411871368 -3.75103089036407 0.0404959350418364 -0
0.31640625 -0.364073968976363 -3.71724466960268 0.0404959593695387 -0
0.318359375 -0.371300898862004 -3.68280849903494 0.0404959838360005 -0
0.3203125 -0.378459939675718 -3.64773018940656 0.0404960084199304 -0
0.322265625 -0.385549844914373 -3.61201764574006 0.0404960331002293 -0
0.32421875 -0.39256938360439 -3.57567886323104 0.040496057856015 -0
0.326171875 -0.399517340473869 -3.53872192317534 0.0404960826666446 -0
0.328125 -0.406392516116794 -3.50115498893204 0.0404961075117372 -0
0.330078125 -0.413193727149385 -3.46298630192702 0.0404961323711944 -0
0.33203125 -0.419919806358696 -3.4242241777018 0.0404961572252203 -0
0.333984375 -0.426569602843533 -3.3848770020121 0.0404961820543396 -0
0.3359375 -0.433141982147806 -3.34495322698049 0.040496206839415 -0
0.337890625 -0.439635826386425 -3.30446136730721 0.0404962315616638 -0
0.33984375 -0.44605003436385 -3.26340999654331 0.0404962562026718 -0
0.341796875 -0.452383521685423 -3.22180774342975 0.0404962807444077 -0
0.34375 -0.458635220861622 -3.17966328830633 0.0404963051692354 -0
0.345703125 -0.464804081405369 -3.13698535959373 0.0404963294599248 -0
0.34765625 -0.470889069922535 -3.09378273035205 0.0404963535996622 -0
0.349609375 -0.476889170195807 -3.05006421491898 0.0404963775720587 -0
0.3515625 -0.482803383262063 -3.00583866563039 0.0404964013611582 -0
0.353515625 -0.488630727483426 -2.96111496962632 0.0404964249514436 -0
0.35546875 -0.494370238612165 -2.9159020457446 0.040496448327842 -0
0.357421875 -0.500020969849616 -2.87020884150471 0.0404964714757293 -0
0.359375 -0.505581991899293 -2.82404433018396 0.0404964943809327 -0
0.361328125 -0.511052393014397 -2.77741750798789 0.0404965170297332 -0
0.36328125 -0.516431279039871 -2.73033739131682 0.0404965394088662 -0
0.365234375 -0.521717773449228 -2.68281301412998 0.040496561505522 -0
0.3671875 -0.526911017376316 -2.63485342540882 0.0404965833073443 -0
0.369140625 -0.532010169642231 -2.58646768672055 0.0404966048024286 -0
0.37109375 -0.537014406777568 -2.53766486988301 0.0404966259793193 -0
0.373046875 -0.541922923040212 -2.48845405473177 0.0404966468270062 -0
0.375 -0.546734930428864 -2.43884432699007 0.04049666733492 -0
0.376953125 -0.551449658692516 -2.38884477624213 0.0404966874929269 -0
0.37890625 -0.55606635533606 -2.33846449401013 0.0404967072913232 -0
0.380859375 -0.560584285622243 -2.28771257193503 0.0404967267208281 -0
0.3828125 -0.565002732570181 -2.23659810006118 0.0404967457725771 -0
0.384765625 -0.569320996950607 -2.18513016522457 0.0404967644381135 -0
0.38671875 -0.57353839727809 -2.13331784954436 0.0404967827093809 -0
0.388671875 -0.57765426980039 -2.08117022901713 0.0404968005787135 -0
0.390625 -0.581667968485188 -2.02869637221329 0.0404968180388275 -0
0.392578125 -0.585578865004348 -1.97590533907477 0.0404968350828112 -0
0.39453125 -0.589386348715949 -1.92280617981297 0.0404968517041147 -0
0.396484375 -0.593089826644243 -1.86940793390606 0.0404968678965401 -0
0.3984375 -0.596688723457769 -1.81571962919416 0.0404968836542303 -0
0.400390625 -0.600182481445783 -1.76175028107119 0.0404968989716586 -0
0.40234375 -0.603570560493204 -1.7075088917718 0.0404969138436177 -0
0.404296875 -0.606852438054266 -1.65300444975179 0.0404969282652081 -0
0.40625 -0.610027609125046 -1.59824592916024 0.0404969422318275 -0
0.408203125 -0.613095586215048 -1.54324228940151 0.040496955739159 -0
0.41015625 -0.616055899318021 -1.48800247478508 0.0404969687831602 -0
0.412109375 -0.618908095882178 -1.43253541426121 0.0404969813600516 -0
0.4140625 -0.621651740779979 -1.37685002124015 0.0404969934663055 -0
0.416015625 -0.624286416277647 -1.32095519349266 0.0404970050986352 -0
0.41796875 -0.62681172200456 -1.26485981312946 0.0404970162539837 -0
0.419921875 -0.629227274922684 -1.20857274665701 0.040497026929513 -0
0.421875 -0.631532709296189 -1.15210284510726 0.0404970371225937 -0
0.423828125 -0.633727676661384 -1.09545894423855 0.0404970468307944 -0
0.42578125 -0.63581184579712 -1.03864986480498 0.040497056051872 -0
0.427734375 -0.637784902695779 -0.981684412891507 0.0404970647837617 -0
0.4296875 -0.639646550534978 -0.924571380311772 0.0404970730245675 -0
0.431640625 -0.641396509650121 -0.867319545065875 0.0404970807725535 -0
0.43359375 -0.643034517507891 -0.809937671854966 0.0404970880261348 -0
0.435546875 -0.644560328680805 -0.752434512649664 0.0404970947838697 -0
0.4375 -0.645973714822929 -0.694818807309164 0.0404971010444513 -0
0.439453125 -0.647274464646856 -0.637099284247881 0.0404971068067005 -0
0.44140625 -0.648462383902022 -0.579284661146405 0.0404971120695591 -0
0.443359375 -0.649537295354459 -0.521383645703529 0.040497116832083 -0
0.4453125 -0.650499038768052 -0.463404936426035 0.0404971210934368 -0
0.447265625 -0.651347470887374 -0.405357223452926 0.040497124852888 -0
0.44921875 -0.652082465422165 -0.347249189410728 0.040497128109802 -0
0.451171875 -0.652703913033509 -0.289089510296469 0.0404971308636383 -0
0.453125 -0.653211721321761 -0.230886856384922 0.0404971331139464 -0
0.455078125 -0.653605814816263 -0.172649893156662 0.0404971348603625 -0
0.45703125 -0.653886134966904 -0.114387282243473 0.0404971361026071 -0
0.458984375 -0.654052640137527 -0.056107682387645 0.0404971368404828 -0
0.4609375 -0.65410530560123 0.0021802495883607 0.040497137073873 0
0.462890625 -0.654044123537572 0.0604678578053459 0.040497136802741 0
0.46484375 -0.653869103031678 0.11874648634744 0.0404971360271294 0
0.466796875 -0.653580270075277 0.177007478282291 0.0404971347471609 0
0.46875 -0.653177667569638 0.235242174684904 0.040497132963039 0
0.470703125 -0.652661355330414 0.293441913668617 0.0404971306750493 0
0.47265625 -0.65203141009437 0.351598029426735 0.0404971278835621 0
0.474609375 -0.651287925527966 0.409701851288293 0.0404971245890344 0
0.4765625 -0.650431012237775 0.467744702791439 0.0404971207920138 0
0.478515625 -0.649460797782687 0.525717900777886 0.0404971164931419 0
0.48046875 -0.648377426687861 0.58361275451189 0.0404971116931587 0
0.482421875 -0.647181060460375 0.641420564827147 0.0404971063929076 0
0.484375 -0.645871877606505 0.699132623305031 0.0404971005933411 0
0.486328125 -0.64445007365059 0.75674021148751 0.0404970942955261 0
0.48828125 -0.642915861155382 0.814234600128081 0.0404970875006512 0
0.490234375 -0.641269469743839 0.871607048484017 0.0404970802100328 0
0.4921875 -0.639511146122242 0.928848803653169 0.0404970724251233 0
0.494140625 -0.637641154104569 0.985951099958541 0.0404970641475184 0
0.49609375 -0.635659774638029 1.04290515838379 0.0404970553789659 0
0.498046875 -0.633567305829633 1.09970218606278 0.040497046121374 0
0.5 -0.631364062973721 1.1563333758262 0.0404970363768205 0
0.501953125 -0.629050378580311 1.21278990580831 0.0404970261475623 0
0.50390625 -0.626626602404157 1.26906293911667 0.0404970154360451 0
0.505859375 -0.624093101474387 1.3251436235678 0.0404970042449138 0
0.5078125 -0.621450260124596 1.38102309149149 0.0404969925770222 0
0.509765625 -0.618698480023248 1.43669245960654 0.0404969804354441 0
0.51171875 -0.615838180204258 1.49214282897056 0.0404969678234841 0
0.513671875 -0.612869797097582 1.54736528500633 0.0404969547446882 0
0.515625 -0.609793784559702 1.60235089760733 0.040496941202855 0
0.517578125 -0.606610613903804 1.65709072132466 0.0404969272020473 0
0.51953125 -0.603320773929527 1.71157579563775 0.0404969127466028 0
0.521484375 -0.599924770952094 1.76579714531099 0.0404968978411458 0
0.5234375 -0.596423128830656 1.81974578083842 0.0404968824905982 0
0.525390625 -0.592816388995694 1.87341269897839 0.0404968667001911 0
0.52734375 -0.589105110475272 1.92678888338006 0.0404968504754754 0
0.529296875 -0.58528986991999 1.97986530530352 0.0404968338223332 0
0.53125 -0.58137126162643 2.03263292443517 0.0404968167469886 0
0.533203125 -0.577349897558916 2.08508268979974 0.040496799256018 0
0.53515625 -0.5732264073694 2.13720554077048 0.0404967813563607 0
0.537109375 -0.569001438415281 2.18899240817856 0.0404967630553288 0
0.5390625 -0.564675655774952 2.24043421552301 0.0404967443606169 0
0.541015625 -0.560249742260894 2.2915218802819 0.0404967252803111 0
0.54296875 -0.555724398430101 2.34224631532576 0.0404967058228983 0
0.544921875 -0.551100342591653 2.39259843043372 0.0404966859972739 0
0.546875 -0.54637831081122 2.44256913391307 0.04049666581275 0
0.548828125 -0.541559056912305 2.49214933432237 0.0404966452790625 0
0.55078125 -0.536643352474023 2.54132994229839 0.0404966244063773 0
0.552734375 -0.531631986825202 2.59010187248691 0.0404966032052966 0
0.5546875 -0.526525767034621 2.63845604557717 0.0404965816868639 0
0.556640625 -0.521325517897166 2.6863833904396 0.0404965598625682 0
0.55859375 -0.516032081915716 2.73387484636646 0.0404965377443476 0
0.560546875 -0.510646319278547 2.78092136541449 0.0404965153445923 0
0.5625 -0.505169107832066 2.827513914849 0.0404964926761462 0
0.564453125 -0.499601343048668 2.87364347968796 0.0404964697523077 0
0.56640625 -0.493943937989535 2.91930106534525 0.0404964465868299 0
0.568359375 -0.488197823262163 2.96447770037136 0.0404964231939193 0
0.5703125 -0.482363946972459 3.00916443929008 0.0404963995882339 0
0.572265625 -0.476443274671187 3.05335236552931 0.0404963757848799 0
0.57421875 -0.47043678929461 3.09703259444406 0.0404963517994074 0
0.576171875 -0.464345491099139 3.1401962764294 0.0404963276478051 0
0.578125 -0.458170397589808 3.18283460012103 0.040496303346494 0
0.580078125 -0.451912543442417 3.22493879568088 0.0404962789123193 0
0.58203125 -0.445572980419179 3.26650013816505 0.0404962543625417 0
0.583984375 -0.439152777277709 3.30750995097107 0.0404962297148274 0
0.5859375 -0.432653019673199 3.34795960936145 0.0404962049872369 0
0.587890625 -0.426074810053641 3.38784054406015 0.0404961801982121 0
0.58984375 -0.419419267547964 3.42714424491846 0.0404961553665631 0
0.591796875 -0.412687527846929 3.46586226464672 0.0404961305114528 0
0.59375 -0.405880743076687 3.50398622260794 0.0404961056523813 0
0.595703125 -0.399000081664866 3.54150780866938 0.0404960808091676 0
0.59765625 -0.392046728199073 3.57841878710788 0.0404960560019321 0
0.599609375 -0.385021883277726 3.61471100056451 0.040496031251076 0
0.6015625 -0.377926763353118 3.65037637404422 0.0404960065772607 0
0.603515625 -0.370762600566616 3.68540691895575 0.0404959820013857 0
0.60546875 -0.363530642575947 3.71979473718685 0.0404959575445652 0
0.607421875 -0.35623215237448 3.75353202521022 0.040495933228104 0
0.609375 -0.348868408102469 3.78661107821472 0.0404959090734722 0
0.611328125 -0.341440702850204 3.81902429425698 0.0404958851022783 0
0.61328125 -0.333950344453028 3.85076417842789 0.0404958613362425 0
0.615234375 -0.32639865527822 3.88182334702863 0.040495837797168 0
0.6171875 -0.318786972003697 3.9121945317508 0.0404958145069123 0
0.619140625 -0.311116645388568 3.94187058385492 0.0404957914873566 0
0.62109375 -0.303389040035514 3.97084447834171 0.0404957687603756 0
0.623046875 -0.295605534145046 3.99910931811037 0.0404957463478058 0
0.625 -0.287767519261645 4.0266583380981 0.0404957242714139 0
0.626953125 -0.27987640001185 4.0534849093949 0.0404957025528636 0
0.62890625 -0.271933593834322 4.07958254332793 0.0404956812136832 0
0.630859375 -0.263940530701975 4.10494489550933 0.0404956602752316 0
0.6328125 -0.255898652836238 4.12956576984171 0.0404956397586648 0
0.634765625 -0.247809414413531 4.15343912247536 0.0404956196849019 0
0.63671875 -0.239674281264069 4.17655906571115 0.0404956000745908 0
0.638671875 -0.231494730563097 4.19891987184341 0.0404955809480742 0
0.640625 -0.223272250514681 4.22051597693683 0.040495562325355 0
0.642578125 -0.215008340028187 4.24134198453149 0.0404955442260626 0
0.64453125 -0.206704508387604 4.26139266927048 0.0404955266694189 0
0.646484375 -0.19836227491385 4.28066298044425 0.0404955096742044 0
0.6484375 -0.189983168620244 4.29914804544616 0.0404954932587254 0
0.650390625 -0.181568727861326 4.31684317313382 0.0404954774407812 0
0.65234375 -0.17312049997519 4.33374385709069 0.0404954622376316 0
0.654296875 -0.164640040919565 4.34984577878282 0.0404954476659658 0
0.65625 -0.15612891490182 4.36514481060556 0.0404954337418717 0
0.658203125 -0.147588694003137 4.37963701881522 0.0404954204808054 0
0.66015625 -0.139020957797073 4.39331866634096 0.0404954078975633 0
0.662109375 -0.130427292962743 4.40618621547224 0.040495396006253 0
0.6640625 -0.121809292892884 4.41823633041731 0.0404953848202674 0
0.666015625 -0.11316855729705 4.42946587972857 0.0404953743522586 0
0.66796875 -0.104506691800195 4.43987193859066 0.0404953646141137 0
0.669921875 -0.0958253075369303 4.4494517909675 0.0404953556169317 0
0.671875 -0.0871260207417278 4.45820293160459 0.0404953473710018 0
0.673828125 -0.0784104523353499 4.46612306788319 0.0404953398857834 0
0.67578125 -0.0696802275078091 4.47321012152333 0.0404953331698876 0
0.677734375 -0.0609369752981494 4.47946223013257 0.0404953272310599 0
0.6796875 -0.0521823281713538 4.48487774859795 0.0404953220761649 0
0.681640625 -0.0434179215926886 4.48945525031885 0.040495317711173 0
0.68359375 -0.0346453935997958 4.49319352827838 0.040495314141148 0
0.685546875 -0.0258663843728512 4.49609159595173 0.0404953113702375 0
0.6875 -0.0170825358031093 4.49814868804976 0.040495309401664 0
0.689453125 -0.00829549106015683 4.49936426109654 0.040495308237719 0
0.69140625 0.00049310584179901 4.49973799383991 0.040495307879758 0
0.693359375 0.00928161047828031 4.49926978749434 0.0404953083281982 0
0.6953125 0.0180683784491988 4.49795976581562 0.040495309582517 0
0.697265625 0.0268517658134976 4.49580827500726 0.0404953116412537 0
0.69921875 0.0356301295234459 4.49281588345884 0.0404953145020121 0
0.701171875 0.0444018278582587 4.48898338131664 0.0404953181614654 0
0.703125 0.053165220856714 4.48431177988742 0.040495322615363 0
0.705078125 0.0619186707484439 4.47880231087625 0.0404953278585386 0
0.70703125 0.0706605423835744 4.47245642545985 0.0404953338849211 0
0.708984375 0.0793892036603964 4.46527579319687 0.040495340687546 0
0.7109375 0.0881030259507497 4.4572623007772 0.04049534825857 0
0.712890625 0.0968003845228073 4.44841805061219 0.0404953565892861 0
0.71484375 0.105479658960954 4.43874535926851 0.0404953656701407 0
0.716796875 0.11413923358245 4.428246755748 0.0404953754907527 0
0.71875 0.122777497850594 4.41692497961671 0.0404953860399335 0
0.720703125 0.131392846784078 4.40478297898621 0.0404953973057091 0
0.72265625 0.139983681362259 4.3918239083505 0.0404954092753429 0
0.724609375 0.148548408926072 4.37805112628233 0.0404954219353608 0
0.7265625 0.157085443574299 4.36346819299272 0.0404954352715761 0
0.728515625 0.16559320655495 4.34807886775775 0.0404954492691174 0
0.73046875 0.174070126651478 4.33188710621696 0.0404954639124559 0
0.732421875 0.18251464056361 4.31489705754775 0.0404954791854349 0
0.734375 0.190925193282524 4.29711306152058 0.0404954950712997 0
0.736328125 0.199300238460174 4.27853964543966 0.0404955115527281 0
0.73828125 0.207638238772523 4.2591815209742 0.0404955286118626 0
0.740234375 0.21593766627648 4.23904358088532 0.0404955462303419 0
0.7421875 0.224197002760356 4.21813089565393 0.0404955643893343 0
0.744140625 0.232414740087628 4.19644871001486 0.0404955830695705 0
0.74609375 0.240589380533851 4.17400243940296 0.0404956022513776 0
0.748046875 0.248719437116546 4.15079766631647 0.0404956219147127 0
0.75 0.2568034339179 4.12684013660362 0.0404956420391973 0
0.751953125 0.264839906400154 4.1021357556781 0.0404956626041513 0
0.75390625 0.272827401713518 4.07669058466908 0.0404956835886274 0
0.755859375 0.280764478996517 4.05051083651198 0.040495704971445 0
0.7578125 0.288649709668643 4.02360287198551 0.0404957267312245 0
0.759765625 0.296481677715211 3.99597319570116 0.0404957488464209 0
0.76171875 0.30425897996435 3.96762845205093 0.0404957712953571 0
0.763671875 0.311980226356035 3.93857542111937 0.0404957940562572 0
0.765625 0.319644040203098 3.90882101456558 0.0404958171072787 0
0.767578125 0.327249058444181 3.87837227148141 0.0404958404265446 0
0.76953125 0.334793931888572 3.84723635423135 0.0404958639921747 0
0.771484375 0.342277325452898 3.81542054428021 0.0404958877823164 0
0.7734375 0.349697918389667 3.78293223801411 0.0404959117751744 0
0.775390625 0.35705440450764 3.74977894256058 0.0404959359490395 0
0.77734375 0.364345492384044 3.71596827161329 0.0404959602823172 0
0.779296875 0.37156990556863 3.68150794126697 0.040495984753555 0
0.78125 0.378726382779618 3.64640576586785 0.040496009341468 0
0.783203125 0.385813678091551 3.61066965388499 0.040496034024965 0
0.78515625 0.392830561115106 3.57430760380759 0.0404960587831721 0
0.787109375 0.399775817168924 3.53732770007343 0.0404960835954559 0
0.7890625 0.406648247443518 3.49973810903326 0.0404961084414458 0
0.791015625 0.413446669157336 3.46154707495602 0.0404961333010544 0
0.79296875 0.420169915705065 3.42276291607945 0.0404961581544972 0
0.794921875 0.426816836798271 3.38339402071056 0.0404961829823114 0
0.796875 0.433386298598466 3.34344884338041 0.0404962077653728 0
0.798828125 0.439877183842726 3.30293590105718 0.0404962324849119 0
0.80078125 0.44628839196197 3.26186376942174 0.0404962571225289 0
0.802734375 0.452618839192029 3.22024107920925 0.0404962816602071 0
0.8046875 0.458867458677631 3.17807651262079 0.0404963060803251 0
0.806640625 0.465033200569454 3.13537879980821 0.0404963303656683 0
0.80859375 0.471115032114382 3.09215671543557 0.0404963544994388 0
0.810546875 0.477111937739125 3.04841907532035 0.0404963784652638 0
0.8125 0.483022919127352 3.0041747331572 0.0404964022472035 0
0.814453125 0.48884699529052 2.95943257732716 0.0404964258297572 0
0.81640625 0.494583202632537 2.91420152779459 0.0404964491978689 0
0.818359375 0.500230595008467 2.86849053309447 0.0404964723369312 0
0.8203125 0.505788243777437 2.82230856741207 0.0404964952327882 0
0.822265625 0.511255237849921 2.7756646277569 0.040496517871738 0
0.82421875 0.516630683729612 2.72856773123288 0.0404965402405331 0
0.826171875 0.521913705550049 2.6810269124062 0.0404965623263806 0
0.828125 0.527103445106199 2.63305122077229 0.0404965841169411 0
0.830078125 0.532199061881191 2.58464971832317 0.0404966056003272 0
0.83203125 0.537199733068399 2.53583147721615 0.0404966267650998 0
0.833984375 0.542104653589067 2.48660557754471 0.0404966476002654 0
0.8359375 0.546913036105683 2.43698110521237 0.0404966680952709 0
0.837890625 0.551624111031302 2.38696714990979 0.040496688239999 0
0.83984375 0.556237126535018 2.33657280319571 0.0404967080247618 0
0.841796875 0.560751348543786 2.28580715668159 0.0404967274402942 0
0.84375 0.565166060740805 2.23467930032015 0.0404967464777469 0
0.845703125 0.569480564560661 2.18319832079748 0.0404967651286787 0
0.84765625 0.573694179181421 2.13137330002839 0.0404967833850477 0
0.849609375 0.577806241513897 2.07921331375452 0.0404968012392027 0
0.8515625 0.581816106188274 2.02672743024458 0.0404968186838739 0
0.853515625 0.58572314553829 1.97392470909573 0.0404968357121634 0
0.85546875 0.58952674958318 1.92081420013536 0.0404968523175346 0
0.857421875 0.593226326007569 1.867404942422 0.0404968684938024 0
0.859375 0.596821300139516 1.8137059633442 0.0404968842351225 0
0.861328125 0.600311114926882 1.7597262778159 0.0404968995359803 0
0.86328125 0.603695230912234 1.70547488756697 0.0404969143911801 0
0.865234375 0.606973126206441 1.65096078052699 0.0404969287958339 0
0.8671875 0.610144296461167 1.59619293030089 0.04049694274535 0
0.869140625 0.613208254840428 1.54118029573415 0.0404969562354223 0
0.87109375 0.616164531991379 1.48593182056602 0.0404969692620181 0
0.873046875 0.619012676014514 1.43045643316823 0.0404969818213677 0
0.875 0.621752252433442 1.37476304636733 0.0404969939099526 0
0.876953125 0.624382844164387 1.31886055734825 0.040497005524495 0
0.87890625 0.626904051485584 1.26275784763654 0.0404970166619461 0
0.880859375 0.629315492006717 1.20646378315708 0.040497027319476 0
0.8828125 0.631616800638541 1.14998721436647 0.0404970374944628 0
0.884765625 0.633807629562836 1.09333697645658 0.0404970471844824 0
0.88671875 0.635887648202825 1.03652188962639 0.0404970563872985 0
0.888671875 0.637856543194189 0.979550759419485 0.0404970651008528 0
0.890625 0.639714018356807 0.922432377124243 0.0404970733232555 0
0.892578125 0.641459794667331 0.865175520233715 0.0404970810527764 0
0.89453125 0.64309361023272 0.80778895296232 0.0404970882878362 0
0.896484375 0.64461522026484 0.75028142681621 0.0404970950269982 0
0.8984375 0.646024397056221 0.692661681214214 0.0404971012689606 0
0.900390625 0.647320929957083 0.634938444156194 0.040497107012549 0
0.90234375 0.648504625353706 0.577120432935598 0.0404971122567093 0
0.904296875 0.649575306648237 0.519216354892957 0.0404971170005019 0
0.90625 0.650532814240007 0.461234908207023 0.0404971212430951 0
0.908203125 0.651377005508421 0.403184782720222 0.0404971249837601 0
0.91015625 0.652107754797507 0.345074660795052 0.0404971282218662 0
0.912109375 0.652724953402152 0.286913218198036 0.0404971309568761 0
0.9140625 0.653228509556094 0.228709125007797 0.0404971331883427 0
0.916015625 0.653618348421714 0.170471046543833 0.0404971349159052 0
0.91796875 0.653894412081655 0.112207644312505 0.0404971361392874 0
0.919921875 0.654056659532309 0.0539275769667831 0.040497136858295 0
0.921875 0.654105066679182 -0.00436049872376502 0.0404971370728143 -0
0.923828125 0.654039626334169 -0.0626479268962208 0.0404971367828114 -0
0.92578125 0.653860348214743 -0.12092605161432 0.0404971359883322 -0
0.927734375 0.653567258945051 -0.179186215888718 0.0404971346895021 -0
0.9296875 0.653160402058928 -0.23741976070103 0.0404971328865279 -0
0.931640625 0.652639838004813 -0.295618024035145 0.0404971305796982 -0
0.93359375 0.652005644152541 -0.353772339919325 0.0404971277693864 -0
0.935546875 0.651257914802003 -0.411874037482563 0.0404971244560531 -0
0.9375 0.650396761193625 -0.469914440028693 0.0404971206402491 -0
0.939453125 0.649422311520641 -0.5278848641317 0.0404971163226197 -0
0.94140625 0.64833471094311 -0.585776618755673 0.0404971115039086 -0
0.943359375 0.647134121603626 -0.643581004402826 0.0404971061849633 -0
0.9453125 0.645820722644662 -0.70128931229296 0.0404971003667404 -0
0.947265625 0.644394710227482 -0.758892823577748 0.0404970940503112 -0
0.94921875 0.642856297552561 -0.816382808593159 0.0404970872368689 -0
0.951171875 0.641205714881415 -0.873750526153305 0.0404970799277351 -0
0.953125 0.639443209559775 -0.930987222888977 0.0404970721243672 -0
0.955078125 0.637569046042005 -0.988084132634072 0.0404970638283665 -0
0.95703125 0.635583505916673 -1.04503247586305 0.0404970550414866 -0
0.958984375 0.633486887933165 -1.10182345918258 0.0404970457656418 -0
0.9609375 0.631279508029241 -1.15844827488034 0.0404970360029167 -0
0.962890625 0.628961699359414 -1.21489810053407 0.0404970257555748 -0
0.96484375 0.62653381232403 -1.27116409868373 0.0404970150260693 -0
0.966796875 0.62399621459893 -1.32723741656966 0.0404970038170525 -0
0.96875 0.621349291165555 -1.38310918593952 0.0404969921313863 -0
0.970703125 0.618593444341354 -1.43877052292676 0.0404969799721532 -0
0.97265625 0.615729093810372 -1.49421252800321 0.0404969673426663 -0
0.974609375 0.612756676653842 -1.54942628600841 0.0404969542464809 -0
0.9765625 0.609676647380652 -1.60440286625809 0.0404969406874054 -0
0.978515625 0.606489477957521 -1.65913332273419 0.0404969266695126 -0
0.98046875 0.603195657838721 -1.71360869435879 0.0404969121971508 -0
0.982421875 0.599795693995182 -1.76782000535396 0.0404968972749551 -0
0.984375 0.596290110942807 -1.82175826568977 0.0404968819078589 -0
0.986328125 0.592679450769831 -1.87541447162238 0.040496866101105 -0
0.98828125 0.588964273163032 -1.92877960632398 0.0404968498602564 -0
0.990234375 0.585145155432628 -1.98184464060651 0.040496833191208 -0
0.9921875 0.581222692535663 -2.03460053374055 0.0404968161001967 -0
0.994140625 0.577197497097704 -2.08703823437101 0.0404967985938123 -0
0.99609375 0.573070199432652 -2.13914868153104 0.0404967806790081 -0
0.998046875 0.568841447560474 -2.19092280575516 0.04049676236311 -0
1 0.564511907222671 -2.24235153029295 0.0404967436538273 -0
1.001953125 0.560082261895267 -2.29342577242406 0.0404967245592609 -0
1.00390625 0.555553212799139 -2.34413644487544 0.0404967050879128 -0
1.005859375 0.550925478907472 -2.39447445734138 0.0404966852486938 -0
1.0078125 0.546199796950149 -2.44443071810691 0.0404966650509319 -0
1.009765625 0.541376921414867 -2.49399613577476 0.0404966445043788 -0
1.01171875 0.536457624544779 -2.54316162109626 0.0404966236192167 -0
1.013671875 0.53144269633246 -2.59191808890598 0.0404966024060643 -0
1.015625 0.52633294450999 -2.64025646016003 0.0404965808759814 -0
1.017578125 0.52112919453496 -2.6881676640777 0.040496559040474 -0
1.01953125 0.515832289572187 -2.73564264038586 0.040496536911497 -0
1.021484375 0.510443090470952 -2.78267234166551 0.0404965145014576 -0
1.0234375 0.504962475737556 -2.82924773579955 0.0404964918232165 -0
1.025390625 0.499391341502985 -2.87535980852063 0.0404964688900893 -0
1.02734375 0.493730601485522 -2.92099956605811 0.040496445715846 -0
1.029296875 0.487981186948071 -2.96615803788231 0.0404964223147102 -0
1.03125 0.482144046650044 -3.01082627954481 0.0404963987013564 -0
1.033203125 0.476220146793599 -3.05499537561274 0.0404963748909078 -0
1.03515625 0.470210470964057 -3.09865644269514 0.0404963508989308 -0
1.037109375 0.464116020064321 -3.14180063255927 0.0404963267414306 -0
1.0390625 0.457937812243122 -3.18441913533442 0.040496302434844 -0
1.041015625 0.451676882816921 -3.2265031828006 0.0404962779960319 -0
1.04296875 0.445334284185307 -3.26804405175952 0.0404962534422706 -0
1.044921875 0.438911085739735 -3.3090330674848 0.0404962287912411 -0
1.046875 0.432408373765445 -3.34946160724822 0.0404962040610183 -0
1.048828125 0.425827251336422 -3.38932110391893 0.0404961792700583 -0
1.05078125 0.419168838203262 -3.4286030496318 0.0404961544371846 -0
1.052734375 0.412434270673798 -3.4672989995216 0.0404961295815731 -0
1.0546875 0.40562470148638 -3.5054005755188 0.040496104722736 -0
1.056640625 0.398741299675677 -3.54289947020324 0.040496079880504 -0
1.05859375 0.391785250430899 -3.5797874507114 0.0404960550750084 -0
1.060546875 0.384757754946336 -3.61605636269282 0.0404960303266604 -0
1.0625 0.37766003026413 -3.65169813431137 0.0404960056561309 -0
1.064453125 0.370493309109182 -3.68670478028644 0.0404959810843276 -0
1.06640625 0.363258839716136 -3.72106840596959 0.0404959566323724 -0
1.068359375 0.355957885648364 -3.75478121145135 0.0404959323215769 -0
1.0703125 0.348591725608904 -3.78783549569342 0.0404959081734165 -0
1.072265625 0.341161653243311 -3.82022366068086 0.0404958842095047 -0
1.07421875 0.33366897693437 -3.85193821558902 0.0404958604515653 -0
1.076171875 0.326115019588667 -3.88297178095992 0.040495836921404 -0
1.078125 0.318501118414995 -3.91331709288229 0.0404958136408795 -0
1.080078125 0.310828624694595 -3.94296700717001 0.0404957906318736 -0
1.08203125 0.303098903543237 -3.97191450353295 0.04049576791626 -0
1.083984375 0.295313333665169 -4.00015268973467 0.0404957455158734 -0
1.0859375 0.287473307098961 -4.02767480573113 0.0404957234524769 -0
1.087890625 0.279580228955282 -4.05447422778444 0.04049570174773 -0
1.08984375 0.271635517146678 -4.08054447254597 0.040495680423155 -0
1.091796875 0.2636406021094 -4.10587920110269 0.0404956595001041 -0
1.09375 0.255596926517371 -4.13047222298096 0.0404956389997249 -0
1.095703125 0.24750594498838 -4.15431750010181 0.040495618942927 -0
1.09765625 0.239369123782598 -4.17740915068174 0.0404955993503476 -0
1.099609375 0.23118794049353 -4.19974145307317 0.0404955802423171 -0
1.1015625 0.222963883731531 -4.22130884953879 0.0404955616388252 -0
1.103515625 0.214698452800019 -4.24210594995382 0.0404955435594867 -0
1.10546875 0.206393157364524 -4.2621275354306 0.0404955260235074 -0
1.107421875 0.198049517114743 -4.28136856185968 0.0404955090496509 -0
1.109375 0.189669061419759 -4.29982416336203 0.0404954926562049 -0
1.111328125 0.18125332897661 -4.31748965564663 0.0404954768609492 -0
1.11328125 0.17280386745239 -4.33436053926837 0.0404954616811228 -0
1.115234375 0.164322233120093 -4.35043250278066 0.0404954471333931 -0
1.1171875 0.155809990488403 -4.36570142577797 0.0404954332338245 -0
1.119140625 0.147268711925648 -4.38016338182311 0.0404954199978495 -0
1.12109375 0.138699977278156 -4.39381464125451 0.0404954074402387 -0
1.123046875 0.130105373483247 -4.40665167386897 0.0404953955750738 -0
1.125 0.121486494177106 -4.41867115147521 0.0404953844157203 -0
1.126953125 0.112844939297797 -4.42986995031416 0.0404953739748022 -0
1.12890625 0.104182314683691 -4.44024515334188 0.0404953642641775 -0
1.130859375 0.0955002316675556 -4.44979405237125 0.0404953552949151 -0
1.1328125 0.0868003066666158 -4.45851415006871 0.0404953470772738 -0
1.134765625 0.0780841607688497 -4.46640316180298 0.0404953396206815 -0
1.13671875 0.0693534193158229 -4.47345901734222 0.0404953329337172 -0
1.138671875 0.0606097114823566 -4.47967986239702 0.0404953270240936 -0
1.140625 0.0518546698533345 -4.48506406000648 0.0404953218986423 -0
1.142578125 0.0430899299979563 -4.48961019176499 0.0404953175632998 -0
1.14453125 0.0343171300417525 -4.49331705888763 0.040495314023096 -0
1.146484375 0.0255379102366765 -4.49618368311234 0.0404953112821438 -0
1.1484375 0.0167539125295949 -4.49820930743729 0.0404953093436312 -0
1.150390625 0.00796678012949956 -4.49939339669228 0.0404953082098147 -0
1.15234375 -0.000821842926234287 -4.49973563794296 0.0404953078820147 -0
1.154296875 -0.00961031220621513 -4.49923594072744 0.0404953083606131 -0
1.15625 -0.0183969833197009 -4.49789443712467 0.0404953096450525 -0
1.158203125 -0.0271802123512334 -4.49571148165456 0.040495311733837 -0
1.16015625 -0.035958356294914 -4.49268765101006 0.0404953146245355 -0
1.162109375 -0.0447297734879914 -4.48882374362149 0.0404953183137865 -0
1.1640625 -0.0534928240434354 -4.48412077905415 0.0404953227973049 -0
1.166015625 -0.0622458702811717 -4.47857999723993 0.0404953280698905 -0
1.16796875 -0.0709872771576539 -4.47220285754451 0.0404953341254384 -0
1.169921875 -0.0797154126934549 -4.46499103767166 0.0404953409569511 -0
1.171875 -0.0884286483985588 -4.45694643240645 0.0404953485565528 -0
1.173828125 -0.0971253596950426 -4.44807115219968 0.0404953569155042 -0
1.17578125 -0.105803926336839 -4.43836752159584 0.0404953660242206 -0
1.177734375 -0.114462732826276 -4.42783807750732 0.0404953758722904 -0
1.1796875 -0.123100168827102 -4.41648556733788 0.0404953864484951 -0
1.181640625 -0.13171462957369 -4.40431294695842 0.0404953977408317 -0
1.18359375 -0.140304516276158 -4.39132337853865 0.0404954097365358 -0
1.185546875 -0.148868236521107 -4.37752022823817 0.0404954224221059 -0
1.1875 -0.157404204667714 -4.36290706376097 0.0404954357833293 -0
1.189453125 -0.165910842238923 -4.34748765177732 0.0404954498053096 -0
1.19140625 -0.174386578307469 -4.33126595521747 0.0404954644724938 -0
1.193359375 -0.182829849876491 -4.31424613044152 0.0404954797687025 -0
1.1953125 -0.191239102254506 -4.29643252429019 0.0404954956771589 -0
1.197265625 -0.1996127894245 -4.27782967102141 0.0404955121805206 -0
1.19921875 -0.207949374406933 -4.2584422891375 0.0404955292609104 -0
1.201171875 -0.216247329616443 -4.23827527810832 0.0404955468999489 -0
1.203125 -0.224505137212044 -4.21733371499552 0.0404955650787874 -0
1.205078125 -0.232721289440644 -4.19562285098332 0.040495583778141 -0
1.20703125 -0.240894288973697 -4.17314810782135 0.0404956029783222 -0
1.208984375 -0.249022649236821 -4.14991507418513 0.040495622659275 -0
1.2109375 -0.257104894732233 -4.12592950195982 0.040495642800609 -0
1.212890625 -0.265139561353852 -4.10119730245317 0.0404956633816334 -0
1.21484375 -0.273125196694941 -4.07572454254327 0.0404956843813917 -0
1.216796875 -0.281060360348162 -4.0495174407671 0.0404957057786952 -0
1.21875 -0.288943624197937 -4.02258236335579 0.0404957275521575 -0
1.220703125 -0.29677357270502 -3.99492582022234 0.040495749680228 -0
1.22265625 -0.304548803183181 -3.96655446090803 0.0404957721412255 -0
1.224609375 -0.312267926067942 -3.9374750704931 0.0404957949133708 -0
1.2265625 -0.319929565177294 -3.90769456547784 0.0404958179748196 -0
1.228515625 -0.32753235796434 -3.87721998963998 0.0404958413036944 -0
1.23046875 -0.335074955761826 -3.84605850987402 0.0404958648781153 -0
1.232421875 -0.342556024018535 -3.81421741201852 0.0404958886762313 -0
1.234375 -0.349974242527523 -3.78170409667702 0.0404959126762498 -0
1.236328125 -0.35732830564618 -3.74852607503816 0.0404959368564655 -0
1.23828125 -0.364616922508141 -3.71469096470073 0.0404959611952888 -0
1.240234375 -0.371838817227042 -3.68020648550904 0.0404959856712727 -0
1.2421875 -0.37899272909216 -3.64508045540407 0.0404960102631394 -0
1.244140625 -0.386077412755964 -3.60932078629568 0.0404960349498052 -0
1.24609375 -0.393091638413628 -3.57293547996097 0.0404960597104048 -0
1.248046875 -0.400034191974562 -3.53593262397401 0.0404960845243144 -0
1.25 -0.406903875226027 -3.49832038767165 0.0404961093711735 -0
1.251953125 -0.413699505988904 -3.46010701816036 0.0404961342309057 -0
1.25390625 -0.420419918265715 -3.42130083636862 0.0404961590837382 -0
1.255859375 -0.427063962380969 -3.38191023314936 0.0404961839102205 -0
1.2578125 -0.433630505113955 -3.34194366543684 0.0404962086912416 -0
1.259765625 -0.440118429824082 -3.30140965246198 0.0404962334080455 -0
1.26171875 -0.446526636568885 -3.26031677203032 0.0404962580422463 -0
1.263671875 -0.452854042214825 -3.21867365686622 0.0404962825758419 -0
1.265625 -0.459099580541018 -3.17648899102713 0.0404963069912262 -0
1.267578125 -0.465262202336025 -3.13377150639122 0.0404963312711998 -0
1.26953125 -0.471340875487859 -3.09052997922185 0.0404963553989805 -0
1.271484375 -0.47733458506736 -3.04677322681168 0.0404963793582117 -0
1.2734375 -0.483242333405092 -3.00251010420972 0.0404964031329698 -0
1.275390625 -0.48906314016193 -2.95774950103361 0.0404964267077708 -0
1.27734375 -0.494796042393505 -2.91250033837005 0.0404964500675753 -0
1.279296875 -0.500440094608688 -2.86677156576545 0.0404964731977927 -0
1.28125 -0.505994368822276 -2.82057215830906 0.0404964960842843 -0
1.283203125 -0.511457954602082 -2.77391111381055 0.0404965187133649 -0
1.28515625 -0.516829959110598 -2.72679745007378 0.040496541071804 -0
1.287109375 -0.522109507141433 -2.67924020226831 0.0404965631468259 -0
1.2890625 -0.527295741150709 -2.63124842040018 0.0404965849261082 -0
1.291015625 -0.532387821283621 -2.58283116688296 0.0404966063977799 -0
1.29296875 -0.537384925396346 -2.53399751421029 0.0404966275504191 -0
1.294921875 -0.542286249073505 -2.48475654273061 0.0404966483730486 -0
1.296875 -0.547091005641387 -2.43511733852485 0.0404966688551318 -0
1.298828125 -0.551798426177118 -2.38508899138747 0.0404966889865675 0
1.30078125 -0.556407759513994 -2.3346805929112 0.0404967087576837 0
1.302734375 -0.560918272243177 -2.28390123467563 0.0404967281592311 0
1.3046875 -0.565329248711946 -2.2327600065396 0.040496747182376 0
1.306640625 -0.569639991018722 -2.18126599503716 0.0404967658186918 0
1.30859375 -0.57384981900506 -2.12942828187683 0.0404967840601517 0
1.310546875 -0.577958070244804 -2.07725594254351 0.0404968018991189 0
1.3125 -0.58196410003062 -2.0247580450025 0.0404968193283377 0
1.314453125 -0.585867281358095 -1.97194364850467 0.0404968363409238 0
1.31640625 -0.589667004907592 -1.91882180249201 0.040496852930354 0
1.318359375 -0.593362679024079 -1.86540154560215 0.0404968690904562 0
1.3203125 -0.5969537296951 -1.81169190477092 0.0404968848153985 0
1.322265625 -0.600439600527091 -1.75770189443132 0.0404969000996785 0
1.32421875 -0.603819752720223 -1.70344051580754 0.0404969149381122 0
1.326171875 -0.607093665041964 -1.64891675630226 0.0404969293258228 0
1.328125 -0.610260833799528 -1.59413958897559 0.0404969432582297 0
1.330078125 -0.6133207728114 -1.53911797211371 0.040496956731037 0
1.33203125 -0.616273013378098 -1.48386084888521 0.0404969697402222 0
1.333984375 -0.619117104252358 -1.42837714708307 0.0404969822820252 0
1.3359375 -0.621852611608891 -1.37267577895004 0.0404969943529366 0
1.337890625 -0.624479119013881 -1.31676564108512 0.0404970059496873 0
1.33984375 -0.62699622739438 -1.26065561442883 0.040497017069237 0
1.341796875 -0.629403555007744 -1.20435456432465 0.0404970277087638 0
1.34375 -0.631700737411273 -1.14787134065412 0.0404970378656534 0
1.345703125 -0.633887427432174 -1.09121477804298 0.0404970475374888 0
1.34765625 -0.635963295138003 -1.03439369613558 0.0404970567220405 0
1.349609375 -0.637928027807704 -0.977416899934731 0.0404970654172568 0
1.3515625 -0.639781329903373 -0.920293180204151 0.0404970736212539 0
1.353515625 -0.641522923042876 -0.863031313930576 0.0404970813323075 0
1.35546875 -0.643152545973414 -0.805640064842495 0.0404970885488437 0
1.357421875 -0.644669954546167 -0.748128183982462 0.0404970952694311 0
1.359375 -0.646074921692096 -0.690504410329873 0.0404971014927727 0
1.361328125 -0.647367237399018 -0.632777471471035 0.0404971072176987 0
1.36328125 -0.64854670869003 -0.574956084313308 0.0404971124431595 0
1.365234375 -0.649613159603367 -0.517048955840069 0.0404971171682195 0
1.3671875 -0.65056643117378 -0.459064783903196 0.0404971213920512 0
1.369140625 -0.651406381415489 -0.401012258049736 0.0404971251139292 0
1.37109375 -0.652132885306787 -0.342900060379398 0.0404971283332266 0
1.373046875 -0.652745834776346 -0.284736866429467 0.0404971310494095 0
1.375 -0.653245138691277 -0.226531346083718 0.040497133262034 0
1.376953125 -0.653630722846985 -0.168292164501895 0.0404971349707426 0
1.37890625 -0.653902529958862 -0.11002798306628 0.0404971361752622 0
1.380859375 -0.654060519655838 -0.0517474603418805 0.0404971368754015 0
1.3828125 -0.654104668475823 0.00654074695326246 0.0404971370710497 -0
1.384765625 -0.654034969863052 0.0648279829711385 0.0404971367621761 -0
1.38671875 -0.653851434167342 0.123105591753719 0.0404971359488293 -0
1.388671875 -0.653554088645264 0.1813649162533 0.0404971346311381 -0
1.390625 -0.653142977463227 0.239597297356752 0.0404971328093119 -0
1.392578125 -0.652618161702464 0.297794072917175 0.0404971304836427 -0
1.39453125 -0.651979719365895 0.355946576796466 0.0404971276545071 -0
1.396484375 -0.651227745386853 0.414046137922281 0.0404971243223689 -0
1.3984375 -0.650362351639636 0.472084079362874 0.0404971204877824 -0
1.400390625 -0.649383666951842 0.530051717423268 0.0404971161513965 -0
1.40234375 -0.648291837118451 0.587940360766197 0.0404971113139587 -0
1.404296875 -0.647087024917599 0.645741309561241 0.0404971059763206 -0
1.40625 -0.645769410127978 0.703445854665529 0.0404971001394427 -0
1.408203125 -0.644339189547811 0.761045276839396 0.040497093804401 -0
1.41015625 -0.642796577015324 0.81853084600029 0.0404970869723932 -0
1.412109375 -0.641141803430623 0.875893820518238 0.0404970796447459 -0
1.4140625 -0.639375116778924 0.933125446556114 0.0404970718229218 -0
1.416015625 -0.637496782155013 0.990216957457918 0.0404970635085277 -0
1.41796875 -0.635507081788854 1.04715957318821 0.0404970547033231 -0
1.419921875 -0.633406315072247 1.10394449982581 0.0404970454092285 -0
1.421875 -0.63119479858641 1.16056292911486 0.0404970356283348 -0
1.423828125 -0.628872866130392 1.21700603807612 0.0404970253629127 -0
1.42578125 -0.626440868750175 1.27326498868157 0.0404970146154225 -0
1.427734375 -0.623899174768354 1.32933092759511 0.0404970033885243 -0
1.4296875 -0.621248169814256 1.3851949859821 0.040496991685088 -0
1.431640625 -0.618488256854362 1.44084827939055 0.0404969795082043 -0
1.43359375 -0.615619856222887 1.49628190770659 0.0404969668611955 -0
1.435546875 -0.612643405652383 1.55148695518664 0.040496953747626 -0
1.4375 -0.609559360304189 1.60645449056895 0.0404969401713139 -0
1.439453125 -0.606368192798598 1.66117556726671 0.0404969261363421 -0
1.44140625 -0.603070393244554 1.71564122364514 0.0404969116470694 -0
1.443359375 -0.599666469268734 1.76984248338459 0.040496896708142 -0
1.4453125 -0.596156946043833 1.82377035593193 0.0404968813245045 -0
1.447265625 -0.592542366315875 1.87741583704202 0.0404968655014115 -0
1.44921875 -0.588823290430387 1.9307699094111 0.0404968492444383 -0
1.451171875 -0.585000296357238 1.98382354340409 0.0404968325594923 -0
1.453125 -0.581073979713965 2.036567697877 0.0404968154528236 -0
1.455078125 -0.577044953787406 2.0889933210964 0.0404967979310352 -0
1.45703125 -0.572913849553432 2.14109135175687 0.0404967800010942 -0
1.458984375 -0.568681315694605 2.19285272009797 0.0404967616703408 -0
1.4609375 -0.564348018615549 2.24426834912168 0.0404967429464986 -0
1.462890625 -0.559914642455849 2.2953291559112 0.0404967238376835 -0
1.46484375 -0.555381889100271 2.34602605305204 0.0404967043524125 -0
1.466796875 -0.550750478186114 2.39634995015592 0.0404966844996121 -0
1.46875 -0.546021147107475 2.44629175548799 0.0404966642886258 -0
1.470703125 -0.541194651016239 2.49584237769777 0.0404966437292213 -0
1.47265625 -0.536271762819593 2.54499272765385 0.0404966228315972 -0
1.474609375 -0.531253273173841 2.5937337203824 0.0404966016063884 -0
1.4765625 -0.526139990474349 2.64205627710943 0.0404965800646716 -0
1.478515625 -0.520932740841383 2.6899513274062 0.0404965582179692 -0
1.48046875 -0.515632368101668 2.73740981143751 0.0404965360782532 -0
1.482421875 -0.510239733765455 2.78442268231202 0.0404965136579475 -0
1.484375 -0.504755716998887 2.83098090853378 0.0404964909699302 -0
1.486328125 -0.499181214591495 2.87707547655386 0.0404964680275336 -0
1.48828125 -0.493517140918599 2.92269739342089 0.0404964448445447 -0
1.490234375 -0.487764427898444 2.96783768952903 0.0404964214352041 -0
1.4921875 -0.481924024943876 3.01248742146175 0.0404963978142032 -0
1.494140625 -0.475996898908359 3.05663767492962 0.0404963739966816 -0
1.49609375 -0.469984034026182 3.10027956780009 0.0404963499982226 -0
1.498046875 -0.46388643184664 3.14340425321712 0.0404963258348474 -0
1.5 -0.457705111162053 3.18600292280813 0.0404963015230089 -0
1.501953125 -0.451441107929421 3.22806680997597 0.0404962770795837 -0
1.50390625 -0.445095475185584 3.2695871932728 0.0404962525218633 -0
1.505859375 -0.438669282955699 3.3105553998532 0.0404962278675439 -0
1.5078125 -0.432163618154907 3.35096280900331 0.0404962031347147 -0
1.509765625 -0.42557958448303 3.39080085574258 0.0404961783418459 -0
1.51171875 -0.418918302312163 3.43006103449472 0.0404961535077744 -0
1.513671875 -0.412180908567035 3.4687349028242 0.0404961286516889 -0
1.515625 -0.405368556598006 3.50681408523434 0.0404961037931139 -0
1.517578125 -0.398482416046588 3.54429027702306 0.0404960789518918 -0
1.51953125 -0.391523672703385 3.581155248192 0.0404960541481646 -0
1.521484375 -0.384493528358338 3.61740084740478 0.0404960294023537 -0
1.5234375 -0.37739320064321 3.65301900598979 0.0404960047351391 -0
1.525390625 -0.370223922866191 3.68800174198286 0.0404959801674371 -0
1.52734375 -0.362986943838589 3.72234116420504 0.0404959557203771 -0
1.529296875 -0.355683527693515 3.75602947637051 0.0404959314152772 -0
1.53125 -0.348314953696517 3.7890589812196 0.0404959072736186 -0
1.533203125 -0.340882516048126 3.82142208467162 0.0404958833170193 -0
1.53515625 -0.333387523678269 3.85311129999226 0.0404958595672067 -0
1.537109375 -0.325831300032531 3.88411925197017 0.0404958360459891 -0
1.5390625 -0.31821518285026 3.91443868109713 0.0404958127752265 -0
1.541015625 -0.310540523934496 3.94406244774616 0.040495789776801 -0
1.54296875 -0.302808688913752 3.97298353634212 0.0404957670725855 -0
1.544921875 -0.295021056995659 4.00119505951873 0.0404957446844123 -0
1.546875 -0.287179020712507 4.02869026225644 0.0404957226340416 -0
1.548828125 -0.27928398565872 4.05546252599521 0.0404957009431282 -0
1.55078125 -0.271337370220338 4.08150537271626 0.0404956796331886 -0
1.552734375 -0.263340605296547 4.106812468987 0.0404956587255679 -0
1.5546875 -0.255295134013357 4.13137762996308 0.0404956382414056 -0
1.556640625 -0.247202411429504 4.15519482334173 0.0404956182016016 -0
1.55859375 -0.239063904234679 4.17825817326043 0.0404955986267823 -0
1.560546875 -0.230881090440205 4.20056196413498 0.0404955795372659 -0
1.5625 -0.222655459062276 4.22210064443128 0.0404955609530288 -0
1.564453125 -0.214388509797895 4.24286883036476 0.040495542893671 -0
1.56640625 -0.206081752693664 4.26286130952191 0.0404955253783824 -0
1.568359375 -0.197736707807576 4.28207304439827 0.0404955084259094 -0
1.5703125 -0.189354904863983 4.30049917584707 0.0404954920545213 -0
1.572265625 -0.180937882901923 4.31813502643327 0.0404954762819782 -0
1.57421875 -0.172487189916978 4.33497610368755 0.0404954611254984 -0
1.576171875 -0.164004382496893 4.35101810325496 0.0404954466017271 -0
1.578125 -0.155491025451139 4.3662569119332 0.0404954327267059 -0
1.580078125 -0.146948691434654 4.38068861059548 0.0404954195158426 -0
1.58203125 -0.138378960566 4.3943094769933 0.040495406983883 -0
1.583984375 -0.129783420040149 4.40711598843432 0.0404953951448822 -0
1.5859375 -0.121163663736178 4.41910482433113 0.0404953840121785 -0
1.587890625 -0.112521291820106 4.4302728686164 0.0404953735983676 -0
1.58984375 -0.103857910343146 4.44061721202062 0.0404953639152785 -0
1.591796875 -0.0951751308356503 4.45013515420837 0.0404953549739502 -0
1.59375 -0.0864745698970192 4.45882420576969 0.0404953467846107 -0
1.595703125 -0.0777578487818625 4.46668209006307 0.0404953393566565 -0
1.59765625 -0.0690265929827104 4.47370674490698 0.0404953326986343 -0
1.599609375 -0.0602824318095696 4.479896324117 0.0404953268182245 -0
1.6015625 -0.0515269979666284 4.48524919888598 0.0404953217222251 -0
1.603515625 -0.0427619271264212 4.48976395900483 0.0404953174165391 -0
1.60546875 -0.0339888575017657 4.49343941392185 0.0404953139061622 -0
1.607421875 -0.025209429415789 4.49627459363875 0.0404953111951729 -0
1.609375 -0.0164252848703644 4.49826874944185 0.0404953092867243 -0
1.611328125 -0.00763806711328177 4.4994213544672 0.0404953081830381 -0
1.61328125 0.00115057979552314 4.49973210409863 0.0404953078853996 -0
1.615234375 0.00993901141835349 4.49920091619795 0.0404953083941556 -0
1.6171875 0.0187255833744214 4.49782793116715 0.0404953097087135 -0
1.619140625 0.0275086517744752 4.49561351184218 0.0404953118275423 -0
1.62109375 0.0362865736550549 4.49255824321871 0.0404953147481761 -0
1.623046875 0.0450577074120482 4.4886629320103 0.0404953184672188 -0
1.625 0.0538204132332201 4.48392860603968 0.0404953229803507 -0
1.626953125 0.0625730535293908 4.47835651346427 0.0404953282823377 -0
1.62890625 0.0713139933639399 4.4719481218372 0.0404953343670413 -0
1.630859375 0.0800416008803173 4.46470511700555 0.0404953412274308 -0
1.6328125 0.0887542477272429 4.45662940184763 0.0404953488555978 -0
1.634765625 0.0974503094812846 4.44772309485147 0.0404953572427712 -0
1.63671875 0.106128166066506 4.43798852853697 0.040495366379335 -0
1.638671875 0.114786202170882 4.42742824772447 0.0404953762548468 -0
1.640625 0.12342280765918 4.41604500765256 0.0404953868580586 -0
1.642578125 0.132036377982025 4.40384177194848 0.0404953981769384 -0
1.64453125 0.140625314580854 4.39082171045439 0.0404954101986938 -0
1.646484375 0.149188025288487 4.37698819691333 0.0404954229097962 -0
1.6484375 0.157722924725047 4.36234480651864 0.040495436296007 0
1.650390625 0.166228434688951 4.34689531333102 0.0404954503424044 0
1.65234375 0.174702984542746 4.33064368756745 0.0404954650334117 0
1.654296875 0.183145011593511 4.31359409276659 0.0404954803528265 0
1.65625 0.191552961467615 4.29575088283518 0.0404954962838505 0
1.658203125 0.199925288479586 4.27711859898038 0.0404955128091204 0
1.66015625 0.208260455994882 4.25770196653306 0.0404955299107398 0
1.662109375 0.216556936786356 4.23750589166709 0.0404955475703111 0
1.6640625 0.224813213384207 4.21653545802001 0.0404955657689687 0
1.666015625 0.233027778419247 4.19479592322044 0.0404955844874121 0
1.66796875 0.241199134959287 4.17229271532773 0.0404956037059393 0
1.669921875 0.249325796838496 4.14903142918944 0.0404956234044812 0
1.671875 0.257406288979558 4.12501782272237 0.0404956435626356 0
1.673828125 0.265439147708505 4.10025781312298 0.0404956641597012 0
1.67578125 0.27342292106207 4.07475747301275 0.040495685174712 0
1.677734375 0.281356169087461 4.04852302652472 0.0404957065864715 0
1.6796875 0.289237464134432 4.02156084533678 0.0404957283735864 0
1.681640625 0.297065391139558 3.99387744465782 0.0404957505145008 0
1.68359375 0.304838547902627 3.96547947917264 0.040495772987529 0
1.685546875 0.312555545355076 3.9363737389514 0.040495795770889 0
1.6875 0.320215007820405 3.90656714532983 0.0404958188427346 0
1.689453125 0.32781557326652 3.87606674676567 0.0404958421811875 0
1.69140625 0.335355893549959 3.8448797146776 0.0404958657643687 0
1.693359375 0.34283463465198 3.81301333927211 0.0404958895704285 0
1.6953125 0.350250476906491 3.78047502536429 0.0404959135775772 0
1.697265625 0.357602115219809 3.74727228819806 0.0404959377641133 0
1.69921875 0.364888259282264 3.71341274927149 0.0404959621084521 0
1.701171875 0.372107633771651 3.67890413217267 0.0404959865891524 0
1.703125 0.379258978548564 3.64375425843156 0.0404960111849432 0
1.705078125 0.386341048843649 3.60797104339307 0.0404960358747486 0
1.70703125 0.393352615436818 3.57156249211652 0.040496060637712 0
1.708984375 0.400292464828479 3.5345366953066 0.0404960854532189 0
1.7109375 0.407159399402859 3.4969018252807 0.040496110300919 0
1.712890625 0.413952237583482 3.45866613197728 0.0404961351607471 0
1.71484375 0.420669813980896 3.41983793901012 0.0404961600129421 0
1.716796875 0.42731097953274 3.38042563977268 0.040496184838066 0
1.71875 0.433874601636258 3.34043769359712 0.0404962096170204 0
1.720703125 0.440359564273354 3.29988262197191 0.0404962343310632 0
1.72265625 0.446764768128335 3.25876900482214 0.0404962589618227 0
1.724609375 0.453089130698441 3.21710547685635 0.0404962834913112 0
1.7265625 0.459331586397306 3.17490072398343 0.0404963079019376 0
1.728515625 0.465491086651501 3.13216347980311 0.0404963321765181 0
1.73046875 0.471566599990286 3.08890252217329 0.0404963562982862 0
1.732421875 0.47755711212874 3.04512666985729 0.0404963802509013 0
1.734375 0.483461626044416 3.00084477925395 0.0404964040184562 0
1.736328125 0.489279162047701 2.95606574121325 0.0404964275854834 0
1.73828125 0.495008757846031 2.91079847794 0.0404964509369603 0
1.740234375 0.500649468602154 2.86505193998792 0.0404964740583131 0
1.7421875 0.506200366986608 2.81883510334633 0.04049649693542 0
1.744140625 0.511660543224601 2.77215696662123 0.0404965195546129 0
1.74609375 0.517029105137473 2.72502654831272 0.0404965419026783 0
1.748046875 0.522305178178947 2.67745288419025 0.0404965639668573 0
1.75 0.527487905466341 2.62944502476701 0.0404965857348446 0
1.751953125 0.532576447806943 2.5810120328749 0.0404966071947861 0
1.75390625 0.537569983719758 2.53216298134077 0.0404966283352764 0
1.755859375 0.542467709452806 2.48290695076504 0.0404966491453551 0
1.7578125 0.547268838996184 2.43325302740326 0.0404966696145019 0
1.759765625 0.551972604091099 2.38321030115096 0.0404966897326317 0
1.76171875 0.556578254235055 2.33278786363235 0.0404967094900884 0
1.763671875 0.561085056683413 2.28199480639276 0.0404967288776386 0
1.765625 0.565492296447527 2.2308402191949 0.0404967478864636 0
1.767578125 0.569799276289643 2.17933318841871 0.0404967665081523 0
1.76953125 0.574005316714787 2.12748279556443 0.0404967847346925 0
1.771484375 0.578109755959817 2.07529811585842 0.0404968025584617 0
1.7734375 0.582111949979859 2.02278821696088 0.0404968199722184 0
1.775390625 0.58601127243232 1.96996215777491 0.040496836969092 0
1.77734375 0.589807114658667 1.91682898735564 0.0404968535425725 0
1.779296875 0.593498885664178 1.86339774391858 0.0404968696865009 0
1.78125 0.597086012095849 1.80967745394573 0.0404968853950578 0
1.783203125 0.600567938218654 1.75567713138815 0.0404969006627527 0
1.78515625 0.603944125890334 1.70140577696349 0.0404969154844135 0
1.787109375 0.607214054534918 1.64687237754679 0.0404969298551746 0
1.7890625 0.610377221115127 1.59208590565276 0.0404969437704662 0
1.791015625 0.613433140103874 1.53705531900778 0.040496957226003 0
1.79296875 0.616381343455001 1.48178956020945 0.0404969702177723 0
1.794921875 0.619221380573442 1.42629755647173 0.0404969827420236 0
1.796875 0.621952818284968 1.37058821945341 0.040496994795257 0
1.798828125 0.624575240805682 1.31467044516761 0.0404970063742118 0
1.80078125 0.627088249711404 1.25855311396988 0.0404970174758562 0
1.802734375 0.629491463907126 1.20224509062246 0.0404970280973763 0
1.8046875 0.631784519596648 1.14575522443212 0.0404970382361651 0
1.806640625 0.633967070252564 1.0890923494589 0.0404970478898132 0
1.80859375 0.636038786586722 1.03226528479297 0.0404970570560977 0
1.810546875 0.637999356521287 0.975282834896913 0.0404970657329733 0
1.8125 0.639848485160538 0.918153790010454 0.0404970739185624 0
1.814453125 0.641585894763515 0.860886926614739 0.0404970816111465 0
1.81640625 0.643211324717627 0.803491007953124 0.0404970888091572 0
1.818359375 0.644724531513332 0.745974784605435 0.0404970955111682 0
1.8203125 0.646125288719992 0.688346995112577 0.0404971017158873 0
1.822265625 0.647413386962991 0.630616366648299 0.0404971074221495 0
1.82421875 0.648588633902212 0.572791615734931 0.0404971126289095 0
1.826171875 0.649650854211955 0.514881448999806 0.0404971173352358 0
1.828125 0.650599889562367 0.456894563969082 0.0404971215403047 0
1.830078125 0.651435598602459 0.398839649895629 0.040497125243395 0
1.83203125 0.652157856944772 0.340725388617604 0.0404971284438829 0
1.833984375 0.652766557151747 0.282560455444327 0.0404971311412382 0
1.8359375 0.653261608723852 0.224353520066026 0.04049713333502 0
1.837890625 0.653642938089505 0.166113247484016 0.0404971350248744 0
1.83984375 0.653910488596836 0.107848298957844 0.0404971362105311 0
1.841796875 0.654064220507309 0.0495673329659115 0.0404971368918019 0
1.84375 0.654104110991234 -0.00872099382389946 0.040497137068579 -0
1.845703125 0.654030154125184 -0.067008025577115 0.0404971367408347 -0
1.84765625 0.653842360891323 -0.125285106312571 0.0404971359086207 -0
1.849609375 0.653540759178651 -0.183543578922839 0.0404971345720685 -0
1.8515625 0.653125393786156 -0.241774784198689 0.0404971327313908 -0
1.853515625 0.652596326427875 -0.299970059861092 0.0404971303868826 -0
1.85546875 0.651953635739824 -0.358120739604261 0.0404971275389238 -0
1.857421875 0.651197417288796 -0.416218152153219 0.0404971241879815 -0
1.859375 0.650327783582975 -0.474253620339377 0.0404971203346134 -0
1.861328125 0.649344864084345 -0.532218460197565 0.040497115979472 -0
1.86328125 0.648248805222829 -0.590103980087971 0.0404971111233088 -0
1.865234375 0.647039770412126 -0.647901479846393 0.0404971057669791 -0
1.8671875 0.645717940067179 -0.705602249966193 0.0404970999114478 -0
1.869140625 0.644283511623196 -0.763197570815322 0.0404970935577952 -0
1.87109375 0.642736699556181 -0.82067871189172 0.0404970867072239 -0
1.873046875 0.641077735404869 -0.878036931120408 0.0404970793610652 -0
1.875 0.639306867793992 -0.935263474195486 0.0404970715207871 -0
1.876953125 0.637424362458793 -0.99234957397027 0.0404970631880022 -0
1.87890625 0.635430502270671 -1.04928644989871 0.0404970543644755 -0
1.880859375 0.633325587263876 -1.10606530753116 0.0404970450521339 -0
1.8828125 0.631109934663127 -1.16267733806767 0.0404970352530749 -0
1.884765625 0.628783878912049 -1.21911371797156 0.040497024969576 -0
1.88671875 0.626347771702301 -1.2753656086465 0.0404970142041049 0
1.888671875 0.623801982003274 -1.33142415617963 0.0404970029593292 0
1.890625 0.621146896092224 -1.38728049115388 0.0404969912381271 0
1.892578125 0.618382917584704 -1.44292572853177 0.0404969790435976 0
1.89453125 0.615510467465147 -1.49835096761373 0.0404969663790718 0
1.896484375 0.612529984117463 -1.55354729207325 0.0404969532481235 0
1.8984375 0.609441923355486 -1.60850577007136 0.0404969396545805 0
1.900390625 0.606246758453122 -1.66321745445288 0.0404969256025358 0
1.90234375 0.602944980174029 -1.71767338302667 0.0404969110963588 0
1.904296875 0.599537096800674 -1.77186457893203 0.0404968961407065 0
1.90625 0.596023634162576 -1.82578205109337 0.0404968807405351 0
1.908203125 0.59240513566359 -1.87941679476511 0.0404968649011108 0
1.91015625 0.588682162308025 -1.93275979216859 0.0404968486280213 0
1.912109375 0.584855292725432 -1.98580201322282 0.0404968319271865 0
1.9140625 0.580925123193873 -2.0385344163706 0.0404968148048695 0
1.916015625 0.576892267661484 -2.0909479495015 0.040496797267687 0
1.91796875 0.572757357766133 -2.14303355097314 0.0404967793226194 0
1.919921875 0.568521042852995 -2.19478215073181 0.0404967609770215 0
1.921875 0.564183989989837 -2.24618467153373 0.0404967422386312 0
1.923828125 0.559746883979817 -2.29723203026766 0.0404967231155793 0
1.92578125 0.555210427371604 -2.34791513937978 0.040496703616398 0
1.927734375 0.550575340466614 -2.39822490840152 0.0404966837500291 0
1.9296875 0.54584236132316 -2.4481522455806 0.0404966635258321 0
1.931640625 0.541012245757315 -2.49768805961586 0.0404966429535906 0
1.93359375 0.536085767340286 -2.54682326149585 0.0404966220435193 0
1.935546875 0.531063717392097 -2.59554876644125 0.0404966008062697 0
1.9375 0.525946904971375 -2.64385549595093 0.0404965792529349 0
1.939453125 0.520736156861039 -2.69173437995129 0.0404965573950543 0
1.94140625 0.51543231754969 -2.73917635904833 0.0404965352446166 0
1.943359375 0.510036249208506 -2.7861723868818 0.0404965128140629 0
1.9453125 0.504548831663433 -2.83271343258049 0.0404964901162879 0
1.947265625 0.498970962362489 -2.87879048331757 0.0404964671646411 0
1.94921875 0.493303556337974 -2.92439454696482 0.0404964439729266 0
1.951171875 0.487547546163407 -2.9695166548442 0.0404964205554017 0
1.953125 0.481703881904989 -3.01414786457517 0.0404963969267749 0
1.955078125 0.47577353106741 -3.058279263016 0.0404963731022022 0
1.95703125 0.469757478533832 -3.1019019692969 0.0404963490972835 0
1.958984375 0.463656726499845 -3.14500713794299 0.0404963249280563 0
1.9609375 0.457472294401243 -3.18758596208449 0.0404963006109895 0
1.962890625 0.451205218835452 -3.22962967675177 0.0404962761629754 0
1.96484375 0.444856553476431 -3.27112956225226 0.0404962516013208 0
1.966796875 0.438427368982904 -3.31207694762649 0.0404962269437367 0
1.96875 0.431918752899765 -3.35246321417995 0.040496202208327 0
1.970703125 0.425331809552514 -3.39227979908754 0.0404961774135757 0
1.97265625 0.418667659934579 -3.43151819906704 0.0404961525783331 0
1.974609375 0.411927441587408 -3.47016997411794 0.0404961277218011 0
1.9765625 0.405112308473181 -3.50822675132182 0.040496102863516 0
1.978515625 0.398223430840057 -3.54568022870009 0.040496078023332 0
1.98046875 0.391261995079821 -3.58252217912515 0.0404960532214017 0
1.982421875 0.38422920357785 -3.61874445428027 0.0404960284781568 0
1.984375 0.377126274555289 -3.65433898866404 0.0404960038142864 0
1.986328125 0.369954441903381 -3.6892978036344 0.0404959792507153 0
1.98828125 0.362714955009842 -3.72361301148766 0.0404959548085803 0
1.990234375 0.355409078577257 -3.75727681956744 0.0404959305092061 0
1.9921875 0.348038092433407 -3.7902815343985 0.0404959063740796 0
1.994140625 0.340603291333513 -3.82261956584022 0.0404958824248232 0
1.99609375 0.333105984754344 -3.8542834312545 0.0404958586831679 0
1.998046875 0.325547496680175 -3.88526575968248 0.0404958351709245 0
2 0.317929165380584 -3.91555929602476 0.0404958119099545 0
