0 0.842789628100165 0 0.065651864413627 -0
0.001953125 0.842719788751226 -0.0715132672989438 0.0656518640952438 0
0.00390625 0.842510279399779 -0.143017629772146 0.0656518631400032 0
0.005859375 0.842161126134929 -0.214504179518771 0.0656518615476336 0
0.0078125 0.841672372448533 -0.285964002493393 0.0656518593176841 0
0.009765625 0.841044079250189 -0.357388175447684 0.0656518564495282 0
0.01171875 0.840276324888191 -0.428767762888871 0.0656518529423682 0
0.013671875 0.839369205176405 -0.50009381406057 0.0656518487952411 0
0.015625 0.838322833427017 -0.571357359951541 0.0656518440070257 0
0.017578125 0.837137340489094 -0.642549410337969 0.0656518385764511 0
0.01953125 0.835812874792884 -0.71366095086481 0.0656518325021063 0
0.021484375 0.834349602399778 -0.784682940171758 0.0656518257824513 0
0.0234375 0.832747707057838 -0.855606307069379 0.0656518184158292 0
0.025390625 0.831007390262788 -0.926421947770922 0.0656518104004796 0
0.02734375 0.829128871324358 -0.997120723185308 0.0656518017345532 0
0.029296875 0.827112387437846 -1.0676934562768 0.0656517924161278 0
0.03125 0.824958193760777 -1.13813092949677 0.0656517824432251 0
0.033203125 0.822666563494499 -1.20842388229308 0.0656517718138289 0
0.03515625 0.820237787970569 -1.27856300870235 0.0656517605259045 0
0.037109375 0.817672176741755 -1.34853895503061 0.0656517485774188 0
0.0390625 0.814970057677481 -1.41834231762761 0.0656517359663617 0
0.041015625 0.812131777063523 -1.48796364076006 0.0656517226907686 0
0.04296875 0.809157699705762 -1.55739341458911 0.0656517087487439 0
0.044921875 0.806048209037784 -1.62662207325719 0.0656516941384853 0
0.046875 0.802803707232101 -1.69563999308944 0.0656516788583089 0
0.048828125 0.799424615314778 -1.7644374909147 0.0656516629066755 0
0.05078125 0.795911373283215 -1.8330048225112 0.0656516462822174 0
0.052734375 0.792264440226844 -1.90133218118178 0.0656516289837663 0
0.0546875 0.788484294450474 -1.96940969646357 0.0656516110103814 0
0.056640625 0.784571433600033 -2.03722743297695 0.0656515923613788 0
0.05859375 0.780526374790408 -2.1047753894183 0.0656515730363609 0
0.060546875 0.776349654735118 -2.17204349770141 0.0656515530352467 0
0.0625 0.772041829877512 -2.23902162225169 0.0656515323583024 0
0.064453125 0.767603476523197 -2.30569955945792 0.0656515110061726 0
0.06640625 0.763035190973379 -2.37206703728542 0.0656514889799113 0
0.068359375 0.758337589658801 -2.43811371505507 0.0656514662810139 0
0.0703125 0.753511309273945 -2.50382918339186 0.0656514429114486 0
0.072265625 0.748557006911176 -2.56920296434707 0.0656514188736887 0
0.07421875 0.743475360194465 -2.63422451169748 0.0656513941707438 0
0.076171875 0.738267067412358 -2.69888321142534 0.065651368806192 0
0.078125 0.732932847649835 -2.76316838238214 0.0656513427842116 0
0.080078125 0.727473440918678 -2.82706927713965 0.0656513161096115 0
0.08203125 0.721889608286008 -2.89057508303076 0.0656512887878631 0
0.083984375 0.716182132000589 -2.95367492338315 0.0656512608251301 0
0.0859375 0.710351815616542 -3.01635785894813 0.065651232228298 0
0.087890625 0.704399484114073 -3.07861288952686 0.065651203005004 0
0.08984375 0.698325984016828 -3.14042895579615 0.0656511731636647 0
0.091796875 0.692132183505494 -3.20179494133535 0.0656511427135031 0
0.09375 0.685818972527237 -3.2626996748561 0.0656511116645761 0
0.095703125 0.679387262900588 -3.32313193263583 0.0656510800277982 0
0.09765625 0.672837988415378 -3.38308044115634 0.0656510478149665 0
0.099609375 0.666172104927321 -3.44253387994769 0.0656510150387827 0
0.1015625 0.659390590446832 -3.50148088463803 0.0656509817128743 0
0.103515625 0.652494445221703 -3.55991005020923 0.0656509478518138 0
0.10546875 0.645484691813203 -3.61780993445802 0.0656509134711367 0
0.107421875 0.638362375165227 -3.67516906166201 0.0656508785873571 0
0.109375 0.631128562666085 -3.73197592644957 0.0656508432179815 0
0.111328125 0.623784344202533 -3.78821899787222 0.0656508073815212 0
0.11328125 0.616330832205647 -3.84388672367774 0.0656507710975012 0
0.115234375 0.608769161688167 -3.89896753478209 0.0656507343864679 0
0.1171875 0.601100490272905 -3.95344984993741 0.0656506972699944 0
0.119140625 0.593325998211849 -4.00732208059353 0.0656506597706824 0
0.12109375 0.585446888395586 -4.06057263594945 0.0656506219121627 0
0.123046875 0.577464386352671 -4.11318992819142 0.0656505837190922 0
0.125 0.569379740238588 -4.16516237791339 0.0656505452171483 0
0.126953125 0.561194220813947 -4.21647841971544 0.0656505064330211 0
0.12890625 0.552909121411575 -4.26712650797541 0.0656504673944016 0
0.130859375 0.544525757892168 -4.31709512278834 0.0656504281299681 0
0.1328125 0.536045468588183 -4.36637277606819 0.0656503886693688 0
0.134765625 0.527469614235652 -4.4149480178056 0.0656503490432014 0
0.13671875 0.51879957789363 -4.46280944247545 0.0656503092829905 0
0.138671875 0.510036764850982 -4.5099456955871 0.0656502694211603 0
0.140625 0.501182602520243 -4.55634548037016 0.0656502294910058 0
0.142578125 0.492238540318286 -4.60199756458811 0.0656501895266598 0
0.14453125 0.483206049533571 -4.64689078747167 0.065650149563057 0
0.146484375 0.474086623179725 -4.69101406676353 0.0656501096358952 0
0.1484375 0.464881775835276 -4.73435640586555 0.0656500697815932 0
0.150390625 0.455593043469313 -4.77690690107943 0.0656500300372457 0
0.15234375 0.446221983252934 -4.81865474893111 0.0656499904405751 0
0.154296875 0.436770173356301 -4.85958925356922 0.0656499510298806 0
0.15625 0.427239212731179 -4.89969983422737 0.0656499118439841 0
0.158203125 0.41763072087885 -4.93897603273981 0.0656498729221736 0
0.16015625 0.407946337603289 -4.97740752109956 0.0656498343041438 0
0.162109375 0.398187722749555 -5.01498410904827 0.0656497960299339 0
0.1640625 0.38835655592732 -5.05169575168626 0.0656497581398634 0
0.166015625 0.37845453621953 -5.08753255709129 0.0656497206744655 0
0.16796875 0.368483381876182 -5.12248479393449 0.0656496836744179 0
0.169921875 0.358444829993224 -5.15654289908132 0.065649647180472 0
0.171875 0.348340636176645 -5.18969748516568 0.0656496112333804 0
0.173828125 0.338172574191795 -5.22193934812485 0.0656495758738225 -0
0.17578125 0.327942435598033 -5.25325947468304 0.0656495411423284 -0
0.177734375 0.317652029368815 -5.2836490497711 0.0656495070792024 -0
0.1796875 0.307303181497364 -5.31309946386994 0.0656494737244445 -0
0.181640625 0.296897734588073 -5.34160232026526 0.065649441117672 -0
0.18359375 0.286437547433828 -5.36914944220105 0.0656494092980396 -0
0.185546875 0.275924494579475 -5.39573287991944 0.06564937830416 -0
0.1875 0.265360465871643 -5.42134491757457 0.0656493481740238 -0
0.189453125 0.254747365995199 -5.44597808000817 0.0656493189449201 -0
0.19140625 0.244087113996611 -5.4696251393747 0.0656492906533569 -0
0.193359375 0.233381642794517 -5.4922791216041 0.0656492633349828 -0
0.1953125 0.222632898677845 -5.51393331269028 0.0656492370245089 -0
0.197265625 0.21184284079182 -5.5345812647938 0.0656492117556327 -0
0.19921875 0.201013440612244 -5.55421680214746 0.0656491875609625 -0
0.201171875 0.190146681408432 -5.57283402675363 0.0656491644719443 -0
0.203125 0.179244557695238 -5.59042732386268 0.0656491425187904 -0
0.205078125 0.168309074674593 -5.60699136722205 0.06564912173041 -0
0.20703125 0.157342247667027 -5.62252112408598 0.0656491021343419 -0
0.208984375 0.146346101533632 -5.63701185997618 0.0656490837566911 -0
0.2109375 0.135322670088995 -5.65045914318437 0.065649066622067 -0
0.212890625 0.124273995505569 -5.6628588490078 0.0656490507535253 -0
0.21484375 0.113202127710058 -5.67420716370954 0.0656490361725132 -0
0.216796875 0.102109123772328 -5.68450058819577 0.0656490228988181 -0
0.21875 0.0909970472874182 -5.6937359414028 0.0656490109505202 -0
0.220703125 0.0798679677512235 -5.70191036338714 0.0656490003439482 -0
0.22265625 0.0687239599304372 -5.70902131811239 0.0656489910936406 -0
0.224609375 0.0575671032273469 -5.71506659592762 0.0656489832123095 -0
0.2265625 0.0463994810400949 -5.72004431573194 0.0656489767108098 -0
0.228515625 0.035223180119019 -5.72395292682133 0.065648971598113 -0
0.23046875 0.0240402899196991 -5.72679121041365 0.0656489678812845 -0
0.232421875 0.0128529019533407 -5.72855828084902 0.0656489655654665 -0
0.234375 0.00166310913513263 -5.72925358646305 0.0656489646538655 -0
0.236328125 -0.00952699486878055 -5.7288769101311 0.0656489651477444 -0
0.23828125 -0.020715316295067 -5.72742836948267 0.0656489670464189 -0
0.240234375 -0.0318997619370722 -5.72490841678522 0.0656489703472597 -0
0.2421875 -0.0430782397981342 -5.72131783849791 0.0656489750456989 -0
0.244140625 -0.0542486597437047 -5.71665775449595 0.0656489811352409 -0
0.24609375 -0.0654089341516341 -5.71092961696731 0.0656489886074788 -0
0.248046875 -0.0765569785599832 -5.70413520898382 0.0656489974521151 -0
0.25 -0.0876907123117271 -5.69627664274974 0.0656490076569865 -0
0.251953125 -0.0988080591957244 -5.68735635753112 0.0656490192080939 -0
0.25390625 -0.109906948083333 -5.67737711727029 0.0656490320896369 -0
0.255859375 -0.120985313560061 -5.66634200789004 0.0656490462840514 -0
0.2578125 -0.132041096551654 -5.65425443429311 0.0656490617720527 -0
0.259765625 -0.143072244944019 -5.64111811706274 0.0656490785326818 -0
0.26171875 -0.15407671419643 -5.62693708887093 0.0656490965433555 -0
0.263671875 -0.165052467947421 -5.61171569060146 0.0656491157799203 -0
0.265625 -0.175997478612842 -5.59545856719537 0.0656491362167096 -0
0.267578125 -0.186909727975528 -5.57817066322687 0.065649157826604 -0
0.26953125 -0.197787207766072 -5.5598572182185 0.0656491805810948 -0
0.271484375 -0.208627920234194 -5.54052376170437 0.06564920445035 -0
0.2734375 -0.219429878710229 -5.52017610805127 0.065649229403283 -0
0.275390625 -0.230191108156269 -5.4988203510473 0.0656492554076233 -0
0.27734375 -0.240909645706508 -5.47646285826851 0.0656492824299893 -0
0.279296875 -0.25158354119638 -5.4531102652341 0.0656493104359633 -0
0.28125 -0.262210857680079 -5.42876946936111 0.0656493393901674 -0
0.283203125 -0.272789671936072 -5.40344762373 0.0656493692563408 -0
0.28515625 -0.283318074960274 -5.37715213067243 0.0656493999974184 -0
0.287109375 -0.293794172446511 -5.34989063519319 0.0656494315756096 -0
0.2890625 -0.304216085253997 -5.32167101823805 0.0656494639524785 -0
0.291015625 -0.314581949861504 -5.2925013898197 0.0656494970890229 -0
0.29296875 -0.32488991880798 -5.26239008201411 0.065649530945755 -0
0.294921875 -0.335138161119371 -5.23134564183948 0.0656495654827801 -0
0.296875 -0.345324862721416 -5.19937682403027 0.0656496006598762 -0
0.298828125 -0.35544822683824 -5.16649258371892 0.0656496364365722 -0
0.30078125 -0.365506474376568 -5.13270206903745 0.0656496727722252 -0
0.302734375 -0.375497844295417 -5.09801461365158 0.0656497096260965 -0
0.3046875 -0.385420593961144 -5.06243972923984 0.0656497469574265 -0
0.306640625 -0.39527299948776 -5.02598709792977 0.0656497847255083 -0
0.30859375 -0.405053356062433 -4.98866656470369 0.0656498228897583 -0
0.310546875 -0.414759978256134 -4.95048812978598 0.0656498614097866 -0
0.3125 -0.424391200319409 -4.91146194102389 0.0656499002454637 -0
0.314453125 -0.433945376463259 -4.87159828627371 0.065649939356986 -0
0.31640625 -0.443420881125166 -4.83090758580376 0.0656499787049382 -0
0.318359375 -0.452816109220305 -4.7894003847256 0.065650018250354 -0
0.3203125 -0.462129476378 -4.74708734546465 0.0656500579547728 -0
0.322265625 -0.471359419163526 -4.7039792402809 0.0656500977802955 -0
0.32421875 -0.480504395285347 -4.66008694385045 0.0656501376896356 -0
0.326171875 -0.489562883787942 -4.61542142591803 0.0656501776461684 -0
0.328125 -0.49853338523034 -4.56999374403043 0.0656502176139775 -0
0.330078125 -0.50741442185056 -4.52381503636054 0.065650257557897 -0
0.33203125 -0.516204537716123 -4.47689651463124 0.0656502974435519 -0
0.333984375 -0.524902298860839 -4.42924945714804 0.0656503372373947 -0
0.3359375 -0.533506293408108 -4.38088520194896 0.065650376906739 -0
0.337890625 -0.542015131680952 -4.33181514008002 0.06565041641979 -0
0.33984375 -0.550427446299045 -4.28205070900382 0.0656504557456719 -0
0.341796875 -0.558741892262998 -4.23160338614896 0.065650494854452 -0
0.34375 -0.56695714702619 -4.18048468260696 0.0656505337171618 -0
0.345703125 -0.575071910554432 -4.12870613698358 0.0656505723058151 -0
0.34765625 -0.583084905373782 -4.07627930941046 0.0656506105934232 -0
0.349609375 -0.590994876606816 -4.02321577572311 0.0656506485540066 -0
0.3515625 -0.5988005919977 -3.96952712181043 0.0656506861626043 -0
0.353515625 -0.606500841926388 -3.91522493814088 0.0656507233952802 -0
0.35546875 -0.614094439412313 -3.86032081446979 0.0656507602291265 -0
0.357421875 -0.621580220107911 -3.80482633473195 0.0656507966422646 -0
0.359375 -0.62895704228236 -3.74875307212333 0.0656508326138433 -0
0.361328125 -0.636223786795893 -3.69211258437524 0.0656508681240345 -0
0.36328125 -0.643379357065075 -3.63491640922381 0.0656509031540267 -0
0.365234375 -0.650422679019423 -3.57717606007762 0.0656509376860158 -0
0.3671875 -0.657352701049754 -3.51890302188536 0.0656509717031941 -0
0.369140625 -0.664168393948663 -3.4601087472057 0.0656510051897368 -0
0.37109375 -0.670868750843526 -3.40080465248046 0.0656510381307868 -0
0.373046875 -0.677452787122415 -3.34100211451255 0.0656510705124378 -0
0.375 -0.683919540353341 -3.2807124671492 0.065651102321715 -0
0.376953125 -0.690268070197216 -3.2199469981709 0.0656511335465547 -0
0.37890625 -0.696497458314946 -3.15871694638637 0.0656511641757825 -0
0.380859375 -0.702606808269038 -3.09703349893298 0.0656511941990891 -0
0.3828125 -0.708595245420153 -3.03490778878235 0.0656512236070065 -0
0.384765625 -0.714461916818969 -2.97235089245022 0.0656512523908809 -0
0.38671875 -0.720205991093786 -2.90937382790933 0.0656512805428466 -0
0.388671875 -0.72582665833424 -2.84598755270409 0.0656513080557977 -0
0.390625 -0.731323129971537 -2.78220296226518 0.0656513349233588 -0
0.392578125 -0.736694638655588 -2.71803088842227 0.0656513611398561 -0
0.39453125 -0.741940438129436 -2.65348209811266 0.0656513867002868 -0
0.396484375 -0.747059803101341 -2.58856729228326 0.0656514116002885 -0
0.3984375 -0.752052029114918 -2.52329710498359 0.065651435836108 -0
0.400390625 -0.756916432417683 -2.45768210264652 0.0656514594045699 -0
0.40234375 -0.761652349828381 -2.3917327835541 0.065651482303045 -0
0.404296875 -0.766259138603441 -2.32545957748493 0.0656515045294182 -0
0.40625 -0.770736176302931 -2.25887284553976 0.0656515260820568 -0
0.408203125 -0.775082860656331 -2.1919828801417 0.065651546959779 -0
0.41015625 -0.779298609428485 -2.12479990520724 0.0656515671618218 -0
0.412109375 -0.783382860286047 -2.05733407648416 0.0656515866878098 -0
0.4140625 -0.787335070664751 -1.98959548205231 0.065651605537724 -0
0.416015625 -0.791154717637814 -1.92159414298296 0.065651623711871 -0
0.41796875 -0.794841297785778 -1.85334001415247 0.0656516412108528 -0
0.419921875 -0.798394327068097 -1.7848429852058 0.0656516580355369 -0
0.421875 -0.801813340696738 -1.71611288166531 0.0656516741870269 -0
0.423828125 -0.805097893012102 -1.64715946618018 0.0656516896666342 -0
0.42578125 -0.808247557361505 -1.57799243991173 0.0656517044758499 -0
0.427734375 -0.811261925980507 -1.50862144404972 0.0656517186163176 -0
0.4296875 -0.814140609877324 -1.43905606145485 0.0656517320898072 -0
0.431640625 -0.816883238720565 -1.36930581842226 0.065651744898189 -0
0.43359375 -0.819489460730536 -1.29938018656123 0.0656517570434098 -0
0.435546875 -0.82195894257432 -1.22928858478569 0.0656517685274682 -0
0.4375 -0.824291369264855 -1.15904038141058 0.065651779352393 -0
0.439453125 -0.826486444064205 -1.08864489634863 0.0656517895202206 -0
0.44140625 -0.828543888391217 -1.01811140340248 0.0656517990329747 -0
0.443359375 -0.830463441733746 -0.947449132646659 0.0656518078926468 -0
0.4453125 -0.832244861565618 -0.876667272894163 0.0656518161011777 -0
0.447265625 -0.833887923268489 -0.805774974242155 0.06565182366044 -0
0.44921875 -0.835392420058751 -0.734781350691448 0.065651830572222 -0
0.451171875 -0.836758162919627 -0.663695482834267 0.065651836838213 -0
0.453125 -0.837984980538573 -0.592526420604826 0.065651842459989 -0
0.455078125 -0.839072719250115 -0.521283186087217 0.0656518474390005 -0
0.45703125 -0.840021242984226 -0.449974776375118 0.0656518517765612 -0
0.458984375 -0.84083043322033 -0.37861016647775 0.0656518554738377 -0
0.4609375 -0.84150018894703 -0.307198312266577 0.0656518585318409 -0
0.462890625 -0.842030426627622 -0.235748153457158 0.0656518609514181 -0
0.46484375 -0.842421080171472 -0.164268616620602 0.0656518627332475 -0
0.466796875 -0.842672100911296 -0.092768618219042 0.0656518638778323 -0
0.46875 -0.84278345758639 -0.0212570676595408 0.0656518643854979 -0
0.470703125 -0.842755136331841 0.050257129639147 0.065651864256389 0
0.47265625 -0.842587140673737 0.121765069172563 0.0656518634904687 0
0.474609375 -0.842279491530386 0.193257844274868 0.0656518620875189 0
0.4765625 -0.841832227219538 0.264726543047095 0.0656518600471417 0
0.478515625 -0.841245403471608 0.336162245294931 0.0656518573687625 0
0.48046875 -0.840519093448855 0.407556019481606 0.0656518540516339 0
0.482421875 -0.839653387770508 0.478898919701492 0.0656518500948413 0
0.484375 -0.838648394543771 0.550181982679976 0.0656518454973097 0
0.486328125 -0.837504239400664 0.621396224805195 0.0656518402578117 0
0.48828125 -0.836221065540626 0.692532639197191 0.065651834374977 0
0.490234375 -0.8347990337788 0.763582192820034 0.0656518278473026 0
0.4921875 -0.833238322599922 0.83453582364247 0.0656518206731651 0
0.494140625 -0.831539128217697 0.905384437852601 0.0656518128508332 0
0.49609375 -0.829701664639561 0.976118907132122 0.0656518043784826 0
0.498046875 -0.827726163736712 1.0467300659956 0.0656517952542109 0
0.5 -0.825612875319265 1.11720870920023 0.0656517854760549 0
0.501953125 -0.823362067216398 1.1875455892316 0.0656517750420075 0
0.50390625 -0.820974025361329 1.25773141387073 0.0656517639500374 0
0.505859375 -0.818449053880966 1.32775684384795 0.0656517521981089 0
0.5078125 -0.815787475190048 1.39761249058873 0.0656517397842027 0
0.509765625 -0.812989630089604 1.46728891405706 0.0656517267063385 0
0.51171875 -0.810055877869513 1.53677662070131 0.0656517129625974 0
0.513671875 -0.806986596414989 1.60606606150811 0.065651698551147 0
0.515625 -0.803782182316747 1.6751476301691 0.0656516834702654 0
0.517578125 -0.800443050984641 1.74401166136593 0.0656516677183675 0
0.51953125 -0.796969636764536 1.81264842917831 0.065651651294032 0
0.521484375 -0.793362393058163 1.88104814562025 0.0656516341960282 0
0.5234375 -0.789621792445707 1.94920095930928 0.0656516164233448 0
0.525390625 -0.785748326810861 2.01709695427344 0.0656515979752184 0
0.52734375 -0.781742507468076 2.08472614890093 0.0656515788511632 0
0.529296875 -0.777604865291717 2.15207849503673 0.0656515590510009 0
0.53125 -0.773335950846839 2.21914387723103 0.0656515385748914 0
0.533203125 -0.768936334521283 2.28591211214363 0.0656515174233633 0
0.53515625 -0.764406606658778 2.35237294810877 0.0656514955973458 0
0.537109375 -0.759747377692733 2.41851606486434 0.0656514730981997 0
0.5390625 -0.754959278280402 2.48433107344974 0.0656514499277495 0
0.541015625 -0.75004295943707 2.54980751627595 0.0656514260883148 0
0.54296875 -0.744999092669949 2.61493486737183 0.0656514015827426 0
0.544921875 -0.739828370111399 2.67970253280996 0.0656513764144387 0
0.546875 -0.73453150465116 2.74409985131548 0.0656513505873998 0
0.548828125 -0.729109230067198 2.80811609506111 0.065651324106244 0
0.55078125 -0.723562301154827 2.8717404706513 0.0656512969762426 0
0.552734375 -0.717891493853716 2.93496212029834 0.0656512692033504 0
0.5546875 -0.712097605372412 2.99777012319288 0.0656512407942353 0
0.556640625 -0.706181454309994 3.06015349707133 0.0656512117563081 0
0.55859375 -0.700143880774477 3.12210119998207 0.0656511820977507 0
0.560546875 -0.693985746497564 3.18360213225247 0.0656511518275438 0
0.5625 -0.687707934945366 3.24464513865813 0.0656511209554935 0
0.564453125 -0.681311351424681 3.30521901079578 0.0656510894922571 0
0.56640625 -0.674796923184445 3.36531248966077 0.0656510574493668 0
0.568359375 -0.668165599511944 3.42491426842989 0.0656510248392532 0
0.5703125 -0.661418351823391 3.48401299545 0.0656509916752664 0
0.572265625 -0.654556173748467 3.54259727743247 0.0656509579716962 0
0.57421875 -0.64758008120842 3.60065568285332 0.0656509237437901 0
0.576171875 -0.640491112487321 3.65817674555842 0.0656508890077696 0
0.578125 -0.633290328296082 3.71514896857289 0.0656508537808453 0
0.580078125 -0.625978811828833 3.77156082811343 0.0656508180812283 0
0.58203125 -0.618557668811264 3.82740077780205 0.0656507819281416 0
0.583984375 -0.611028027540544 3.88265725307907 0.0656507453418273 0
0.5859375 -0.603391038916424 3.93731867581314 0.065650708343553 0
0.587890625 -0.595647876463149 3.99137345910555 0.0656506709556147 0
0.58984375 -0.587799736341793 4.04481001228559 0.0656506332013372 0
0.591796875 -0.579847837352658 4.09761674609361 0.0656505951050729 0
0.59375 -0.571793420927365 4.14978207804767 0.0656505566921968 0
0.595703125 -0.563637751110285 4.20129443798957 0.0656505179890988 0
0.59765625 -0.555382114528968 4.25214227380551 0.0656504790231738 0
0.599609375 -0.547027820353232 4.30231405731628 0.0656504398228083 0
0.6015625 -0.538576200242577 4.35179829033126 0.0656504004173641 0
0.603515625 -0.530028608281626 4.40058351086057 0.0656503608371592 0
0.60546875 -0.521386420903278 4.44865829947872 0.065650321113445 0
0.607421875 -0.512651036799287 4.49601128583323 0.0656502812783815 0
0.609375 -0.503823876817992 4.54263115529087 0.065650241365008 0
0.611328125 -0.494906383848932 4.58850665571411 0.0656502014072119 0
0.61328125 -0.485900022694108 4.63362660435976 0.0656501614396934 0
0.615234375 -0.476806279925651 4.67797989489153 0.0656501214979279 0
0.6171875 -0.467626663729688 4.72155550449765 0.0656500816181243 0
0.619140625 -0.458362703736208 4.76434250110482 0.0656500418371813 0
0.62109375 -0.449015950834748 4.80633005067863 0.0656500021926399 0
0.623046875 -0.439587976975744 4.84750742460117 0.0656499627226336 0
0.625 -0.430080374957399 4.88786400711532 0.0656499234658344 0
0.626953125 -0.42049475819795 4.9273893028257 0.0656498844613981 0
0.62890625 -0.410832760493236 4.96607294424534 0.0656498457489047 0
0.630859375 -0.401096035759491 5.00390469937724 0.0656498073682977 0
0.6328125 -0.391286257761294 5.04087447931959 0.0656497693598202 0
0.634765625 -0.381405119824649 5.07697234588323 0.0656497317639488 0
0.63671875 -0.371454334535188 5.11218851920958 0.0656496946213258 0
0.638671875 -0.361435633421487 5.14651338537736 0.065649657972688 0
0.640625 -0.351350766623557 5.17993750398592 0.0656496218587955 0
0.642578125 -0.341201502546542 5.2124516157031 0.0656495863203572 0
0.64453125 -0.330989627499717 5.24404664976538 0.0656495513979556 0
0.646484375 -0.320716945320896 5.27471373141784 0.0656495171319703 0
0.6484375 -0.310385276986366 5.30444418928153 0.0656494835624999 0
0.650390625 -0.299996460206515 5.33322956263594 0.0656494507292837 0
0.65234375 -0.289552349007319 5.3610616086038 0.0656494186716222 0
0.654296875 -0.279054813297906 5.38793230922609 0.0656493874282975 0
0.65625 -0.268505738424405 5.41383387841458 0.0656493570374936 0
0.658203125 -0.257907024710349 5.43875876876984 0.0656493275367164 0
0.66015625 -0.247260586983898 5.4626996782523 0.0656492989627143 0
0.662109375 -0.236568354092176 5.48564955669459 0.0656492713513994 0
0.6640625 -0.22583226840306 5.50760161214295 0.0656492447377697 0
0.666015625 -0.215054285294743 5.52854931701644 0.0656492191558317 0
0.66796875 -0.204236372633464 5.54848641407218 0.0656491946385253 0
0.669921875 -0.193380510239773 5.5674069221658 0.0656491712176496 0
0.671875 -0.182488689343754 5.58530514179601 0.0656491489237909 0
0.673828125 -0.171562912029633 5.60217566042288 0.0656491277862527 0
0.67578125 -0.160605190670227 5.61801335754977 0.0656491078329882 0
0.677734375 -0.149617547351704 5.63281340955904 0.0656490890905349 0
0.6796875 -0.138602013289137 5.64657129429218 0.0656490715839532 0
0.681640625 -0.127560628233375 5.65928279536563 0.0656490553367663 0
0.68359375 -0.11649543986974 5.67094400621372 0.0656490403709052 0
0.685546875 -0.105408503209103 5.68155133385084 0.0656490267066558 0
0.6875 -0.0943018799718853 5.69110150234548 0.0656490143626103 0
0.689453125 -0.0831776379655658 5.6995915559992 0.0656490033556225 0
0.69140625 -0.0720378504562635 5.70701886222432 0.0656489937007669 0
0.693359375 -0.060884595535002 5.71338111411445 0.0656489854113018 0
0.6953125 -0.0497199554792539 5.71867633270289 0.0656489784986373 0
0.697265625 -0.0385460161103813 5.72290286890429 0.0656489729723071 0
0.69921875 -0.0273648661475965 5.72605940513568 0.0656489688399453 0
0.701171875 -0.0161785965590701 5.72814495661362 0.0656489661072671 0
0.703125 -0.00498929991082454 5.72915887232486 0.0656489647780557 0
0.705078125 0.0062009302859489 5.72910083566859 0.0656489648541521 0
0.70703125 0.0173900002285059 5.72797086476889 0.0656489663354508 0
0.708984375 0.0285758164764524 5.72576931245687 0.0656489692199002 0
0.7109375 0.0397562866052905 5.7224968659224 0.0656489735035076 0
0.712890625 0.0509293198589618 5.71815454603631 0.0656489791803491 0
0.71484375 0.0620928278007448 5.7127437063442 0.0656489862425839 0
0.716796875 0.0732447249618688 5.70626603173414 0.065648994680474 0
0.71875 0.0843829294872063 5.69872353678068 0.0656490044824077 0
0.720703125 0.0955053637774183 5.69011856376878 0.0656490156349284 0
0.72265625 0.106609955126928 5.68045378040135 0.0656490281227672 0
0.724609375 0.117694636357111 5.66973217719516 0.0656490419288799 0
0.7265625 0.128757346444097 5.65795706457032 0.0656490570344887 0
0.728515625 0.139796031140589 5.64513206963897 0.0656490734191272 0
0.73046875 0.150808643591124 5.63126113269977 0.0656490910606894 0
0.732421875 0.161793144940197 5.6163485034449 0.0656491099354828 0
0.734375 0.172747504932706 5.60039873688722 0.0656491300182843 0
0.736328125 0.183669702506163 5.58341668901542 0.0656491512824 0
0.73828125 0.194557726374172 5.56540751218575 0.0656491736997273 0
0.740234375 0.205409575600639 5.54637665025919 0.0656491972408205 0
0.7421875 0.216223260164247 5.5263298334935 0.0656492218749586 0
0.744140625 0.226996801512723 5.50527307319989 0.0656492475702154 0
0.74609375 0.237728233106434 5.48321265617457 0.0656492742935319 0
0.748046875 0.248415600950905 5.46015513891564 0.0656493020107906 0
0.75 0.259056964117823 5.43610734163623 0.0656493306868908 0
0.751953125 0.269650395254171 5.41107634208508 0.0656493602858261 0
0.75390625 0.280193981079093 5.38506946918601 0.0656493907707622 0
0.755859375 0.290685822868179 5.35809429650784 0.0656494221041158 0
0.7578125 0.301124036924827 5.33015863557681 0.0656494542476346 0
0.759765625 0.311506755038401 5.30127052904345 0.0656494871624763 0
0.76171875 0.321832124928903 5.27143824371613 0.0656495208092891 0
0.763671875 0.332098310677917 5.24067026347364 0.065649555148291 0
0.765625 0.342303493145597 5.20897528206912 0.065649590139349 0
0.767578125 0.352445870373499 5.17636219583787 0.0656496257420581 0
0.76953125 0.362523657973088 5.14284009632151 0.0656496619158183 0
0.771484375 0.372535089499755 5.10841826282083 0.0656496986199114 0
0.7734375 0.382478416812232 5.07310615488999 0.0656497358135766 0
0.775390625 0.392351910417294 5.03691340478413 0.0656497734560836 0
0.77734375 0.40215385979967 4.99984980987299 0.0656498115068048 0
0.779296875 0.411882573737111 4.96192532503237 0.0656498499252856 0
0.78125 0.421536380600578 4.92315005502567 0.0656498886713122 0
0.783203125 0.431113628639555 4.88353424688722 0.0656499277049774 0
0.78515625 0.440612686252481 4.84308828231907 0.0656499669867443 0
0.787109375 0.450031942242364 4.80182267011266 0.0656500064775067 0
0.7890625 0.459369806057609 4.75974803860657 0.065650046138648 0
0.791015625 0.468624708018171 4.71687512819125 0.0656500859320967 0
0.79296875 0.477795099527106 4.67321478387134 0.0656501258203789 0
0.794921875 0.486879453267668 4.62877794789608 0.0656501657666682 0
0.796875 0.495876263386075 4.58357565246765 0.0656502057348331 0
0.798828125 0.50478404566012 4.53761901253733 0.0656502456894802 0
0.80078125 0.513601337653799 4.49091921869872 0.0656502855959957 0
0.802734375 0.522326698858162 4.44348753018714 0.0656503254205822 0
0.8046875 0.530958710818592 4.39533526799386 0.0656503651302941 0
0.806640625 0.539495977248763 4.34647380810333 0.0656504046930687 0
0.80859375 0.547937124131496 4.29691457486147 0.0656504440777543 0
0.810546875 0.556280799806815 4.24666903448248 0.0656504832541354 0
0.8125 0.564525675047443 4.19574868870116 0.065650522192955 0
0.814453125 0.572670443122054 4.14416506857773 0.0656505608659332 0
0.81640625 0.580713819846575 4.09192972846115 0.0656505992457835 0
0.818359375 0.588654543623855 4.03905424011711 0.0656506373062251 0
0.8203125 0.596491375472032 3.98555018702599 0.0656506750219937 0
0.822265625 0.604223099041926 3.93142915885611 0.065650712368848 0
0.82421875 0.611848520623814 3.87670274611662 0.0656507493235743 0
0.826171875 0.619366469143944 3.82138253499473 0.0656507858639882 0
0.828125 0.626775796151137 3.76548010238077 0.0656508219689334 0
0.830078125 0.634075375793869 3.70900701108482 0.0656508576182784 0
0.83203125 0.641264104788187 3.65197480524789 0.0656508927929102 0
0.833984375 0.648340902376868 3.59439500595038 0.0656509274747264 0
0.8359375 0.655304710280181 3.53627910702007 0.0656509616466244 0
0.837890625 0.662154492638665 3.4776385710417 0.0656509952924888 0
0.83984375 0.668889235948313 3.41848482556963 0.0656510283971766 0
0.841796875 0.675507948988547 3.35882925954479 0.0656510609465007 0
0.84375 0.682009662743409 3.29868321991679 0.0656510929272115 0
0.845703125 0.688393430316347 3.23805800847178 0.0656511243269767 0
0.84765625 0.694658326839002 3.17696487886612 0.06565115513436 0
0.849609375 0.700803449374418 3.11541503386576 0.0656511853387976 0
0.8515625 0.706827916815041 3.05341962279103 0.0656512149305739 0
0.853515625 0.712730869775945 2.99098973916579 0.0656512439007959 0
0.85546875 0.718511470483657 2.92813641857014 0.0656512722413668 0
0.857421875 0.724168902660985 2.86487063669528 0.0656512999449574 0
0.859375 0.729702371408248 2.80120330759888 0.0656513270049784 0
0.861328125 0.735111103081293 2.73714528215912 0.0656513534155507 0
0.86328125 0.740394345166682 2.6727073467253 0.0656513791714752 0
0.865234375 0.745551366154439 2.60790022196271 0.0656514042682023 0
0.8671875 0.750581455408724 2.54273456188902 0.065651428701801 0
0.869140625 0.755483923036818 2.47722095309965 0.0656514524689276 0
0.87109375 0.760258099756769 2.41136991417881 0.0656514755667937 0
0.873046875 0.764903336764079 2.34519189529332 0.0656514979931346 0
0.875 0.769419005597759 2.27869727796559 0.0656515197461779 0
0.876953125 0.773804498006132 2.21189637502231 0.0656515408246109 0
0.87890625 0.77805922581269 2.14479943071509 0.0656515612275494 0
0.880859375 0.782182620782362 2.07741662100923 0.065651580954506 0
0.8828125 0.786174134488507 2.00975805403646 0.065651600005359 0
0.884765625 0.790033238180942 1.94183377070763 0.0656516183803215 0
0.88671875 0.793759422655334 1.873653745481 0.0656516360799108 0
0.888671875 0.797352198124228 1.80522788728162 0.0656516531049186 0
0.890625 0.800811094090028 1.73656604056747 0.0656516694563812 0
0.892578125 0.804135659220194 1.66767798653757 0.0656516851355514 0
0.89453125 0.80732546122494 1.59857344447741 0.0656517001438696 0
0.896484375 0.810380086737684 1.52926207323678 0.0656517144829369 0
0.8984375 0.813299141198521 1.45975347283535 0.0656517281544883 0
0.900390625 0.816082248740947 1.39005718619068 0.065651741160367 0
0.90234375 0.818729052082079 1.32018270096393 0.0656517535024995 0
0.904296875 0.821239212416588 1.25013945151798 0.0656517651828714 0
0.90625 0.823612409314571 1.17993682098284 0.0656517762035049 0
0.908203125 0.825848340623552 1.10958414342316 0.0656517865664363 0
0.91015625 0.827946722374817 1.03909070610256 0.0656517962736952 0
0.912109375 0.829907288694265 0.96846575183944 0.0656518053272847 0
0.9140625 0.83172979171794 0.897718481449002 0.0656518137291624 0
0.916015625 0.833414001512425 0.826858056265969 0.0656518214812229 0
0.91796875 0.834959706000229 0.755893600742723 0.0656518285852813 0
0.919921875 0.836366710890326 0.684834205117338 0.0656518350430578 0
0.921875 0.837634839613969 0.613688928146053 0.0656518408561635 0
0.923828125 0.838763933265897 0.542466799894711 0.0656518460260872 0
0.92578125 0.839753850551057 0.471176824583631 0.0656518505541847 0
0.927734375 0.840604467736927 0.399827983480406 0.0656518544416671 0
0.9296875 0.841315678611528 0.328429237835066 0.0656518576895923 0
0.931640625 0.84188739444722 0.256989531852065 0.0656518602988573 0
0.93359375 0.842319543970325 0.18551779569352 0.0656518622701908 0
0.935546875 0.842612073336648 0.114022948508125 0.0656518636041487 0
0.9375 0.842764946112935 0.0425139014801668 0.0656518643011094 0
0.939453125 0.842778143264305 -0.0290004391069561 0.0656518643612715 -0
0.94140625 0.842651663147673 -0.100511168798288 0.0656518637846522 -0
0.943359375 0.842385521511186 -0.172009381891553 0.0656518625710871 -0
0.9453125 0.841979751499659 -0.243486168363653 0.0656518607202315 -0
0.947265625 0.841434403666016 -0.314932610805032 0.065651858231563 -0
0.94921875 0.840749545988702 -0.386339781367498 0.0656518551043848 -0
0.951171875 0.839925263895049 -0.457698738731072 0.0656518513378317 -0
0.953125 0.838961660290534 -0.52900052509548 0.0656518469308754 -0
0.955078125 0.837858855593895 -0.600236163201827 0.0656518418823329 -0
0.95703125 0.836616987778027 -0.671396653390053 0.0656518361908754 -0
0.958984375 0.83523621241659 -0.742472970697706 0.065651829855038 -0
0.9609375 0.833716702736239 -0.813456062005582 0.065651822873232 -0
0.962890625 0.832058649674381 -0.884336843235776 0.0656518152437565 -0
0.96484375 0.830262261942349 -0.955106196607639 0.0656518069648136 -0
0.966796875 0.828327766093882 -1.02575496795715 0.0656517980345221 -0
0.96875 0.826255406598767 -1.09627396412515 0.0656517884509353 -0
0.970703125 0.824045445921518 -1.16665395041997 0.065651778212057 -0
0.97265625 0.821698164604939 -1.23688564815972 0.0656517673158613 -0
0.974609375 0.819213861358394 -1.30695973229979 0.0656517557603115 -0
0.9765625 0.816592853150643 -1.37686682915084 0.0656517435433811 -0
0.978515625 0.813835475307024 -1.44659751419258 0.065651730663076 -0
0.98046875 0.810942081610828 -1.51614230998865 0.0656517171174565 -0
0.982421875 0.807913044408631 -1.58549168420784 0.0656517029046619 -0
0.984375 0.804748754719391 -1.65463604775677 0.0656516880229348 -0
0.986328125 0.801449622347081 -1.7235657530292 0.0656516724706468 -0
0.98828125 0.798016075996621 -1.79227109227696 0.0656516562463249 -0
0.990234375 0.794448563392874 -1.86074229610764 0.0656516393486789 -0
0.9921875 0.79074755140245 -1.92896953211368 0.0656516217766294 -0
0.994140625 0.786913526158055 -1.99694290363802 0.0656516035293361 -0
0.99609375 0.782946993185114 -2.06465244868076 0.0656515846062277 -0
0.998046875 0.778848477530396 -2.13208813895169 0.0656515650070312 -0
1 0.774618523892334 -2.1992398790731 0.0656515447318028 -0
1.001953125 0.770257696752766 -2.26609750593737 0.0656515237809584 -0
1.00390625 0.765766580509766 -2.33265078822366 0.0656515021553047 -0
1.005859375 0.761145779611268 -2.39888942607788 0.0656514798560709 -0
1.0078125 0.75639591868915 -2.46480305095994 0.0656514568849404 -0
1.009765625 0.751517642693455 -2.5303812256623 0.0656514332440823 -0
1.01171875 0.746511617026406 -2.59561344450348 0.0656514089361835 -0
1.013671875 0.741378527675864 -2.66048913370019 0.0656513839644805 -0
1.015625 0.73611908134789 -2.7249976519214 0.0656513583327908 -0
1.017578125 0.730734005598046 -2.78912829102774 0.0656513320455448 -0
1.01953125 0.725224048961063 -2.85287027699913 0.0656513051078164 -0
1.021484375 0.719589981078518 -2.91621277105349 0.065651277525354 -0
1.0234375 0.713832592824135 -2.97914487095934 0.0656512493046104 -0
1.025390625 0.707952696426333 -3.04165561254432 0.0656512204527727 -0
1.02734375 0.701951125587634 -3.10373397140221 0.0656511909777905 -0
1.029296875 0.695828735600543 -3.1653688648 0.0656511608884044 -0
1.03125 0.689586403459509 -3.22654915378695 0.0656511301941725 -0
1.033203125 0.683225027968563 -3.28726364550677 0.0656510989054962 -0
1.03515625 0.676745529844248 -3.34750109571423 0.0656510670336454 -0
1.037109375 0.670148851813429 -3.40725021149692 0.0656510345907813 -0
1.0390625 0.663435958705588 -3.46649965420263 0.0656510015899786 -0
1.041015625 0.6566078375392 -3.52523804257266 0.0656509680452458 -0
1.04296875 0.649665497601789 -3.58345395608084 0.0656509339715437 -0
1.044921875 0.642609970523259 -3.64113593847787 0.065650899384803 -0
1.046875 0.63544231034211 -3.69827250154011 0.0656508643019387 -0
1.048828125 0.628163593564118 -3.75485212902181 0.0656508287408634 -0
1.05078125 0.620774919213118 -3.81086328080908 0.0656507927204984 -0
1.052734375 0.613277408873458 -3.86629439727392 0.0656507562607822 -0
1.0546875 0.605672206723767 -3.921133903826 0.0656507193826771 -0
1.056640625 0.597960479561637 -3.97537021565942 0.0656506821081731 -0
1.05859375 0.590143416818847 -4.02899174269176 0.0656506444602894 -0
1.060546875 0.582222230566748 -4.08198689469163 0.0656506064630734 -0
1.0625 0.574198155511458 -4.13434408659122 0.0656505681415967 -0
1.064453125 0.566072448978501 -4.18605174397954 0.0656505295219483 -0
1.06640625 0.557846390886538 -4.2370983087716 0.065650490631226 -0
1.068359375 0.549521283709862 -4.28747224504883 0.0656504514975229 -0
1.0703125 0.541098452429316 -4.33716204506498 0.0656504121499127 -0
1.072265625 0.532579244471327 -4.3861562354119 0.0656503726184315 -0
1.07421875 0.523965029634738 -4.43444338333885 0.0656503329340557 -0
1.076171875 0.515257200005159 -4.48201210321875 0.0656502931286781 -0
1.078125 0.50645716985654 -4.5288510631543 0.0656502532350798 -0
1.080078125 0.497566375539713 -4.57494899171654 0.0656502132868997 -0
1.08203125 0.488586275357647 -4.62029468480801 0.0656501733186002 -0
1.083984375 0.479518349427182 -4.66487701264233 0.0656501333654303 -0
1.0859375 0.470364099527013 -4.70868492683156 0.0656500934633855 -0
1.087890625 0.461125048931746 -4.75170746757244 0.0656500536491642 -0
1.08984375 0.451802742231808 -4.79393377092215 0.0656500139601216 -0
1.091796875 0.442398745139081 -4.83535307615397 0.0656499744342205 -0
1.09375 0.432914644278082 -4.87595473318289 0.0656499351099786 -0
1.095703125 0.423352046962585 -4.91572821005074 0.0656498960264139 -0
1.09765625 0.413712580957571 -4.95466310046046 0.0656498572229864 -0
1.099609375 0.403997894226412 -4.9927491313484 0.0656498187395383 -0
1.1015625 0.394209654663242 -5.02997617048377 0.0656497806162304 -0
1.103515625 0.38434954981046 -5.06633423408359 0.065649742893477 -0
1.10546875 0.374419286561353 -5.10181349443173 0.0656497056118782 -0
1.107421875 0.364420590847836 -5.13640428749026 0.0656496688121503 -0
1.109375 0.354355207313344 -5.17009712049092 0.0656496325350541 -0
1.111328125 0.344224898970918 -5.20288267949487 0.0656495968213215 -0
1.11328125 0.334031446846567 -5.23475183690826 0.0656495617115806 -0
1.115234375 0.323776649607995 -5.26569565894139 0.0656495272462792 -0
1.1171875 0.313462323178827 -5.295705412999 0.0656494934656078 -0
1.119140625 0.303090300338468 -5.32477257498921 0.0656494604094207 -0
1.12109375 0.292662430307776 -5.35288883653869 0.0656494281171571 -0
1.123046875 0.282180578320739 -5.3800461121016 0.0656493966277616 -0
1.125 0.271646625182379 -5.40623654594983 0.0656493659796043 -0
1.126953125 0.261062466813122 -5.43145251903225 0.0656493362104009 -0
1.12890625 0.250430013779909 -5.45568665569076 0.0656493073571332 -0
1.130859375 0.23975119081433 -5.47893183022098 0.0656492794559702 -0
1.1328125 0.229027936318108 -5.50118117326578 0.0656492525421896 -0
1.134765625 0.21826220185626 -5.5224280780298 0.0656492266501007 -0
1.13671875 0.207455951638304 -5.54266620630354 0.0656492018129681 -0
1.138671875 0.196611161987887 -5.56188949428582 0.0656491780629377 -0
1.140625 0.18572982080125 -5.58009215819361 0.0656491554309636 -0
1.142578125 0.174813926994943 -5.59726869964872 0.0656491339467379 -0
1.14453125 0.163865489943247 -5.61341391083093 0.065649113638622 -0
1.146484375 0.15288652890576 -5.62852287938794 0.0656490945335809 -0
1.1484375 0.141879072445638 -5.64259099309241 0.0656490766571203 -0
1.150390625 0.130845157838993 -5.65561394423722 0.0656490600332263 -0
1.15234375 0.119786830475962 -5.66758773376039 0.0656490446843088 -0
1.154296875 0.108706143253991 -5.67850867509152 0.0656490306311479 -0
1.15625 0.0976051559638854 -5.68837339771218 0.0656490178928442 -0
1.158203125 0.0864859346691782 -5.6971788504233 0.0656490064867727 -0
1.16015625 0.0753505510794193 -5.70492230431302 0.0656489964285407 -0
1.162109375 0.0642010819179555 -5.71160135541909 0.06564898773195 -0
1.1640625 0.0530396082848135 -5.71721392708056 0.0656489804089632 -0
1.166015625 0.041868215015297 -5.721758271974 0.0656489744696742 -0
1.16796875 0.0306889900349151 -5.72523297383023 0.0656489699222841 -0
1.169921875 0.0195040237112727 -5.72763694882801 0.0656489667730801 -0
1.171875 0.00831540820355569 -5.72896944666201 0.065648965026421 -0
1.173828125 -0.00287476318975077 -5.72923005128283 0.0656489646847255 -0
1.17578125 -0.0140643966842679 -5.72841868130759 0.065648965748467 -0
1.177734375 -0.0252513986636085 -5.72653559010023 0.0656489682161722 -0
1.1796875 -0.0364336763330969 -5.72358136552148 0.0656489720844245 -0
1.181640625 -0.0476091383726768 -5.71955692934884 0.0656489773478725 -0
1.18359375 -0.0587756955883658 -5.71446353636784 0.0656489839992436 -0
1.185546875 -0.0699312615616137 -5.70830277313642 0.0656489920293614 -0
1.1875 -0.0810737532959299 -5.70107655642485 0.0656490014271683 -0
1.189453125 -0.0922010918601483 -5.69278713133439 0.065649012179753 -0
1.19140625 -0.103311203027705 -5.68343706909844 0.0656490242723814 -0
1.193359375 -0.114402017911314 -5.67302926457055 0.065649037688533 -0
1.1953125 -0.125471473592434 -5.66156693340441 0.0656490524099407 -0
1.197265625 -0.136517513744925 -5.64905360893134 0.0656490684166351 -0
1.19921875 -0.147538089252322 -5.63549313874147 0.0656490856869922 -0
1.201171875 -0.158531158818134 -5.62088968097547 0.0656491041977852 -0
1.203125 -0.169494689568632 -5.6052477003341 0.0656491239242402 -0
1.205078125 -0.180426657647564 -5.5885719638133 0.0656491448400938 -0
1.20703125 -0.191325048802278 -5.57086753617335 0.0656491669176556 -0
1.208984375 -0.202187858960741 -5.55213977515073 0.065649190127872 -0
1.2109375 -0.21301309479896 -5.532394326422 0.0656492144403939 -0
1.212890625 -0.223798774298327 -5.51163711832943 0.0656492398236459 -0
1.21484375 -0.234542927292435 -5.48987435637837 0.0656492662448981 -0
1.216796875 -0.24524359600293 -5.46711251751678 0.0656492936703397 -0
1.21875 -0.255898835563985 -5.44335834420784 0.0656493220651543 -0
1.220703125 -0.266506714534992 -5.41861883830656 0.0656493513935965 -0
1.22265625 -0.27706531540112 -5.39290125475184 0.06564938161907 -0
1.224609375 -0.287572735061366 -5.36621309508561 0.0656494127042058 -0
1.2265625 -0.298027085303798 -5.33856210081079 0.0656494446109422 -0
1.228515625 -0.308426493267658 -5.30995624660014 0.0656494773006037 -0
1.23046875 -0.31876910189208 -5.28040373336819 0.065649510733982 -0
1.232421875 -0.329053070351128 -5.24991298121843 0.0656495448714143 -0
1.234375 -0.339276574474964 -5.21849262227831 0.0656495796728639 -0
1.236328125 -0.349437807156903 -5.18615149343425 0.0656496150979985 -0
1.23828125 -0.359534978746192 -5.15289862897941 0.0656496511062678 -0
1.240234375 -0.369566317426353 -5.11874325318642 0.0656496876569811 -0
1.2421875 -0.379530069578951 -5.08369477281768 0.0656497247093823 -0
1.244140625 -0.389424500132673 -5.04776276958563 0.0656497622227244 -0
1.24609375 -0.399247892897645 -5.01095699257508 0.065649800156342 -0
1.248046875 -0.408998550884919 -4.97328735064008 0.0656498384697219 -0
1.25 -0.418674796611083 -4.93476390478715 0.0656498771225717 -0
1.251953125 -0.428274972387994 -4.89539686055681 0.0656499160748863 -0
1.25390625 -0.437797440597633 -4.85519656041523 0.0656499552870122 -0
1.255859375 -0.447240583952116 -4.81417347616727 0.0656499947197091 -0
1.2578125 -0.456602805738911 -4.77233820140238 0.0656500343342089 -0
1.259765625 -0.465882530051344 -4.72970144398425 0.0656500740922724 -0
1.26171875 -0.475078202004475 -4.68627401859488 0.0656501139562426 -0
1.263671875 -0.48418828793648 -4.64206683934372 0.0656501538890958 -0
1.265625 -0.493211275595661 -4.59709091245183 0.0656501938544892 -0
1.267578125 -0.502145674313245 -4.55135732902089 0.0656502338168056 -0
1.26953125 -0.510990015162149 -4.50487725789664 0.0656502737411952 -0
1.271484375 -0.519742851101904 -4.45766193863581 0.0656503135936144 -0
1.2734375 -0.528402757109945 -4.40972267458533 0.065650353340861 -0
1.275390625 -0.536968330299503 -4.36107082608213 0.0656503929506067 -0
1.27734375 -0.545438190024328 -4.3117178037817 0.0656504323914261 -0
1.279296875 -0.553810977970525 -4.26167506212296 0.0656504716328232 -0
1.28125 -0.562085358235746 -4.21095409293661 0.065650510645254 -0
1.283203125 -0.570260017396059 -4.15956641920392 0.0656505494001462 -0
1.28515625 -0.578333664560762 -4.10752358897233 0.0656505878699166 0
1.287109375 -0.586305031415482 -4.05483716943388 0.0656506260279843 0
1.2890625 -0.594172872253863 -4.00151874117214 0.065650663848782 0
1.291015625 -0.601935963998185 -3.94757989258278 0.0656507013077637 0
1.29296875 -0.609593106209264 -3.89303221447264 0.06565073838141 0
1.294921875 -0.617143121085969 -3.83788729484176 0.0656507750472305 0
1.296875 -0.62458485345474 -3.78215671385218 0.0656508112837636 0
1.298828125 -0.631917170749454 -3.72585203898733 0.0656508470705737 0
1.30078125 -0.639138962982034 -3.66898482040507 0.0656508823882458 0
1.302734375 -0.646249142704162 -3.61156658648722 0.0656509172183781 0
1.3046875 -0.6532466449605 -3.55360883958808 0.0656509515435722 0
1.306640625 -0.660130427233803 -3.49512305198386 0.0656509853474205 0
1.30859375 -0.666899469382312 -3.43612066202485 0.0656510186144926 0
1.310546875 -0.673552773569837 -3.37661307049156 0.0656510513303193 0
1.3125 -0.680089364188919 -3.31661163715574 0.0656510834813743 0
1.314453125 -0.686508287777477 -3.25612767754708 0.0656511150550548 0
1.31640625 -0.692808612929338 -3.19517245992569 0.0656511460396605 0
1.318359375 -0.698989430199061 -3.13375720246039 0.0656511764243707 0
1.3203125 -0.705049852001449 -3.07189307061246 0.0656512061992204 0
1.322265625 -0.710989012506141 -3.00959117472419 0.0656512353550749 0
1.32421875 -0.716806067527715 -2.94686256781121 0.0656512638836034 0
1.326171875 -0.722500194411654 -2.88371824355738 0.0656512917772517 0
1.328125 -0.728070591916611 -2.82016913451077 0.0656513190292135 0
1.330078125 -0.733516480093337 -2.75622611047886 0.0656513456334016 0
1.33203125 -0.738837100160669 -2.69189997712095 0.0656513715844181 0
1.333984375 -0.744031714378965 -2.62720147473554 0.0656513968775235 0
1.3359375 -0.749099605921355 -2.56214127724008 0.0656514215086062 0
1.337890625 -0.754040078743184 -2.49672999134047 0.0656514454741512 0
1.33984375 -0.758852457450028 -2.43097815588725 0.0656514687712084 0
1.341796875 -0.763536087164619 -2.36489624141542 0.0656514913973609 0
1.34375 -0.768090333393058 -2.29849464986455 0.0656515133506931 0
1.345703125 -0.772514581890652 -2.23178371447558 0.0656515346297588 0
1.34765625 -0.776808238527728 -2.1647736998608 0.0656515552335501 0
1.349609375 -0.780970729155734 -2.09747480224303 0.0656515751614647 0
1.3515625 -0.78500149947399 -2.02989714986007 0.0656515944132757 0
1.353515625 -0.788900014897375 -1.96205080353026 0.0656516129890996 0
1.35546875 -0.79266576042528 -1.89394575737498 0.0656516308893666 0
1.357421875 -0.796298240512121 -1.82559193969363 0.0656516481147898 0
1.359375 -0.799796978939708 -1.75699921398658 0.065651664666336 0
1.361328125 -0.803161518691756 -1.68817738012159 0.0656516805451964 0
1.36328125 -0.806391421830808 -1.6191361756389 0.0656516957527588 0
1.365234375 -0.809486269377845 -1.54988527719026 0.0656517102905791 0
1.3671875 -0.812445661194832 -1.480434302107 0.0656517241603554 0
1.369140625 -0.815269215870451 -1.4107928100922 0.0656517373639013 0
1.37109375 -0.817956570609255 -1.34097030503195 0.0656517499031211 0
1.373046875 -0.820507381124482 -1.27097623692058 0.0656517617799854 0
1.375 -0.822921321534726 -1.20082000389472 0.0656517729965076 0
1.376953125 -0.825198084264696 -1.13051095437104 0.0656517835547223 0
1.37890625 -0.827337379950238 -1.0600583892823 0.065651793456663 0
1.380859375 -0.829338937347829 -0.989471564406592 0.0656518027043429 0
1.3828125 -0.831202503248701 -0.918759692784228 0.0656518112997349 0
1.384765625 -0.832927842397768 -0.847931947217084 0.0656518192447542 0
1.38671875 -0.834514737417518 -0.776997462844873 0.0656518265412411 0
1.388671875 -0.835962988737006 -0.705965339792973 0.0656518331909456 0
1.390625 -0.837272414526084 -0.63484464588632 0.0656518391955124 0
1.392578125 -0.838442850634999 -0.563644419423889 0.0656518445564683 0
1.39453125 -0.839474150539459 -0.492373672008267 0.0656518492752096 0
1.396484375 -0.840366185291281 -0.421041391424781 0.0656518533529913 0
1.3984375 -0.841118843474712 -0.349656544564648 0.065651856790918 0
1.400390625 -0.841732031168487 -0.278228080386597 0.0656518595899351 0
1.40234375 -0.842205671913722 -0.2067649329114 0.065651861750822 0
1.404296875 -0.842539706687672 -0.135276024243738 0.0656518632741863 0
1.40625 -0.842734093883424 -0.0637702676158254 0.0656518641604597 0
1.408203125 -0.842788809295546 0.00774342955279833 0.0656518644098944 -0
1.41015625 -0.842703846111733 0.0792561625848938 0.0656518640225616 -0
1.412109375 -0.842479214910449 0.150759026470159 0.0656518629983506 -0
1.4140625 -0.842114943664584 0.222243112790471 0.0656518613369704 -0
1.416015625 -0.841611077751111 0.293699506651332 0.0656518590379509 -0
1.41796875 -0.840967679966727 0.365119283625098 0.0656518561006468 -0
1.419921875 -0.840184830549451 0.4364935067116 0.0656518525242423 -0
1.421875 -0.839262627206135 0.507813223321719 0.0656518483077567 -0
1.423828125 -0.83820118514585 0.579069462289515 0.0656518434500522 -0
1.42578125 -0.837000637119067 0.650253230918457 0.0656518379498424 -0
1.427734375 -0.835661133462575 0.721355512067342 0.0656518318057016 -0
1.4296875 -0.834182842150054 0.792367261281427 0.0656518250160767 -0
1.431640625 -0.832565948848195 0.863279403974318 0.0656518175792987 -0
1.43359375 -0.830810656978279 0.934082832666144 0.0656518094935971 -0
1.435546875 -0.828917187783093 1.00476840428351 0.0656518007571137 -0
1.4375 -0.826885780399047 1.07532693752668 0.0656517913679196 -0
1.439453125 -0.824716691933379 1.14574921030955 0.0656517813240313 -0
1.44140625 -0.822410197546275 1.21602595727765 0.0656517706234298 -0
1.443359375 -0.819966590537763 1.28614786740981 0.0656517592640795 -0
1.4453125 -0.817386182439206 1.35610558170866 0.0656517472439487 -0
1.447265625 -0.814669303109214 1.42588969098539 0.0656517345610311 -0
1.44921875 -0.811816300833794 1.49549073374402 0.0656517212133686 -0
1.451171875 -0.808827542430526 1.56489919417052 0.0656517071990744 -0
1.453125 -0.805703413356565 1.63410550023175 0.0656516925163578 -0
1.455078125 -0.802444317820246 1.70310002188961 0.0656516771635493 -0
1.45703125 -0.799050678896059 1.77187306943531 0.0656516611391269 -0
1.458984375 -0.795522938642764 1.84041489194882 0.0656516444417432 -0
1.4609375 -0.791861558224384 1.90871567588847 0.065651627070253 -0
1.462890625 -0.788067018033825 1.97676554381541 0.0656516090237421 -0
1.46484375 -0.784139817818855 2.04455455325794 0.0656515903015562 -0
1.466796875 -0.780080476810161 2.11207269572017 0.0656515709033303 -0
1.46875 -0.775889533851198 2.17930989583971 0.0656515508290196 -0
1.470703125 -0.771567547529537 2.24625601069878 0.0656515300789299 -0
1.47265625 -0.767115096309406 2.31290082929318 0.0656515086537483 -0
1.474609375 -0.762532778665111 2.37923407216329 0.0656514865545754 -0
1.4765625 -0.757821213215018 2.44524539119117 0.0656514637829561 -0
1.478515625 -0.75298103885577 2.51092436956782 0.0656514403409117 -0
1.48046875 -0.748012914896394 2.57626052193429 0.0656514162309721 -0
1.482421875 -0.742917521191964 2.64124329470032 0.065651391456207 -0
1.484375 -0.737695558276471 2.70586206654405 0.0656513660202578 -0
1.486328125 -0.732347747494527 2.77010614909595 0.0656513399273697 -0
1.48828125 -0.726874831131565 2.83396478781021 0.0656513131824219 -0
1.490234375 -0.721277572542143 2.89742716302638 0.0656512857909592 -0
1.4921875 -0.715556756275993 2.96048239122406 0.0656512577592219 -0
1.494140625 -0.709713188201424 3.02311952647298 0.0656512290941759 -0
1.49609375 -0.703747695625708 3.08532756208077 0.065651199803541 -0
1.498046875 -0.697661127412046 3.14709543244039 0.0656511698958201 -0
1.5 -0.691454354092738 3.20841201507902 0.0656511393803252 -0
1.501953125 -0.685128267978144 3.26926613290969 0.0656511082672047 -0
1.50390625 -0.678683783261059 3.32964655668708 0.0656510765674678 -0
1.505859375 -0.672121836116085 3.3895420076682 0.0656510442930082 -0
1.5078125 -0.665443384793605 3.44894116047861 0.0656510114566271 -0
1.509765625 -0.658649409707965 3.50783264618457 0.0656509780720533 -0
1.51171875 -0.651740913519447 3.56620505557086 0.0656509441539627 -0
1.513671875 -0.644718921209642 3.62404694262423 0.0656509097179962 -0
1.515625 -0.637584480149821 3.6813468282215 0.0656508747807745 -0
1.517578125 -0.630338660161901 3.73809320402145 0.0656508393599125 -0
1.51953125 -0.622982553571612 3.79427453655903 0.0656508034740308 -0
1.521484375 -0.615517275253468 3.8498792715401 0.0656507671427647 -0
1.5234375 -0.607943962667159 3.90489583833471 0.0656507303867716 -0
1.525390625 -0.600263775884973 3.95931265466624 0.0656506932277358 -0
1.52734375 -0.592477897609869 4.01311813149355 0.0656506556883706 -0
1.529296875 -0.584587533183826 4.06630067808294 0.065650617792418 -0
1.53125 -0.576593910586107 4.11884870726612 0.0656505795646457 -0
1.533203125 -0.568498280421068 4.17075064088019 0.0656505410308414 -0
1.53515625 -0.560301915895169 4.22199491538504 0.0656505022178038 -0
1.537109375 -0.552006112782845 4.27256998765342 0.0656504631533318 -0
1.5390625 -0.543612189380898 4.32246434092824 0.0656504238662096 -0
1.541015625 -0.535121486451094 4.37166649094145 0.065650384386189 -0
1.54296875 -0.526535367150658 4.42016499218841 0.0656503447439696 -0
1.544921875 -0.517855216950358 4.46794844435118 0.0656503049711744 -0
1.546875 -0.509082443539911 4.51500549886379 0.0656502651003237 -0
1.548828125 -0.500218476720422 4.56132486561227 0.0656502251648046 -0
1.55078125 -0.491264768283613 4.60689531976162 0.0656501851988386 -0
1.552734375 -0.482222791877603 4.65170570870161 0.065650145237445 -0
1.5546875 -0.473094042858997 4.69574495910311 0.0656501053164016 -0
1.556640625 -0.463880038131106 4.7390020840758 0.0656500654722027 -0
1.55859375 -0.454582315968076 4.7814661904184 0.0656500257420135 -0
1.560546875 -0.445202435824784 4.82312648595154 0.0656499861636211 -0
1.5625 -0.435741978132328 4.86397228692368 0.0656499467753842 -0
1.564453125 -0.426202544078989 4.90399302547962 0.0656499076161778 -0
1.56640625 -0.416585755376548 4.94317825718131 0.0656498687253368 -0
1.568359375 -0.406893254011874 4.98151766856999 0.0656498301425964 -0
1.5703125 -0.397126701983697 5.01900108475871 0.0656497919080292 -0
1.572265625 -0.387287781024535 5.05561847704392 0.0656497540619812 -0
1.57421875 -0.377378192307744 5.09135997052453 0.0656497166450045 -0
1.576171875 -0.367399656139674 5.12621585171674 0.0656496796977883 -0
1.578125 -0.357353911636975 5.16017657615268 0.0656496432610876 -0
1.580078125 -0.347242716389078 5.19323277595094 0.0656496073756508 -0
1.58203125 -0.337067846105917 5.22537526734645 0.0656495720821447 -0
1.583984375 -0.326831094251006 5.25659505816778 0.0656495374210788 -0
1.5859375 -0.316534271659949 5.28688335524917 0.0656495034327282 -0
1.587890625 -0.306179206144563 5.31623157176494 0.0656494701570552 -0
1.58984375 -0.295767742082742 5.34463133447389 0.0656494376336309 -0
1.591796875 -0.285301739994275 5.37207449086105 0.0656494059015552 -0
1.59375 -0.274783076102816 5.39855311616452 0.0656493749993772 -0
1.595703125 -0.264213641884257 5.42405952027494 0.0656493449650156 -0
1.59765625 -0.253595343601743 5.44858625449538 0.0656493158356785 -0
1.599609375 -0.242930101827635 5.47212611814946 0.0656492876477848 -0
1.6015625 -0.232219850952721 5.4946721650258 0.0656492604368853 -0
1.603515625 -0.221466538683003 5.51621770964694 0.0656492342375849 -0
1.60546875 -0.210672125524413 5.53675633335125 0.0656492090834667 -0
1.607421875 -0.199838584255849 5.55628189017645 0.065649185007017 -0
1.609375 -0.188967899390911 5.57478851253379 0.0656491620395514 -0
1.611328125 -0.178062066628764 5.59227061666215 0.0656491402111444 -0
1.61328125 -0.167123092294575 5.60872290785161 0.0656491195505599 -0
1.615234375 -0.156152992769969 5.62414038542673 0.0656491000851848 -0
1.6171875 -0.145153793914001 5.63851834747972 0.0656490818409649 -0
1.619140625 -0.134127530475126 5.65185239534441 0.0656490648423441 -0
1.62109375 -0.123076245494687 5.6641384378024 0.0656490491122065 -0
1.623046875 -0.112001989702461 5.67537269501312 0.0656490346718221 -0
1.625 -0.100906820904792 5.68555170215993 0.0656490215407957 -0
1.626953125 -0.0897928033658983 5.69467231280538 0.0656490097370196 -0
1.62890625 -0.0786620071828963 5.70273170194872 0.0656489992766309 -0
1.630859375 -0.0675165076551611 5.70972736877964 0.0656489901739716 -0
1.6328125 -0.0563583846486008 5.71565713912286 0.0656489824415544 -0
1.634765625 -0.0451897219554625 5.72051916756859 0.0656489760900315 -0
1.63671875 -0.034012606650286 5.72431193928456 0.0656489711281687 -0
1.638671875 -0.0228291284426321 5.72703427150614 0.0656489675628241 -0
1.640625 -0.0116413790272152 5.72868531470129 0.0656489653989309 -0
1.642578125 -0.000451451432080191 5.72926455340832 0.0656489646394854 -0
1.64453125 0.0107385606345361 5.72877180674446 0.0656489652855397 -0
1.646484375 0.0219265634380153 5.72720722858441 0.0656489673361987 -0
1.6484375 0.0331104638711939 5.72457130740848 0.0656489707886228 -0
1.650390625 0.0442881701075797 5.72086486582056 0.0656489756380348 -0
1.65234375 0.0554575922533055 5.71608905973692 0.0656489818777313 -0
1.654296875 0.0666166429971771 5.71024537724752 0.0656489894990996 -0
1.65625 0.0777632382581786 5.70333563715209 0.0656489984916388 -0
1.658203125 0.0888952978298024 5.69536198717389 0.0656490088429854 -0
1.66015625 0.100010746020577 5.68632690185484 0.0656490205389436 -0
1.662109375 0.111107512290173 5.67623318013607 0.0656490335635198 -0
1.6640625 0.122183531880483 5.66508394262895 0.0656490478989618 -0
1.666015625 0.133236746441067 5.65288262858184 0.0656490635258012 -0
1.66796875 0.144265104648381 5.63963299254869 0.0656490804229006 -0
1.669921875 0.15526656281821 5.62533910076603 0.0656490985675041 -0
1.671875 0.166239085510748 5.61000532724564 0.0656491179352916 -0
1.673828125 0.177180646127764 5.59363634959037 0.0656491385004362 -0
1.67578125 0.188089227501336 5.57623714454139 0.065649160235665 -0
1.677734375 0.198962822473629 5.55781298326568 0.0656491831123228 -0
1.6796875 0.209799434467217 5.53836942639254 0.0656492071004383 -0
1.681640625 0.220597078045474 5.51791231880905 0.0656492321687933 -0
1.68359375 0.231353779462565 5.49644778422421 0.0656492582849934 0
1.685546875 0.2420675772026 5.47398221951207 0.0656492854155413 0
1.6875 0.252736522507534 5.45052228884478 0.0656493135259115 0
1.689453125 0.2633586798934 5.42607491762618 0.0656493425806268 0
1.69140625 0.273932127654511 5.40064728623764 0.0656493725433356 0
1.693359375 0.284454958355266 5.37424682360724 0.0656494033768902 0
1.6953125 0.294925279309227 5.34688120061449 0.0656494350434266 0
1.697265625 0.305341213045166 5.31855832334219 0.0656494675044434 0
1.69921875 0.315700897759783 5.28928632618781 0.0656495007208821 0
1.701171875 0.326002487756837 5.25907356484643 0.065649534653207 0
1.703125 0.336244153872464 5.22792860917782 0.0656495692614842 0
1.705078125 0.346424083886438 5.19586023596989 0.065649604505461 0
1.70703125 0.356540482919221 5.16287742161101 0.0656496403446439 0
1.708984375 0.366591573814606 5.12898933468383 0.0656496767383759 0
1.7109375 0.37657559750783 5.0942053284928 0.0656497136459125 0
1.712890625 0.386490813379031 5.05853493353803 0.0656497510264965 0
1.71484375 0.396335499591963 5.02198784994759 0.0656497888394307 0
1.716796875 0.406107953417889 4.98457393988075 0.0656498270441494 0
1.71875 0.415806491544622 4.94630321991393 0.0656498656002873 0
1.720703125 0.425429450370678 4.90718585342159 0.0656499044677475 0
1.72265625 0.43497518628455 4.86723214296358 0.0656499436067651 0
1.724609375 0.444442075929129 4.8264525226907 0.0656499829779708 0
1.7265625 0.453828516451311 4.78485755077967 0.0656500225424501 0
1.728515625 0.463132925736862 4.74245790190855 0.065650062261801 0
1.73046875 0.472353742630641 4.69926435978368 0.0656501020981878 0
1.732421875 0.481489427142267 4.65528780972828 0.0656501420143936 0
1.734375 0.490538460637392 4.61053923134332 0.0656501819738684 0
1.736328125 0.499499346014702 4.56502969125031 0.0656502219407746 0
1.73828125 0.508370607868839 4.51877033592568 0.0656502618800304 0
1.740234375 0.517150792639412 4.47177238463607 0.0656503017573487 0
1.7421875 0.525838468746323 4.42404712248316 0.0656503415392734 0
1.744140625 0.534432226711612 4.37560589356691 0.0656503811932135 0
1.74609375 0.542930679268069 4.32646009427492 0.0656504206874722 0
1.748046875 0.551332461454873 4.27662116670609 0.065650459991275 0
1.75 0.559636230700515 4.22610059223551 0.0656504990747923 0
1.751953125 0.567840666893293 4.17490988522793 0.0656505379091614 0
1.75390625 0.575944472439686 4.12306058690603 0.0656505764665033 0
1.755859375 0.583946372310895 4.0705642593799 0.0656506147199382 0
1.7578125 0.591845114077889 4.01743247984326 0.0656506526435962 0
1.759765625 0.599639467935282 3.96367683494194 0.0656506902126273 0
1.76171875 0.607328226714381 3.90930891531945 0.0656507274032065 0
1.763671875 0.614910205885749 3.85434031034408 0.0656507641925375 0
1.765625 0.622384243551662 3.79878260302191 0.065650800558853 0
1.767578125 0.629749200428803 3.74264736509911 0.0656508364814129 0
1.76953125 0.637003959821581 3.68594615235717 0.0656508719404996 0
1.771484375 0.644147427586449 3.62869050010371 0.0656509069174109 0
1.7734375 0.651178532087611 3.57089191886163 0.0656509413944515 0
1.775390625 0.658096224144502 3.51256189025866 0.0656509753549205 0
1.77734375 0.664899476971434 3.45371186311907 0.0656510087830987 0
1.779296875 0.671587286109811 3.39435324975909 0.0656510416642331 0
1.78125 0.678158669353305 3.33449742248694 0.0656510739845189 0
1.783203125 0.684612666666401 3.27415571030839 0.065651105731081 0
1.78515625 0.690948340096698 3.21333939583797 0.0656511368919533 0
1.787109375 0.697164773681393 3.15205971241621 0.065651167456056 0
1.7890625 0.703261073348323 3.09032784143234 0.0656511974131722 0
1.791015625 0.709236366811988 3.02815490985201 0.0656512267539233 0
1.79296875 0.715089803464933 2.96555198794921 0.0656512554697422 0
1.794921875 0.720820554264914 2.90253008724112 0.0656512835528469 0
1.796875 0.726427811618219 2.83910015862442 0.0656513109962118 0
1.798828125 0.731910789259541 2.77527309071155 0.0656513377935391 0
1.80078125 0.737268722128811 2.71105970836467 0.065651363939229 0
1.802734375 0.742500866245341 2.64647077142538 0.0656513894283497 0
1.8046875 0.747606498579691 2.58151697363754 0.0656514142566061 0
1.806640625 0.752584916923612 2.5162089417607 0.0656514384203092 0
1.80859375 0.757435439758444 2.45055723487107 0.0656514619163442 0
1.810546875 0.762157406122327 2.38457234384714 0.065651484742139 0
1.8125 0.766750175476597 2.31826469103652 0.0656515068956325 0
1.814453125 0.771213127571689 2.25164463010064 0.0656515283752422 0
1.81640625 0.775545662312927 2.18472244603362 0.0656515491798333 0
1.818359375 0.779747199626508 2.11750835535155 0.0656515693086862 0
1.8203125 0.783817179326019 2.0500125064483 0.0656515887614655 0
1.822265625 0.787755060979821 1.98224498011355 0.065651607538189 0
1.82421875 0.791560323779588 1.91421579020919 0.0656516256391969 0
1.826171875 0.795232466410326 1.84593488449933 0.0656516430651211 0
1.828125 0.798771006922163 1.77741214562983 0.0656516598168563 0
1.830078125 0.802175482604192 1.70865739225253 0.0656516758955298 0
1.83203125 0.80544544986065 1.63968038028961 0.065651691302474 0
1.833984375 0.808580484089699 1.57049080433332 0.0656517060391975 0
1.8359375 0.811580179565077 1.50109829917622 0.0656517201073591 0
1.837890625 0.814444149320856 1.43151244146696 0.0656517335087407 0
1.83984375 0.817172025039557 1.36174275148671 0.065651746245222 0
1.841796875 0.819763456943851 1.29179869504098 0.0656517583187566 0
1.84375 0.822218113692061 1.22168968546194 0.0656517697313476 0
1.845703125 0.824535682277686 1.15142508571586 0.0656517804850253 0
1.84765625 0.826715867933138 1.0810142106105 0.0656517905818259 0
1.849609375 0.828758394037884 1.01046632909717 0.0656518000237706 0
1.8515625 0.830663002031174 0.939790666662191 0.0656518088128463 0
1.853515625 0.832429451329533 0.868996407802232 0.065651816950987 0
1.85546875 0.834057519249152 0.798092698578319 0.0656518244400571 0
1.857421875 0.835547000933354 0.727088649242948 0.065651831281835 0
1.859375 0.836897709285257 0.655993336934917 0.065651837477998 0
1.861328125 0.838109474905756 0.584815808436373 0.0656518430301095 0
1.86328125 0.839182146036962 0.513565082986585 0.0656518479396055 0
1.865234375 0.840115588511173 0.442250155146916 0.0656518522077843 0
1.8671875 0.840909685705504 0.370879997711473 0.065651855835796 0
1.869140625 0.841564338502233 0.29946356465787 0.0656518588246341 0
1.87109375 0.842079465254949 0.228009794132561 0.065651861175128 0
1.873046875 0.842455001760564 0.156527611465164 0.065651862887937 0
1.875 0.842690901237235 0.0850259322061954 0.0656518639635454 0
1.876953125 0.842787134308244 0.0135136651826472 0.0656518644022589 0
1.87890625 0.842743688991854 -0.0580002844342043 0.0656518642042027 -0
1.880859375 0.842560570697173 -0.129507012054333 0.0656518633693203 -0
1.8828125 0.842237802226017 -0.20099761059344 0.0656518618973739 -0
1.884765625 0.841775423780792 -0.272463167401974 0.0656518597879465 -0
1.88671875 0.841173492978353 -0.343894761204269 0.0656518570404442 -0
1.888671875 0.840432084869838 -0.415283459053418 0.0656518536541015 -0
1.890625 0.839551291966426 -0.486620313307438 0.065651849627986 -0
1.892578125 0.838531224270981 -0.55789635863233 0.0656518449610059 -0
1.89453125 0.837372009315518 -0.629102609037594 0.0656518396519177 -0
1.896484375 0.836073792204428 -0.70023005494977 0.0656518336993362 -0
1.8984375 0.834636735663371 -0.771269660329546 0.0656518271017449 -0
1.900390625 0.833061020093766 -0.842212359837993 0.0656518198575079 -0
1.90234375 0.831346843632754 -0.913049056057427 0.0656518119648833 -0
1.904296875 0.829494422218541 -0.983770616772422 0.0656518034220374 -0
1.90625 0.827503989660987 -1.05436787231645 0.0656517942270606 -0
1.908203125 0.825375797717305 -1.12483161298965 0.0656517843779838 -0
1.91015625 0.823110116172746 -1.19515258655303 0.0656517738727966 -0
1.912109375 0.820707232926082 -1.26532149580479 0.0656517627094661 -0
1.9140625 0.818167454079758 -1.33532899624374 0.0656517508859574 -0
1.916015625 0.815491104034505 -1.40516569382561 0.0656517384002543 -0
1.91796875 0.812678525588252 -1.47482214281712 0.0656517252503819 -0
1.919921875 0.809730080039126 -1.54428884375337 0.0656517114344297 -0
1.921875 0.80664614729234 -1.61355624150367 0.0656516969505759 -0
1.923828125 0.803427125970752 -1.68261472345087 0.0656516817971122 -0
1.92578125 0.80007343352886 -1.7514546177894 0.06565166597247 -0
1.927734375 0.796585506370012 -1.82006619194699 0.0656516494752472 -0
1.9296875 0.792963799966567 -1.88843965113508 0.0656516323042355 -0
1.931640625 0.789208788982766 -1.9565651370327 0.0656516144584491 -0
1.93359375 0.785320967400033 -2.02443272660872 0.0656515959371531 -0
1.935546875 0.78130084864445 -2.09203243108712 0.0656515767398936 -0
1.9375 0.777148965716099 -2.15935419505994 0.0656515568665275 -0
1.939453125 0.772865871319998 -2.2263878957523 0.0656515363172529 -0
1.94140625 0.768452137998317 -2.293123342444 0.0656515150926406 -0
1.943359375 0.763908358263576 -2.35955027605194 0.0656514931936648 -0
1.9453125 0.759235144732489 -2.42565836887741 0.065651470621735 -0
1.947265625 0.754433130260148 -2.49143722452239 0.0656514473787277 -0
1.94921875 0.749502968074198 -2.55687637797859 0.0656514234670182 0
1.951171875 0.744445331908669 -2.62196529589292 0.0656513988895125 0
1.953125 0.739260916137117 -2.68669337701308 0.0656513736496788 0
1.955078125 0.733950435904712 -2.75104995281636 0.0656513477515794 0
1.95703125 0.728514627258928 -2.81502428832499 0.0656513211999019 0
1.958984375 0.722954247278443 -2.878605583111 0.06565129399999 0
1.9609375 0.7172700741999 -2.94178297249318 0.0656512661578743 0
1.962890625 0.711462907542141 -3.0045455289289 0.0656512376803018 0
1.96484375 0.705533568227522 -3.06688226360285 0.0656512085747654 0
1.966796875 0.699482898699942 -3.12878212821499 0.0656511788495321 0
1.96875 0.693311763039182 -3.19023401696934 0.0656511485136708 0
1.970703125 0.687021047071156 -3.25122676876523 0.0656511175770785 0
1.97265625 0.680611658473693 -3.31174916959232 0.0656510860505061 0
1.974609375 0.674084526877436 -3.37178995513027 0.065651053945582 0
1.9765625 0.667440603961465 -3.43133781355385 0.0656510212748353 0
1.978515625 0.660680863543241 -3.49038138854385 0.0656509880517171 0
1.98046875 0.653806301662466 -3.54890928250381 0.0656509542906198 0
1.982421875 0.646817936658461 -3.60691005998239 0.0656509200068957 0
1.984375 0.63971680924066 -3.66437225130072 0.0656508852168729 0
1.986328125 0.632503982551817 -3.72128435638387 0.0656508499378694 0
1.98828125 0.625180542223535 -3.77763484879506 0.0656508141882058 0
1.990234375 0.617747596423711 -3.83341217997104 0.0656507779872148 0
1.9921875 0.610206275895523 -3.88860478365659 0.0656507413552496 0
1.994140625 0.602557733987553 -3.94320108053567 0.0656507043136888 0
1.99609375 0.594803146674681 -3.99718948305661 0.0656506668849397 0
1.998046875 0.586943712569363 -4.05055840044798 0.0656506290924389 0
2 0.578980652922931 -4.10329624392165 0.0656505909606495 0
