0 2.34911883358516 0 0.333949249188826 -0
0.001953125 2.34905221347081 -0.068221237467986 0.333949249494505 0
0.00390625 2.3488523443763 -0.136451435806835 0.333949250411494 0
0.005859375 2.34851920004969 -0.204699553429406 0.333949251939655 0
0.0078125 2.34805273674572 -0.272974543827449 0.333949254078756 0
0.009765625 2.34745289323786 -0.341285353098309 0.333949256828466 0
0.01171875 2.34671959083518 -0.409640917456332 0.333949260188355 0
0.013671875 2.34585273340405 -0.478050160723855 0.333949264157886 0
0.015625 2.34485220739485 -0.546521991796675 0.33394926873641 0
0.017578125 2.34371788187359 -0.615065302078851 0.333949273923159 0
0.01953125 2.3424496085586 -0.683688962881714 0.333949279717237 0
0.021484375 2.34104722186234 -0.752401822781901 0.33394928611761 0
0.0234375 2.33951053893836 -0.821212704933264 0.333949293123097 0
0.025390625 2.33783935973369 -0.890130404327432 0.333949300732355 0
0.02734375 2.33603346704646 -0.95916368499784 0.333949308943868 0
0.029296875 2.33409262658917 -1.02832127716196 0.333949317755933 0
0.03125 2.33201658705754 -1.09761187429649 0.333949327166642 0
0.033203125 2.3298050802052 -1.16704413014022 0.333949337173867 0
0.03515625 2.32745782092418 -1.23662665561925 0.333949347775242 0
0.037109375 2.32497450733168 -1.30636801568922 0.333949358968141 0
0.0390625 2.3223548208629 -1.37627672608928 0.33394937074966 0
0.041015625 2.3195984263704 -1.44636125000224 0.333949383116592 0
0.04296875 2.31670497223008 -1.51662999461565 0.333949396065406 0
0.044921875 2.31367409045393 -1.58709130757832 0.333949409592221 0
0.046875 2.31050539680985 -1.65775347334684 0.333949423692778 0
0.048828125 2.30719849094867 -1.7286247094165 0.333949438362415 0
0.05078125 2.30375295653869 -1.79971316243134 0.333949453596033 0
0.052734375 2.30016836140792 -1.87102690416758 0.333949469388071 0
0.0546875 2.29644425769429 -1.94257392738508 0.333949485732469 0
0.056640625 2.29258018200407 -2.01436214154112 0.333949502622635 0
0.05859375 2.28857565557889 -2.08639936836109 0.333949520051409 0
0.060546875 2.28443018447141 -2.15869333726047 0.33394953801103 0
0.0625 2.28014325973022 -2.23125168061254 0.333949556493088 0
0.064453125 2.27571435759402 -2.30408192885628 0.333949575488494 0
0.06640625 2.27114293969562 -2.37719150543896 0.33394959498743 0
0.068359375 2.2664284532759 -2.45058772158783 0.333949614979307 0
0.0703125 2.26157033140817 -2.52427777090558 0.333949635452724 0
0.072265625 2.2565679932333 -2.59826872378393 0.333949656395413 0
0.07421875 2.25142084420589 -2.67256752163005 0.333949677794196 0
0.076171875 2.24612827635193 -2.74718097090058 0.333949699634932 0
0.078125 2.24068966853831 -2.8221157369377 0.333949721902464 0
0.080078125 2.23510438675452 -2.89737833760239 0.333949744580567 0
0.08203125 2.22937178440705 -2.97297513669949 0.333949767651891 0
0.083984375 2.22349120262679 -3.04891233718982 0.333949791097903 0
0.0859375 2.2174619705899 -3.12519597418426 0.333949814898828 0
0.087890625 2.21128340585263 -3.20183190771532 0.333949839033589 0
0.08984375 2.20495481470039 -3.27882581528142 0.333949863479747 0
0.091796875 2.19847549251169 -3.35618318415961 0.333949888213433 0
0.09375 2.19184472413727 -3.43390930348257 0.333949913209286 0
0.095703125 2.18506178429496 -3.51200925607583 0.333949938440386 0
0.09765625 2.17812593798072 -3.59048791005153 0.333949963878185 0
0.099609375 2.17103644089632 -3.66934991015533 0.333949989492441 0
0.1015625 2.16379253989418 -3.74859966886323 0.333950015251146 0
0.103515625 2.15639347343982 -3.82824135722548 0.333950041120457 0
0.10546875 2.14883847209251 -3.90827889545511 0.333950067064622 0
0.107421875 2.14112675900445 -3.98871594325901 0.333950093045912 0
0.109375 2.13325755043916 -4.06955588990979 0.333950119024545 0
0.111328125 2.12523005630949 -4.15080184405723 0.333950144958615 0
0.11328125 2.11704348073581 -4.23245662327854 0.333950170804019 0
0.115234375 2.10869702262481 -4.31452274336724 0.333950196514386 0
0.1171875 2.10018987626953 -4.39700240736086 0.333950222041004 0
0.119140625 2.09152123197106 -4.47989749430854 0.333950247332749 0
0.12109375 2.08269027668239 -4.56320954777992 0.333950272336016 0
0.123046875 2.07369619467504 -4.64693976411769 0.333950296994649 0
0.125 2.0645381682288 -4.73108898043672 0.333950321249878 0
0.126953125 2.05521537834521 -4.81565766237355 0.33395034504025 0
0.12890625 2.04572700548516 -4.90064589159071 0.333950368301572 0
0.130859375 2.03607223033118 -4.98605335304151 0.333950390966847 0
0.1328125 2.02625023457484 -5.07187932200147 0.333950412966224 0
0.134765625 2.01626020172962 -5.15812265087393 0.333950434226944 0
0.13671875 2.00610131796986 -5.24478175577805 0.333950454673297 0
0.138671875 1.99577277299611 -5.33185460292882 0.333950474226573 0
0.140625 1.98527376092717 -5.41933869481961 0.333950492805036 0
0.142578125 1.97460348121947 -5.50723105621906 0.333950510323888 0
0.14453125 1.96376113961382 -5.59552821999548 0.333950526695251 0
0.146484375 1.95274594911011 -5.68422621278295 0.333950541828147 0
0.1484375 1.94155713097013 -5.77332054050509 0.333950555628499 0
0.150390625 1.93019391574876 -5.86280617377351 0.33395056799913 0
0.15234375 1.91865554435383 -5.95267753317955 0.333950578839777 0
0.154296875 1.90694126913478 -6.04292847449977 0.333950588047114 0
0.15625 1.89505035500032 -6.13355227383657 0.333950595514789 0
0.158203125 1.88298208056511 -6.22454161271772 0.333950601133472 0
0.16015625 1.87073573932564 -6.31588856317973 0.333950604790914 0
0.162109375 1.85831064086519 -6.40758457286193 0.333950606372027 0
0.1640625 1.8457061120879 -6.49962045014001 0.333950605758969 0
0.166015625 1.83292149848183 -6.59198634932941 0.333950602831255 0
0.16796875 1.81995616541083 -6.68467175599094 0.333950597465881 0
0.169921875 1.80680949943499 -6.77766547237297 0.333950589537461 0
0.171875 1.79348090965937 -6.87095560302628 0.333950578918391 0
0.173828125 1.77996982911067 -6.96452954062982 0.333950565479029 0
0.17578125 1.76627571614128 -7.05837395206753 0.333950549087894 0
0.177734375 1.7523980558604 -7.15247476479823 0.33395052961189 0
0.1796875 1.73833636159129 -7.24681715356293 0.333950506916545 0
0.181640625 1.7240901763543 -7.34138552747544 0.333950480866287 0
0.18359375 1.70965907437459 -7.43616351754462 0.333950451324727 0
0.185546875 1.69504266261389 -7.53113396467808 0.333950418154979 0
0.1875 1.68024058232507 -7.62627890821954 0.333950381219997 0
0.189453125 1.66525251062865 -7.72157957507355 0.333950340382943 0
0.19140625 1.65007816210994 -7.8170163694733 0.333950295507582 0
0.193359375 1.6347172904354 -7.91256886344891 0.333950246458691 0
0.1953125 1.61916968998709 -8.00821578805545 0.333950193102512 0
0.197265625 1.60343519751331 -8.10393502542108 0.333950135307221 0
0.19921875 1.58751369379404 -8.19970360167775 0.333950072943421 0
0.201171875 1.57140510531925 -8.29549768083773 0.33395000588467 0
0.203125 1.55510940597827 -8.39129255968066 0.333949934008029 0
0.205078125 1.538626618758 -8.48706266371688 0.333949857194636 0
0.20703125 1.52195681744812 -8.5827815442936 0.333949775330303 0
0.208984375 1.50510012835061 -8.6784218769109 0.333949688306141 0
0.2109375 1.48805673199144 -8.77395546081559 0.333949596019201 0
0.212890625 1.47082686483179 -8.8693532199404 0.333949498373141 0
0.21484375 1.45341082097605 -8.96458520525665 0.333949395278905 0
0.216796875 1.43580895387376 -9.05962059860771 0.33394928665543 0
0.21875 1.41802167801273 -9.15442771809034 0.333949172430353 0
0.220703125 1.40004947059997 -9.24897402504986 0.333949052540746 0
0.22265625 1.38189287322738 -9.34322613275401 0.333948926933845 0
0.224609375 1.3635524935189 -9.43714981680884 0.333948795567799 0
0.2265625 1.34502900675547 -9.53071002737777 0.33394865841241 0
0.228515625 1.32632315747446 -9.62387090326319 0.333948515449881 0
0.23046875 1.3074357610396 -9.71659578790673 0.333948366675559 0
0.232421875 1.28836770517794 -9.80884724736161 0.333948212098659 0
0.234375 1.2691199514796 -9.90058709028698 0.333948051742991 0
0.236328125 1.24969353685651 -9.99177639000997 0.333947885647654 0
0.23828125 1.23008957495612 -10.0823755086973 0.333947713867717 0
0.240234375 1.21030925752566 -10.172344123673 0.333947536474868 0
0.2421875 1.19035385572302 -10.2616412559138 0.333947353558031 0
0.244140625 1.17022472136975 -10.3502253007486 0.333947165223944 0
0.24609375 1.14992328814197 -10.4380540607813 0.333946971597692 0
0.248046875 1.12945107269482 -10.5250847810505 0.333946772823192 0
0.25 1.10880967571599 -10.6112741864325 0.333946569063618 0
0.251953125 1.08800078290407 -10.6965785212867 0.333946360501771 0
0.25390625 1.06702616586722 -10.7809535913342 0.333946147340376 0
0.255859375 1.04588768293792 -10.8643548077535 0.333945929802311 0
0.2578125 1.02458727989943 -10.9467372334674 0.33394570813075 0
0.259765625 1.00312699061969 -11.0280556315861 0.333945482589232 0
0.26171875 0.981508937588548 -11.1082645159657 0.333945253461635 0
0.263671875 0.959735332354199 -11.187318203826 0.333945021052055 0
0.265625 0.937808475854853 -11.2651708703682 0.333944785684597 0
0.267578125 0.915730758641823 -11.3417766053192 0.333944547703046 0
0.26953125 0.893504660990324 -11.4170894713199 0.333944307470456 0
0.271484375 0.871132752894479 -11.4910635640671 0.333944065368607 0
0.2734375 0.848617693943187 -11.5636530741053 0.333943821797371 0
0.275390625 0.825962233073755 -11.6348123501577 0.333943577173949 0
0.27734375 0.803169208200384 -11.7044959638739 0.333943331932011 0
0.279296875 0.780241545714873 -11.7726587758618 0.333943086520708 0
0.28125 0.757182259857173 -11.8392560028646 0.33394284140358 0
0.283203125 0.733994451953683 -11.9042432859298 0.333942597057349 0
0.28515625 0.71068130952151 -11.9675767594124 0.333942353970605 0
0.287109375 0.687246105237229 -12.0292131206442 0.333942112642384 0
0.2890625 0.663692195768994 -12.0891097000923 0.333941873580648 0
0.291015625 0.640023020471243 -12.1472245318242 0.333941637300663 0
0.29296875 0.616242099941556 -12.2035164240893 0.333941404323292 0
0.294921875 0.592353034439644 -12.2579450298193 0.333941175173203 0
0.296875 0.568359502168824 -12.3104709168469 0.333940950377002 -0
0.298828125 0.544265257420711 -12.3610556376356 0.333940730461297 -0
0.30078125 0.52007412858431 -12.4096617983106 0.333940515950706 -0
0.302734375 0.49579001602106 -12.4562531267775 0.333940307365824 -0
0.3046875 0.471416889807835 -12.5007945397148 0.333940105221145 -0
0.306640625 0.446958787350299 -12.5432522082234 0.333939910022966 -0
0.30859375 0.422419810869462 -12.5835936219188 0.333939722267278 -0
0.310546875 0.397804124764679 -12.6217876512503 0.333939542437658 -0
0.3125 0.373115952856766 -12.6578046078376 0.333939371003179 -0
0.314453125 0.348359575515313 -12.6916163026137 0.33393920841634 -0
0.31640625 0.323539326674681 -12.723196101573 0.333939055111041 -0
0.318359375 0.298659590743544 -12.7525189789247 0.333938911500616 -0
0.3203125 0.273724799413256 -12.7795615674612 0.33393877797593 -0
0.322265625 0.248739428370648 -12.8043022059583 0.333938654903556 -0
0.32421875 0.223707993921232 -12.8267209834317 0.333938542624048 -0
0.326171875 0.198635049529118 -12.8467997800869 0.333938441450321 -0
0.328125 0.173525182280267 -12.8645223048075 0.333938351666147 -0
0.330078125 0.148383009275964 -12.8798741290414 0.333938273524781 -0
0.33203125 0.123213173963699 -12.8928427169554 0.333938207247724 -0
0.333984375 0.098020342412857 -12.9034174517423 0.333938153023636 -0
0.3359375 0.072809199542831 -12.9115896579799 0.333938111007408 -0
0.337890625 0.0475844453113732 -12.9173526199547 0.333938081319388 -0
0.33984375 0.0223507908711328 -12.9207015958801 0.333938064044789 -0
0.341796875 -0.00288704529753335 -12.9216338279517 0.333938059233259 -0
0.34375 -0.0281243412693034 -12.9201485482031 0.333938066898634 -0
0.345703125 -0.0533563755639516 -12.916246980137 0.333938087018874 -0
0.34765625 -0.0785784310354634 -12.9099323361263 0.333938119536163 -0
0.349609375 -0.103785798751945 -12.9012098105954 0.333938164357208 -0
0.3515625 -0.128973781858102 -12.8900865690077 0.333938221353699 -0
0.353515625 -0.154137699412131 -12.8765717327036 0.333938290362945 -0
0.35546875 -0.179272890188975 -12.8606763596457 0.333938371188686 -0
0.357421875 -0.204374716441997 -12.8424134211493 0.333938463602052 -0
0.359375 -0.229438567615339 -12.8217977746852 0.333938567342694 -0
0.361328125 -0.254459863999361 -12.7988461328603 0.333938682120047 -0
0.36328125 -0.279434060321825 -12.7735770286962 0.333938807614735 -0
0.365234375 -0.304356649267706 -12.7460107773357 0.333938943480104 -0
0.3671875 -0.329223164920793 -12.7161694343223 0.333939089343867 -0
0.369140625 -0.354029186120527 -12.6840767506094 0.333939244809856 -0
0.37109375 -0.378770339727861 -12.6497581244661 0.333939409459861 -0
0.373046875 -0.403442303794223 -12.6132405504543 0.333939582855549 -0
0.375 -0.428040810628073 -12.5745525656651 0.333939764540451 -0
0.376953125 -0.452561649753852 -12.5337241934051 0.333939954041993 -0
0.37890625 -0.477000670758561 -12.4907868845329 0.333940150873571 -0
0.380859375 -0.501353786021559 -12.445773456651 0.333940354536649 -0
0.3828125 -0.525616973323604 -12.3987180313619 0.33394056452287 -0
0.384765625 -0.549786278331566 -12.349655969801 0.33394078031616 -0
0.38671875 -0.573857816955639 -12.2986238066601 0.333941001394822 -0
0.388671875 -0.597827777576332 -12.245659182919 0.333941227233605 -0
0.390625 -0.621692423138916 -12.1908007774988 0.333941457305725 -0
0.392578125 -0.645448093113437 -12.1340882380525 0.333941691084854 -0
0.39453125 -0.669091205318809 -12.0755621111047 0.333941928047031 -0
0.396484375 -0.69261825760994 -12.0152637717509 0.333942167672518 -0
0.3984375 -0.716025829427211 -11.9532353531203 0.333942409447573 -0
0.400390625 -0.739310583208066 -11.8895196758044 0.333942652866136 -0
0.40234375 -0.762469265660822 -11.8241601774452 0.333942897431431 -0
0.404296875 -0.785498708901211 -11.7572008426723 0.333943142657462 -0
0.40625 -0.808395831452511 -11.6886861335717 0.33394338807041 -0
0.408203125 -0.831157639110475 -11.6186609208581 0.333943633209924 -0
0.41015625 -0.853781225674613 -11.5471704159194 0.333943877630302 -0
0.412109375 -0.87626377354766 -11.4742601038888 0.333944120901562 -0
0.4140625 -0.898602554205428 -11.3999756778946 0.333944362610392 -0
0.416015625 -0.920794928539436 -11.3243629746249 0.333944602360998 -0
0.41796875 -0.942838347075057 -11.247467911339 0.333944839775831 -0
0.419921875 -0.964730350068104 -11.1693364244431 0.333945074496203 -0
0.421875 -0.986468567483037 -11.0900144097413 0.333945306182798 -0
0.423828125 -1.00805071885616 -11.0095476644609 0.333945534516063 -0
0.42578125 -1.02947461304734 -10.9279818311423 0.333945759196514 -0
0.427734375 -1.05073814788406 -10.8453623434733 0.333945979944918 -0
0.4296875 -1.07183930970153 -10.7617343741363 0.333946196502397 -0
0.431640625 -1.09277617278303 -10.6771427847304 0.333946408630428 -0
0.43359375 -1.11354689870438 -10.5916320778173 0.333946616110761 -0
0.435546875 -1.134149735587 -10.5052463511337 0.333946818745252 -0
0.4375 -1.1545830172635 -10.4180292540006 0.333947016355618 -0
0.439453125 -1.17484516236044 -10.3300239459544 0.333947208783125 -0
0.44140625 -1.19493467330238 -10.2412730576142 0.333947395888206 -0
0.443359375 -1.21485013524174 -10.1518186537918 0.333947577550016 -0
0.4453125 -1.23459021491876 -10.0617021988453 0.333947753665943 -0
0.447265625 -1.25415365945598 -9.97096452426545 0.333947924151059 -0
0.44921875 -1.27353929509167 -9.87964579848332 0.333948088937533 -0
0.451171875 -1.29274602585631 -9.78778549887498 0.333948247974007 -0
0.453125 -1.31177283219665 -9.69542238593798 0.333948401224942 -0
0.455078125 -1.33061876955138 -9.60259447960582 0.33394854866993 -0
0.45703125 -1.34928296688261 -9.50933903766272 0.333948690302991 -0
0.458984375 -1.36776462516725 -9.41569253621612 0.333948826131852 -0
0.4609375 -1.38606301585221 -9.32169065218002 0.333948956177211 -0
0.462890625 -1.40417747927733 -9.22736824771847 0.333949080471999 -0
0.46484375 -1.42210742306986 -9.13275935659521 0.333949199060628 -0
0.466796875 -1.43985232051403 -9.03789717237238 0.333949311998254 -0
0.46875 -1.45741170889944 -8.94281403839871 0.333949419350028 -0
0.470703125 -1.47478518785152 -8.84754143952535 0.333949521190366 -0
0.47265625 -1.49197241764758 -8.75210999548569 0.333949617602224 -0
0.474609375 -1.50897311752139 -8.65654945587398 0.333949708676385 -0
0.4765625 -1.52578706395959 -8.5608886966566 0.333949794510763 -0
0.478515625 -1.5424140889927 -8.46515571814876 0.333949875209722 -0
0.48046875 -1.55885407848361 -8.36937764438903 0.333949950883422 -0
0.482421875 -1.5751069704161 -8.27358072384392 0.333950021647173 -0
0.484375 -1.59117275318612 -8.1777903313745 0.333950087620821 -0
0.486328125 -1.60705146389803 -8.08203097139767 0.333950148928158 -0
0.48828125 -1.62274318666814 -7.98632628217491 0.333950205696348 -0
0.490234375 -1.63824805093778 -7.89069904116216 0.333950258055389 -0
0.4921875 -1.65356622979768 -7.79517117135534 0.33395030613759 -0
0.494140625 -1.66869793832588 -7.69976374856713 0.333950350077086 -0
0.49609375 -1.68364343194052 -7.60449700957187 0.333950390009367 -0
0.498046875 -1.69840300476952 -7.50939036105667 0.333950426070846 -0
0.5 -1.7129769880384 -7.41446238931854 0.333950458398439 -0
0.501953125 -1.7273657484778 -7.3197308706487 0.333950487129188 -0
0.50390625 -1.74156968675187 -7.22521278234703 0.333950512399893 -0
0.505859375 -1.75558923590884 -7.13092431431162 0.333950534346785 -0
0.5078125 -1.76942485985465 -7.03688088114958 0.333950553105209 -0
0.509765625 -1.78307705185083 -6.943097134758 0.333950568809344 -0
0.51171875 -1.7965463330373 -6.84958697732515 0.333950581591937 -0
0.513671875 -1.80983325098101 -6.75636357470438 0.333950591584067 -0
0.515625 -1.82293837825099 -6.66343937011509 0.333950598914929 -0
0.517578125 -1.83586231102052 -6.57082609812702 0.333950603711631 -0
0.51953125 -1.8486056676968 -6.47853479888616 0.33395060609903 -0
0.521484375 -1.86116908757867 -6.38657583254275 0.333950606199566 -0
0.5234375 -1.87355322954267 -6.29495889384345 0.333950604133128 -0
0.525390625 -1.88575877075775 -6.20369302685204 0.333950600016936 -0
0.52734375 -1.89778640542881 -6.11278663976479 0.333950593965439 -0
0.529296875 -1.90963684356933 -6.02224751978862 0.333950586090222 -0
0.53125 -1.92131080980298 -5.93208284805186 0.333950576499939 -0
0.533203125 -1.93280904219453 -5.84229921451956 0.333950565300254 -0
0.53515625 -1.9441322911097 -5.75290263288669 0.333950552593794 -0
0.537109375 -1.95528131810424 -5.66389855542465 0.333950538480118 -0
0.5390625 -1.96625689484183 -5.57529188775795 0.333950523055695 -0
0.541015625 -1.9770598020408 -5.48708700354977 0.333950506413894 -0
0.54296875 -1.98769082844945 -5.39928775907643 0.33395048864498 -0
0.544921875 -1.99815076984969 -5.31189750767253 0.333950469836127 -0
0.546875 -2.00844042808879 -5.22491911402993 0.33395045007143 -0
0.548828125 -2.01856061013887 -5.13835496833517 0.33395042943193 -0
0.55078125 -2.02851212718385 -5.05220700023117 0.333950407995646 -0
0.552734375 -2.03829579373352 -4.9664766925905 0.33395038583761 0
0.5546875 -2.04791242676428 -4.88116509508871 0.333950363029912 0
0.556640625 -2.05736284488621 -4.79627283756731 0.333950339641745 0
0.55859375 -2.06664786753603 -4.71180014317721 0.333950315739459 0
0.560546875 -2.0757683141955 -4.62774684129451 0.333950291386615 0
0.5625 -2.08472500363484 -4.54411238020146 0.333950266644046 0
0.564453125 -2.09351875318066 -4.46089583952646 0.33395024156992 0
0.56640625 -2.10215037800799 -4.37809594243786 0.333950216219802 0
0.568359375 -2.11062069045581 -4.29571106758713 0.333950190646724 0
0.5703125 -2.11893049936575 -4.21373926079793 0.333950164901251 0
0.572265625 -2.1270806094433 -4.13217824649817 0.333950139031554 0
0.57421875 -2.13507182064113 -4.05102543889306 0.333950113083478 0
0.576171875 -2.14290492756397 -3.97027795287764 0.333950087100619 0
0.578125 -2.15058071889456 -3.88993261468821 0.333950061124388 0
0.580078125 -2.1580999768401 -3.8099859722922 0.333950035194092 0
0.58203125 -2.16546347659883 -3.73043430551707 0.333950009347002 0
0.583984375 -2.17267198584603 -3.65127363591902 0.333949983618426 0
0.5859375 -2.17972626423913 -3.5724997363929 0.333949958041781 0
0.587890625 -2.18662706294131 -3.49410814052495 0.333949932648665 0
0.58984375 -2.19337512416306 -3.4160941516909 0.333949907468928 0
0.591796875 -2.19997118072135 -3.33845285190157 0.333949882530736 0
0.59375 -2.2064159556158 -3.26117911039931 0.333949857860649 0
0.595703125 -2.21271016162135 -3.18426759200812 0.33394983348368 0
0.59765625 -2.21885450089708 -3.10771276524131 0.333949809423365 0
0.599609375 -2.22484966461057 -3.03150891017015 0.333949785701827 0
0.6015625 -2.23069633257743 -2.95565012605788 0.333949762339838 0
0.603515625 -2.23639517291549 -2.88013033876293 0.333949739356885 0
0.60546875 -2.24194684171323 -2.80494330791616 0.333949716771224 0
0.607421875 -2.24735198271204 -2.73008263387634 0.333949694599943 0
0.609375 -2.25261122700181 -2.65554176446899 0.333949672859019 0
0.611328125 -2.25772519272949 -2.58131400151319 0.33394965156337 0
0.61328125 -2.26269448482022 -2.50739250714147 0.333949630726913 0
0.615234375 -2.26751969471051 -2.43377030991799 0.333949610362614 0
0.6171875 -2.27220140009333 -2.36044031076008 0.333949590482537 0
0.619140625 -2.27674016467442 -2.28739528866847 0.333949571097895 0
0.62109375 -2.2811365379397 -2.21462790627161 0.333949552219094 0
0.623046875 -2.28539105493329 -2.14213071518945 0.333949533855784 0
0.625 -2.2895042360459 -2.06989616122217 0.333949516016894 0
0.626953125 -2.29347658681307 -1.99791658936924 0.33394949871068 0
0.62890625 -2.29730859772313 -1.92618424868449 0.333949481944766 0
0.630859375 -2.30100074403449 -1.85469129697262 0.333949465726177 0
0.6328125 -2.30455348560193 -1.78342980533271 0.333949450061379 0
0.634765625 -2.30796726671157 -1.71239176255429 0.333949434956316 0
0.63671875 -2.31124251592441 -1.6415690793716 0.333949420416442 0
0.638671875 -2.31437964592787 -1.5709535925814 0.33394940644675 0
0.640625 -2.31737905339543 -1.50053706903013 0.33394939305181 0
0.642578125 -2.32024111885377 -1.43031120947572 0.33394938023579 0
0.64453125 -2.32296620655744 -1.36026765232968 0.333949368002491 0
0.646484375 -2.32555466437068 -1.29039797728502 0.333949356355367 0
0.6484375 -2.32800682365621 -1.22069370883524 0.333949345297552 0
0.650390625 -2.33032299917082 -1.15114631969019 0.333949334831886 0
0.65234375 -2.3325034889675 -1.0817472340939 0.333949324960934 0
0.654296875 -2.334548574304 -1.01248783104999 0.333949315687004 0
0.65625 -2.33645851955754 -0.943359447459993 0.333949307012174 0
0.658203125 -2.33823357214564 -0.874353381179851 0.333949298938303 0
0.66015625 -2.33987396245277 -0.805460894000086 0.33394929146705 0
0.662109375 -2.34137990376283 -0.736673214554783 0.33394928459989 0
0.6640625 -2.34275159219713 -0.66798154116476 0.333949278338128 0
0.666015625 -2.343989206658 -0.59937704462015 0.333949272682909 0
0.66796875 -2.34509290877768 -0.530850870907628 0.333949267635237 0
0.669921875 -2.34606284287248 -0.462394143887493 0.333949263195976 0
0.671875 -2.34689913590224 -0.393997967925802 0.333949259365868 0
0.673828125 -2.34760189743469 -0.325653430486718 0.333949256145533 0
0.67578125 -2.34817121961507 -0.257351604690242 0.333949253535486 0
0.677734375 -2.34860717714052 -0.189083551840446 0.333949251536131 0
0.6796875 -2.34890982723945 -0.120840323929366 0.333949250147778 0
0.681640625 -2.34907920965586 -0.0526129661216451 0.333949249370638 0
0.68359375 -2.34911534663836 0.0156074807749535 0.333949249204826 -0
0.685546875 -2.34901824293409 0.0838299778480578 0.333949249650369 -0
0.6875 -2.3487878857874 0.152063485623132 0.333949250707199 -0
0.689453125 -2.34842424494337 0.220316961604756 0.333949252375156 -0
0.69140625 -2.34792727265613 0.288599357811638 0.333949254653986 -0
0.693359375 -2.34729690370192 0.35691961830027 0.333949257543336 -0
0.6953125 -2.34653305539714 0.425286676672112 0.333949261042751 -0
0.697265625 -2.34563562762117 0.493709453559199 0.33394926515167 -0
0.69921875 -2.34460450284418 0.562196854083042 0.333949269869418 -0
0.701171875 -2.34343954615991 0.630757765281702 0.333949275195197 -0
0.703125 -2.34214060532354 0.699401053499875 0.333949281128081 -0
0.705078125 -2.34070751079467 0.768135561736835 0.333949287667003 -0
0.70703125 -2.33914007578551 0.83697010694705 0.333949294810747 -0
0.708984375 -2.33743809631441 0.905913477288279 0.33394930255793 -0
0.7109375 -2.33560135126485 0.974974429311917 0.333949310906996 -0
0.712890625 -2.33362960244991 1.04416168509036 0.333949319856196 -0
0.71484375 -2.33152259468247 1.11348392927611 0.333949329403574 -0
0.716796875 -2.32928005585118 1.18294980608733 0.333949339546947 -0
0.71875 -2.32690169700244 1.25256791621461 0.333949350283894 -0
0.720703125 -2.32438721242847 1.32234681364339 0.333949361611725 -0
0.72265625 -2.32173627976165 1.39229500238699 0.33394937352747 -0
0.724609375 -2.31894856007539 1.46242093312459 0.33394938602785 -0
0.7265625 -2.31602369799163 1.53273299973883 0.333949399109256 -0
0.728515625 -2.31296132179516 1.60323953574766 0.333949412767723 -0
0.73046875 -2.30976104355511 1.67394881062491 0.333949426998902 -0
0.732421875 -2.30642245925366 1.74486902600402 0.333949441798034 -0
0.734375 -2.30294514892229 1.81600831175964 0.333949457159917 -0
0.736328125 -2.29932867678585 1.88737472196132 0.333949473078878 -0
0.73828125 -2.29557259141462 1.95897623069398 0.333949489548739 -0
0.740234375 -2.2916764258847 2.03082072773945 0.333949506562782 -0
0.7421875 -2.28763969794689 2.10291601411362 0.333949524113712 -0
0.744140625 -2.28346191020457 2.17526979745362 0.333949542193623 -0
0.74609375 -2.27914255030059 2.24788968724943 0.333949560793954 -0
0.748046875 -2.27468109111375 2.32078318991449 0.333949579905452 -0
0.75 -2.27007699096499 2.39395770368965 0.333949599518126 -0
0.751953125 -2.26532969383371 2.46742051337505 0.333949619621208 -0
0.75390625 -2.26043862958461 2.54117878488439 0.3339496402031 -0
0.755859375 -2.25540321420526 2.61523955961625 0.333949661251332 -0
0.7578125 -2.25022285005486 2.68960974863691 0.333949682752509 -0
0.759765625 -2.24489692612464 2.76429612666956 0.333949704692263 -0
0.76171875 -2.23942481831006 2.83930532588444 0.333949727055198 -0
0.763671875 -2.23380588969541 2.91464382948487 0.333949749824836 -0
0.765625 -2.22803949085113 2.99031796508409 0.33394977298356 -0
0.767578125 -2.2221249601443 3.06633389786786 0.33394979651256 -0
0.76953125 -2.21606162406259 3.14269762353809 0.333949820391768 -0
0.771484375 -2.20984879755235 3.21941496103277 0.333949844599802 -0
0.7734375 -2.20348578437105 3.2964915450177 0.3339498691139 -0
0.775390625 -2.19697187745463 3.37393281814561 0.333949893909858 -0
0.77734375 -2.19030635930017 3.45174402307862 0.333949918961964 -0
0.779296875 -2.18348850236448 3.52993019427013 0.333949944242931 -0
0.78125 -2.17651756947881 3.60849614950238 0.333949969723831 -0
0.783203125 -2.16939281428048 3.68744648117641 0.333949995374023 -0
0.78515625 -2.16211348166171 3.76678554735124 0.333950021161087 -0
0.787109375 -2.15467880823614 3.84651746252959 0.333950047050747 -0
0.7890625 -2.1470880228237 3.92664608818767 0.333950073006808 -0
0.791015625 -2.13934034695416 4.00717502304707 0.333950098991075 -0
0.79296875 -2.13143499538993 4.08810759308716 0.333950124963288 -0
0.794921875 -2.12337117666866 4.16944684129683 0.333950150881044 -0
0.796875 -2.11514809366611 4.25119551716494 0.333950176699728 -0
0.798828125 -2.10676494417974 4.3333560659094 0.33395020237244 -0
0.80078125 -2.09822092153365 4.41593061744528 0.333950227849922 -0
0.802734375 -2.08951521520534 4.49892097509303 0.333950253080489 -0
0.8046875 -2.08064701147469 4.58232860402851 0.333950278009957 -0
0.806640625 -2.07161549409585 4.66615461947732 0.33395030258158 -0
0.80859375 -2.06241984499236 4.75039977465636 0.333950326735977 -0
0.810546875 -2.0530592449761 4.83506444846689 0.333950350411075 -0
0.8125 -2.04353287449054 4.92014863294346 0.333950373542044 -0
0.814453125 -2.03383991437867 5.00565192046479 0.33395039606124 -0
0.81640625 -2.02397954667622 5.0915734907328 0.333950417898151 -0
0.818359375 -2.01395095543049 5.17791209752764 0.333950438979345 -0
0.8203125 -2.00375332754526 5.2646660552473 0.33395045922843 -0
0.822265625 -1.99338585365218 5.35183322524141 0.333950478566008 -0
0.82421875 -1.98284772900916 5.43941100195023 0.333950496909643 -0
0.826171875 -1.97213815442582 5.52739629886089 0.333950514173834 -0
0.828125 -1.96125633721673 5.61578553429428 0.333950530269995 -0
0.830078125 -1.95020149218248 5.70457461703711 0.333950545106441 -0
0.83203125 -1.93897284261893 5.79375893183547 0.333950558588384 -0
0.833984375 -1.927569621355 5.88333332476713 0.333950570617938 -0
0.8359375 -1.91599107181906 5.97329208851176 0.333950581094138 -0
0.837890625 -1.90423644913425 6.06362894753954 0.333950589912962 -0
0.83984375 -1.89230502124273 6.15433704324033 0.333950596967372 -0
0.841796875 -1.88019607005909 6.24540891901714 0.333950602147365 -0
0.84375 -1.86790889265282 6.33683650536959 0.333950605340034 -0
0.845703125 -1.85544280245999 6.42861110499437 0.333950606429653 -0
0.84765625 -1.84279713052394 6.52072337793203 0.333950605297765 -0
0.849609375 -1.82997122676494 6.61316332679081 0.333950601823298 -0
0.8515625 -1.81696446127866 6.70592028208047 0.333950595882689 -0
0.853515625 -1.80377622566307 6.79898288769065 0.33395058735003 -0
0.85546875 -1.79040593437362 6.89233908655057 0.333950576097235 -0
0.857421875 -1.77685302610623 6.98597610650863 0.333950561994221 -0
0.859375 -1.76311696520757 7.07988044647242 0.333950544909119 -0
0.861328125 -1.74919724311219 7.17403786285194 0.333950524708493 -0
0.86328125 -1.7350933798058 7.26843335635037 0.333950501257599 -0
0.865234375 -1.72080492531395 7.36305115914918 0.333950474420649 -0
0.8671875 -1.70633146121538 7.457874722536 0.333950444061112 -0
0.869140625 -1.69167260217904 7.5528867050258 0.333950410042033 -0
0.87109375 -1.67682799752387 7.64806896102775 0.333950372226383 -0
0.873046875 -1.66179733280003 7.74340253011216 0.333950330477426 -0
0.875 -1.64658033139062 7.83886762693335 0.333950284659119 -0
0.876953125 -1.63117675613232 7.93444363186657 0.333950234636536 -0
0.87890625 -1.61558641095364 8.03010908241812 0.333950180276317 -0
0.880859375 -1.59980914252913 8.12584166547 0.333950121447149 -0
0.8828125 -1.5838448419479 8.22161821042126 0.333950058020265 -0
0.884765625 -1.56769344639467 8.31741468329 0.333949989869975 -0
0.88671875 -1.5513549408413 8.41320618184086 0.333949916874219 -0
0.888671875 -1.53482935974685 8.50896693180389 0.333949838915154 -0
0.890625 -1.51811678876394 8.60467028425151 0.333949755879746 -0
0.892578125 -1.50121736644899 8.70028871420099 0.333949667660408 -0
0.89453125 -1.48413128597409 8.79579382050999 0.333949574155644 -0
0.896484375 -1.46685879683763 8.89115632713324 0.333949475270717 -0
0.8984375 -1.44940020657123 8.98634608580799 0.333949370918339 -0
0.900390625 -1.43175588243994 9.08133208023577 0.333949261019372 -0
0.90234375 -1.41392625313281 9.17608243182709 0.333949145503547 -0
0.904296875 -1.39591181044062 9.27056440707508 0.333949024310198 -0
0.90625 -1.37771311091767 9.36474442662232 0.33394889738899 -0
0.908203125 -1.35933077752412 9.4585880760839 0.333948764700673 -0
0.91015625 -1.34076550124547 9.55206011868759 0.33394862621782 -0
0.912109375 -1.3220180426855 9.64512450978939 0.333948481925578 -0
0.9140625 -1.3030892336291 9.73774441332048 0.3339483318224 0
0.916015625 -1.28397997857097 9.82988222021789 0.333948175920779 0
0.91796875 -1.26469125620637 9.92149956888796 0.333948014247961 0
0.919921875 -1.24522412088 10.0125573677476 0.33394784684664 0
0.921875 -1.22557970398861 10.1030158198836 0.333947673775631 0
0.923828125 -1.20575921533358 10.1928344498664 0.333947495110513 0
0.92578125 -1.18576394441882 10.2819721327473 0.333947310944234 0
0.927734375 -1.16559526169003 10.370387125265 0.333947121387686 0
0.9296875 -1.14525461971075 10.4580370992797 0.333946926570221 0
0.931640625 -1.12474355427097 10.5448791774452 0.333946726640125 0
0.93359375 -1.10406368542386 10.6308699711257 0.333946521765034 0
0.935546875 -1.08321671844626 10.7159656205529 0.333946312132283 0
0.9375 -1.06220444471857 10.800121837214 0.33394609794919 0
0.939453125 -1.04102874251964 10.8832939484507 0.333945879443266 0
0.94140625 -1.01969157773244 10.965436944243 0.333945656862342 0
0.943359375 -0.998195004456194 11.0465055261409 0.333945430474616 0
0.9453125 -0.97654116552095 11.126454158298 0.333945200568605 0
0.947265625 -0.954732292900343 11.2052371205537 0.333944967453006 0
0.94921875 -0.932770708018787 11.2828085634978 0.333944731456457 0
0.951171875 -0.91065882194918 11.3591225654445 0.333944492927194 0
0.953125 -0.888399135497519 11.4341331912301 0.333944252232605 0
0.955078125 -0.865994239170937 11.5077945527422 0.333944009758671 0
0.95703125 -0.84344681302587 11.5800608710734 0.333943765909297 0
0.958984375 -0.820759626393306 11.6508865401879 0.333943521105536 0
0.9609375 -0.797935537478261 11.7202261919747 0.333943275784687 0
0.962890625 -0.774977492830905 11.7880347625545 0.333943030399296 0
0.96484375 -0.751888526687033 11.8542675596969 0.333942785416028 0
0.966796875 -0.728671760175839 11.9188803311953 0.333942541314441 0
0.96875 -0.705330400393301 11.9818293340369 0.333942298585643 0
0.970703125 -0.681867739339757 12.0430714042001 0.333942057730851 0
0.97265625 -0.658287152720645 12.1025640268993 0.333941819259842 0
0.974609375 -0.634592098609682 12.1602654070944 0.333941583689319 0
0.9765625 -0.610786115974182 12.2161345400701 0.333941351541175 0
0.978515625 -0.586872823062533 12.2701312818909 0.33394112334069 0
0.98046875 -0.562855915654296 12.3222164195258 0.333940899614641 0
0.982421875 -0.538739165173761 12.3723517404369 0.33394068088936 0
0.984375 -0.514526416668214 12.4205001014205 0.333940467688726 0
0.986328125 -0.490221586652587 12.4666254964874 0.333940260532122 0
0.98828125 -0.46582866082256 12.5106931235667 0.333940059932351 0
0.990234375 -0.441351691638654 12.5526694498184 0.333939866393539 0
0.9921875 -0.416794795784207 12.5925222753386 0.333939680409024 0
0.994140625 -0.392162151500613 12.6302207950439 0.333939502459248 0
0.99609375 -0.367457995803567 12.6657356585239 0.333939333009671 0
0.998046875 -0.342686621584504 12.6990390276547 0.333939172508716 0
1 -0.317852374601791 12.7301046317698 0.333939021385749 0
1.001953125 -0.292959650366653 12.7589078201938 0.333938880049129 0
1.00390625 -0.268012890929159 12.7854256119468 0.33393874888432 0
1.005859375 -0.243016581569986 12.8096367424409 0.333938628252091 0
1.0078125 -0.217975247403999 12.8315217069944 0.333938518486812 0
1.009765625 -0.192893449902039 12.8510628010023 0.33393841989486 0
1.01171875 -0.167775783337584 12.8682441566133 0.33393833275314 0
1.013671875 -0.142626871165268 12.8830517757728 0.333938257307745 0
1.015625 -0.117451362338472 12.8954735595067 0.333938193772756 0
1.017578125 -0.0922539275734452 12.9054993333343 0.333938142329182 0
1.01953125 -0.0670392555676346 12.9131208687106 0.333938103124072 0
1.021484375 -0.0418120491800445 12.9183319004168 0.333938076269784 0
1.0234375 -0.0165770215816316 12.9211281398301 0.333938061843425 0
1.025390625 0.00866110761616669 12.9215072840216 0.333938059886464 0
1.02734375 0.0338976162465776 12.9194690206464 0.333938070404531 0
1.029296875 0.0591277834780668 12.9150150286075 0.333938093367383 0
1.03125 0.0843468937020756 12.9081489744894 0.333938128709057 0
1.033203125 0.109550240409666 12.8988765047775 0.333938176328201 0
1.03515625 0.134733130048863 12.8872052338915 0.333938236088576 0
1.037109375 0.159890885854555 12.8731447280815 0.333938307819735 0
1.0390625 0.185018851642931 12.8567064852476 0.333938391317865 0
1.041015625 0.210112395562553 12.837903910763 0.333938486346792 0
1.04296875 0.235166913794349 12.8167522893928 0.333938592639136 0
1.044921875 0.260177834192994 12.7932687534172 0.33393870989761 0
1.046875 0.285140619862385 12.7674722470796 0.333938837796461 0
1.048828125 0.310050772658149 12.7393834874968 0.333938975983019 0
1.05078125 0.334903836610419 12.7090249221761 0.333939124079377 0
1.052734375 0.359695401260399 12.6764206832989 0.333939281684159 0
1.0546875 0.384421104904555 12.641596538941 0.333939448374378 0
1.056640625 0.409076637740637 12.6045798414059 0.333939623707376 0
1.05859375 0.433657744910047 12.5653994728604 0.333939807222817 0
1.060546875 0.458160229431498 12.5240857884658 0.333939998444733 0
1.0625 0.482579955021242 12.4806705572052 0.333940196883606 0
1.064453125 0.506912848795581 12.435186900614 0.333940402038467 0
1.06640625 0.531154903851765 12.3876692296233 0.333940613399007 0
1.068359375 0.555302181723797 12.3381531797275 0.333940830447682 0
1.0703125 0.579350814710076 12.2866755446947 0.3339410526618 0
1.072265625 0.60329700807026 12.2332742090311 0.333941279515583 0
1.07421875 0.627137042089104 12.1779880794191 0.333941510482178 0
1.076171875 0.650867274005491 12.1208570153397 0.333941745035632 0
1.078125 0.674484139805275 12.0619217590938 0.33394198265279 0
1.080078125 0.697984155876951 12.0012238654285 0.333942222815131 0
1.08203125 0.721363920529605 11.9388056309755 0.333942465010526 0
1.083984375 0.744620115372949 11.8747100236985 0.333942708734901 0
1.0859375 0.767749506559677 11.808980612545 0.333942953493817 0
1.087890625 0.790748945890703 11.7416614974898 0.333943198803944 0
1.08984375 0.813615371784246 11.6727972401487 0.333943444194437 0
1.091796875 0.836345810110034 11.6024327951369 0.333943689208194 0
1.09375 0.85893737489025 11.5306134423345 0.33394393340302 0
1.095703125 0.881387268869153 11.4573847202154 0.333944176352666 0
1.09765625 0.903692783953591 11.382792360386 0.333944417647758 0
1.099609375 0.925851301526911 11.3068822234701 0.333944656896615 0
1.1015625 0.947860292639021 11.2297002364672 0.333944893725955 0
1.103515625 0.969717318075611 11.1512923317032 0.333945127781479 0
1.10546875 0.991420028309737 11.0717043874779 0.333945358728361 0
1.107421875 1.0129661633392 10.9909821705102 0.333945586251619 0
1.109375 1.03435355241329 10.9091712802655 0.333945810056387 0
1.111328125 1.05558011365273 10.826317095245 0.333946029868084 0
1.11328125 1.07664385356659 10.7424647213027 0.333946245432492 0
1.115234375 1.09754286647032 10.6576589420492 0.333946456515737 0
1.1171875 1.11827533380897 10.57194417139 0.333946662904186 0
1.119140625 1.13883952338981 10.4853644082378 0.333946864404262 0
1.12109375 1.15923378852865 10.3979631934285 0.333947060842187 0
1.123046875 1.17945656711414 10.3097835688631 0.333947252063647 0
1.125 1.19950638059452 10.2208680388873 0.333947437933397 0
1.126953125 1.21938183289105 10.1312585339155 0.333947618334813 0
1.12890625 1.23908160924263 10.0409963762959 0.333947793169376 0
1.130859375 1.25860447498595 9.95012224840693 0.333947962356122 0
1.1328125 1.27794927427547 9.85867616296932 0.333948125831047 0
1.134765625 1.29711492874755 9.76669743555047 0.333948283546471 0
1.13671875 1.31610043613309 9.67422465923306 0.333948435470376 0
1.138671875 1.33490486882268 9.58129568141359 0.333948581585719 0
1.140625 1.35352737238861 9.48794758269184 0.33394872188972 0
1.142578125 1.37196716406757 9.39421665780768 0.333948856393139 0
1.14453125 1.39022353120817 9.30013839857746 0.333948985119538 0
1.146484375 1.40829582968701 9.20574747877849 0.333949108104539 0
1.1484375 1.42618348229715 9.11107774092681 0.333949225395081 0
1.150390625 1.44388597711251 9.0161621848907 0.333949337048669 0
1.15234375 1.46140286583188 8.92103295827959 0.333949443132639 0
1.154296875 1.47873376210579 8.82572134854631 0.333949543723426 0
1.15625 1.49587833984964 8.73025777673843 0.333949638905836 0
1.158203125 1.51283633154617 8.63467179283346 0.333949728772346 0
1.16015625 1.52960752654039 8.53899207259127 0.333949813422405 0
1.162109375 1.54619176932973 8.44324641585662 0.33394989296176 0
1.1640625 1.56258895785233 8.34746174624393 0.333949967501804 0
1.166015625 1.578799041776 8.25166411213658 0.33395003715894 0
1.16796875 1.59482202079037 8.15587868893283 0.333950102053968 0
1.169921875 1.61065794290464 8.06012978247088 0.333950162311499 0
1.171875 1.62630690275314 7.96444083356624 0.333950218059394 0
1.173828125 1.64176903991076 7.86883442359514 0.333950269428224 0
1.17578125 1.65704453722031 7.77333228105871 0.333950316550758 0
1.177734375 1.67213361913365 7.67795528906395 0.333950359561482 0
1.1796875 1.68703655006822 7.58272349365843 0.333950398596133 0
1.181640625 1.70175363278075 7.48765611295737 0.333950433791276 0
1.18359375 1.71628520675946 7.3927715470031 0.333950465283889 0
1.185546875 1.73063164663623 7.29808738829849 0.333950493210988 0
1.1875 1.74479336062 7.2036204329578 0.333950517709273 0
1.189453125 1.75877078895247 7.10938669242012 0.333950538914798 0
1.19140625 1.77256440238727 7.01540140567222 0.333950556962665 0
1.193359375 1.78617470069338 6.92167905192999 0.333950571986749 0
1.1953125 1.79960221118387 6.82823336372897 0.333950584119435 0
1.197265625 1.81284748727045 6.73507734037711 0.333950593491389 0
1.19921875 1.82591110704472 6.6422232617243 0.333950600231345 0
1.201171875 1.83879367188656 6.54968270220554 0.333950604465912 0
1.203125 1.85149580510021 6.45746654511655 0.333950606319405 0
1.205078125 1.86401815057842 6.36558499708254 0.333950605913694 0
1.20703125 1.87636137149506 6.27404760268289 0.333950603368066 0
1.208984375 1.8885261490264 6.18286325919643 0.333950598799117 0
1.2109375 1.9005131811013 6.09204023143392 0.333950592320646 0
1.212890625 1.91232318118044 6.00158616662625 0.333950584043574 0
1.21484375 1.92395687706468 5.91150810933867 0.333950574075875 0
1.216796875 1.93541500973254 5.82181251638332 0.333950562522524 0
1.21875 1.9466983322068 5.73250527170384 0.333950549485446 0
1.220703125 1.95780760845013 5.64359170120791 0.333950535063496 0
1.22265625 1.96874361228964 5.55507658752492 0.333950519352434 0
1.224609375 1.97950712637015 5.46696418466776 0.333950502444918 0
1.2265625 1.990098941136 5.37925823257929 0.333950484430506 0
1.228515625 2.00051985384117 5.2919619715455 0.333950465395665 0
1.23046875 2.01077066758735 5.20507815645881 0.333950445423788 0
1.232421875 2.02085219038983 5.11860907091648 0.333950424595224 0
1.234375 2.03076523427062 5.03255654114029 0.333950402987304 0
1.236328125 2.04051061437866 4.94692194970506 0.333950380674383 0
1.23828125 2.05008914813666 4.86170624906466 0.333950357727883 0
1.240234375 2.05950165441407 4.77690997486563 0.333950334216343 0
1.2421875 2.06874895272597 4.69253325903916 0.333950310205469 0
1.244140625 2.07783186245719 4.60857584266375 0.333950285758194 0
1.24609375 2.08675120211138 4.52503708859158 0.333950260934734 0
1.248046875 2.0955077885845 4.44191599383258 0.333950235792657 0
1.25 2.10410243646229 4.35921120169125 0.333950210386941 0
1.251953125 2.11253595734111 4.27692101365205 0.333950184770049 0
1.25390625 2.12080915917187 4.19504340100977 0.333950158991991 0
1.255859375 2.1289228456263 4.11357601624262 0.3339501331004 0
1.2578125 2.13687781548531 4.03251620412567 0.333950107140601 0
1.259765625 2.14467486204867 3.95186101258378 0.333950081155681 0
1.26171875 2.15231477256572 3.8716072032831 0.333950055186567 0
1.263671875 2.1597983276865 3.79175126196127 0.333950029272091 0
1.265625 2.16712630093276 3.71228940849664 0.333950003449069 0
1.267578125 2.17429945818844 3.63321760671765 0.333949977752371 0
1.26953125 2.181318557209 3.55453157395372 0.333949952214992 0
1.271484375 2.18818434714919 3.47622679032958 0.333949926868122 0
1.2734375 2.19489756810872 3.39829850780528 0.33394990174122 0
1.275390625 2.20145895069531 3.32074175896458 0.33394987686208 0
1.27734375 2.20786921560468 3.24355136555472 0.333949852256901 0
1.279296875 2.214129073217 3.16672194678076 0.333949827950352 0
1.28125 2.22023922320929 3.09024792735816 0.333949803965641 0
1.283203125 2.22620035418325 3.0141235453275 0.333949780324576 0
1.28515625 2.23201314330823 2.93834285963518 0.333949757047631 0
1.287109375 2.2376782559787 2.86289975748466 0.333949734154003 0
1.2890625 2.2431963454859 2.78778796146245 0.333949711661678 0
1.291015625 2.24856805270316 2.71300103644367 0.333949689587485 0
1.29296875 2.25379400578451 2.63853239628193 0.333949667947153 0
1.294921875 2.25887481987614 2.56437531028832 0.333949646755366 0
1.296875 2.26381109684032 2.49052290950478 0.333949626025821 0
1.298828125 2.26860342499139 2.41696819277673 0.33394960577127 0
1.30078125 2.27325237884336 2.34370403263043 0.33394958600358 0
1.302734375 2.27775851886885 2.27072318096019 0.333949566733776 0
1.3046875 2.28212239126898 2.19801827453092 0.333949547972086 0
1.306640625 2.28634452775374 2.12558184030135 0.33394952972799 0
1.30859375 2.29042544533266 2.05340630057348 0.333949512010262 0
1.310546875 2.29436564611535 1.98148397797363 0.33394949482701 0
1.3125 2.29816561712162 1.90980710027074 0.333949478185714 0
1.314453125 2.30182583010079 1.8383678050374 0.333949462093272 0
1.31640625 2.30534674136004 1.76715814415911 0.333949446556025 0
1.318359375 2.30872879160141 1.69617008819747 0.333949431579803 0
1.3203125 2.31197240576707 1.62539553061264 0.333949417169952 0
1.322265625 2.31507799289286 1.5548262918509 0.333949403331365 0
1.32421875 2.31804594596961 1.4844541233025 0.333949390068517 0
1.326171875 2.32087664181201 1.41427071113573 0.333949377385492 0
1.328125 2.32357044093498 1.34426768001232 0.333949365286006 0
1.330078125 2.32612768743706 1.27443659668996 0.33394935377344 0
1.33203125 2.3285487088908 1.20476897351727 0.333949342850858 0
1.333984375 2.33083381623986 1.1352562718267 0.333949332521035 0
1.3359375 2.33298330370263 1.06588990523078 0.333949322786476 0
1.337890625 2.33499744868217 0.996661242827087 0.333949313649435 0
1.33984375 2.33687651168242 0.927561612317412 0.333949305111937 0
1.341796875 2.33862073623029 0.858582303046327 0.333949297175794 0
1.34375 2.34023034880369 0.789714568964577 0.333949289842623 0
1.345703125 2.3417055587653 0.720949631522559 0.333949283113858 0
1.34765625 2.34304655830183 0.652278682499164 0.333949276990767 0
1.349609375 2.34425352236882 0.583692886771233 0.333949271474461 0
1.3515625 2.34532660864078 0.515183385028854 0.33394926656591 0
1.353515625 2.34626595746658 0.446741296441703 0.333949262265952 0
1.35546875 2.34707169183 0.378357721281618 0.333949258575298 0
1.357421875 2.34774391731534 0.31002374350658 0.333949255494545 0
1.359375 2.34828272207808 0.241730433311232 0.333949253024181 0
1.361328125 2.34868817682046 0.173468849649103 0.333949251164589 0
1.36328125 2.34896033477202 0.105230042731639 0.333949249916056 0
1.365234375 2.34909923167488 0.0370050565091629 0.333949249278769 0
1.3671875 2.34910488577401 -0.0312150688611226 0.333949249252825 -0
1.369140625 2.34897729781214 -0.099439294555 0.333949249838229 -0
1.37109375 2.34871645102965 -0.167676580623863 0.333949251034892 -0
1.373046875 2.34832231116908 -0.235935883535013 0.333949252842631 -0
1.375 2.34779482648459 -0.304226153704523 0.333949255261172 -0
1.376953125 2.34713392775617 -0.372556333017574 0.333949258290138 -0
1.37890625 2.34633952830874 -0.440935352331157 0.333949261929051 -0
1.380859375 2.34541152403613 -0.509372128954019 0.333949266177323 -0
1.3828125 2.34434979343002 -0.57787556409874 0.333949271034252 -0
1.384765625 2.34315419761387 -0.646454540300795 0.333949276499012 -0
1.38671875 2.34182458038197 -0.715117918799454 0.333949282570647 -0
1.388671875 2.34036076824356 -0.783874536875361 0.333949289248054 -0
1.390625 2.3387625704723 -0.852733205139585 0.333949296529982 -0
1.392578125 2.33702977916098 -0.921702704768974 0.33394930441501 -0
1.39453125 2.33516216928179 -0.990791784682548 0.333949312901537 -0
1.396484375 2.33315949875207 -1.06000915865371 0.33394932198777 -0
1.3984375 2.3310215085058 -1.12936350235302 0.333949331671702 -0
1.400390625 2.328747922571 -1.19886345031615 0.333949341951097 -0
1.40234375 2.326338448153 -1.26851759283184 0.333949352823474 -0
1.404296875 2.323792775724 -1.33833447274438 0.333949364286083 -0
1.40625 2.32111057911885 -1.40832258216532 0.333949376335883 -0
1.408203125 2.31829151563742 -1.47849035908897 0.333949388969522 -0
1.41015625 2.31533522615366 -1.54884618390636 0.333949402183313 -0
1.412109375 2.31224133523153 -1.619398375812 0.333949415973204 -0
1.4140625 2.30900945124814 -1.69015518909827 0.333949430334756 -0
1.416015625 2.30563916652412 -1.76112480933171 0.33394944526311 -0
1.41796875 2.30213005746169 -1.8323153494058 0.333949460752961 -0
1.419921875 2.2984816846905 -1.90373484546468 0.333949476798522 -0
1.421875 2.29469359322159 -1.97539125269233 0.333949493393496 -0
1.423828125 2.29076531260967 -2.04729244096157 0.333949510531034 -0
1.42578125 2.28669635712409 -2.11944619033735 0.333949528203706 -0
1.427734375 2.28248622592867 -2.19186018642888 0.333949546403459 -0
1.4296875 2.27813440327085 -2.26454201558488 0.333949565121578 -0
1.431640625 2.27364035868029 -2.33749915992653 0.333949584348645 -0
1.43359375 2.26900354717739 -2.41073899221255 0.333949604074495 -0
1.435546875 2.26422340949196 -2.48426877053093 0.333949624288174 -0
1.4375 2.2592993722925 -2.55809563281182 0.333949644977889 -0
1.439453125 2.25423084842629 -2.63222659115618 0.333949666130962 -0
1.44140625 2.24901723717079 -2.70666852597483 0.333949687733782 -0
1.443359375 2.2436579244967 -2.78142817993248 0.333949709771749 -0
1.4453125 2.23815228334293 -2.85651215169174 0.333949732229224 -0
1.447265625 2.23249967390415 -2.93192688945164 0.333949755089474 -0
1.44921875 2.22669944393101 -3.00767868427593 0.333949778334615 -0
1.451171875 2.2207509290437 -3.08377366320602 0.333949801945554 -0
1.453125 2.21465345305911 -3.16021778215381 0.333949825901927 -0
1.455078125 2.20840632833216 -3.23701681856982 0.333949850182042 -0
1.45703125 2.20200885611158 -3.31417636388204 0.333949874762813 -0
1.458984375 2.19546032691075 -3.39170181570134 0.333949899619697 -0
1.4609375 2.18876002089399 -3.46959836978918 0.333949924726627 -0
1.462890625 2.18190720827876 -3.5478710117839 0.333949950055949 -0
1.46484375 2.17490114975421 -3.62652450868195 0.333949975578346 -0
1.466796875 2.16774109691672 -3.70556340007074 0.333950001262778 -0
1.46875 2.16042629272269 -3.78499198911004 0.333950027076406 -0
1.470703125 2.15295597195926 -3.86481433325936 0.333950052984522 -0
1.47265625 2.14532936173339 -3.94503423474891 0.333950078950478 -0
1.474609375 2.13754568197977 -4.02565523079223 0.333950104935616 -0
1.4765625 2.12960414598811 -4.10668058353905 0.333950130899189 -0
1.478515625 2.12150396095032 -4.18811326976727 0.333950156798297 -0
1.48046875 2.11324432852808 -4.26995597031365 0.333950182587808 -0
1.482421875 2.10482444544128 -4.35221105924306 0.333950208220287 -0
1.484375 2.09624350407791 -4.43488059275706 0.333950233645927 -0
1.486328125 2.08750069312583 -4.51796629784288 0.33395025881248 -0
1.48828125 2.07859519822696 -4.60146956066467 0.333950283665179 -0
1.490234375 2.06952620265448 -4.68539141469973 0.333950308146683 -0
1.4921875 2.06029288801329 -4.76973252862285 0.333950332197 -0
1.494140625 2.05089443496455 -4.85449319394302 0.333950355753431 -0
1.49609375 2.04133002397445 -4.93967331239741 0.333950378750508 -0
1.498046875 2.031598836088 -5.02527238310856 0.333950401119935 -0
1.5 2.02170005372794 -5.11128948951149 0.333950422790535 -0
1.501953125 2.01163286151959 -5.19772328605863 0.333950443688205 -0
1.50390625 2.00139644714177 -5.28457198471141 0.333950463735868 -0
1.505859375 1.99099000220431 -5.37183334122854 0.333950482853432 -0
1.5078125 1.9804127231526 -5.45950464126206 0.333950500957763 -0
1.509765625 1.96966381219938 -5.54758268627362 0.333950517962657 -0
1.51171875 1.95874247828434 -5.63606377928456 0.333950533778818 -0
1.513671875 1.94764793806155 -5.72494371047487 0.333950548313852 -0
1.515625 1.9363794169153 -5.81421774264737 0.333950561472261 -0
1.517578125 1.92493615000434 -5.90388059657498 0.333950573155454 -0
1.51953125 1.91331738333493 -5.99392643625032 0.333950583261762 -0
1.521484375 1.90152237486273 -6.08434885405877 0.333950591686471 -0
1.5234375 1.88955039562376 -6.17514085589729 0.333950598321858 -0
1.525390625 1.87740073089438 -6.26629484626328 0.33395060305725 -0
1.52734375 1.86507268138054 -6.35780261333948 0.333950605779089 -0
1.529296875 1.85256556443603 -6.44965531410237 0.333950606371013 -0
1.53125 1.83987871530983 -6.54184345948382 0.333950604713959 -0
1.533203125 1.82701148842242 -6.63435689961711 0.33395060068627 -0
1.53515625 1.8139632586707 -6.72718480920068 0.333950594163835 -0
1.537109375 1.80073342276148 -6.82031567301472 0.333950585020233 -0
1.5390625 1.78732140057299 -6.91373727162764 0.333950573126902 -0
1.541015625 1.77372663654418 -7.00743666733162 0.333950558353333 -0
1.54296875 1.75994860109122 -7.1014001903482 0.333950540567278 -0
1.544921875 1.74598679205063 -7.19561342534693 0.333950519634979 -0
1.546875 1.73184073614846 -7.29006119832224 0.333950495421426 -0
1.548828125 1.71750999049469 -7.38472756387547 0.333950467790636 -0
1.55078125 1.70299414410207 -7.47959579295104 0.333950436605951 -0
1.552734375 1.68829281942847 -7.57464836107787 0.33395040173037 -0
1.5546875 1.67340567394161 -7.66986693716858 0.333950363026893 -0
1.556640625 1.65833240170516 -7.76523237293153 0.33395032035891 -0
1.55859375 1.64307273498485 -7.86072469295188 0.333950273590593 -0
1.560546875 1.62762644587332 -7.9563230855001 0.333950222587335 -0
1.5625 1.61199334793211 -8.0520058941276 0.333950167216201 -0
1.564453125 1.59617329784938 -8.14775061011091 0.333950107346415 -0
1.56640625 1.58016619711137 -8.24353386580722 0.333950042849866 -0
1.568359375 1.56397199368607 -8.33933142898518 0.333949973601644 -0
1.5703125 1.54759068371689 -8.43511819819623 0.333949899480604 -0
1.572265625 1.53102231322437 -8.53086819925252 0.333949820369947 -0
1.57421875 1.51426697981356 -8.62655458287832 0.33394973615783 -0
1.576171875 1.497324834385 -8.72214962360228 0.333949646738002 -0
1.578125 1.48019608284637 -8.81762471995845 0.333949552010452 -0
1.580078125 1.46288098782266 -8.91295039606381 0.333949451882087 -0
1.58203125 1.44537987036174 -9.00809630464017 0.33394934626742 -0
1.583984375 1.42769311163266 -9.10303123154761 0.33394923508928 -0
1.5859375 1.40982115461351 -9.19772310189609 0.33394911827953 -0
1.587890625 1.39176450576588 -9.29213898780084 0.3339489957798 -0
1.58984375 1.37352373669241 -9.38624511784551 0.333948867542228 -0
1.591796875 1.35509948577429 -9.48000688831564 0.333948733530201 -0
1.59375 1.33649245978493 -9.57338887626283 0.333948593719105 -0
1.595703125 1.31770343547639 -9.66635485445735 0.333948448097065 -0
1.59765625 1.29873326113471 -9.75886780828442 0.333948296665683 -0
1.599609375 1.27958285810028 -9.85088995463577 0.333948139440764 -0
1.6015625 1.26025322224941 -9.94238276284461 0.333947976453028 -0
1.603515625 1.24074542543292 -10.0333069777081 0.333947807748799 -0
1.60546875 1.22106061686774 -10.1236226446367 0.333947633390671 -0
1.607421875 1.20120002447731 -10.2132891369647 0.333947453458146 -0
1.609375 1.18116495617647 -10.3022651854511 0.333947268048228 -0
1.611328125 1.16095680109664 -10.3905089099947 0.333947077275987 -0
1.61328125 1.1405770307468 -10.4779778535788 0.333946881275068 -0
1.615234375 1.1200272001061 -10.5646290184573 0.333946680198149 -0
1.6171875 1.09930894864346 -10.650418904584 0.333946474217345 -0
1.619140625 1.07842400126006 -10.7353035502819 0.33394626352454 -0
1.62109375 1.05737416915017 -10.8192385751384 0.333946048331657 -0
1.623046875 1.03616135057593 -10.9021792251075 0.333945828870846 -0
1.625 1.01478753155209 -10.9840804197879 0.333945605394597 -0
1.626953125 0.993254786436134 -11.0648968018403 0.333945378175765 -0
1.62890625 0.971565278419902 -11.1445827884949 0.333945147507499 -0
1.630859375 0.949721259918575 -11.223092625093 0.333944913703083 -0
1.6328125 0.927725072853132 -11.3003804405955 0.333944677095672 -0
1.634765625 0.905579148822499 -11.3764003049817 0.333944438037929 -0
1.63671875 0.883286009161797 -11.4511062884521 0.333944196901547 -0
1.638671875 0.860848264883233 -11.5244525223386 0.333943954076671 -0
1.640625 0.838268616496412 -11.596393261615 0.333943709971203 -0
1.642578125 0.815549853705049 -11.6668829488918 0.333943465009994 -0
1.64453125 0.792694854977303 -11.7358762797687 0.333943219633927 -0
1.646484375 0.769706586987203 -11.8033282694085 0.333942974298878 -0
1.6484375 0.746588103924926 -11.8691943201869 0.333942729474577 -0
1.650390625 0.723342546673973 -11.933430290264 0.333942485643345 -0
1.65234375 0.699973141853582 -11.9959925629134 0.333942243298734 -0
1.654296875 0.676483200725092 -12.0568381164374 0.333942002944059 -0
1.65625 0.652876117961249 -12.1159245944896 0.33394176509083 -0
1.658203125 0.629155370277867 -12.1732103766166 0.333941530257093 -0
1.66015625 0.60532451492759 -12.2286546488274 0.333941298965678 -0
1.662109375 0.581387188055885 -12.2822174739905 0.333941071742376 -0
1.6640625 0.557347102919815 -12.3338598618544 0.333940849114037 -0
1.666015625 0.533208047970517 -12.3835438384838 0.333940631606609 -0
1.66796875 0.508973884800737 -12.4312325149002 0.333940419743126 -0
1.669921875 0.484648545959188 -12.4768901547115 0.333940214041648 -0
1.671875 0.460236032633895 -12.5204822405171 0.333940015013181 -0
1.673828125 0.435740412207167 -12.5619755388714 0.333939823159568 -0
1.67578125 0.411165815685179 -12.601338163591 0.333939638971381 -0
1.677734375 0.38651643500564 -12.6385396371933 0.333939462925819 -0
1.6796875 0.361796520227393 -12.6735509502546 0.333939295484625 -0
1.681640625 0.337010376606208 -12.7063446184821 0.333939137092035 -0
1.68359375 0.312162361561447 -12.7368947372993 0.333938988172783 -0
1.685546875 0.287256881538633 -12.7651770337482 0.33393884913015 -0
1.6875 0.262298388773368 -12.7911689155217 0.333938720344108 -0
1.689453125 0.237291377962377 -12.8148495169465 0.333938602169533 0
1.69140625 0.212240382847796 -12.8361997417463 0.333938494934526 0
1.693359375 0.18714997272118 -12.8552023024265 0.333938398938846 0
1.6953125 0.162024748853943 -12.8718417561305 0.333938314452465 0
1.697265625 0.136869340861295 -12.8861045368345 0.333938241714253 0
1.69921875 0.111688403006933 -12.8979789837542 0.333938180930809 0
1.701171875 0.086486610456005 -12.9074553658579 0.333938132275448 0
1.703125 0.0612686554840508 -12.9145259023883 0.333938095887341 0
1.705078125 0.0360392436498006 -12.9191847793161 0.333938071870822 0
1.70703125 0.0108030899398471 -12.9214281616589 0.333938060294873 0
1.708984375 -0.0144350851066796 -12.921254201619 0.333938061192777 0
1.7109375 -0.0396705592852273 -12.9186630425081 0.333938074561952 0
1.712890625 -0.0648986126164767 -12.9136568184423 0.333938100363963 0
1.71484375 -0.0901145312322675 -12.9062396498106 0.333938138524715 0
1.716796875 -0.115313611248549 -12.8964176345329 0.333938188934823 0
1.71875 -0.140491162617161 -12.8841988351419 0.333938251450157 0
1.720703125 -0.165642512948322 -12.869593261741 0.333938325892557 0
1.72265625 -0.190763011295837 -12.8526128509017 0.333938412050711 0
1.724609375 -0.215848031897157 -12.8332714405851 0.333938509681197 0
1.7265625 -0.240892977860622 -12.8115847411817 0.333938618509676 0
1.728515625 -0.265893284792398 -12.7875703027832 0.333938738232216 0
1.73046875 -0.290844424355869 -12.7612474788084 0.333938868516763 0
1.732421875 -0.315741907756494 -12.732637386124 0.333939009004723 0
1.734375 -0.340581289145416 -12.7017628618073 0.33393915931266 0
1.736328125 -0.365358168935428 -12.6686484167139 0.333939319034086 0
1.73828125 -0.390068197023205 -12.6333201860211 0.333939487741342 0
1.740234375 -0.414707075912074 -12.5958058769279 0.333939664987546 0
1.7421875 -0.439270563729954 -12.5561347136992 0.333939850308604 0
1.744140625 -0.463754477137461 -12.5143373802531 0.333940043225265 0
1.74609375 -0.488154694121568 -12.4704459604892 0.333940243245204 0
1.748046875 -0.512467156670622 -12.4244938765696 0.333940449865128 0
1.75 -0.536687873326918 -12.3765158253591 0.333940662572889 0
1.751953125 -0.560812921613432 -12.3265477132413 0.333940880849582 0
1.75390625 -0.584838450331767 -12.2746265895241 0.333941104171628 0
1.755859375 -0.60876068172876 -12.220790578651 0.333941332012827 0
1.7578125 -0.632575913529622 -12.1650788114333 0.33394156384636 0
1.759765625 -0.656280520835921 -12.1075313555166 0.33394179914675 0
1.76171875 -0.679870957887109 -12.0481891452935 0.333942037391741 0
1.763671875 -0.703343759684724 -11.987093911469 0.333942278064123 0
1.765625 -0.726695543478785 -11.9242881104832 0.333942520653467 0
1.767578125 -0.749923010116299 -11.8598148539893 0.333942764657768 0
1.76953125 -0.773022945252181 -11.7937178385783 0.333943009585001 0
1.771484375 -0.795992220423246 -11.7260412759371 0.333943254954576 0
1.7734375 -0.81882779398631 -11.6568298236184 0.333943500298682 0
1.775390625 -0.841526711921755 -11.5861285165916 0.333943745163533 0
1.77734375 -0.864086108504246 -11.5139826997388 0.333943989110492 0
1.779296875 -0.88650320684261 -11.4404379614477 0.333944231717094 0
1.78125 -0.908775319291151 -11.3655400684466 0.333944472577943 0
1.783203125 -0.930899847734979 -11.2893349020153 0.333944711305512 0
1.78515625 -0.952874283752148 -11.2118683956982 0.333944947530812 0
1.787109375 -0.974696208655675 -11.1331864746336 0.333945180903961 0
1.7890625 -0.996363293418686 -11.0533349966042 0.333945411094643 0
1.791015625 -1.01787329848616 -10.9723596949062 0.333945637792459 0
1.79296875 -1.03922407347691 -10.8903061231185 0.333945860707172 0
1.794921875 -1.06041355677959 -10.8072196018503 0.333946079568856 0
1.796875 -1.08143977504664 -10.723145167531 0.333946294127953 0
1.798828125 -1.10230084259026 -10.6381275232985 0.333946504155231 0
1.80078125 -1.12299496068453 -10.5522109920312 0.333946709441664 0
1.802734375 -1.14352041677788 -10.465439471563 0.333946909798232 0
1.8046875 -1.16387558362032 -10.377856392106 0.33394710505564 0
1.806640625 -1.18405891830955 -10.2895046759041 0.333947295063975 0
1.80859375 -1.20406896126057 -10.200426699126 0.333947479692294 0
1.810546875 -1.22390433510301 -10.1106642560017 0.333947658828161 0
1.8125 -1.24356374351058 -10.0202585252001 0.333947832377123 0
1.814453125 -1.26304596996707 -9.92925003843324 0.333948000262153 0
1.81640625 -1.28234987647321 -9.83767865127251 0.333948162423036 0
1.818359375 -1.3014744021986 -9.7455835161509 0.333948318815736 0
1.8203125 -1.32041856208317 -9.65300305752201 0.333948469411722 0
1.822265625 -1.33918144539205 -9.55997494914056 0.333948614197278 0
1.82421875 -1.35776221422825 -9.4665360934243 0.333948753172785 0
1.826171875 -1.37616010200699 -9.37272260285262 0.333948886351998 0
1.828125 -1.39437441189564 -9.27856978335327 0.333949013761304 0
1.830078125 -1.41240451522321 -9.18411211962498 0.33394913543898 0
1.83203125 -1.43024984986293 -9.08938326234037 0.333949251434447 0
1.833984375 -1.44790991859173 -8.99441601717105 0.333949361807525 0
1.8359375 -1.46538428743 -8.89924233557406 0.333949466627696 0
1.837890625 -1.48267258396506 -8.80389330727708 0.333949565973372 0
1.83984375 -1.49977449566155 -8.70839915439801 0.333949659931178 0
1.841796875 -1.51668976816193 -8.61278922713312 0.333949748595245 0
1.84375 -1.53341820358004 -8.51709200094723 0.333949832066522 0
1.845703125 -1.54995965879063 -8.42133507519841 0.333949910452106 0
1.84765625 -1.56631404371754 -8.32554517312951 0.33394998386459 0
1.849609375 -1.58248131962317 -8.22974814315865 0.333950052421436 0
1.8515625 -1.59846149740175 -8.13396896140079 0.333950116244368 0
1.853515625 -1.61425463587864 -8.03823173535322 0.333950175458788 0
1.85546875 -1.62986084011797 -7.94255970867798 0.333950230193225 0
1.857421875 -1.64528025974066 -7.84697526701543 0.333950280578795 0
1.859375 -1.66051308725475 -7.75149994476374 0.333950326748704 0
1.861328125 -1.6755595563999 -7.65615443276073 0.333950368837761 0
1.86328125 -1.69041994050772 -7.56095858680518 0.333950406981933 0
1.865234375 -1.70509455087961 -7.46593143695671 0.333950441317911 0
1.8671875 -1.71958373518334 -7.37109119755454 0.333950471982716 0
1.869140625 -1.73388787587005 -7.27645527789706 0.333950499113322 0
1.87109375 -1.74800738861262 -7.18204029352623 0.333950522846309 0
1.873046875 -1.76194272076664 -7.08786207806212 0.333950543317539 0
1.875 -1.77569434985505 -6.99393569553512 0.333950560661858 0
1.876953125 -1.78926278207732 -6.90027545316527 0.333950575012821 0
1.87890625 -1.80264855084398 -6.80689491453974 0.333950586502439 0
1.880859375 -1.81585221533724 -6.71380691314195 0.333950595260956 0
1.8828125 -1.82887435909844 -6.62102356618749 0.333950601416635 0
1.884765625 -1.84171558864266 -6.528556288724 0.333950605095574 0
1.88671875 -1.85437653210127 -6.43641580795438 0.333950606421541 0
1.888671875 -1.86685783789249 -6.34461217774443 0.333950605515827 0
1.890625 -1.87916017342058 -6.25315479327818 0.333950602497113 0
1.892578125 -1.89128422380373 -6.162052405826 0.333950597481362 0
1.89453125 -1.90323069063084 -6.07131313759253 0.333950590581723 0
1.896484375 -1.91500029074745 -5.98094449661336 0.333950581908448 0
1.8984375 -1.92659375507074 -5.89095339167133 0.333950571568829 0
1.900390625 -1.93801182743367 -5.80134614720482 0.333950559667146 0
1.90234375 -1.94925526345825 -5.71212851818262 0.333950546304624 0
1.904296875 -1.96032482945782 -5.62330570492121 0.333950531579413 0
1.90625 -1.9712213013681 -5.53488236782232 0.333950515586561 0
1.908203125 -1.98194546370712 -5.44686264201004 0.333950498418018 0
1.91015625 -1.99249810856345 -5.35925015184824 0.333950480162633 0
1.912109375 -2.00288003461278 -5.27204802532091 0.333950460906169 0
1.9140625 -2.01309204616236 -5.18525890825903 0.333950440731319 0
1.916015625 -2.02313495222317 -5.09888497839919 0.333950419717737 0
1.91796875 -2.03300956560924 -5.01292795926065 0.333950397942073 0
1.919921875 -2.04271670206403 -4.92738913382847 0.333950375478004 0
1.921875 -2.05225717941325 -4.84226935803178 0.33395035239629 0
1.923828125 -2.06163181674384 -4.75756907400741 0.333950328764816 0
1.92578125 -2.07084143360859 -4.67328832314009 0.333950304648648 0
1.927734375 -2.07988684925611 -4.58942675887164 0.333950280110093 0
1.9296875 -2.08876888188544 -4.50598365927238 0.333950255208755 0
1.931640625 -2.09748834792514 -4.42295793936903 0.333950230001604 0
1.93359375 -2.1060460613361 -4.34034816322441 0.333950204543036 0
1.935546875 -2.11444283293773 -4.25815255576466 0.333950178884947 0
1.9375 -2.12267946975705 -4.17636901435105 0.333950153076797 0
1.939453125 -2.13075677440004 -4.09499512009373 0.333950127165685 0
1.94140625 -2.13867554444492 -4.01402814890574 0.333950101196417 0
1.943359375 -2.14643657185671 -3.93346508229609 0.33395007521158 0
1.9453125 -2.15404064242264 -3.85330261790151 0.333950049251613 0
1.947265625 -2.16148853520788 -3.77353717975685 0.333950023354884 0
1.94921875 -2.16878102203106 -3.6941649283048 0.333949997557756 0
1.951171875 -2.17591886695907 -3.61518177014593 0.333949971894663 0
1.953125 -2.1829028258207 -3.53658336753072 0.33394994639818 0
1.955078125 -2.18973364573849 -3.4583651475955 0.333949921099097 0
1.95703125 -2.19641206467849 -3.38052231134466 0.333949896026486 0
1.958984375 -2.20293881101718 -3.30304984238187 0.333949871207768 0
1.9609375 -2.2093146031253 -3.22594251539336 0.333949846668788 0
1.962890625 -2.21554014896794 -3.1491949043867 0.333949822433874 0
1.96484375 -2.22161614572056 -3.07280139068859 0.333949798525909 0
1.966796875 -2.22754327940031 -2.9967561707056 0.333949774966389 0
1.96875 -2.23332222451237 -2.92105326345212 0.333949751775491 0
1.970703125 -2.23895364371067 -2.84568651784953 0.33394972897213 0
1.97265625 -2.24443818747272 -2.77064961980147 0.333949706574022 0
1.974609375 -2.24977649378802 -2.69593609904953 0.33394968459774 0
1.9765625 -2.25496918785964 -2.6215393358145 0.333949663058768 0
1.978515625 -2.26001688181855 -2.54745256722785 0.333949641971561 0
1.98046875 -2.26492017445037 -2.47366889355871 0.333949621349593 0
1.982421875 -2.26967965093401 -2.40018128424138 0.333949601205412 0
1.984375 -2.27429588259194 -2.32698258370872 0.333949581550686 0
1.986328125 -2.27876942665162 -2.25406551703659 0.333949562396254 0
1.98828125 -2.28310082601786 -2.18142269540498 0.333949543752171 0
1.990234375 -2.28729060905555 -2.10904662138089 0.33394952562775 0
1.9921875 -2.29133928938263 -2.03692969402885 0.333949508031608 0
1.994140625 -2.29524736567285 -1.96506421385419 0.333949490971707 -0
1.99609375 -2.299015321468 -1.8934423875849 0.333949474455392 -0
1.998046875 -2.30264362499935 -1.82205633279747 0.333949458489428 -0
2 -2.30613272901799 -1.75089808239217 0.333949443080038 -0
