0 2.82336107342921 0 0.382548841019477 -0
0.0390625 2.81165214391575 -0.610130430752053 0.382561807987735 0
0.078125 2.77569463352671 -1.26327597697521 0.382603848992188 0
0.1171875 2.71295870821456 -2.00421524596374 0.382684400834075 0
0.15625 2.61911531743579 -2.88046399673464 0.382818236237629 0
0.1953125 2.48792245846967 -3.94110567391578 0.383019428083885 0
0.234375 2.31121643666112 -5.23086136475768 0.38327996650109 0
0.2734375 2.07926141434797 -6.77486148686759 0.383514932593743 0
0.3125 1.78193038299959 -8.54840857916482 0.383467998141282 0
0.3515625 1.41141699410072 -10.4310087550864 0.382673880701504 0
0.390625 0.967007824008463 -12.1654977300725 0.380803137779223 0
0.4296875 0.460987483938807 -13.3802739342895 0.37854405923777 -0
0.46875 -0.0783260771079049 -13.7314668704775 0.377707898187279 -0
0.5078125 -0.611783365317251 -13.1062955987863 0.379135727355691 -0
0.546875 -1.10225542076308 -11.7013230883143 0.381440962368855 -0
0.5859375 -1.52594923159181 -9.88951698558469 0.383009041556565 -0
0.625 -1.87487393526189 -8.0184146136775 0.38353482101729 -0
0.6640625 -2.15238787328536 -6.30385565422054 0.383460547344781 0
0.703125 -2.36736265824787 -4.8335482343026 0.383201451930113 0
0.7421875 -2.53000882909025 -3.61368749487651 0.382954197612972 0
0.78125 -2.64968199378509 -2.61115551659803 0.382773233033369 0
0.8203125 -2.73400535382447 -1.77892809599629 0.382656442280998 0
0.859375 -2.7886607512848 -1.06804231594828 0.382588314902347 0
0.8984375 -2.81744615975793 -0.431781118165314 0.382555345443958 0
0.9375 -2.82239365114147 0.173972939500338 0.38254989837854 -0
0.9765625 -2.80385452385947 0.792041237471559 0.382570645290325 -0
1.015625 -2.760515429464 1.46578368948713 0.382622544897516 -0
1.0546875 -2.68934017311829 2.24072895285441 0.382716778728886 -0
1.09375 -2.58545848002225 3.1651102736064 0.382868947263646 -0
1.1328125 -2.44206593299279 4.28766792861957 0.383090033260383 -0
1.171875 -2.25048442309885 5.64959524363767 0.383357454190816 -0
1.2109375 -2.00069130458359 7.26554206091795 0.383547524298971 -0
1.25 -1.68286394958963 9.08837851100427 0.383338919993441 -0
1.2890625 -1.29066173341139 10.9610397102557 0.382242426498354 -0
1.328125 -0.826532722225905 12.5864007392386 0.380123140058929 -0
1.3671875 -0.307349175658366 13.5809278641166 0.378077355076507 0
1.40625 0.234477267158208 13.6481785851708 0.377914389266731 0
1.4453125 0.758914776308103 12.7663620738846 0.379800573901126 0
1.484375 1.23184930418044 11.2036216708186 0.382006913455949 0
1.5234375 1.6341977193408 9.34403644022403 0.383253055064284 0
1.5625 1.96185215107294 7.50226839694016 0.383552585064817 0
1.6015625 2.22031243785175 5.85364838652934 0.383392378365258 0
1.640625 2.41916843127055 4.45727361062118 0.383124802287558 0
1.6796875 2.56853693868153 3.30439990871007 0.382894791879601 0
1.71875 2.67732467413852 2.35600041609731 0.382733623674972 0
1.7578125 2.75259947118914 1.56370362801449 0.3826325051409 0
1.796875 2.79948902007715 0.878989989226435 0.382575661919539 0
1.8359375 2.82127056409745 0.255957419819982 0.382551129063075 0
1.875 2.81948569350059 -0.348965256297338 0.382553091961733 -0
1.9140625 2.79400765344922 -0.978562325796125 0.38258202995845 -0
1.953125 2.74303551179777 -1.67667909818959 0.38264472443846 -0
1.9921875 2.66301709890316 -2.48964855986771 0.38275398342889 -0
2.03125 2.5485317180581 -3.46625810600879 0.382925562832635 -0
2.0703125 2.39221568437122 -4.65426887114564 0.383165088249876 -0
2.109375 2.18491696249985 -6.08980837218673 0.383429831379094 -0
2.1484375 1.91644940529413 -7.77411531376113 0.383548495503847 -0
2.1875 1.57756420361226 -9.63344703526977 0.383134450857388 -0
2.2265625 1.16383635566368 -11.4711986574193 0.381717027744178 0
2.265625 0.681376808501375 -12.9543780787487 0.379442055689392 0
2.3046875 0.151775568261442 -13.7026363297598 0.377779964292365 0
2.34375 -0.389141654761113 -13.4840181256021 0.378306372417426 0
2.3828125 -0.901663347801225 -12.3691325456388 0.380486810512515 0
2.421875 -1.35548013488915 -10.6818234039487 0.382483330587265 0
2.4609375 -1.73618080123471 -8.8010011364566 0.383415956333334 -0
2.5 -2.04305834867482 -7.00291943360588 0.383533508470348 -0
2.5390625 -2.28328388198517 -5.42481268036198 0.383316699869837 -0
2.578125 -2.4668718393281 -4.10140402940678 0.383051957393589 -0
2.6171875 -2.60370607178258 -3.01214773085192 0.382841323061242 -0
2.65625 -2.7021958808009 -2.1138087026058 0.382699029775944 -0
2.6953125 -2.76884737667366 -1.35739717604971 0.38261221582927 -0
2.734375 -2.80824253517979 -0.69504578693244 0.38256565260464 -0
2.7734375 -2.82314782877775 -0.0816328946962837 0.382549073869699 -0
2.8125 -2.81462010507793 0.526000233462798 0.382558486397701 0
2.8515625 -2.78205406053847 1.17075847607974 0.382596178773828 0
2.890625 -2.7231545991342 1.89709712950458 0.382670746250651 0
2.9296875 -2.63384334729593 2.75216268437627 0.382796409690392 0
2.96875 -2.50814188941731 3.78503046183156 0.38298809069192 0
3.0078125 -2.33813784246534 5.04163815081568 0.383243023752385 0
3.046875 -2.11426390888483 6.55115143590573 0.383491577394553 0
3.0859375 -1.8263291365352 8.29803028259985 0.383506312166549 0
3.125 -1.46598029305672 10.1776804928457 0.382843089646575 0
3.1640625 -1.03119784803163 11.9523199117945 0.381109998089726 0
3.203125 -0.532205299947775 13.2603357899721 0.37880940884373 0
3.2421875 0.00476588555993646 13.7418966106817 0.377681673123664 0
3.28125 0.54138037276173 13.2436508045634 0.378845533270051 -0
3.3203125 1.03942610466646 11.9240592035492 0.381148872452398 -0
3.359375 1.47294749803901 10.1447223716394 0.382863463902891 -0
3.3984375 1.83198253995078 8.2657807219692 0.383510343421345 -0
3.4375 2.11871161694286 6.52249709964415 0.383488248911753 -0
3.4765625 2.34155262586048 5.01747037288881 0.383238240436672 -0
3.515625 2.5107014898248 3.7651160139942 0.382984121590885 -0
3.5546875 2.63570231445378 2.73578350504493 0.382793672929835 -0
3.59375 2.72443457615643 1.8833957354372 0.382669046526348 -0
3.6328125 2.78284260628481 1.15888507018463 0.38259523453652 -0
3.671875 2.8149724722646 0.515153767135117 0.382558093602424 -0
3.7109375 2.82308899434224 -0.0922131857754551 0.382549138135124 0
3.75 2.8077683171259 -0.706108868092653 0.382566189746528 0
3.7890625 2.7679242390225 -1.36971301312167 0.382613352297041 0
3.828125 2.70075948797577 -2.12819297419927 0.382700998304929 0
3.8671875 2.60165916291319 -3.02945996705032 0.382844407322308 0
3.90625 2.46408292804996 -4.12248331893345 0.383056254630531 0
3.9453125 2.27959015362151 -5.45028430772448 0.383321423727287 0
3.984375 2.03827946650898 -7.03277225576722 0.383535515882781 0
4.0234375 1.7301548211397 -8.83386008880837 0.383408138059791 -0
4.0625 1.34813414707083 -10.7140867540817 0.382457079800877 -0
4.1015625 0.893116793477061 -12.3947608073043 0.38044534131239 -0
4.140625 0.379793459000184 -13.4962383096305 0.37827786846917 -0
4.1796875 -0.161276824462824 -13.6975637106606 0.377792579369298 -0
4.21875 -0.690328705895178 -12.9336777365597 0.379482631235453 -0
4.2578125 -1.17172039763155 -11.4408993179541 0.381751499086674 0
4.296875 -1.58414896511034 -9.60024891670757 0.383149268315396 0
4.3359375 -1.92173984424933 -7.74271045305484 0.383549545085876 0
4.375 -2.18904821925525 -6.06242061209788 0.383425668837396 0
4.4140625 -2.39536645456948 -4.63138150765651 0.383160420775685 0
4.453125 -2.55087489954091 -3.44744675565672 0.382921948898124 0
4.4921875 -2.66469823235516 -2.47413035086336 0.382751574937232 0
4.53125 -2.74416633320212 -1.66358977322718 0.382643269275812 0
4.5703125 -2.79466618338853 -0.967064884180938 0.38258126087074 0
4.609375 -2.81971827727875 -0.338272400485672 0.382552835691567 0
4.6484375 -2.82109371467648 0.266599710258498 0.382551323167286 -0
4.6875 -2.79889017491481 0.890333475671693 0.382576353907289 -0
4.7265625 -2.75153641188963 1.57652963886769 0.382633853426175 -0
4.765625 -2.67572379687827 2.37113932074597 0.382735885850295 -0
4.8046875 -2.56629115245635 3.32271604437658 0.382898235787675 -0
4.84375 -2.41613660591135 4.47957227762498 0.383129371826693 -0
4.8828125 -2.2163245682669 5.8804276344467 0.3833967949839 -0
4.921875 -1.9567281969702 7.53321158259439 0.383552673379848 -0
4.9609375 -1.62779241337671 9.37720822369494 0.383240646747895 -0
5 -1.22413380449403 11.2346781284393 0.381974922604042 -0
5.0390625 -0.750083184592393 12.7887694340035 0.379759016597314 -0
5.078125 -0.22501119246251 13.6555910886495 0.37789622209876 -0
5.1171875 0.316759869208346 13.570930026652 0.378101298253242 -0
5.15625 0.835217715869678 12.5622130518672 0.380165000417134 -0
5.1953125 1.29818276388547 10.929276179483 0.382271423588523 0
5.234375 1.68906741739179 9.05533184152973 0.383348797026998 0
5.2734375 2.00563056400498 7.2351610589543 0.383546336884878 0
5.3125 2.25431437512259 5.62350866301176 0.383352838757155 0
5.3515625 2.44496717830277 4.26602229126722 0.383085599079105 0
5.390625 2.58759736662785 3.14733532610791 0.38286569504937 0
5.4296875 2.69085275065495 2.22599929893437 0.382714675393736 0
5.46875 2.76150356185709 1.45323679860981 0.382621311547817 0
5.5078125 2.80438687554635 0.780854481935366 0.382570036906773 0
5.546875 2.8225078182583 0.163371264706919 0.382549773465374 0
5.5859375 2.81715025560157 -0.442547645156153 0.382555673317543 -0
5.625 2.78793378348047 -1.07973097232387 0.382589174923769 -0
5.6640625 2.73279627338877 -1.79233332125547 0.382658024218267 -0
5.703125 2.64790774275739 -2.62712138166903 0.382775812948779 -0
5.7421875 2.52755241544588 -3.63307590656809 0.382958001877907 -0
5.78125 2.36407368755676 -4.8571108052369 0.383206198822253 -0
5.8203125 2.14809063378675 -6.33192151422536 0.383464321465617 0
5.859375 1.8693923192579 -8.05029325940892 0.383532287623557 0
5.8984375 1.51916147289542 -9.92264066293766 0.382991338217046 0
5.9375 1.0941860174659 -11.7306143986681 0.381403975929394 0
5.9765625 0.602707222999482 -13.1249275958258 0.379097108067851 0
6.015625 0.068801049042008 -13.7338580081511 0.377701893053919 0
6.0546875 -0.470250433887325 -13.3656354740891 0.378576983219638 -0
6.09375 -0.975389222371205 -12.1383989227085 0.380843500855445 -0
6.1328125 -1.41856284972393 -10.3983165562184 0.382696998709594 -0
6.171875 -1.78775770332577 -8.51583991678524 0.383473705736513 -0
6.2109375 -2.08386284322277 -6.74563359468936 0.383512157056555 -0
6.25 -2.31476032791088 -5.20608314904888 0.383275185205672 -0
6.2890625 -2.49058808924222 -3.92065154251761 0.383015299988366 -0
6.328125 -2.62106122967006 -2.86365559434082 0.382815338345713 -0
6.3671875 -2.71431118255009 -1.99020206594843 0.382682577964307 -0
6.40625 -2.77654576607228 -1.25120316622963 0.38260281677073 -0
6.4453125 -2.81206142991178 -0.599190135056925 0.382561348546425 -0
6.484375 -2.82335749537361 0.0105725754158279 0.382548844925475 -0
6.5234375 -2.81123544745742 0.621083901248051 0.382562276202958 -0
6.5625 -2.7748353155886 1.27537569779902 0.38260489290076 -0
6.6015625 -2.71159672106687 2.01826996333935 0.382686240053733 -0
6.640625 -2.61715797470272 2.8973291605159 0.382821155285748 -0
6.6796875 -2.48524288040157 3.9616306812865 0.383023576212246 -0
6.71875 -2.30765557772721 5.25571894375711 0.383284744362522 -0
6.7578125 -2.07463983792054 6.80416238459063 0.383517628053114 0
6.796875 -1.77608039143107 8.58101446639097 0.383462060183359 0
6.8359375 -1.40424808273375 10.4636588369881 0.382650404067392 0
6.875 -0.958607044791374 12.1924363919518 0.380762615052501 0
6.9140625 -0.451713989612518 13.3946405276632 0.378511599962179 0
6.953125 0.0878492464323103 13.7287667875808 0.377714674019318 0
6.9921875 0.620845915667231 13.0874191464479 0.379174617376827 0
7.03125 1.11030386724855 11.6719078174039 0.381477679077939 0
7.0703125 1.53271371390191 9.85637887024565 0.383026406129592 0
7.109375 1.88033346648649 7.98658749358636 0.383537173195507 -0
7.1484375 2.15666586183835 6.27586692512322 0.383456722756788 -0
7.1875 2.37063557001174 4.81006358996359 0.383196712230319 -0
7.2265625 2.53245207980425 3.59436619754441 0.382950415004195 -0
7.265625 2.6514454291949 2.59524202555719 0.382770673096272 -0
7.3046875 2.73520536305091 1.76556010022162 0.382654875216677 -0
7.34375 2.78937981202471 1.0563765266591 0.382587465528688 -0
7.3828125 2.81773477919615 0.421023933925904 0.382555025868566 -0
7.421875 2.82227230686268 -0.184578385144654 0.382550031183247 0
7.4609375 2.80331459285672 -0.803245047737435 0.382571263086432 0
7.5 2.75951878750819 -1.47836161119881 0.382623791126454 0
7.5390625 2.68781759198182 -2.255504509998 0.382718899928413 0
7.578125 2.58330749766459 -3.18294629495291 0.382872221383915 -0
7.6171875 2.43914991268862 -4.3093877664376 0.383094484104137 -0
7.65625 2.24663657841166 -5.67576142988034 0.383362051156282 -0
7.6953125 1.99573105097922 -7.29598950844447 0.383548595242528 -0
7.734375 1.67663739806443 -9.12144437355844 0.383328763507314 -0
7.7734375 1.28311820929497 -10.9927299432639 0.382213078689202 -0
7.8125 0.817830371246943 -12.6103924121952 0.380081272986964 -0
7.8515625 0.297931302092214 -13.5906329193302 0.378054042977402 -0
7.890625 -0.243937825575726 -13.6404661290697 0.377933248255313 0
7.9296875 -0.767730114241358 -12.7437424551839 0.379842208350985 0
7.96875 -1.23954270488697 -11.1724762455989 0.382038569605002 0
8.0078125 -1.64057982092877 -9.31087403431108 0.383265162470727 0
8.046875 -1.96695473881752 -7.47138761929827 0.383552360920073 0
8.0859375 -2.22428197868645 -5.82694835908715 0.383387934435439 0
8.125 -2.42218507937121 -4.43505050740015 0.383120247051964 0
8.1640625 -2.57077029957708 -3.28614682584087 0.382891370009948 -0
8.203125 -2.67891530014003 -2.34090947876185 0.38273138006627 -0
8.2421875 -2.75365385260535 -1.55091061044673 0.382631170343346 -0
8.28125 -2.80008019158118 -0.867665399309592 0.382574979700717 -0
8.3203125 -2.82144021192642 -0.245320675089266 0.382550942942739 -0
8.359375 -2.81924586932252 0.359665668293078 0.382553356362491 0
8.3984375 -2.79334133159102 0.990080761411587 0.382582809260988 0
8.4375 -2.74189580983724 1.68980365391066 0.382646193809668 0
8.4765625 -2.66132542112925 2.5052170732108 0.382756411255439 0
8.515625 -2.54617572599265 3.48513469358794 0.382929198730803 0
8.5546875 -2.38904927319269 4.67723315226926 0.383169766641914 0
8.59375 -2.18076688597161 6.1172744745778 0.383433955093385 0
8.6328125 -1.9111372048663 7.80557721384158 0.383547286651618 0
8.671875 -1.57095616614024 9.66664239164921 0.383119310735482 0
8.7109375 -1.15593076801871 11.501390697515 0.381682250686984 -0
8.75 -0.672410017896883 12.9748486007119 0.379401658337417 -0
8.7890625 -0.142270721088091 13.7074031305447 0.377768092145069 -0
8.828125 0.398480851676925 13.4715153500979 0.37833542437761 -0
8.8671875 0.910191415638309 12.3433271533777 0.380528186990452 -0
8.90625 1.36280328553456 10.6495036972967 0.382509222400149 -0
8.9453125 1.74218389198961 8.76817142135487 0.383423520878914 -0
8.984375 2.04781667782791 6.9731368647807 0.383531404732886 -0
9.0234375 2.28696020955061 5.39942069681772 0.383311966123947 -0
9.0625 2.46964641976679 4.08039724098398 0.383047678859742 0
9.1015625 2.60574124400248 2.99489429448362 0.382838260376081 0
9.140625 2.70362253652333 2.09946801244624 0.382697078307589 0
9.1796875 2.76976218247484 1.34511017422674 0.38261109159012 0
9.21875 2.80870926888479 0.683997695827856 0.382565124516198 0
9.2578125 2.82319950246139 0.0710543734638178 0.382549017433806 0
9.296875 2.81426039181165 -0.536858069914497 0.382558887723296 0
9.3359375 2.78125746574932 -1.18265688408592 0.382597134190545 0
9.375 2.72186532274244 -1.9108380297743 0.382672461622771 0
9.4140625 2.63197324467321 -2.76859657040312 0.382799167094047 0
9.453125 2.5055687156797 -3.80501406459426 0.382992080772056 0
9.4921875 2.33470652087678 -5.06588474875696 0.383247809117029 0
9.53125 2.10979646968306 -6.57988099326213 0.383494840541322 0
9.5703125 1.82065331827818 -8.33032423125316 0.383502073897789 0
9.609375 1.45898988911641 -10.2106099598366 0.382822363239376 0
9.6484375 1.02294941516595 -11.9804375258284 0.381070906725471 0
9.6875 0.523018207411058 -13.2767610703945 0.3787736597178 -0
9.7265625 -0.0142975434586281 -13.7415865305879 0.377682453991031 -0
9.765625 -0.55054324029112 -13.2267077860009 0.378882021124919 -0
9.8046875 -1.04763408923995 -11.895657606072 0.381187523112194 -0
9.84375 -1.47989149076549 -10.111737280844 0.382883487241494 -0
9.8828125 -1.83761356430589 -8.23357641848322 0.383514170661374 -0
9.921875 -2.12313964845949 -6.49391823441469 0.383484856893238 -0
9.9609375 -2.34495092636954 -4.99338132690528 0.383233459814023 0
10 -2.51324756462397 -3.74527049191692 0.382980173566425 0
