0 0.1 0 0.000980182772451334 -0
0.125 0.1 -0.306051817907933 0.000980182772451334 -0
0.25 0.1 -0.918155453723798 0.000980182772451334 -0
0.375 0.1 -1.53025908953966 0.000980182772451334 -0
0.5 0.1 -2.14236272535553 0.000980182772451334 -0
0.625 0.1 -2.75446636117139 0.000980182772451334 -0
0.75 0.1 -3.36656999698726 0.000980182772451334 -0
0.875 0.1 -3.97867363280312 0.000980182772451334 -0
1 0.1 -4.59077726861899 0.000980182772451334 -0
1.125 0.1 -5.20288090443485 0.000980182772451334 -0
1.25 0.1 -5.81498454025072 0.000980182772451334 -0
1.375 0.1 -6.42708817606658 0.000980182772451334 -0
1.5 0.1 -7.03919181188245 0.000980182772451334 -0
1.625 0.1 -7.65129544769831 0.000980182772451334 0
1.75 0.1 -8.26339908351418 0.000980182772451334 0
1.875 0.1 -8.87550271933004 0.000980182772451334 0
2 0.1 -9.48760635514591 0.000980182772451334 0
