0 314159000 0 -1178.49845346592 226.144633317798
1000 312980499.52734 226144.633317313 -1182.53684682277 226.144631864291
2000 311797960.64609 452289.263711134 -1186.6057067858 226.14169042653
3000 310611352.88942 678430.951163635 -1190.70547913574 226.135741862567
4000 309420645.344717 904566.688514126 -1194.83661907821 226.126717190264
5000 308225806.644155 1130693.39961882 -1198.99959150522 226.114545526248
6000 307026804.955013 1356807.93744959 -1203.19487126572 226.099154022462
7000 305823607.969714 1582907.08212922 -1207.42294344544 226.0804678002
8000 304616182.895591 1808987.53890074 -1211.68430365653 226.058409881502
9000 303404496.44436 2035045.93602815 -1215.97945833736 226.032901117803
10000 302188514.821292 2261078.82262575 -1220.30892506287 226.003860115686
11000 300968203.714079 2487082.66641327 -1224.67323286602 225.971203159623
12000 299743528.281371 2713053.85139369 -1229.07292257068 225.934844131548
13000 298514453.140991 2938988.6754507 -1233.50854713654 225.894694427111
14000 297280942.357795 3164883.34786236 -1237.98067201655 225.850662868466
15000 296042959.43118 3390733.98672754 -1242.4898755274 225.802655613406
16000 294800467.282219 3616536.61630151 -1247.03674923362 225.750576060689
17000 293553428.240414 3842287.16423689 -1251.62189834589 225.694324751342
18000 292301804.030049 4067981.45872585 -1256.24594213429 225.633799265775
19000 291045555.756132 4293615.22553943 -1260.90951435694 225.568894116471
20000 289784643.889904 4519184.08495953 -1265.61326370496 225.499500636039
21000 288519028.253907 4744683.54859907 -1270.35785426432 225.425506860405
22000 287248668.00659 4970109.01610515 -1275.14396599545 225.346797406885
23000 285973521.626434 5195455.77174041 -1279.97229523134 225.263253346871
24000 284693546.895576 5420718.98083706 -1284.84355519509 225.174752072874
25000 283408700.882924 5645893.68611791 -1289.7584765377 225.081167159615
26000 282118939.926724 5870974.8038785 -1294.71780789712 224.982368218852
27000 280824219.616577 6095957.12002406 -1299.72231647959 224.878220747624
28000 279524494.774865 6320835.28595476 -1304.77278866423 224.768585969559
29000 278219719.437584 6545603.81429214 -1309.8700306321 224.653320668869
30000 276909846.834536 6770257.07443967 -1315.01486902088 224.532277016646
31000 275594829.368878 6994789.28796951 -1320.20815160632 224.405302389041
32000 274274618.595978 7219194.52382746 -1325.45074801204 224.272239176882
33000 272949165.201569 7443466.69334757 -1330.74355044866 224.132924586254
34000 271618418.979163 7667599.54506729 -1336.08747448423 223.987190429548
35000 270282328.80669 7891586.65933363 -1341.48345984707 223.834862906445
36000 268940842.622342 8115421.44269038 -1346.93247126294 223.675762374262
37000 267593907.399569 8339097.1220356 -1352.43549932826 223.509703107066
38000 266241469.121215 8562606.73853824 -1357.9935614211 223.336493042895
39000 264883472.752728 8785943.14130199 -1363.60770265207 223.155933518428
40000 263519862.214433 9009098.98076379 -1369.27899685705 222.967818990347
41000 262150580.352806 9232066.70181367 -1375.00854763414 222.771936742627
42000 260775568.910706 9454838.53662189 -1380.79748942696 222.568066578911
43000 259394768.496534 9677406.49715846 -1386.64698865702 222.355980499094
44000 258008118.552254 9899762.3673892 -1392.55824490761 222.135442359156
45000 256615557.320229 10121897.6951317 -1398.53249216218 221.90620751323
46000 255217021.808818 10343803.7835531 -1404.57100010012 221.668022436824
47000 253812447.756686 10565471.6822917 -1410.67507545317 221.420624330029
48000 252401769.595744 10786892.1781807 -1416.8460634258 221.16374069947
49000 250984920.412681 11008055.7855551 -1423.08534918329 220.897088917673
50000 249561831.908999 11228952.736117 -1429.39435941122 220.620375758399
51000 248132434.359491 11449572.9683369 -1435.77456395057 220.333296906438
52000 246696656.56909 11669906.116364 -1442.2274775129 220.035536440186
53000 245254425.827991 11889941.49842 -1448.75466148005 219.726766285261
54000 243805667.864985 12109668.1046459 -1455.35772579366 219.406645637244
55000 242350306.798896 12329074.5843715 -1462.03833093969 219.074820351496
56000 240888265.088033 12548149.232775 -1468.79819003366 218.730922297862
57000 239419463.477566 12766879.9768971 -1475.63907101285 218.374568677879
58000 237943820.944696 12985254.3609724 -1482.56279894198 218.005361301943
59000 236461254.641532 13203259.5310377 -1489.57125843931 217.622885823673
60000 234971679.835531 13420882.2187751 -1496.6663962309 217.226710928492
61000 233475009.847394 13638108.7245431 -1503.850223841 216.816387473239
62000 231971155.986262 13854924.8995476 -1511.12482042724 216.3914475733
63000 230460027.482085 14071316.1271002 -1518.49233577015 215.951403633543
64000 228941531.414994 14287267.3029069 -1525.95499342681 215.495747318965
65000 227415572.641525 14502762.8143278 -1533.51509405978 215.023948460658
66000 225882053.717511 14717786.5185426 -1541.17501895258 214.535453892322
67000 224340874.81746 14932321.7195526 -1548.93723372466 214.029686212138
68000 222791933.650215 15146351.1439444 -1556.80429225915 213.506042464376
69000 221235125.37069 15359856.9153354 -1564.77884085816 212.963892734635
70000 219670342.487451 15572820.5274147 -1572.86362264138 212.402578652036
71000 218097474.765889 15785222.8154849 -1581.06148220511 211.82141179116
72000 216516409.12675 15997043.9264079 -1589.37537056019 211.219671965803
73000 214927029.53971 16208263.2868423 -1597.80835036886 210.596605405962
74000 213329216.911726 16418859.5696588 -1606.36360150237 209.951422808633
75000 211722848.969821 16628810.6584066 -1615.0444269427 209.283297252161
76000 210107800.137973 16838093.6096932 -1623.85425905423 208.591361962881
77000 208483941.407727 17046684.6133311 -1632.79666625304 207.874707921756
78000 206851140.202138 17254558.9500917 -1641.87536010409 207.132381297507
79000 205209260.232625 17461690.9468912 -1651.09420287932 206.363380691421
80000 203558161.348251 17668053.9292217 -1660.45721561268 205.566654177571
81000 201897699.376966 17873620.1706227 -1669.96858669113 204.741096120548
82000 200227725.95824 18078360.8389697 -1679.63268102461 203.885543751001
83000 198548088.366545 18282245.9393382 -1689.45404984186 202.998773477254
84000 196858629.325021 18485244.2531799 -1699.43744116328 202.079496909035
85000 195159186.808687 18687323.2735217 -1709.58781100722 201.126356566807
86000 193449593.836432 18888449.1358738 -1719.91033539137 200.137921247404
87000 191729678.251012 19088586.5445042 -1730.41042319694 199.112681013468
88000 189999262.486177 19287698.6937014 -1741.09372997047 198.049041770685
89000 188258163.320001 19485747.1836143 -1751.96617274513 196.945319392778
90000 186506191.613386 19682691.9302176 -1763.03394597236 195.799733349737
91000 184743152.032635 19878491.0689043 -1774.30353866363 194.610399789699
92000 182968842.754882 20073100.85116 -1785.78175285316 193.375324019134
93000 181183055.155061 20266475.5337174 -1797.47572350378 192.09239231952
94000 179385573.472968 20458567.2595265 -1809.39293999196 190.759363031325
95000 177576174.458831 20649325.9298092 -1821.54126932261 189.373856827742
96000 175754626.995673 20838699.0663863 -1833.92898124127 187.933346091128
97000 173920691.696556 21026631.663381 -1846.56477543059 186.435143294237
98000 172074120.474629 21213066.0273029 -1859.45781099924 184.876388275944
99000 170214656.083689 21397941.6044073 -1872.61773849603 183.254034286992
100000 168342031.626719 21581194.7940992 -1886.0547347098 181.564832665006
101000 166455970.029631 21762758.7470119 -1899.77954054717 179.805315979337
102000 164556183.477128 21942563.1462293 -1913.80350231613 177.971779464746
103000 162642372.807281 22120533.9699413 -1928.13861678477 176.060260538102
104000 160714226.861042 22296593.2336142 -1942.79758043127 174.066516163458
105000 158771421.782508 22470658.709526 -1957.79384335543 171.98599779753
106000 156813620.26527 22642643.6212443 -1973.14166838392 169.813823608764
107000 154840470.739654 22812456.3103234 -1988.85619597309 167.544747617956
108000 152851606.495054 22979999.872139 -2004.95351559552 165.173125355461
109000 150846644.730878 23145171.7573789 -2021.45074439243 162.692875568079
110000 148825185.528837 23307863.3352378 -2038.36611398504 160.097437435762
111000 146786810.738413 23467959.4138267 -2055.71906646703 157.379722672406
112000 144731082.766338 23625337.7126799 -2073.53036075152 154.53206178335
113000 142657543.259713 23779868.2815161 -2091.82219062263 151.546143631617
114000 140565711.671071 23931412.8585622 -2110.61831604886 148.412947321464
115000 138455083.692121 24079824.1607562 -2129.94420956055 145.122665236331
116000 136325129.541103 24224945.0969824 -2149.82721978187 141.664615862845
117000 134175292.086604 24366607.8941252 -2170.29675455092 138.027144785266
118000 132004984.78824 24504633.1241106 -2191.38448646844 134.197511936156
119000 129813589.431779 24638828.6181901 -2213.12458420265 130.161762826886
120000 127600453.632941 24768988.2524453 -2235.55397346073 125.904581040518
121000 125364888.080214 24894890.5857753 -2258.71263223944 121.409118730083
122000 123106163.482394 25016297.3283689 -2282.64392581543 116.656801202181
123000 120823507.181119 25132951.614745 -2307.39498796486 111.627100847069
124000 118516099.382145 25244576.0507051 -2333.01715615652 106.297274660179
125000 116183068.951412 25350870.4977855 -2359.56646999867 100.642058332024
126000 113823488.712612 25451509.5517734 -2387.10424411078 94.6333082925653
127000 111436370.17185 25546139.6632359 -2415.69772892977 88.2395810882432
128000 109020657.581445 25634375.8373889 -2445.42087586942 81.4256369201812
129000 106575221.238505 25715797.8374563 -2476.35522688935 74.1518509131213
130000 104098849.893866 25789945.799244 -2508.59095310773 66.3735114905518
131000 101590242.12232 25856315.1440175 -2542.22807288744 58.0399797945316
132000 99047996.4746579 25914350.6507145 -2577.37788721181 49.0936769863017
133000 96470600.1941929 25963439.5153506 -2614.16467964563 39.468856909814
134000 93856416.2331725 26002903.1829532 -2652.72774043237 29.0901091739676
135000 91203668.2448847 26031987.6824075 -2693.22379024523 17.8705210486769
136000 88510423.15177 26049852.1229812 -2735.8299000838 5.70940401153462
137000 85774570.793324 26055554.9171149 -2780.74703159763 -7.51054008432099
138000 82993800.0332868 26048037.1690169 -2828.20435928054 -21.9267809615907
139000 80165570.5441408 26026102.5008285 -2878.4645861576 -37.7014775490513
140000 77287079.2752853 25988392.3605256 -2931.83053304434 -55.0272637255127
141000 74355220.3311271 25933355.543224 -2988.65337587503 -74.1347367385864
142000 71366536.6107665 25859210.2229094 -3049.3430373316 -95.3022612710088
143000 68317161.0546305 25763896.1785033 -3114.38142505618 -118.868967090873
144000 65202744.6509918 25645014.0200434 -3184.33947487969 -145.252218842855
145000 62018367.3966836 25499746.9418887 -3259.89934334304 -174.971454249525
146000 58758427.0617646 25324758.6331043 -3341.88366090115 -208.6812601122
147000 55416498.69607 25116058.1050077 -3431.29460235826 -247.218125202238
148000 51985155.0584036 24868817.7554669 -3529.36680753445 -291.667908225145
149000 48455734.1151472 24577123.9491443 -3637.64013573995 -343.465489332113
150000 44818033.7699845 24233627.9205044 -3758.06124184481 -404.545873763184
151000 41059904.9963428 23829045.530702 -3893.12758486426 -477.580256205401
152000 37166700.9297445 23351420.8873469 -4046.09444690395 -566.357631837006
153000 33120518.8945504 22785008.2232184 -4221.27528675015 -676.426443288136
154000 28899142.0101115 22108511.8842977 -4424.47610652407 -816.223730623475
155000 24474546.3449658 21292196.6850216 -4663.60042516921 -999.169992034144
156000 19810803.0396779 20292902.3851775 -4949.36997358293 -1247.79966476879
157000 14861259.962577 19044925.3932527 -5295.58914827669 -1602.47754746588
158000 9565460.7142754 17442178.5750499 -5715.80356421466 -2141.06187284547
159000 3849414.99039456 15300675.0652613 -6200.13096393138 -3024.42040044478
160000 -2350911.24893322 12275478.1173078 -6590.63186499868 -4577.68309276939
161000 -8941302.87104285 7696541.90348422 -6109.8591531743 -7084.09580932129
162000 -15050076.6162986 611512.290353585 -3938.79723042976 -8951.41590502952
163000 -18987996.3230532 -8339939.09302609 -2183.88153723188 -9022.19026832492
164000 -21171453.7274251 -17361943.0129925 -1335.71464445904 -8649.47695919976
165000 -22506962.8635656 -26011251.4178187 -924.742597532328 -8312.38034882929
166000 -23431595.2683736 -34323504.4053194 -704.37771195021 -8057.66963975677
167000 -24135907.9349779 -42381078.7576444 -574.297404063387 -7867.10348804204
168000 -24710163.8846293 -50248109.4505187 -491.394302572533 -7721.51927544174
169000 -25201530.1427977 -57969571.6951317 -435.308886923136 -7607.46197440501
170000 -25636819.1465711 -65576987.93178 -395.544721866486 -7515.98963365888
171000 -26032349.2334388 -73092940.1290136 -366.276133954073 -7441.11915131083
172000 -26398614.262139 -80534028.0983752 -344.066594906187 -7378.75706093128
173000 -26742672.2153584 -87912758.7954953 -326.783909494998 -7326.03084780109
