0 -4676244.53719698 0 0 12.4463223650146 380071755.462803 0 0 -1011.60141491715 314159000 0 314159000 3.83639262847249e-14 100
100 -4676244.37156093 1244.6322218062 0.00331272108104292 12.4463219241567 380071742.000379 -101160.140297326 -0.269248476339376 -1011.60137908548 314270390.20271 45844.1217957536 314270390.20271 45844.1217957536 200
300 -4676243.04647256 3733.89631273222 0.00993816230441644 12.446318397293 380071634.300994 -303480.39222664 -0.80774535272228 -1011.6010924321 314493087.10925 137532.241956378 314493087.10925 137532.241956378 400
700 -4676236.42103259 8712.42061503481 0.0231890344253299 12.4463007629796 380071095.804219 -708120.580766606 -1.88473826623393 -1011.59965916564 314938148.761426 320907.111148125 314938148.761426 320907.111148125 800
1500 -4676207.26913388 18669.433951038 0.0496906847960206 12.4462231720996 380068726.421432 -1517398.09131563 -4.03871646368026 -1011.59335280127 315826958.08249 687644.134667617 315826958.08249 687644.134667617 800
2300 -4676156.91599699 28626.3626425646 0.0761921098764314 12.4460891518684 380064633.86276 -2326668.72220417 -6.19267635017826 -1011.58246002093 316714043.279038 1054349.82825297 316714043.279038 1054349.82825297 800
3100 -4676085.3618502 38583.16154636 0.102693189512986 12.4458987028937 380058818.146759 -3135928.80431784 -8.34660815998958 -1011.56698087403 317599437.612617 1421005.98811385 317599437.612617 1421005.98811385 800
3900 -4675992.60701793 48539.7855197574 0.129193803553676 12.445651826039 380051279.299795 -3945174.66859005 -10.5005021275032 -1011.54691543074 318483174.079034 1787593.28757373 318483174.079034 1787593.28757373 800
4700 -4675878.65192071 58496.1894208836 0.1556938318486 12.4453485224235 380042017.35605 -4754402.64601871 -12.6543484872796 -1011.52226378204 319365285.310297 2154091.24308237 319365285.310297 2154091.24308237 800
5500 -4675743.49707521 68452.328108863 0.182193154250518 12.4449887934223 380031032.357515 -5563609.06768281 -14.8081374740952 -1011.49302603969 320245803.466841 2520478.18716232 320245803.466841 2520478.18716232 800
6300 -4675587.14309419 78408.1564440223 0.208691650615384 12.4445726406666 380018324.353995 -6372790.26475906 -16.9618593229864 -1011.45920233625 321124760.120194 2886731.24972535 321124760.120194 2886731.24972535 800
7100 -4675409.59068654 88363.6292880956 0.235189200802903 12.4441000660429 380003893.403106 -7181942.56853855 -19.1155042692943 -1011.42079282508 322002186.126481 3252826.34926836 322002186.126481 3252826.34926836 800
7900 -4675210.84065725 98318.7015044284 0.261685684677065 12.443571071694 379987739.570275 -7991062.31044336 -21.2690625487082 -1011.37779768031 322878111.491424 3618738.1955008 322878111.491424 3618738.1955008 800
8700 -4674990.89390744 108273.327958183 0.288180982106699 12.4429856600181 379969862.928743 -8800145.8220432 -23.4225243973108 -1011.33021709689 323752565.227785 3984440.30495883 323752565.227785 3984440.30495883 800
9500 -4674749.7514343 118227.463516542 0.314674972966009 12.4423438336695 379950263.559558 -9609189.43507206 -25.5758800516217 -1011.27805129053 324625575.20652 4349905.03111576 324625575.20652 4349905.03111576 800
10300 -4674487.41433114 128181.063048915 0.341167537135125 12.441645595558 379928941.551582 -10418189.4814448 -27.729119748642 -1011.22130049774 325497168.003275 4715103.61039534 325497168.003275 4715103.61039534 800
11100 -4674203.88378737 138134.08142714 0.367658554500646 12.4408909488495 379905897.001486 -11227142.2932738 -29.8822337258987 -1011.15996497583 326367368.742165 5080006.22532669 326367368.742165 5080006.22532669 800
11900 -4673899.16108845 148086.473525691 0.394147904956182 12.4400798969654 379881130.013749 -12036044.2028857 -32.0352122214886 -1011.09404500289 327236200.939149 5444582.08584122 327236200.939149 5444582.08584122 800
12700 -4673573.24761597 158038.194221882 0.420635468402902 12.4392124435828 379854640.700663 -12844891.5428377 -34.188045474123 -1011.02354087778 328103686.347615 5808799.52939954 328103686.347615 5808799.52939954 800
13500 -4673226.14484757 167989.198396071 0.447121124750077 12.4382885926347 379826429.182325 -13653680.6459346 -36.3407237231713 -1010.94845292016 328969844.809092 6172626.14025075 328969844.809092 6172626.14025075 800
14300 -4672857.85435696 177939.440931862 0.473604753915624 12.4373083483096 379796495.586643 -14462407.8452451 -38.4932372087062 -1010.86878147046 329834694.112187 6536028.88767249 329834694.112187 6536028.88767249 800
15100 -4672468.37781391 187888.876716315 0.50008623582665 12.4362717150519 379764840.04933 -15271069.4741189 -40.6455761715469 -1010.78452688991 330698249.863032 6898974.28252759 330698249.863032 6898974.28252759 800
15900 -4672057.71698425 197837.460640147 0.52656545042 12.4351786975615 379731462.71391 -16079661.8662024 -42.7977308533043 -1010.69568956051 331560525.370529 7261428.55091644 331560525.370529 7261428.55091644 800
16700 -4671625.87372987 207785.147597937 0.553042277642795 12.434029300794 379696363.731709 -16888181.3554565 -44.9496914964244 -1010.60226988502 332421531.54964 7623357.82312478 332421531.54964 7623357.82312478 800
17500 -4671172.85000867 217731.89248833 0.579516597452985 12.4328235299605 379659543.261861 -17696624.2761723 -47.1014483442332 -1010.50426828701 333281276.845744 7984728.33548808 333281276.845744 7984728.33548807 800
18300 -4670698.64787459 227677.650214245 0.605988289819883 12.4315613905279 379621001.471305 -18504986.962988 -49.2529916409807 -1010.40168521078 334139767.182793 8345506.6422443 334139767.182793 8345506.6422443 800
19100 -4670203.26947761 237622.375683072 0.632457234724717 12.4302428882186 379580738.534784 -19313265.7509058 -51.4043116318849 -1010.29452112146 334997005.9375 8705659.83395789 334997005.9375 8705659.83395789 800
19900 -4669686.71706369 247566.023806885 0.658923312161172 12.4288680290103 379538754.634843 -20121456.9753082 -53.5553985631765 -1010.18277650489 335852993.941267 9065155.7586964 335852993.941267 9065155.7586964 800
20700 -4669148.99297481 257508.549502642 0.685386402135933 12.4274368191365 379495049.961832 -20929556.9719746 -55.7062426821426 -1010.06645186771 336707729.510859 9423963.24185765 336707729.510859 9423963.24185765 800
21500 -4668590.09964893 267449.907692388 0.71184638466923 12.4259492650862 379449624.713902 -21737562.0770981 -57.8568342371713 -1009.94554773732 337561208.508086 9782052.30039833 337561208.508086 9782052.30039833 800
22300 -4668010.03961998 277390.053303462 0.73830313979538 12.4244053736037 379402479.097003 -22545468.6273021 -60.0071634777959 -1009.82006466188 338413424.428001 10139394.3472228 338413424.428001 10139394.3472228 800
23100 -4667408.81551788 287328.941268703 0.764756547563336 12.4228051516887 379353613.324888 -23353272.9596566 -62.1572206547388 -1009.69000321032 339264368.514297 10495962.3816576 339264368.514297 10495962.3816575 800
23900 -4666786.43006849 297266.526526648 0.791206488037224 12.4211486065964 379303027.619106 -24160971.4116954 -64.3069960199559 -1009.55536397231 340114029.899853 10851731.1622599 340114029.899853 10851731.1622599 800
24700 -4666142.88609361 307202.764021743 0.817652841296892 12.4194357458374 379250722.209005 -24968560.3214319 -66.456479826681 -1009.41614755829 340962395.769695 11206677.3586769 340962395.769695 11206677.3586769 800
25500 -4665478.18651098 317137.608704545 0.844095487438452 12.4176665771774 379196697.331731 -25776036.0273765 -68.6056623294696 -1009.27235459945 341809451.543061 11560779.6798579 341809451.543061 11560779.6798579 800
26300 -4664792.33433425 327071.015531923 0.870534306574822 12.4158411086378 379140953.232224 -26583394.8685527 -70.7545337842432 -1009.12398574771 342655181.070809 11914018.9766038 342655181.070809 11914018.9766038 800
27100 -4664085.33267296 337002.939467268 0.896969178836274 12.4139593484948 379083490.16322 -27390633.1845139 -72.9030844483339 -1008.97104167577 343499566.844099 12266378.3171747 343499566.844099 12266378.3171747 800
27900 -4663357.18473257 346933.335480693 0.923399984370971 12.4120213052801 379024308.385248 -28197747.3153599 -75.0513045805278 -1008.81352307706 344342590.210188 12617843.035434 344342590.210188 12617843.035434 800
28700 -4662607.89381438 356862.158549238 0.949826603345517 12.4100269877805 378963408.16663 -29004733.6017536 -77.1991844411098 -1008.65143066572 345184231.591113 12968400.7517499 345184231.591113 12968400.7517499 800
29500 -4661837.46331558 366789.363657075 0.976248915945495 12.407976405038 378900789.783479 -29811588.3849375 -79.3467142919076 -1008.48476517668 346024470.701285 13318041.3675679 346024470.701285 13318041.3675679 800
30300 -4661045.89672918 376714.905795711 1.00266680237601 12.4058695663495 378836453.519696 -30618308.0067502 -81.4938843963356 -1008.31352736556 346863286.760249 13666757.0351834 346863286.760249 13666757.0351834 800
31100 -4660233.19764403 386638.739964193 1.02908014286225 12.4037064812672 378770399.666973 -31424888.8096433 -83.6406850194393 -1008.13771800873 347700658.697279 14014542.1047592 347700658.697279 14014542.1047592 800
31900 -4659399.36974479 396560.821169313 1.05548881764999 12.4014871595982 378702628.524789 -32231327.1366977 -85.7871064279396 -1007.9573379033 348536565.344967 14361393.0510386 348536565.344967 14361393.0510386 800
32700 -4658544.41681191 406481.104425808 1.08189270700617 12.3992116114046 378633140.400407 -33037619.3316402 -87.9331388902763 -1007.77238786706 349370985.61944 14707308.3824861 349370985.61944 14707308.3824861 800
33500 -4657668.34272162 416399.544756569 1.10829169121943 12.3968798470033 378561935.608878 -33843761.7388602 -90.078772676653 -1007.58286873857 350203898.685452 15052288.5357597 350203898.685452 15052288.5357597 800
34300 -4656771.15144591 426316.097192841 1.13468565060065 12.3944918769663 378489014.473032 -34649750.7034262 -92.2239980590806 -1007.38878137707 351035284.105044 15396335.7584691 351035284.105044 15396335.7584691 800
35100 -4655852.84705252 436230.71677443 1.16107446548348 12.3920477121203 378414377.323485 -35455582.5711025 -94.3688053114218 -1007.19012666253 351865121.96908 15739453.9831361 351865121.96908 15739453.9831361 800
35900 -4654913.43370491 446143.358549904 1.18745801622491 12.3895473635467 378338024.498629 -36261253.6883654 -96.5131847094348 -1006.98690549561 352693393.011344 16081648.6951445 352693393.011344 16081648.6951445 800
36700 -4653952.91566224 456053.977576798 1.21383618320578 12.3869908425817 378259956.344637 -37066760.4024203 -98.6571265308179 -1006.77911879769 353520078.70536 16422926.7972721 353520078.70536 16422926.7972721 800
37500 -4652971.29727934 465962.528921819 1.24020884683135 12.3843781608163 378180173.215459 -37872099.0612178 -100.800621055253 -1006.56676751086 354345161.344421 16763296.4731581 354345161.344421 16763296.4731581 800
38300 -4651968.58300675 475868.967661047 1.26657588753184 12.381709330096 378098675.472819 -38677266.0134705 -102.943658564451 -1006.34985259787 355168624.105613 17102767.0517788 355168624.105613 17102767.0517788 800
39100 -4650944.77739062 485773.248880142 1.29293718576294 12.3789843625208 378015463.486217 -39482257.6086695 -105.086229342193 -1006.12837504218 355990451.09883 17441348.8747166 355990451.09883 17441348.8747166 800
39900 -4649899.88507273 495675.327674544 1.3192926220064 12.3762032704454 377930537.632924 -40287070.1971008 -107.228323674377 -1005.90233584795 356810627.401949 17779053.1677063 356810627.401949 17779053.1677063 800
40700 -4648833.91079047 505575.159149681 1.34564207677053 12.3733660664788 377843898.29798 -41091700.1298623 -109.369931849063 -1005.67173604 357629139.08342 18115891.9176575 357629139.08342 18115891.9176575 800
41500 -4647746.85937682 515472.698421167 1.37198543059076 12.3704727634844 377755545.874197 -41896143.7588798 -111.511044156512 -1005.43657666384 358445973.213607 18451877.7560743 358445973.213607 18451877.7560743 800
42300 -4646638.73576029 525367.900615011 1.3983225640302 12.3675233745802 377665480.76215 -42700397.4369237 -113.651650889235 -1005.19685878565 359261117.866197 18787023.8495447 359261117.866197 18787023.8495447 800
43100 -4645509.54496498 535260.720867816 1.42465335768013 12.3645179131382 377573703.370182 -43504457.5176259 -115.791742342035 -1004.95258349226 360074562.110988 19121343.7977433 360074562.110988 19121343.7977433 800
43900 -4644359.29211045 545151.114326986 1.4509776921606 12.3614563927846 377480214.114398 -44308320.3554958 -117.931308812052 -1004.7037518912 360886295.999316 19454851.5391951 360886295.999316 19454851.5391951 800
44700 -4643187.98241179 555039.036150928 1.47729544812095 12.3583388274001 377385013.418665 -45111982.3059371 -120.070340598804 -1004.45036511062 361696310.543302 19787561.2648777 361696310.543302 19787561.2648777 800
45500 -4641995.62117955 564924.441509252 1.50360650624031 12.3551652311191 377288101.714608 -45915439.7252644 -122.208828004235 -1004.19242429935 362504597.690017 20119487.3395975 362504597.690017 20119487.3395975 1600
46300 -4640782.21381971 574807.28558298 1.52991074722822 12.3519356183304 377189479.441612 -46718688.9707195 -124.346761332756 -1003.92993062685 363311150.291576 20450644.2309619 363311150.291576 20450644.2309619 1600
47100 -4639547.76583369 584687.523564747 1.55620805182509 12.3486500036764 377089147.046815 -47521726.4004882 -126.484130891292 -1003.66288528323 364115962.072068 20781046.4456773 364115962.072068 20781046.4456773 1600
47900 -4638292.28281829 594565.110659002 1.58249830080281 12.3453084020538 376987104.985109 -48324548.3737164 -128.620926989321 -1003.39128947923 364919027.59212 21110708.4728371 364919027.59212 21110708.4728371 1600
48700 -4637015.77046569 604440.002082212 1.60878137496524 12.3419108286127 376883353.719138 -49127151.250527 -130.757139938925 -1003.11514444623 365720342.211815 21439644.7338117 365720342.211815 21439644.7338117 1600
49500 -4635718.23456341 614312.153063069 1.63505715514877 12.3384572987574 376777893.719295 -49929531.3920363 -132.892760054826 -1002.83445143622 366519902.052573 21767869.5383223 366519902.052573 21767869.5383223 1600
50300 -4634399.68099428 624181.518842687 1.66132552222287 12.3349478281456 376670725.463721 -50731685.1603703 -135.027777654436 -1002.54921172184 367317703.958532 22095397.0462616 367317703.958532 22095397.0462616 1600
51100 -4633060.11573644 634048.054674808 1.68758635709062 12.3313824326888 376561849.4383 -51533608.9186814 -137.162183057898 -1002.25942659631 368113745.457865 22422241.2348161 368113745.457865 22422241.2348161 1600
51900 -4631699.54486327 643911.715826005 1.71383954068924 12.3277611285518 376451266.136661 -52335299.0311649 -139.295966588132 -1001.96509737349 368908024.724415 22748415.8704493 368908024.724415 22748415.8704493 1600
52700 -4630317.97454342 653772.457575885 1.74008495399065 12.3240839321533 376338976.060172 -53136751.8630753 -141.429118570875 -1001.6662253878 369700540.539957 23073934.4853128 369700540.539957 23073934.4853128 1600
53500 -4628915.4110407 663630.235217291 1.76632247800198 12.320350860165 376224979.71794 -53937963.7807431 -143.561629334728 -1001.3628119943 370491292.257321 23398810.3576698 370491292.257321 23398810.3576698 1600
54300 -4627491.86071415 673485.004056503 1.79255199376615 12.3165619295122 376109277.626807 -54738931.1515908 -145.693489211202 -1001.05485856862 371280279.764588 23723056.495932 371280279.764588 23723056.495932 1600
55100 -4626047.33001792 683336.719413445 1.81877338236239 12.3127171573733 375991870.311349 -55539650.3441498 -147.824688534755 -1000.74236650698 372067503.450499 24046685.6259369 372067503.450499 24046685.6259369 1600
55900 -4624581.82550131 693185.336621883 1.84498652490675 12.3088165611799 375872758.303875 -56340117.7280766 -149.955217642842 -1000.42533722616 372852964.171185 24369710.1811122 372852964.171185 24369710.1811122 1600
56700 -4623095.35380871 703030.811029632 1.8711913025527 12.3048601586168 375751942.144421 -57140329.6741696 -152.085066875958 -1000.10377216353 373636663.218309 24692142.2952025 373636663.218309 24692142.2952025 1600
57500 -4621587.92167955 712873.097998752 1.89738759649162 12.3008479676217 375629422.380749 -57940282.554385 -154.214226577677 -999.777672777017 374418602.288648 25013993.7972567 374418602.288648 25013993.7972567 1600
58300 -4620059.53594832 722712.152905759 1.92357528795335 12.2967800063854 375505199.568346 -58739972.7418539 -156.342687094701 -999.447040545115 375198783.455161 25335276.2086002 375198783.455161 25335276.2086002 1600
59100 -4618510.20354448 732547.931141821 1.94975425820673 12.2926562933513 375379274.27042 -59539396.610898 -158.470438776904 -999.111876966857 375977209.139529 25656000.7415386 375977209.139529 25656000.7415385 1600
60700 -4615348.72691173 752209.479240253 2.00208556036209 12.2842416869277 375122318.509423 -61137430.8970534 -162.723777052443 -998.427961870143 377528805.337765 26295819.4788589 377528805.337765 26295819.4788589 1600
62300 -4612103.54911593 771857.38572415 2.05438055390896 12.2756043009533 374858559.757752 -62734356.4318715 -166.974164268333 -997.725939889944 379073416.279614 26933533.5661065 379073416.279614 26933533.5661065 1600
63900 -4608774.72900964 791491.294271007 2.10663829045709 12.2667442920705 374588002.798774 -64330144.2544804 -171.221523342131 -997.005823757705 380611071.424929 27569221.7483565 380611071.424929 27569221.7483565 1600
65500 -4605362.32696233 811110.848812175 2.15885782229189 12.2576618209589 374310652.539148 -65924765.4246405 -175.46577724631 -996.267626533016 382141803.662573 28202958.1067003 382141803.662573 28202958.1067003 1600
67100 -4601866.40485924 830715.693539323 2.21103820239161 12.2483570523327 374026514.008729 -67518191.0232703 -179.706849009659 -995.511361603372 383665648.753545 28834812.2415306 383665648.753545 28834812.2415306 1600
68700 -4598287.02610031 850305.472910885 2.26317848444457 12.2388301549376 373735592.360481 -69110392.1529704 -183.944661718674 -994.737042683936 385182644.844543 29464849.478666 385182644.844543 29464849.478666 1600
70300 -4594624.25559897 869879.831658514 2.31527772286625 12.2290813015477 373437892.870382 -70701339.9385474 -188.179138518955 -993.944683817286 386692832.044699 30093131.0885968 386692832.044699 30093131.0885968 1600
71900 -4590878.159781 889438.414793522 2.36733497281649 12.2191106689621 373133420.937329 -72291005.527538 -192.410202616603 -993.134299373161 388196252.058495 30719714.5114853 388196252.058495 30719714.5114853 1600
73500 -4587048.80658333 908980.867613315 2.41934929021661 12.2089184380023 372822182.083042 -73879360.0907321 -196.637777279606 -992.305904048201 389692947.868291 31344653.5824366 389692947.868291 31344653.5824366 1600
75100 -4583136.26545278 928506.835707833 2.47131973176651 12.1985047935083 372504181.951958 -75466374.8226952 -200.861785839237 -991.459512865681 391182963.460455 31967998.7530437 391182963.460455 31967998.7530437 1600
76700 -4579140.60734482 948015.964965969 2.52324535496181 12.1878699243357 372179426.311135 -77052020.9422917 -205.08215169144 -990.595141175238 392666343.589611 32589797.3063765 392666343.589611 32589797.3063765 1600
78300 -4575061.90472228 967507.901581996 2.57512521811093 12.1770140233521 371847921.050144 -78636269.6932058 -209.298798298222 -989.712804652593 394143133.576132 33210093.5634852 394143133.576132 33210093.5634852 1600
79900 -4570900.23155403 986982.292061985 2.62695838035216 12.1659372874334 371509672.180964 -80219092.3444639 -213.51164918904 -988.812519299264 395613379.132542 33828929.0801832 395613379.132542 33828929.0801832 1600
81500 -4566655.66331366 1006438.78323021 2.67874390167073 12.1546399174606 371164685.83787 -81800460.1909552 -217.720627962187 -987.894301442281 397077126.214983 34446342.8333959 397077126.214983 34446342.8333959 1600
83100 -4562328.27697807 1025877.02223556 2.73048084291586 12.1431221183159 370812968.277326 -83380344.5539521 -221.925658286178 -986.958167733885 398534420.896402 35062371.3967548 398534420.896402 35062371.3967548 1600
84700 -4557918.15102613 1045296.65655792 2.78216826581778 12.1313840988793 370454525.877867 -84958716.781631 -226.126663901137 -986.00413515123 399985309.258529 35677049.1054047 399985309.258529 35677049.1054047 1600
86300 -4553425.36543719 1064697.3340146 2.83380523300478 12.1194260720241 370089365.139988 -86535548.2495911 -230.323568620174 -985.03222099607 401429837.300082 36290408.2101992 401429837.300082 36290408.2101992 1600
87900 -4548850.00168969 1084078.70276669 2.88539080802015 12.1072482546141 369717492.686022 -88110810.361374 -234.516296330775 -984.042442894451 402868050.85899 36902479.0216044 402868050.85899 36902479.0216044 1600
89500 -4544192.14275965 1103440.41132545 2.93692405533922 12.0948508674987 369338915.260022 -89684474.5489823 -238.704770996173 -983.034818796388 404299995.546703 37513290.0437315 404299995.546703 37513290.0437315 1600
91100 -4539451.87311917 1122782.10855868 2.9884040403863 12.0822341355093 368953639.727638 -91256512.2733974 -242.888916656736 -982.00936697554 405725716.692935 38122868.0989791 405725716.692935 38122868.0989791 1600
92700 -4534629.2787349 1142103.4436971 3.03982982955161 12.0693982874554 368561673.075994 -92826895.0250973 -247.068657431335 -980.966106028878 407145259.299388 38731238.4438013 407145259.299388 38731238.4438013 1600
94300 -4529724.4470665 1161404.06634071 3.09120049020828 12.0563435561202 368163022.413559 -94395594.3245737 -251.243917518731 -979.905054876351 408558668.001226 39338424.8761358 408558668.001226 39338424.8761358 1600
95900 -4524737.467065 1180683.62646512 3.14251509072917 12.0430701782562 367757694.97002 -95962581.7228483 -255.414621198941 -978.826232760537 409965987.035212 39944449.8350234 409965987.035212 39944449.8350234 1600
97500 -4519668.42917125 1199941.77442795 3.19377270050383 12.0295783945814 367345698.096148 -97527828.8019887 -259.580692834614 -977.7296592463 411367260.213592 40549334.4929434 411367260.213592 40549334.4929434 1600
99100 -4514517.42531424 1219178.1609751 3.24497238995538 12.0158684497747 366927039.26367 -99091307.175624 -263.742056872403 -976.615354220431 412762530.902915 41153098.8413707 412762530.902915 41153098.8413707 3200
100700 -4509284.54890946 1238392.43724715 3.29611323055732 12.0019405924713 366501726.065127 -100652988.489459 -267.898637844337 -975.48333789129 414151842.007112 41755761.7700404 414151842.007112 41755761.7700404 3200
102300 -4503969.89485718 1257584.25478565 3.3471942948504 11.9877950752582 366069766.213741 -102212844.421791 -272.050360369185 -974.333630788438 415535235.954212 42357341.1403791 415535235.954212 42357341.1403791 3200
103900 -4498573.55954073 1276753.26553944 3.39821465645945 11.9734321546701 365631167.543275 -103770846.684017 -276.197149153829 -973.166253762266 416912754.686217 42957853.8535375 416912754.686217 42957853.8535375 3200
105500 -4493095.64082478 1295899.12187097 3.44917339011017 11.9588520911842 365185938.007888 -105326967.021156 -280.338928994623 -971.981227983613 418284439.651649 43557315.9134305 418284439.651649 43557315.9134304 3200
107100 -4487536.23805353 1315021.47656263 3.50006957164588 11.9440551492156 364734085.681991 -106881177.212352 -284.475624778763 -970.778574943389 419650331.800419 44155742.4851647 419650331.800419 44155742.4851647 3200
108700 -4481895.45204894 1334119.98282298 3.55090227804433 11.9290415971127 364275618.760105 -108433449.071394 -288.607161485645 -969.558316452179 421010471.58067 44753147.9492071 421010471.58067 44753147.9492071 3200
110300 -4476173.38510888 1353194.29429312 3.60167058743442 11.9138117071521 363810545.556708 -109983754.447222 -292.733464188227 -968.320474639851 422364898.937304 45349545.951622 422364898.937304 45349545.951622 3200
111900 -4470370.14100528 1372244.06505291 3.65237357911289 11.8983657555339 363338874.506084 -111532065.224437 -296.854458054387 -967.065071955152 423713653.311957 45944949.4506801 423713653.311957 45944949.4506801 3200
113500 -4464485.82498226 1391268.94962726 3.70301033356108 11.8827040223766 362860614.162174 -113078353.323816 -300.970068348283 -965.792131165303 425056773.644191 46539370.7601207 425056773.644191 46539370.7601207 3200
115100 -4458520.5437542 1410268.60299243 3.75357993246154 11.8668267917117 362375773.198417 -114622590.702816 -305.080220431704 -964.501675355585 426394298.37374 47132821.5893253 426394298.37374 47132821.5893253 3200
116700 -4452474.40550382 1429242.68058223 3.80408145871471 11.8507343514791 361884360.407595 -116164749.356085 -309.184839765426 -963.193727928923 427726265.443622 47725313.0806413 427726265.443622 47725313.0806413 3200
118300 -4446347.51988021 1448190.8382943 3.85451399645557 11.8344269935216 361386384.70167 -117704801.315971 -313.283851910566 -961.868312605456 429052712.304001 48316855.8440759 429052712.304001 48316855.8440759 3200
119900 -4440139.99799686 1467112.73249637 3.90487663107023 11.8179050135795 360881855.11163 -119242718.653025 -317.377182529926 -960.525453422112 430373675.916669 48907459.9895626 430373675.916669 48907459.9895626 3200
121500 -4433851.9524296 1486008.02003243 3.95516844921251 11.8011687112853 360370780.787315 -120778473.476512 -321.464757389348 -959.165174732172 431689192.760038 49497135.1569855 431689192.760038 49497135.1569855 3200
123100 -4427483.49721462 1504876.35822903 4.00538853882053 11.7842183901585 359853170.99726 -122312037.934915 -325.546502359054 -957.787501204822 432999298.834571 50085890.544134 432999298.834571 50085890.544134 3200
124700 -4421034.74784635 1523717.40490143 4.05553598913323 11.7670543575999 359329035.128522 -123843384.21644 -329.622343414996 -956.392457824714 434304029.668547 50673734.9327436 434304029.668547 50673734.9327436 3200
127900 -4407896.83590647 1561316.25741555 4.15560933543183 11.7320864071629 358261223.29482 -126899311.203311 -337.756018226096 -953.550363019408 436897505.403581 51846723.9049674 436897505.403581 51846723.9049674 3200
131100 -4394439.16965038 1598801.8501074 4.25538122866314 11.6962673965931 357167422.746602 -129946032.756391 -345.865191795749 -950.63909648535 439469894.983088 53016164.8889827 439469894.983088 53016164.8889827 3200
134300 -4380662.72531392 1636171.46372546 4.35484443124999 11.659599924246 356047712.829521 -132983327.862711 -353.949275874423 -947.658869409435 442021466.276723 54182115.4369557 442021466.276723 54182115.4369557 3200
137500 -4366568.50225749 1673422.38743152 4.45399172800802 11.6220866500256 354902174.768726 -136010976.193108 -362.007684032608 -944.609897981038 444552480.219959 55344628.4098521 444552480.219959 55344628.4098521 3200
140700 -4352157.52289355 1710551.91899726 4.55281592666907 11.5837302951914 353730891.662973 -139028758.118209 -370.039831703359 -941.492403376339 447063191.030489 56503752.4776905 447063191.030489 56503752.4776905 3200
143900 -4337430.83261246 1747557.3650003 4.65130985840291 11.5445336421612 352533948.478593 -142036454.72436 -378.045136224698 -938.30661174227 449553846.424085 57659532.5581256 449553846.424085 57659532.5581256 3200
147100 -4322389.49970664 1784436.04101958 4.74946637833728 11.5044995343089 351311432.043334 -145033847.829511 -386.023016881885 -935.052754180117 452024687.827853 58812010.2018279 452024687.827853 58812010.2018279 3200
150300 -4307034.61529308 1821185.27183011 4.84727836607621 11.4636308757583 350063431.040057 -148020719.999039 -393.972894949537 -931.731066728754 454475950.589379 59961223.9318619 454475950.589379 59961223.9318619 3200
153500 -4291367.29323418 1857802.39159699 4.94473872621651 11.4219306311729 348790036.000307 -150996854.561525 -401.894193733618 -928.341790347518 456907864.18075 61107209.5432026 456907864.18075 61107209.5432026 3200
156700 -4275388.67005697 1894284.74406883 5.0418403888625 11.3794018255402 347491339.297742 -153962035.624468 -409.786338613265 -924.885170898729 459320652.396722 62250000.3676307 459320652.396722 62250000.3676307 3200
159900 -4259099.90487062 1930629.68277043 5.13857631013886 11.3360475439526 346167435.141437 -156916048.089947 -417.648757082479 -921.361459129861 461714533.546597 63389627.5084932 461714533.546597 63389627.5084932 3200
163100 -4242502.17928242 1966834.57119476 5.23493947270159 11.2918709313836 344818419.569044 -159858677.670224 -425.480878791648 -917.770910655345 464089720.639552 64526120.0491769 464089720.639552 64526120.0491768 3200
166300 -4225596.69731202 2002896.78299419 5.3309228862471 11.2468751924596 343444390.43983 -162789710.903294 -433.282135588928 -914.113785938032 466446421.563295 65659505.238601 466446421.563295 65659505.238601 3200
169500 -4208384.68530409 2038813.70217107 5.42651958801923 11.2010635912275 342045447.427576 -165708935.16836 -441.051961561453 -910.390350270296 468784839.256045 66789808.6565782 468784839.256045 66789808.6565782 3200
172700 -4190867.39183938 2074582.72326741 5.52172264331441 11.1544394509177 340621692.013348 -168616138.701266 -448.789793076386 -906.600873754787 471105171.871902 67917054.3615016 471105171.871902 67917054.3615016 3200
