0 314159000 0 -1172.24199898391 256.610007244848 100 0.00403837820768556 -0
100 314041755.603186 25661.0001744085 -1172.64598756354 256.609990739478 200 0.00404139412105136 -0
300 313807145.537521 76982.9873047416 -1173.45487057798 256.609858474371 400 0.00404743905792402 -0
700 313337439.470854 179626.815759232 -1175.07627222347 256.60919484363 800 0.0040595816276855 -0
1500 312396076.781867 384913.139695196 -1178.33371630929 256.606254346962 1600 0.00408407961587417 -0
3100 310505494.070826 795474.355347676 -1184.90796667237 256.593782997365 1600 0.00413394384659876 -0
4700 308604328.245943 1206008.41524863 -1191.56292403004 256.572254842951 1600 0.00418499885172651 -0
6300 306692448.644802 1616500.56152711 -1198.30051327014 256.54133370782 1600 0.00423728592602661 -0
7900 304769721.47228 2026935.48647601 -1205.12272587984 256.50066833985 1600 0.00429084825247754 -0
9500 302836009.691581 2437297.30777898 -1212.03162298194 256.449891588161 1600 0.00434573100980698 -0
11100 300891172.910278 2847569.54237894 -1219.02933854338 256.388619527019 1600 0.00440198148738742 -0
12700 298935067.261072 3257735.07889922 -1226.11808276799 256.31645052205 1600 0.00445964920807637 -0
14300 296967545.27697 3667776.1485217 -1233.30014568593 256.232964234358 1600 0.00451878605964441 -0
15900 294988455.76055 4077674.29421852 -1240.57790095362 256.137720557689 1600 0.00457944643549412 -0
17500 292997643.646971 4487410.33822625 -1247.95380987901 256.030258483377 1600 0.00464168738543903 -0
19100 290994949.860351 4896964.34764248 -1255.43042568817 255.910094887321 1600 0.00470556877738499 -0
20700 288980211.163113 5306315.59801493 -1263.01039805064 255.776723232729 1600 0.00477115347083731 -0
22300 286953259.997871 5715442.53478311 -1270.69647788237 255.629612181756 1600 0.00483850750324705 -0
23900 284913924.321396 6124322.73242074 -1278.49152244669 255.468204108551 1600 0.00490770029030955 -0
25500 282862027.430169 6532932.85111478 -1286.39850077557 255.291913505499 1600 0.00497880484143944 -0
27100 280797387.776984 6941248.59080299 -1294.42049943533 255.100125273649 1600 0.00505189799176966 -0
28700 278719818.778038 7349244.64237707 -1302.56072866307 254.892192887484 1600 0.00512706065215972 -0
30300 276629128.609881 7756894.63584175 -1310.82252890254 254.667436423154 1600 0.00520437807885226 -0
31900 274525119.995575 8164171.08520189 -1319.20937777066 254.425140438288 1600 0.005283940164588 -0
33500 272407589.979333 8571045.32982993 -1327.72489748881 254.164551690233 1600 0.00536584175318172 -0
35100 270276329.688877 8977487.47204373 -1336.37286281627 253.884876678292 1600 0.00545018297977644 -0
36700 268131124.084672 9383466.31060063 -1345.15720952642 253.585278993981 1600 0.00553706963923456 -0
38300 265971751.695133 9788949.26978671 -1354.08204347064 253.264876461704 1600 0.00562661358539527 -0
39900 263797984.336826 10193902.3237507 -1363.15165027869 252.922738050351 1600 0.00571893316423306 -0
41500 261609586.81861 10598289.9156986 -1372.37050574954 252.557880534241 1600 0.0058141536842948 -0
43100 259406316.628556 11002074.8715302 -1381.74328699161 252.169264879486 1600 0.0059124079281815 -0
44700 257187923.6024 11405218.3074559 -1391.27488437775 251.755792329206 1600 0.00601383670927808 -0
46300 254954149.572172 11807679.5310896 -1400.97041438633 251.316300158058 1600 0.00611858947843142 -0
47900 252704727.993517 12209415.9354631 -1410.83523340793 250.849557063201 1600 0.00622682498583859 -0
49500 250439383.550091 12610382.8853505 -1420.8749526047 250.354258155024 1600 0.00633871200404717 -0
51100 248157831.733283 13010533.5952307 -1431.09545391937 249.829019506698 1600 0.00645443011869578 -0
52700 245859778.395328 13409818.9981462 -1441.50290734086 249.272372216766 1600 0.00657417059445274 -0
53500 244704468.98259 13609121.217734 -1446.77875253261 248.981786482659 1600 0.00663561241325439 -0
54300 243544919.273648 13808187.6046255 -1452.10378954465 248.68275593367 1600 0.00669813732456053 -0
55100 242381089.572149 14007011.3192056 -1457.47887918663 248.375070076759 1600 0.00676177295926413 -0
55900 241212939.48443 14205585.3508276 -1462.90490404401 248.058511783755 1600 0.00682654787345745 -0
56700 240040427.90181 14403902.5124022 -1468.38276920061 247.732857033158 1600 0.00689249158687359 -0
57500 238863512.982291 14601955.4347764 -1473.91340299102 247.397874639902 1600 0.00695963462323939 -0
58300 237682152.131649 14799736.5608895 -1479.49775778409 247.053325972404 1600 0.00702800855265062 -0
59100 236496301.983878 14997238.1396987 -1485.13681079926 246.698964656209 1600 0.00709764603608763 -0
59900 235305918.380974 15194452.2198613 -1490.83156495727 246.334536263481 1600 0.00716858087219781 -0
60700 234110956.352022 15391370.6431634 -1496.58304976698 245.959777987542 1600 0.00724084804647928 -0
61500 232911370.091559 15587985.0376807 -1502.39232225015 245.574418301639 1600 0.00731448378300987 -0
62300 231707112.937177 15784286.8106608 -1508.26046790619 245.17817660101 1600 0.00738952559887497 -0
63100 230498137.346345 15980267.1411117 -1514.18860171879 244.770762827321 1600 0.00746601236145864 -0
63900 229284394.872401 16175916.9720827 -1520.1778692068 244.351877074435 1600 0.00754398434877373 -0
64700 228065836.139691 16371227.0026215 -1526.22944752151 243.921209174443 1600 0.00762348331301934 -0
65500 226842410.817807 16566187.6793927 -1532.3445465929 243.478438262774 1600 0.0077045525475668 -0
66300 225614067.594885 16760789.187939 -1538.52441032744 243.023232321177 1600 0.00778723695759049 -0
67100 224380754.149935 16955021.4435676 -1544.77031786022 242.555247697224 1600 0.0078715831345747 -0
67900 223142417.124128 17148874.0818425 -1551.08358486429 242.074128598936 1600 0.00795763943494499 -0
68700 221899002.091029 17342336.448662 -1557.46556492053 241.579506563018 1600 0.0080454560630907 -0
69500 220650453.525699 17535397.5898995 -1563.91765095111 241.070999895086 1600 0.00813508515906474 -0
70300 219396714.772629 17728046.2405853 -1570.4412767204 240.54821308015 1600 0.00822658089126867 -0
71100 218137728.012436 17920270.8136031 -1577.03791840682 240.010736161506 1600 0.00831999955445365 -0
71900 216873434.227285 18112059.3878777 -1583.70909624992 239.458144086048 1600 0.00841539967339362 -0
72700 215603773.164952 18303399.6960241 -1590.4563762768 238.889996013865 1600 0.0085128421126141 -0
73500 214328683.301476 18494279.1114288 -1597.2813721125 238.305834589838 1600 0.00861239019258957 -0
74300 213048101.802325 18684684.6347336 -1604.18574687938 237.705185174785 1600 0.00871410981285524 -0
75100 211761964.48201 18874602.879686 -1611.17121519051 237.087555033506 1600 0.00881806958251341 -0
75900 210470205.762062 19064020.0583225 -1618.2395452428 236.452432476906 1600 0.00892434095865387 -0
76700 209172758.627291 19252921.9654463 -1625.39256101582 235.799285955128 1600 0.00903299839324848 -0
77500 207869554.580242 19441293.9623585 -1632.63214458269 235.127563098419 1600 0.00914411948912669 -0
78300 206560523.59376 19629120.9598001 -1639.96023853984 234.436689702192 1600 0.00925778516568764 -0
79100 205245594.061558 19816387.4000583 -1647.37884856304 233.726068652462 800 0.00937407983505932 -0
79900 203924692.74668 20003077.2381881 -1654.89004609753 232.995078787535 800 0.00949309158947467 -0
80700 202597744.727769 20189173.9222963 -1662.4959711907 232.243073691524 800 0.00961491240069919 -0
81500 201264673.343002 20374660.3728315 -1670.19883547632 231.469380414867 800 0.00973963833241658 -0
82300 199925400.131567 20559518.9608192 -1678.00092532007 230.673298116671 800 0.00986736976655633 -0
83100 198579844.772571 20743731.4849782 -1685.9046051369 229.854096623258 800 0.00999821164463367 -0
83900 197227925.021205 20927279.1476477 -1693.91232089128 229.011014896831 800 0.0101322737252661 -0
84700 195869556.642048 21110142.5294521 -1702.02660379268 228.143259407665 800 0.0102696708591343 -0
85500 194504653.339316 21292301.5626215 -1710.25007419906 227.250002402679 800 0.0104105232827703 -0
86300 193133126.683913 21473735.5028838 -1718.58544574266 226.330380062611 800 0.0105549569326792 -0
87100 191754886.037081 21654422.8998352 -1727.03552969314 225.383490539378 800 0.0107031037814425 -0
87900 190369838.470462 21834341.5656889 -1735.6032395744 224.408391864445 800 0.0108551021976015 -0
88700 188977888.682356 22013468.5422966 -1744.29159605293 223.404099718214 800 0.0110110973312893 -0
89500 187578938.909958 22191780.0663256 -1753.1037321167 222.369585049568 800 0.0111712415277678 -0
90300 186172888.837323 22369251.5324681 -1762.04289856538 221.30377153371 800 0.0113356947712327 -0
91100 184759635.498813 22545857.4545473 -1771.11246983433 220.205532855358 800 0.0115046251614779 -0
91900 183339073.17774 22721571.4243762 -1780.31595017666 219.073689803159 800 0.0116782094262703 -0
92700 181911093.299909 22896366.0682107 -1789.65698022988 217.907007159865 800 0.0118566334725636 -0
93500 180475584.321751 23070213.0006281 -1799.13934399575 216.704190371352 800 0.0120400929800005 -0
94300 179032431.612689 23243082.7756458 -1808.76697626462 215.463881975933 800 0.0122287940405016 -0
95100 177581517.331382 23414944.834881 -1818.54397051817 214.184657773638 800 0.012422953848132 -0
95900 176122720.295439 23585767.4525346 -1828.47458734756 212.865022713121 800 0.0126228014438746 -0
96700 174655915.844179 23755517.6769632 -1838.56326342749 211.503406471636 800 0.0128285785204314 -0
97500 173180975.693978 23924161.2685838 -1848.81462108999 210.098158701081 800 0.0130405402927186 -0
98300 171697767.7857 24091662.6338317 -1859.23347854637 208.647543910311 800 0.0132589564403408 -0
99100 170206156.123672 24257984.7548678 -1869.82486080981 207.149735950901 800 0.0134841121290197 -0
99900 168706000.605621 24423089.1147046 -1880.59401137638 205.602812070059 800 0.0137163091187288 -0
100700 167197156.842946 24586935.6173868 -1891.54640472775 204.004746490594 800 0.0139558669671648 -0
101500 165679475.970633 24749482.5028338 -1902.68775972505 202.353403473494 800 0.0142031243381705 -0
102300 164152804.446075 24910686.2559075 -1914.02405397023 200.64652981388 800 0.0144584404258443 -0
103100 162616983.835986 25070501.509233 -1925.56153921879 198.88174671563 800 0.014722196506332 -0
103900 161071850.590534 25228880.9392504 -1937.30675793664 197.056540983892 800 0.0149947976307315 -0
104700 159517235.803742 25385775.1549254 -1949.26656110301 195.168255467776 800 0.0152766744741662 -0
105500 157952964.959104 25541132.5784885 -1961.44812737219 193.214078677752 800 0.0155682853579324 -0
106300 156378857.65929 25694899.3175117 -1973.85898371901 191.191033493469 800 0.0158701184637369 -0
107100 154794727.338699 25847019.0275552 -1986.50702770597 189.095964867711 800 0.0161826942614458 -0
107900 153200380.95749 25997432.7645414 -1999.40055152554 186.925526420901 800 0.0165065681745192 -0
108700 151595618.675627 26146078.8259223 -2012.54826798775 184.676165807644 800 0.0168423335104632 -0
109500 149980233.505275 26292892.5796039 -2025.95933864253 182.344108722154 800 0.0171906246872505 -0
110300 148354010.939795 26437806.2794822 -2039.64340424788 179.925341392603 800 0.0175521207908351 -0
111100 146716728.55733 26580748.8663137 -2053.61061781946 177.415591395278 800 0.0179275495036887 -0
111900 145068155.596845 26721645.7525031 -2067.87168052499 174.810306597453 800 0.0183176914498478 -0
112300 144239560.645698 26791302.7275183 -2075.11590883877 173.470333975196 800 0.0185185394806734 -0
112700 143408052.50415 26860418.5892012 -2082.43788071647 172.104632013366 800 0.0187233850084071 -0
113100 142573599.774206 26928982.9148678 -2089.83910592239 170.712542338643 800 0.0189323427307574 -0
113500 141736170.44557 26996985.014065 -2097.32113643997 169.2933843242 800 0.0191455316547781 -0
113900 140895731.878452 27064413.9194813 -2104.88556801642 167.846454145934 800 0.0193630752975357 -0
114300 140052250.785746 27131258.3774721 -2112.53404177739 166.371023790338 800 0.019585101897951 -0
114700 139205693.214535 27197506.8381761 -2120.26824591535 164.866340011061 800 0.019811744640542 -0
115100 138356024.526923 27263147.4452051 -2128.08991745584 163.331623231074 800 0.0200431418918474 -0
115500 137503209.380128 27328168.0248821 -2136.00084410576 161.766066387072 800 0.0202794374503688 -0
115900 136647211.705829 27392556.0750062 -2144.00286618832 160.16883371256 800 0.020520780810934 -0
116300 135787994.688716 27456298.7531162 -2152.09787866952 158.539059455782 800 0.020767327444451 -0
116700 134925520.744211 27519382.8642294 -2160.28783328122 156.875846528383 800 0.0210192390940995 -0
117100 134059751.495322 27581794.8480243 -2168.57474074648 155.178265080421 800 0.0212766840890852 -0
117500 133190647.748583 27643520.7654377 -2176.96067311291 153.445350996972 800 0.0215398376771736 -0
117900 132318169.469037 27704546.2846445 -2185.44776620036 151.676104311277 800 0.0218088823773135 -0
118300 131442275.754218 27764856.6663848 -2194.03822216961 149.869487528957 800 0.0220840083537678 -0
118700 130562924.807083 27824436.7486019 -2202.73431221933 148.024423857448 800 0.0223654138132816 -0
119100 129680073.90783 27883270.9303522 -2211.53837941875 146.13979533431 800 0.0226533054269439 -0
119500 128793679.38456 27941343.1549453 -2220.45284168441 144.214440847651 800 0.022947898778535 -0
119900 127903696.582723 27998636.8922689 -2229.48019490963 142.247154041297 800 0.0232494188412997 -0
120300 127010079.833268 28055135.1202517 -2238.62301625613 140.23668109684 800 0.0235581004852519 -0
120700 126112782.419451 28110820.3054136 -2247.88396761781 138.181718384014 800 0.0238741890172918 -0
121100 125211756.542221 28165674.3824471 -2257.26579926744 136.080909970201 800 0.0241979407566146 -0
121500 124306953.284103 28219678.7327738 -2266.77135369787 133.932844979107 800 0.0245296236481031 -0
121900 123398322.571513 28272814.1620115 -2276.40356967013 131.736054787855 800 0.0248695179166327 -0
122300 122485813.135399 28325060.8762867 -2286.16548648173 129.489010050825 800 0.0252179167654746 -0
122700 121569372.470136 28376398.4573192 -2296.06024846946 127.190117537632 800 0.0255751271222705 -0
123100 120648946.790571 28426805.8362031 -2306.09110976224 124.837716771557 800 0.0259414704363619 -0
123500 119724480.987106 28476261.2658002 -2316.26143930045 122.430076453571 800 0.0263172835316052 -0
123900 118795918.578728 28524742.2916576 -2326.57472613964 119.965390655838 400 0.0267029195191839 -0
124300 117863201.663848 28572225.7213545 -2337.03458505806 117.441774767165 400 0.0270987487753488 -0
124700 116926270.868839 28618687.5921731 -2347.64476248854 114.857261171336 400 0.027505159989483 -0
125100 115985065.29413 28664103.1369847 -2358.40914279748 112.209794637563 400 0.0279225612884043 -0
125500 115039522.457713 28708446.7482313 -2369.33175493497 109.497227400434 400 0.0283513814433846 -0
125900 114089578.235917 28751691.9398713 -2380.41677948241 106.717313904678 400 0.0287920711670012 -0
126300 113135166.801273 28793811.3071534 -2391.6685561261 103.867705187795 400 0.0292451045076348 -0
126700 112176220.557303 28834776.4840651 -2403.09159158746 100.945942871092 400 0.0297109803502113 -0
127100 111212670.070041 28874558.0982947 -2414.69056804343 97.9494527269138 400 0.0301902240326496 -0
127500 110244443.996073 28913125.7235287 -2426.47035207308 94.8755377867592 400 0.0306833890884509 -0
127900 109271469.0069 28950447.8288954 -2438.43600417004 91.7213709516045 400 0.0311910591269385 -0
128300 108293669.709366 28986491.7253451 -2450.59278886334 88.4839870619612 400 0.0317138498638691 -0
128700 107310968.561912 29021223.5087433 -2462.94618549333 85.1602743810156 400 0.0322524113164822 -0
129100 106323285.786379 29054607.9994302 -2475.50189969341 81.7469654395307 400 0.0328074301785661 -0
129500 105330539.275068 29086608.6779829 -2488.2658756329 78.2406271859976 400 0.0333796323928184 -0
129900 104332644.492744 29117187.6168866 -2501.24430908133 74.6376503797318 400 0.0339697859396765 -0
130300 103329514.373232 29146305.4078017 -2514.44366136028 70.9342381581387 400 0.0345787038639419 -0
130700 102321059.210253 29173921.0840791 -2527.87067425475 67.1263937021413 400 0.0352072475629314 -0
131100 101307186.542077 29199992.0381483 -2541.53238596321 63.2099069156561 400 0.0358563303626126 -0
131500 100287801.029589 29224473.9333639 -2555.43614817275 59.1803400259204 400 0.0365269214112569 -0
131900 99262804.3272718 29247320.60986 -2569.58964435447 55.0330120012639 400 0.0372200499236242 -0
132300 98232094.9466172 29268483.9839159 -2584.00090938337 50.7629816714384 400 0.0379368098126431 -0
132700 97195568.1114013 29287913.9402895 -2598.67835059753 46.3650294226833 400 0.0386783647500284 -0
133100 96153115.6042291 29305558.21692 -2613.63077042308 41.8336373251049 400 0.0394459537023795 -0
133500 95104625.6036925 29321362.2813423 -2628.86739070411 37.1629675334506 400 0.0402408969951112 -0
133900 94049982.5114302 29335269.1980867 -2644.39787889139 32.3468387836753 400 0.0410646029631987 -0
134300 92989066.768312 29347219.4862635 -2660.23237626 27.3787007865103 400 0.0419185752553069 -0
134700 91921754.6588996 29357150.9664484 -2676.38152834378 22.2516062951676 400 0.0428044208665621 -0
135100 90847918.1032553 29364998.5958879 -2692.85651779524 16.9581805969107 400 0.0437238589852055 -0
135500 89767424.4350845 29370694.29094 -2709.66909990224 11.4905881469676 400 0.0446787307498482 -0
135900 88680136.1650966 29374166.7355449 -2726.83164101855 5.840496027548 400 0.045671010027287 -0
136300 87585910.7283645 29375341.174385 -2744.35716019426 -0.00096612616110292 400 0.0467028153361291 -0
136700 86484600.2143393 29374139.1892425 -2762.25937432521 -6.04325013806426 400 0.047776423059192 -0
137100 85376051.0780424 29370478.4568884 -2780.55274717718 -12.296437700272 400 0.0488942821081931 -0
137500 84260103.8308082 29364272.4866435 -2799.25254268278 -18.7712937003983 400 0.0500590302281621 -0
137900 83136592.7087788 29355430.3355268 -2818.37488295681 -25.4793250599606 400 0.0512735121568972 -0
138300 82005345.317168 29343856.2986554 -2837.93681152969 -32.4328457598965 400 0.0525407998873918 -0
138500 81436764.7402607 29337013.5308657 -2847.88821633456 -36.0057509691022 400 0.053195273586465 -0
138700 80866182.2480433 29329449.5722329 -2857.9563623571 -39.6450488231069 400 0.0538642153194579 -0
138900 80293574.2513082 29321150.9653365 -2868.14367096886 -43.3525388946433 400 0.0545480835331316 -0
139100 79718916.6694468 29312103.8863507 -2878.45263525472 -47.130086150975 400 0.055247355631249 -0
139300 79142184.9158334 29302294.1316683 -2888.88582277146 -50.9796239504134 400 0.0559625289438073 -0
139500 78563353.8826443 29291707.1039095 -2899.44587843692 -54.9031572051064 400 0.0566941217554279 -0
139700 77982397.9250849 29280327.7972795 -2910.13552755681 -58.9027657209566 400 0.0574426743971086 -0
139900 77399290.8449976 29268140.7822409 -2920.95757899705 -62.9806077263498 400 0.058208750405885 -0
140100 76814005.8738199 29255130.189459 -2931.91492851 -67.1389236022583 400 0.0589929377573214 -0
140300 76226515.6548607 29241279.6929808 -2943.01056222333 -71.3800398272505 400 0.0597958501761582 -0
140500 75636792.2248621 29226572.4926022 -2954.24756030089 -75.7063731519842 400 0.06061812853089 -0
140700 75044806.9948115 29210991.2953752 -2965.62910078584 -80.1204350189044 400 0.0614604423185338 -0
140900 74450530.7299647 29194518.2962066 -2977.15846363651 -84.6248362441057 400 0.0623234912463849 -0
141100 73853933.529043 29177135.1574914 -2988.83903496666 -89.2222919796735 400 0.0632080069181386 -0
141300 73254984.8025597 29158822.9877245 -3000.67431150217 -93.9156269762943 400 0.0641147546324035 -0
141500 72653653.2502334 29139562.3190284 -3012.66790526749 -98.7077811675355 400 0.0650445353023334 -0
141700 72049906.837439 29119333.0835295 -3024.82354851551 -103.601815598954 400 0.0659981875058834 -0
141900 71443712.7706478 29098114.5885122 -3037.14509891618 -108.60091872712 400 0.0669765896770482 -0
142100 70835037.4718029 29075885.490274 -3049.63654501962 -113.708413115739 400 0.0679806624493781 -0
142300 70223846.5515718 29052623.7665988 -3062.30201201098 -118.927762558374 400 0.0690113711641095 -0
142500 69610104.7814192 29028306.6877614 -3075.14576777553 -124.262579659786 400 0.0700697285563829 -0
142700 68993776.0644323 29002910.7859658 -3088.17222929358 -129.716633910692 400 0.0711567976342899 -0
142900 68374823.4048339 28976411.8231166 -3101.38596938646 -135.293860293775 400 0.0722736947668836 -0
143100 67753208.8761082 28948784.756813 -3114.79172383629 -140.998368462154 400 0.0734215929988315 -0
143300 67128893.5876639 28920003.7044455 -3128.39439890398 -146.834452535181 400 0.0746017256111061 -0
143500 66501837.6499514 28890041.9052682 -3142.19907927157 -152.806601560513 400 0.0758153899490026 -0
143700 65872000.137947 28858871.6803071 -3156.21103643731 -158.919510695868 200 0.0770639515408873 -0
143900 65239339.0529101 28826464.389956 -3170.4357375937 -165.178093168853 200 0.0783488485334217 -0
144100 64603811.2823137 28792790.3890968 -3184.87885502119 -171.587493078658 200 0.0796715964716206 -0
144300 63965372.5578422 28757818.9795694 -3199.54627603284 -178.153099109529 200 0.0810337934550108 -0
144500 63323977.4113414 28721518.3598021 -3214.44411350778 -184.880559232561 200 0.0824371257044026 -0
144700 62679579.1285996 28683855.571395 -3229.57871705442 -191.775796479829 200 0.0838833735774154 -0
144900 62032129.7008303 28644796.4424344 -3244.95668484763 -198.845025883089 200 0.0853744180749535 -0
145100 61381579.773715 28604305.5272946 -3260.58487618744 -206.094772678466 200 0.0869122478853749 -0
145300 60727878.5938582 28562346.0426621 -3276.47042483088 -213.531891888723 200 0.0884989670181932 -0
145500 60070973.9524948 28518879.7994966 -3292.62075315258 -221.163589406102 200 0.0901368030848766 -0
145700 59410812.1262763 28473867.1306139 -3309.04358719419 -228.997444711376 200 0.0918281162907492 -0
145900 58747337.8149542 28427266.8135479 -3325.74697266795 -237.041435378943 200 0.0935754092092547 -0
146100 58080494.0757601 28379035.988321 -3342.7392919847 -245.303963533644 200 0.0953813374180196 -0
146300 57410222.2542727 28329130.0697119 -3360.02928238284 -253.793884442722 200 0.0972487210854033 -0
146500 56736461.9115411 28277502.6535745 -3377.6260552407 -262.520537446297 200 0.0991805576066762 -0
146700 56059150.7472203 28224105.4167189 -3395.53911666231 -271.49377945209 200 0.101180035400823 -0
146900 55378224.5184543 28168888.0098159 -3413.7783894334 -280.724021245325 200 0.103250548992419 -0
147100 54693616.9542221 28111797.9427353 -3432.35423645344 -290.222266893121 200 0.105395715518332 -0
147300 54005259.66484 28052780.4616679 -3451.27748575789 -300.000156554732 200 0.107619392816415 -0
147500 53313082.0462907 27991778.4173162 -3470.55945725503 -310.070013045177 200 0.109925699273242 -0
147700 52617011.1790216 27928732.1233658 -3490.2119913121 -320.444892540861 200 0.112319035630656 -0
147900 51916971.7208301 27863579.2043643 -3510.24747933727 -331.138639862243 200 0.114804108976919 -0
148100 51212885.7934186 27796254.432047 -3530.67889651627 -342.165948821517 200 0.1173859591781 -0
148300 50504672.8621727 27726689.5490407 -3551.51983687639 -353.54242818337 200 0.120069988039651 -0
148500 49792249.6086792 27654813.0787636 -3572.78455086518 -365.284673855522 200 0.122861991527636 -0
148700 49075529.7954588 27580550.1202069 -3594.48798564708 -377.410348004092 200 0.125768195424708 -0
148900 48354424.1223506 27503822.1261362 -3616.64582833857 -389.938265878537 200 0.128795294848661 -0
149100 47628840.0739353 27424546.6630835 -3639.27455242077 -402.888491233805 200 0.131950498122557 -0
149300 46898681.7573369 27342637.1513133 -3662.39146758828 -416.282441355535 200 0.13524157555646 -0
149500 46163849.7296879 27258002.5827283 -3686.01477331402 -430.143002830345 200 0.138676913783523 -0
149700 45424240.814485 27170547.2144409 -3710.16361643203 -444.494659360322 200 0.142265576389734 -0
149900 44679747.9059995 27080170.235454 -3734.8581530638 -459.363633102631 200 0.146017371689565 -0
150100 43930259.7608392 26986765.4035843 -3760.11961523729 -474.778041225831 200 0.149942928632275 -0
150300 43175660.775686 26890220.6493919 -3785.97038257308 -490.768069619317 200 0.154053781979417 -0
150500 42415830.750157 26790417.6434711 -3812.43405943612 -507.366165977482 200 0.158362468077793 -0
150600 42033915.215651 26739255.490828 -3825.90347050025 -515.904050423706 200 0.160595216167179 -0
150700 41650644.633613 26687231.3229229 -3839.53555796964 -524.607254804874 200 0.162882632769771 -0
150800 41266002.5705159 26634328.3696828 -3853.33365486551 -533.480571033954 200 0.165226616958244 -0
150900 40879972.2548925 26580529.3726017 -3867.30118748508 -542.528977327269 200 0.167629153237931 -0
151000 40492536.5678505 26525816.5656598 -3881.44167857343 -551.757647305644 200 0.170092316268162 -0
151100 40103678.0332639 26470171.6553059 -3895.75875061281 -561.171959631317 200 0.172618275893248 -0
151200 39713378.8076304 26413575.7994473 -3910.25612923299 -570.777508217534 200 0.175209302506607 -0
151300 39321620.6695802 26356009.5853895 -3924.93764674663 -580.580113050652 200 0.177867772773598 -0
151400 38928385.0090263 26297453.0066602 -3939.80724581311 -590.585831667771 200 0.180596175740815 -0
151500 38533652.8159406 26237885.4386514 -3954.86898323461 -600.80097133635 200 0.183397119362086 -0
151600 38137404.6687445 26177285.6130063 -3970.12703388786 -611.232101986047 200 0.186273337474045 -0
151700 37739620.722299 26115631.590673 -3985.58569479478 -621.886069947146 200 0.189227697257165 -0
151800 37340280.6954805 26052900.7335421 -4001.24938933517 -632.770012554414 200 0.192263207221334 -0
151900 36939363.8583289 25989069.674577 -4017.12267160409 -643.891373680175 200 0.195383025758677 -0
152000 36536849.0187516 25924114.2863428 -4033.21023091627 -655.257920265723 200 0.198590470310243 -0
152100 36132714.5087701 25858009.6478281 -4049.51689645941 -666.877759926142 200 0.201889027197551 -0
152200 35726938.1702943 25790730.0094494 -4066.04764209762 -678.75935971 200 0.205282362174801 -0
152300 35319497.340408 25722248.7561192 -4082.80759132546 -690.911566102511 200 0.208774331762856 -0
152400 34910368.8361517 25652538.3682457 -4099.80202237206 -703.343626368477 200 0.212368995432013 -0
152500 34499528.9387884 25581570.3805288 -4117.03637345405 -716.065211339918 200 0.21607062870709 -0
152600 34086953.3775354 25509315.3383989 -4134.51624817432 -729.086439762633 200 0.219883737275588 -0
152700 33672617.3127503 25435742.7519393 -4152.24742106228 -742.417904326283 200 0.223813072187717 -0
152800 33256495.3185553 25360821.0471143 -4170.23584324958 -756.070699513993 200 0.22786364624601 -0
152900 32838561.3648884 25284517.5141168 -4188.48764827271 -770.05645141997 100 0.232040751692153 -0
153000 32418788.7989671 25206798.2526277 -4207.00915799179 -784.387349697521 100 0.236349979309717 -0
153100 31997150.3261567 25127628.1137673 -4225.80688861128 -799.076181815126 100 0.240797239073818 -0
153200 31573617.9902303 25046970.6384979 -4244.88755678532 -814.136369815154 100 0.245388782492446 -0
153300 31148163.1530165 24964787.9922158 -4264.25808578562 -829.582009788506 100 0.250131226799606 -0
153400 30720756.4734275 24881040.8952513 -4283.92561170533 -845.427914299221 100 0.255031581177554 -0
153500 30291367.8858663 24795688.548967 -4303.89748966609 -861.689658016067 100 0.260097275204708 -0
153600 29859966.578015 24708688.5571225 -4324.18129998892 -878.383626833666 100 0.265336189747335 -0
153700 29426520.9680094 24619996.8421379 -4344.78485428119 -895.527070794042 100 0.270756690537379 -0
153800 28990998.6810118 24529567.5558625 -4365.71620138278 -913.138161151062 100 0.276367664705972 -0
153900 28553366.5251987 24437352.9844135 -4386.98363310325 -931.236051955291 100 0.28217856057285 -0
154000 28113590.467189 24343303.446613 -4408.59568966868 -949.840946575988 100 0.288199431026336 -0
154100 27671635.606945 24247367.1855076 -4430.56116478173 -968.974169620575 100 0.294440980867543 -0
154200 27227466.1521929 24149490.2524046 -4452.88911018032 -988.65824476068 100 0.300914618536365 -0
154300 26781045.3924168 24049616.3828069 -4475.58883955916 -1008.9169790284 100 0.307632512686585 -0
154400 26332335.6724995 23947686.8635698 -4498.66993169346 -1029.77555420734 100 0.314607654133708 -0
154500 25881298.3660984 23843640.3905344 -4522.1422325749 -1051.26062601148 100 0.321853923762993 -0
154600 25427893.8488671 23737412.9158231 -4546.01585633524 -1073.40043182124 100 0.329386167057672 -0
154700 24972081.4716549 23628937.4838969 -4570.30118469266 -1096.2249078326 100 0.337220275989719 -0
154800 24513819.5338492 23518144.0553897 -4595.00886460738 -1119.76581657119 100 0.345373279109438 -0
154900 24053065.257057 23404959.3176276 -4620.14980377694 -1144.0568858325 100 0.353863440777061 -0
155000 23589774.7593624 23289306.4806349 -4645.73516353413 -1169.13396023138 100 0.362710370601708 -0
155100 23123903.0304457 23171105.0573006 -4671.77634863168 -1195.03516668202 100 0.371935144292639 -0
155200 22655403.9079042 23050270.6262386 -4698.28499330323 -1221.80109528519 100 0.38156043728754 -0
155300 22184230.0551835 22926714.5757213 -4725.27294287931 -1249.47499727479 100 0.391610672705696 -0
155400 21710332.941603 22800343.8268898 -4752.75223010395 -1278.10300187455 100 0.402112185384145 -0
155500 21233662.8250578 22671060.5342465 -4780.73504514026 -1307.73435413936 100 0.413093403996422 -0
155600 20754168.7380836 22538761.7612191 -4809.2336980652 -1338.42167610972 100 0.424585053531442 -0
155700 20271798.478106 22403339.1283358 -4838.26057242964 -1370.22125389461 100 0.436620380730279 -0
155800 19786498.6028506 22264678.4312747 -4867.82806819164 -1403.19335362307 100 0.449235405447872 -0
155900 19298214.4320722 22122659.225738 -4897.94853200965 -1437.4025695727 100 0.462469201333121 -0
156000 18806890.0569864 21977154.375752 -4928.63417249735 -1472.91820820017 100 0.476364209713703 -0
156100 18312468.3590429 21828029.5615955 -4959.8969575787 -1509.81471227038 100 0.49096659114212 -0
156150 18064077.8407845 21752065.5976172 -4975.74842349684 -1528.80557106355 100 0.498548584969655 -0
156200 17814891.0399883 21675142.7430501 -4991.74849052053 -1548.17212979308 100 0.50632661972178 -0
156250 17564900.4922086 21597241.9404263 -5007.89852759027 -1567.92535543606 100 0.514307695059288 -0
156300 17314098.6656041 21518343.5735522 -5024.19986057085 -1588.07663320953 100 0.522499126084419 -0
156350 17062477.9632495 21438427.4461152 -5040.65376583955 -1608.63778596696 100 0.530908560331014 -0
156400 16810030.7257828 21357472.7592955 -5057.26146325985 -1629.62109463394 100 0.539543995806478 -0
156450 16556749.2344206 21275458.088329 -5074.02410848297 -1651.03931974424 100 0.548413800157984 -0
156500 16302625.7143764 21192361.3579645 -5090.94278451417 -1672.90572414168 100 0.557526731040699 -0
156550 16047652.3387201 21108159.8167544 -5108.01849247456 -1695.23409691671 100 0.566891957771577 -0
156600 15791821.2327217 21022830.0101178 -5125.2521414821 -1718.03877865123 100 0.576519084358478 -0
156650 15535124.478724 20936347.7521051 -5142.64453756826 -1741.33468804933 100 0.586418174001032 -0
156700 15277554.1215962 20848688.0957967 -5160.19637153811 -1765.13735003651 100 0.596599775166856 -0
156750 15019102.174822 20759825.3022565 -5177.90820567264 -1789.4629254146 100 0.607074949354404 -0
156800 14759760.6272853 20669732.8079627 -5195.78045916175 -1814.32824216511 100 0.617855300662036 -0
156850 14499521.4508169 20578383.1906303 -5213.81339214502 -1839.75082849862 100 0.628953007291713 -0
156900 14238376.6085778 20485748.1333351 -5232.0070882251 -1865.74894775383 100 0.640380855125252 -0
156950 13976318.0643579 20391798.3868439 -5250.36143530427 -1892.34163525554 100 0.652152273521244 -0
157000 13713337.7928781 20296503.7300511 -5268.87610457981 -1919.54873724658 100 0.664281373491548 -0
157050 13449427.7911921 20199832.928414 -5287.55052751635 -1947.39095201535 100 0.676782988427933 -0
157100 13184580.0912951 20101753.690274 -5306.38387059486 -1975.8898733464 100 0.689672717561712 -0
157150 12918786.7740544 20002232.6209449 -5325.37500761656 -2005.06803642809 100 0.702966972352345 -0
157200 12652039.984591 19901235.1744409 -5344.52248931705 -2034.94896635777 100 0.716683026014877 -0
157250 12384331.9492543 19798725.602712 -5363.82451001994 -2065.55722939096 100 0.730839066410733 -0
157300 12115654.994343 19694666.9022445 -5383.27887103046 -2096.9184870873 50 0.745454252541806 -0
157350 11846001.5667458 19589020.7578792 -5402.88294043761 -2129.05955351195 50 0.760548774903969 -0
157400 11575364.2566881 19481747.483689 -5422.63360895798 -2162.00845565605 50 0.776143919972943 -0
157450 11303735.8227952 19372805.9607522 -5442.52724141454 -2195.79449724505 50 0.792262139112888 -0
157500 11031109.2196991 19262153.5716464 -5462.55962340014 -2230.44832610708 50 0.808927122215945 -0
157550 10757477.6284431 19149746.1314821 -5482.72590262618 -2266.00200527626 50 0.826163876399121 -0
157600 10482834.4899628 19035537.8152835 -5503.02052440262 -2302.48908800687 50 0.8439988101031 -0
157650 10207173.5419536 18919481.0815173 -5523.43716063499 -2339.94469687312 50 0.862459822955451 -0
157700 9930488.85946301 18801526.5915612 -5543.96863165654 -2378.40560712572 50 0.881576401777955 -0
157750 9652774.8995873 18681623.124894 -5564.60682013875 -2417.91033446966 50 0.901379723133746 -0
157800 9374026.55068728 18559717.4897836 -5585.34257623991 -2458.49922741662 50 0.921902762824037 -0
157850 9094239.18658521 18435754.4292401 -5606.16561305895 -2500.21456434964 50 0.943180412755519 -0
157900 8813408.72625265 18309676.5219948 -5627.06439135821 -2543.10065541569 50 0.965249605606963 -0
157950 8531531.69955422 18181424.0782632 -5648.02599240474 -2587.20394933212 50 0.988149447725739 -0
158000 8248605.31967262 18050935.030042 -5669.03597765229 -2632.57314515434 50 1.01192136068024 -0
158050 7964627.56290779 17918144.8156956 -5690.07823384529 -2679.25930900177 50 1.03660923188037 -0
158100 7679597.25661782 17782986.2585819 -5711.13480197022 -2727.31599567571 50 1.06225957465277 -0
158150 7393514.17615208 17645389.4394789 -5732.18568830676 -2776.79937502209 50 1.08892169811678 -0
158200 7106379.15171926 17505281.5625787 -5753.20865564103 -2827.76836279214 50 1.11664788714802 -0
158250 6818194.18623496 17362586.8148341 -5774.17899249319 -2880.284755629 50 1.14549359263246 -0
158300 6528962.58530666 17217226.2184628 -5795.06925798139 -2934.41336965508 50 1.17551763210098 -0
158350 6238689.10063869 17069117.4764468 -5815.84899969189 -2990.22218194589 50 1.20678240068311 -0
158400 5947380.08827857 16918174.8109054 -5836.4844416503 -3047.7824739454 50 1.23935409212128 -0
158450 5655043.68327825 16764308.7942733 -5856.93813919078 -3107.16897559711 50 1.27330292933214 -0
158500 5361689.99251229 16607426.1732861 -5877.16859719868 -3168.46000862333 50 1.3087034036751 -0
158550 5067331.30757928 16447429.6858642 -5897.12984785827 -3231.73762697238 50 1.3456345216752 -0
158600 4771982.33991574 16284217.8710945 -5916.77098367292 -3297.08775195467 50 1.38418005742674 -0
158650 4475660.48047244 16117684.8726518 -5936.03564114395 -3364.60029898849 50 1.42442880825328 -0
158700 4178386.08654388 15947720.2361693 -5954.86143010166 -3434.36929215595 50 1.46647485038893 -0
158750 3880182.79860154 15774208.7012819 -5973.17930328693 -3506.49296190688 50 1.51041779044243 -0
158800 3581077.89026159 15597029.9893215 -5990.91286039524 -3581.0738202188 50 1.55636300716804 -0
158850 3281102.65481635 15416058.5879589 -6007.97758043555 -3658.2187062949 50 1.60442187654828 -0
158900 2980292.83207375 15231163.5344689 -6024.27997594592 -3738.03879442728 50 1.65471197133679 -0
158950 2678689.07957867 15042208.1997542 -6039.71666237874 -3820.64955393163 50 1.70735722394975 -0
159000 2376337.49262731 14849050.0758185 -6054.17333586241 -3906.17064903244 50 1.76248803885623 -0
159025 2224897.2928858 14750848.7757781 -6060.99518840107 -3950.06107334227 50 1.79102806599664 -0
159050 2073290.17786561 14651540.5699962 -6067.52365264306 -3994.72576416079 50 1.82024133732586 -0
159075 1921523.7038602 14551105.9017025 -6073.74085336576 -4040.18076655319 50 1.85014597910773 -0
159100 1769605.88534877 14449524.8103214 -6079.6280036822 -4086.44233758054 50 1.8807605133724 -0
159125 1617545.21833924 14346776.926353 -6085.16536062731 -4133.52693147318 50 1.91210384981547 -0
159150 1465350.70484442 14242841.4666533 -6090.33217891306 -4181.45118247065 50 1.94419527515314 -0
159175 1313031.87853744 14137697.2301745 -6095.10666283278 -4230.23188509799 50 1.97705443962412 -0
159200 1160598.83163273 14031322.594234 -6099.46591630456 -4279.88597162943 50 2.01070134029921 -0
159225 1008062.24303933 13923695.5113839 -6103.38589105508 -4330.43048647075 50 2.04515630082758 -0
159250 855433.407832536 13814793.5069627 -6106.84133295888 -4381.8825571705 50 2.08043994721404 -0
159275 702724.268089935 13704593.6774173 -6109.80572656386 -4434.25936174836 50 2.11657317918507 -0
159300 549947.445136447 13593072.6894909 -6112.25123785242 -4487.57809200591 50 2.1535771366622 -0
159325 397116.273241671 13480206.7803822 -6114.14865530939 -4541.85591246095 50 2.19147316081941 -0
159350 244244.83481073 13365971.7589905 -6115.46732939245 -4597.10991452171 50 2.23028274915804 -0
159375 91347.9971070709 13250343.0083689 -6116.17511052962 -4653.3570654918 50 2.27002750398608 -0
159400 -61558.549457876 13133295.4895229 -6116.23828580105 -4710.61415197059 50 2.31072907364097 -0
159425 -214458.251437612 13014803.7466978 -6115.62151449966 -4768.89771718737 50 2.35240908574559 -0
159450 -367333.65084091 12894841.9143144 -6114.2877628075 -4828.22399178158 50 2.39508907173557 -0
159475 -520166.341980917 12773383.7257217 -6112.19823787257 -4888.60881751524 50 2.43879038184481 -0
159500 -672936.926672161 12650402.523951 -6109.3123216249 -4950.06756337908 50 2.48353408968377 -0
159525 -825624.967773781 12525871.274669 -6105.58750473097 -5012.61503353036 50 2.52934088549398 -0
159550 -978208.94108814 12399762.5815391 -6100.97932115343 -5076.26536647904 50 2.57623095711261 -0
159575 -1130666.18563656 12272048.7042204 -6095.44128385809 -5141.03192492096 50 2.62422385763435 -0
159600 -1282972.85234849 12142701.5792424 -6088.92482229377 -5206.92717560218 50 2.67333835871566 -0
159625 -1435103.85121721 12011692.844016 -6081.37922236259 -5273.96255858951 50 2.7235922884307 -0
159650 -1587032.79699435 11878993.8642505 -6072.75156969935 -5342.14834531969 50 2.77500235256087 -0
159675 -1738731.95351729 11744575.7650661 -6062.98669718928 -5411.49348480436 50 2.82758393818371 -0
159700 -1890172.17678829 11608409.4661067 -6052.02713777341 -5482.00543738305 50 2.88135089842438 -1.6140587661091e-311
159725 -2041322.856952 11470465.7209696 -6039.81308372092 -5553.68999544242 50 2.93631531724822 -8.64552698330672e-305
159750 -2192151.85934922 11330715.1612862 -6026.28235368689 -5626.55109056 50 2.99248725320939 -3.42791855393556e-298
159775 -2342625.4648595 11189128.3457993 -6011.37036902271 -5700.59058658656 50 3.04987446113268 -1.22164158319746e-291
159800 -2492708.30978391 11045675.8147925 -5995.01014096321 -5775.80805825644 50 3.10848209079861 -3.89133004177323e-285
159825 -2642363.32556197 10900328.1502398 -5977.13227047917 -5852.20055501107 50 3.16831236183136 -1.10144645593797e-278
159850 -2791551.67866333 10753056.0420458 -5957.66496275401 -5929.76234984275 50 3.22936421416041 -2.75366322358978e-272
159875 -2940232.71104629 10603830.3607532 -5936.53405841745 -6008.48467311462 50 3.29163293364731 -6.04240719508337e-266
159900 -3088363.88163046 10452622.2370907 -5913.66308384393 -6088.35543149383 50 3.35510975274516 -1.15618375677789e-259
159925 -3235900.70929082 10299403.1487311 -5888.97332299598 -6169.35891235057 50 3.41978142639743 -1.91611589431908e-253
159950 -3382796.71794458 10144145.0146143 -5862.38391345856 -6251.47547423013 50 3.48562978379223 -2.73116283851295e-247
159975 -3529003.38437036 9986820.29717412 -5833.81196946371 -6334.68122430073 50 3.55263125707509 -3.32390216558609e-241
160000 -3674470.08947069 9827402.11277856 -5803.17273484028 -6418.94768402125 50 3.62075638869444 -3.42813100576133e-235
160025 -3819144.07376406 9665864.35065971 -5770.37976893262 -6504.24144466079 50 3.68996931971578 -2.97301992516588e-229
160050 -3962970.39796941 9502181.80056094 -5735.3451686074 -6590.52381473913 50 3.7602272621971 -2.15070422700733e-223
160075 -4105891.9096247 9336330.2892732 -5697.97982949794 -6677.75046194429 50 3.83147995957282 -1.28708080672925e-217
160100 -4247849.21675974 9168286.82616077 -5658.19374961172 -6765.87105261966 50 3.90366913994667 -6.31774554225288e-212
160125 -4388780.66972043 8998029.75769252 -5615.89637833417 -6854.82889249622 50 3.97672796824252 -2.5213252077423e-206
160150 -4528622.35231563 8825538.93089527 -5570.99701369057 -6944.56057297151 50 4.0505805042997 -8.1073209052864e-201
160175 -4667308.08352615 8650795.86552969 -5523.40525046102 -7034.99562789846 50 4.12514117521281 -2.08100738825058e-195
160200 -4804769.43107595 8473783.93465716 -5473.03148136968 -7126.05620653539 50 4.20031427148885 -4.22358886197362e-190
160225 -4940935.73821496 8294488.55311524 -5419.7874530724 -7217.65676900895 25 4.27599347790034 -6.71224193749282e-185
160250 -5075734.16509883 8112897.3732526 -5363.5868780352 -7309.70381133905 25 4.35206145122025 -8.26999144486423e-180
160275 -5209089.74616831 7929000.48708892 -5304.34610261636 -7402.09562774729 25 4.42838945829114 -7.81953702710084e-175
160300 -5340925.46492796 7742790.63386483 -5241.98483072941 -7494.72211859337 25 4.50483708905675 -5.61569194152691e-170
160325 -5471162.34749442 7554263.41173088 -5176.42690136591 -7587.46465282804 25 4.58125206021108 -3.03115781443361e-165
160350 -5599719.57622636 7363417.4920971 -5107.60111699509 -7680.19599428396 25 4.65747012592741 -1.21666836367185e-160
160375 -5726514.62465617 7170254.83492739 -5035.44211843725 -7772.78030140929 25 4.73331511264573 -3.59268358027102e-156
160400 -5851463.41481385 6974780.90302143 -4959.89130024062 -7865.07321014547 25 4.80859909503703 -7.72031201905932e-152
160425 -5974480.49786367 6777004.87308535 -4880.89775889873 -7956.9220095182 25 4.88312272994489 -1.19420962588587e-147
160450 -6095479.2587602 6576939.84115768 -4798.41926445632 -8048.16591910954 25 4.95667576424444 -1.31524319932996e-143
160475 -6214372.14537113 6374603.01973579 -4712.42324420877 -8138.63647687044 25 5.02903773107774 -1.02015560546538e-139
160500 -6331070.92220878 6170015.92374932 -4622.88776535264 -8228.15804468396 25 5.09997884675599 -5.51237747492107e-136
160525 -6445486.94856094 5963204.54235844 -4529.80250165737 -8316.54843767291 25 5.16926111771302 -2.05277578953154e-132
160550 -6557531.4804177 5754199.49342684 -4433.16966757138 -8403.6196814472 25 5.23663966322489 -5.21257066234986e-129
160575 -6667115.99515729 5543036.15744072 -4333.00490173157 -8489.17889930271 25 5.30186425518359 -8.93158406063251e-126
160600 -6774152.53748839 5329754.78762626 -4229.33808069887 -8573.02932883063 25 5.36468107107142 -1.02218861260281e-122
160625 -6878554.08465653 5114400.59306668 -4122.21404298344 -8654.97146450683 25 5.42483465051278 -7.73647675488067e-120
160650 -6980234.92841899 4897023.79174515 -4011.69320313758 -8734.80431966067 25 5.48207003951586 -3.8352609855514e-117
160675 -7079111.07078936 4677679.63064651 -3897.85203596172 -8812.32679784683 25 5.53613509993737 -1.2339146284625e-114
160700 -7175100.63006366 4456428.37034377 -3780.78341175466 -8887.33916016238 25 5.58678295503678 -2.55390551893562e-112
160725 -7268124.25318124 4233335.2318751 -3660.59676509194 -8959.64457157984 25 5.63377453549839 -3.3725617297893e-110
160750 -7358105.53006231 4008470.30418251 -3537.41808185696 -9029.05070604032 25 5.67688118428487 -2.81963783189686e-108
160775 -7444971.40521731 3781908.41092847 -3411.38969217243 -9095.37138701304 25 5.7158872734589 -1.48185863370805e-106
160800 -7528652.58165765 3553728.93612255 -3282.66986044384 -9158.42823762529 25 5.7505927819788 -4.86386144242787e-105
160825 -7609083.9119682 3324015.6086644 -3151.43216785674 -9218.05231244582 25 5.78081578073111 -9.91279308498815e-104
160850 -7686204.77134227 3092856.246625 -3017.86468725467 -9274.08568169303 25 5.80639476995505 -1.24809287410259e-102
160875 -7759959.40743817 2860342.46282718 -2882.16895522168 -9326.38293814674 25 5.82719081492587 -9.66632224571941e-102
160900 -7830297.26210046 2626569.33402587 -2744.55875123218 -9374.81259744537 25 5.84308942840148 -4.58893764644139e-101
160925 -7897173.26029791 2391635.03670719 -2605.25869872245 -9419.25836378801 25 5.85400215290887 -1.33177055005233e-100
160950 -7960548.06206174 2155640.45319811 -2464.50270768181 -9459.62023532977 25 5.85986780236128 -2.35835096680139e-100
160975 -8020388.27375246 1918688.75238398 -2322.53228266112 -9495.81542670889 25 5.86065333055739 -2.54575326930435e-100
161000 -8076666.61562851 1680884.94984728 -2179.5947237659 -9527.77909008023 25 5.85635430352803 -1.67492368391638e-100
161025 -8129362.04341672 1442335.45265057 -2035.94125108164 -9555.46482061667 25 5.84699496308765 -6.72143412809279e-101
161050 -8178459.82237261 1203147.59427503 -1891.82508494429 -9578.84493750582 25 5.8326278798835 -1.64781105435355e-101
161075 -8223951.55314289 963429.165383777 -1747.49951543684 -9597.9105368188 25 5.8133332052447 -2.47394189266747e-102
161100 -8265835.14957843 723287.946101932 -1603.21599442896 -9612.67131805094 25 5.78921754174152 -2.28205482563867e-103
161125 -8304114.7694677 482831.245393791 -1459.22228239506 -9623.15519141848 25 5.76041246212502 -1.29862663781467e-104
161150 -8338800.69994257 242165.452877644 -1315.76068021104 -9629.40767794095 25 5.72707271483057 -4.58107811043384e-106
161175 -8369909.20002936 1395.60806149889 -1173.0663732465 -9631.49111876548 25 5.68937416117738 -1.00739771782985e-107
161200 -8397462.30345718 -239375.008476991 -1031.36591148049 -9629.48371394909 25 5.64751149455206 -1.3896740771471e-109
161225 -8421487.5853782 -480045.25798749 -890.875845242034 -9623.47841389814 25 5.60169579510245 -1.21092679785232e-111
161250 -8442017.89708909 -720516.497150417 -751.801531695558 -9613.5816888026 25 5.55215197476795 -6.71575986263009e-114
161275 -8459091.0731628 -960692.899667579 -614.336122543525 -9599.9122026712 25 5.49911616690989 -2.38983568116605e-116
161300 -8472749.61560371 -1200481.74379277 -478.659738784028 -9582.59941898866 25 5.44283311254392 -5.5040400263046e-119
161325 -8483040.35972876 -1439793.66442744 -344.938833906676 -9561.78216463008 25 5.3835535914445 -8.27903925688136e-122
161350 -8490014.12645936 -1678542.86905994 -213.325742777156 -9537.60717756413 25 5.32153194147072 -8.2107620796332e-125
161375 -8493725.36559285 -1916647.31744492 -83.9584097644967 -9510.22766216136 25 5.25702370365743 -5.42207846865614e-128
161400 -8494231.79442045 -2154028.86548825 43.0397135110533 -9479.80187371802 25 5.19028342424142 -2.40841426694617e-131
161425 -8491594.03578406 -2390613.37431134 167.559613035192 -9446.49175123704 25 5.12156263815031 -7.27096956019943e-135
161450 -8485875.25933259 -2626330.7859104 289.506514095951 -9410.46161470326 25 5.05110805184981 -1.50781746210049e-138
161475 -8477140.82936329 -2861115.16719555 408.799555471655 -9371.87694017143 25 4.9791599370617 -2.17103215386572e-142
161500 -8465457.96223101 -3094904.72449105 525.371352618268 -9330.90322306057 25 4.90595074092597 -2.19410272548398e-146
161525 -8450895.39588968 -3327641.7908021 639.167466702635 -9287.70493721267 25 4.83170391283382 -1.57347849858643e-150
161550 -8433523.0737103 -3559272.78830863 750.145796209217 -9242.44459460369 25 4.75663294350405 -8.0952085517948e-155
161575 -8413411.84430693 -3789748.16863796 858.275907339134 -9195.28190814924 25 4.68094060796978 -3.0206672013461e-159
161600 -8390633.17870637 -4019022.33350096 963.538318593268 -9146.37305786836 25 4.60481840100209 -8.26434787928851e-164
161625 -8365258.9058256 -4247053.53825927 1065.9237538576 -9095.87005878088 25 4.52844615110508 -1.67584465285253e-168
161650 -8337360.96687829 -4473803.78092956 1165.4323770577 -9043.92022732787 25 4.45199179753003 -2.54577418723067e-173
161675 -8307011.189022 -4699238.67903414 1262.07302008361 -8990.66574181801 25 4.3756113137123 -2.92785936415195e-178
161700 -8274281.07828278 -4923327.33658165 1355.86241426276 -8936.24329140409 25 4.29944876005764 -2.57596454197453e-183
161725 -8239241.63155503 -5146042.20331461 1446.82443422534 -8880.78380736335 25 4.22363644901272 -1.75156865322884e-188
161750 -8201963.16727086 -5367358.92819809 1534.98936160331 -8824.41226996749 50 4.14829520576261 -9.29749477612258e-194
161775 -8162515.17416413 -5587256.20895247 1620.39317466361 -8767.24758395571 50 4.07353470862461 -3.89062370106052e-199
161800 -8120966.17741787 -5805715.63925678 1703.07686872038 -8709.40251553627 50 3.99945389417391 -1.29584696957089e-204
161825 -8077383.62137697 -6022721.55507306 1783.08581101847 -8650.9836839092 50 3.92614141327328 -3.46765041299492e-210
161850 -8031833.7679293 -6238260.88136912 1860.46913274021 -8592.09160049588 50 3.8536761254235 -7.52359652282638e-216
161875 -7984381.60960372 -6452322.98034993 1935.27915986485 -8532.82074935353 50 3.78212762015042 -1.33529923008028e-221
161900 -7935090.79640054 -6664899.50214979 2007.57088380628 -8473.25970261853 50 3.71155675545484 -1.95541845781722e-227
161925 -7884023.57535574 -6875984.23878811 2077.40147206561 -8413.49126524126 50 3.64201620463737 -2.38255732059793e-233
161950 -7831240.74184163 -7085572.98205423 2144.82981855651 -8353.59264372669 50 3.57355100404443 -2.43507730378232e-239
161975 -7776801.60162166 -7293663.38586013 2209.91613278489 -8293.63563406381 50 3.50619909544412 -2.1040671676318e-245
162000 -7720763.94270214 -7500254.83348545 2272.72156668183 -8233.68682449932 50 3.43999185781769 -1.548760952622e-251
162025 -7663184.01605792 -7705348.31003665 2333.30787759058 -8173.80780927685 50 3.37495462433545 -9.78311443433731e-258
162050 -7604116.52434914 -7908946.28035036 2391.73712568511 -8114.055409913 50 3.31110718117103 -5.34094929310038e-264
162075 -7543614.61779163 -8111052.57249136 2448.07140393987 -8054.48190101005 50 3.24846424559483 -2.53735382343534e-270
162100 -7481729.89639175 -8311672.26692498 2502.37259866844 -7995.13523800813 50 3.187035921478 -1.05592070848723e-276
162125 -7418512.41780682 -8510811.59138408 2554.70217859461 -7936.05928465289 50 3.12682813093659 -3.87374866660207e-283
162150 -7354010.71014348 -8708477.82139923 2605.12101040489 -7877.29403829804 50 3.0678430213583 -1.26049596221645e-289
162175 -7288271.78905751 -8904679.18641776 2653.6891987492 -7818.87585147405 50 3.01007934748628 -3.65949857167934e-296
162200 -7221341.17856868 -9099424.78140162 2700.46594870016 -7760.8376484352 50 2.95353282859505 -9.53311137037938e-303
162225 -7153262.93505366 -9292724.48376513 2745.50944874555 -7703.20913564808 50 2.89819648108788 -2.24815163978653e-309
162250 -7084079.67392671 -9484588.87549055 2788.87677246788 -7646.01700540695 50 2.84406092708228 -0
162275 -7013832.59856313 -9675029.1702414 2830.62379715533 -7589.28513195644 50 2.79111467973599 -0
162300 -6942561.53106328 -9864057.14528043 2870.80513768643 -7533.03475967181 50 2.73934440620742 -0
162325 -6870304.9444948 -10051685.0779894 2909.47409413321 -7477.28468299384 50 2.68873516924833 -0
162350 -6797099.99628845 -10237925.6867824 2946.68261163213 -7422.051417941 50 2.63927064849753 -0
162375 -6722982.5624981 -10422792.0762007 2982.48125117647 -7367.34936512753 50 2.59093334258832 -0
162400 -6647987.27266728 -10606297.6859768 3016.91917008705 -7313.1909643057 50 2.54370475320369 -0
162425 -6572147.54507513 -10788456.2438575 3050.04411101798 -7259.58684052409 50 2.49756555221603 -0
162450 -6495495.62216143 -10969281.7219771 3081.90239845089 -7206.54594205415 50 2.45249573303571 -0
162475 -6418062.60595576 -11148788.2965784 3112.53894172276 -7154.07567028583 50 2.40847474726868 -0
162500 -6339878.49335838 -11326990.3108827 3141.99724371994 -7102.1820018312 50 2.36548162774983 -0
162525 -6260972.21114123 -11503902.240918 3170.31941445256 -7050.86960310417 50 2.32349509897844 -0
162550 -6181371.650556 -11679538.6641209 3197.54618880037 -7000.14193766584 50 2.28249367593669 -0
162575 -6101103.70145315 -11853914.2305342 3223.71694779235 -6950.00136664006 50 2.24245575222332 -0
162600 -6020194.28583078 -12027043.636432 3248.8697428483 -6900.44924251292 50 2.20335967838367 -0
162625 -5938668.39074579 -12198941.6002108 3273.04132247166 -6851.48599663495 50 2.1651838312657 -0
162650 -5856550.10053191 -12369622.8403914 3296.26716093854 -6803.11122074507 50 2.12790667517917 -0
162675 -5773862.62827978 -12539102.0555892 3318.58148857923 -6755.3237428335 50 2.0915068155845 -0
162700 -5690628.34654391 -12707393.9063123 3340.017323295 -6708.12169765559 50 2.0559630459871 -0
162725 -5606868.81724947 -12874512.9984592 3360.60650299543 -6661.50259220136 50 2.02125438866482 -0
162750 -5522604.82077974 -13040473.8683935 3380.37971867999 -6615.46336641727 50 1.9873601298093 -0
162775 -5437856.38423085 -13205290.9694797 3399.36654792238 -6570.00044946647 50 1.95425984961764 -0
162800 -5352642.80882668 -13368978.6599734 3417.59548854721 -6525.10981180312 50 1.92193344782837 -0
162825 -5266982.69649136 -13531551.1921632 3435.09399231719 -6480.78701332505 50 1.8903611651559 -0
162850 -5180893.9755811 -13693022.7026701 3451.88849847382 -6437.02724785692 50 1.85952360104022 -0
162875 -5094393.92578075 -13853407.203816 3468.00446699748 -6393.8253842041 50 1.82940172809316 -0
162900 -5007499.2021736 -14012718.5759776 3483.4664114728 -6351.1760040056 50 1.79997690359007 -0
162925 -4920225.85849546 -14170970.5608492 3498.29793146328 -6309.07343660188 50 1.77123087832498 -0
162975 -4744604.65299918 -14484350.6074284 3526.15971635967 -6226.48498596004 50 1.7157042332553 -0
163025 -4567647.54590578 -14793654.2979929 3551.76152992521 -6146.01077710045 50 1.66268386674013 -0
163075 -4389463.50875602 -15098986.0650975 3575.26242100076 -6067.59931797374 50 1.61203836902297 -0
163125 -4210153.85798189 -15400447.7256182 3596.80969324388 -5991.19758013938 50 1.56364281420553 -0
163175 -4029812.82037704 -15698138.4190185 3616.53976797604 -5916.75158449404 50 1.51737865709244 -0
163225 -3848528.05673596 -15992154.5723781 3634.57899451071 -5844.20688856671 50 1.47313357711748 -0
163275 -3666381.1462893 -16282589.887624 3651.04440809029 -5773.50898957635 50 1.43080128367176 -0
163325 -3483448.03453196 -16569535.3470707 3666.04443646595 -5704.60365557494 50 1.39028129433495 -0
163375 -3299799.44697236 -16853079.2339437 3679.67955679699 -5637.43719534099 50 1.35147869518207 -0
163425 -3115501.27123528 -17133307.1650616 3692.04290498463 -5571.95667622954 50 1.314303890424 -0
163475 -2930614.90983774 -17410302.1332774 3703.22083983597 -5508.11009790736 50 1.2786723470725 -0
163525 -2745197.60583283 -17684144.557647 3713.29346461324 -5445.84652878796 50 1.24450433904297 -0
163575 -2559302.74338684 -17954912.3396114 3722.335108593 -5385.11621101297 50 1.21172469407132 -0
163625 -2372980.12522343 -18222680.9237474 3730.41477126078 -5325.87063898739 50 1.18026254598353 -0
163675 -2186276.22873828 -18487523.361874 3737.59653171963 -5268.06261575102 50 1.15005109418251 -0
163725 -1999234.44246079 -18749510.3795012 3743.93992580824 -5211.64629084296 50 1.12102737167828 -0
163775 -1811895.28441709 -19008710.443775 3749.50029331845 -5156.57718277705 50 1.09313202255867 -0
163825 -1624296.60383219 -19265189.8322181 3754.32909758069 -5102.81218878328 50 1.06630908945968 -0
163875 -1436473.76749878 -19519012.7016861 3758.47421955625 -5050.30958407247 50 1.04050581132914 -0
163925 -1248459.83203673 -19770241.1570667 3761.98022844136 -4999.02901254043 50 1.01567243157237 -0
163975 -1060285.70317029 -20018935.3193341 3764.8886306544 -4948.93147053581 50 0.991762016510453 -0
164025 -871980.283059911 -20265153.3926469 3767.23809894609 -4899.97928506575 50 0.968730283963609 -0
164075 -683570.606641522 -20508951.7302428 3769.06468324514 -4852.13608759977 50 0.946535441683962 -0
164125 -495081.967848932 -20750384.8989333 3770.40200473032 -4805.36678444975 50 0.925138035299608 -0
164175 -306538.036523024 -20989505.7420498 3771.28143450407 -4759.63752454773 50 0.904500805388416 -0
164225 -117960.966745655 -21226365.4407278 3771.73225813433 -4714.91566531074 50 0.884588553272549 -0
164275 70628.5027247264 -21461013.5734489 3771.78182722922 -4671.1697371682 50 0.86536801510919 -0
164325 259210.955294476 -21693498.1737858 3771.45569911424 -4628.3694072312 50 0.846807743846978 -0
164375 447768.210083209 -21923865.786318 3770.7777655936 -4586.48544250086 50 0.82887799861892 -0
164425 636283.241656326 -22152161.5207026 3769.77037169562 -4545.48967294345 50 0.811550641149251 -0
164475 824740.105461752 -22378429.1039024 3768.45442522686 -4505.35495470036 50 0.794799038762525 -0
164525 1013123.86853046 -22602710.9305815 3766.84949789028 -4466.05513365159 50 0.778597973596905 -0
164575 1201420.54503653 -22825048.1116919 3764.97391865881 -4427.56500950817 50 0.762923557639392 -0
164625 1389617.0363456 -23045480.5212814 3762.84486003754 -4389.86030057391 50 0.747753153217796 -0
164675 1577701.07521082 -23264046.8415584 3760.47841779357 -4352.91760928592 50 0.733065298602058 -0
164725 1765661.17380304 -23480784.6062541 3757.88968468381 -4316.71438861848 50 0.71883963838574 -0
164775 1953486.57528769 -23695730.2423298 3755.09281866586 -4281.22890941306 100 0.705056858336657 -0
164825 2141167.20868346 -23908919.1100728 3752.10110603592 -4246.44022867976 100 0.691698624423545 -0
164875 2328693.64675972 -24120385.5416336 3748.92701990029 -4212.32815890029 100 0.678747525743177 -0
164925 2516057.06674855 -24330162.8780529 3745.58227435241 -4178.87323835043 100 0.66618702108926 -0
164975 2703249.21366553 -24538283.5048315 3742.07787469623 -4146.05670244949 100 0.654001388920699 -0
165025 2890262.36604935 -24744778.8860916 3738.42416402792 -4113.86045613609 100 0.6421756805024 -0
165075 3077089.30394548 -24949679.5973844 3734.63086646184 -4082.2670472626 100 0.6306956760065 -0
165125 3263723.27897279 -25153015.3571907 3730.70712726281 -4051.25964099496 100 0.619547843376005 -0
165175 3450157.98632442 -25354815.0571679 3726.66155012483 -4020.82199520043 100 0.608719299765948 -0
165225 3636387.53856594 -25555106.7911898 3722.50223181657 -3990.938436802 100 0.59819777538972 -0
165275 3822406.44110418 -25753917.8832275 3718.23679439583 -3961.59383907566 100 0.587971579609853 -0
165325 4008209.56920986 -25951274.9141194 3713.87241517834 -3932.77359986475 100 0.578029569123553 -0
165375 4193792.14648619 -26147203.7472728 3709.41585463131 -3904.4636206838 100 0.568361118103533 -0
165425 4379149.72468344 -26341729.5533433 3704.87348234817 -3876.65028668371 100 0.558956090164281 -0
165475 4564278.16476742 -26534876.8339336 3700.25130124838 -3849.320447449 100 0.549804812032887 -0
165525 4749173.61915623 -26726669.4443511 3695.55497013429 -3822.46139859786 100 0.540898048811876 -0
165575 4933832.51504645 -26917130.6154662 3690.78982472699 -3796.06086415563 100 0.532226980729316 -0
165625 5118251.53875533 -27106282.9747078 3685.96089729269 -3770.10697967228 100 0.523783181278678 -0
165675 5302427.62101134 -27294148.566232 3681.07293496293 -3744.58827605513 100 0.515558596657718 -0
165725 5486357.92313002 -27480748.8703 3676.13041684345 -3719.49366408824 100 0.507545526421887 -0
165775 5670039.82401676 -27666104.8218995 3671.13756999906 -3694.81241961057 100 0.499736605273633 -0
165825 5853470.90794257 -27850236.8286393 3666.09838439534 -3670.5341693259 100 0.49212478591437 -0
165875 6036648.95304224 -28033164.7879508 3661.01662687138 -3646.64887721777 100 0.484703322890924 -0
165975 6402237.94431594 -28395485.7016521 3650.73942539039 -3600.01863236739 100 0.470405902803955 -0
166075 6766792.50428094 -28753217.1516615 3640.33211403074 -3554.84766201001 100 0.456795861194248 -0
166175 7130300.81069975 -29106501.5582363 3629.8180258304 -3511.06656280708 100 0.44382865549725 -0
166275 7492753.24705429 -29455474.6178891 3619.21799093774 -3468.61020855708 100 0.431463308833542 -0
166375 7854142.16629651 -29800265.7151664 3608.55061156931 -3427.4174360079 100 0.419662074969719 -0
166475 8214461.68042275 -30140998.3043248 3597.83250428584 -3387.43075660072 100 0.408390138981287 -0
166575 8573707.47282019 -30477790.2633815 3587.07851380749 -3348.596091875 100 0.397615349412307 -0
166675 8931876.63072523 -30810754.2228027 3576.30190200035 -3310.86253045703 100 0.387307978262638 -0
166775 9288967.49547156 -31139997.8708887 3565.51451516594 -3274.18210473618 100 0.37744050559712 -0
166875 9644979.5284965 -31465624.23774 3554.72693233834 -3238.5095855004 100 0.367987425972281 -0
166975 9999913.19132643 -31787731.9595168 3543.94859692926 -3203.80229295793 100 0.358925074223771 -0
167075 10353769.8379798 -32106415.5245618 3533.18793374965 -3170.01992271422 100 0.350231468459269 -0
167175 10706551.6184153 -32421765.5028123 3522.45245316907 -3137.12438540356 100 0.341886168363508 -0
167275 11058261.3918182 -32733868.7598091 3511.74884394476 -3105.07965879371 100 0.333870147149766 -0
167375 11408902.6486585 -33042808.6564942 3501.08305605514 -3073.85165128978 100 0.326165675690468 -0
167475 11758479.4405827 -33348665.2358882 3490.46037470205 -3043.40807586237 100 0.318756217532373 -0
167575 12106996.3173064 -33651515.3976436 3479.88548649994 -3013.71833351366 100 0.31162633365274 -0
167675 12454458.2697738 -33951433.0613889 3469.36253874274 -2984.75340547665 100 0.304761595944744 -0
167775 12800870.6789293 -34248489.3196973 3458.89519252972 -2956.48575341531 100 0.298148508535886 -0
167875 13146239.2695252 -34542752.5814487 3448.48667043617 -2928.88922696068 100 0.29177443614435 -0
167975 13490570.0684479 -34834288.7062853 3438.139799332 -2901.93897797709 100 0.285627538767025 -0
168075 13833869.3671063 -35123161.1308085 3427.85704887935 -2875.61138100784 100 0.279696712071053 -0
168175 14176143.6874735 -35409430.9871073 3417.64056617748 -2849.88395939852 100 0.273971532929381 -0
168275 14517399.7514181 -35693157.2141641 3407.49220696844 -2824.73531664084 100 0.268442209601372 -0
168375 14857644.452999 -35974396.6626384 3397.41356376918 -2800.14507252005 100 0.263099536112945 -0
168475 15196884.8334338 -36253204.1934888 3387.40599125366 -2776.09380368604 100 0.257934850437902 -0
168575 15535128.0584801 -36529632.7708602 3377.47062917211 -2752.56298830063 100 0.252939996123843 -0
168675 15872381.3979956 -36803733.5496242 3367.60842306192 -2729.53495444431 100 0.248107287043077 -0
168775 16208652.2074694 -37075555.9579377 3357.82014297656 -2706.99283199243 100 0.243429474981728 -0
168875 16543947.9113346 -37345147.7751506 3348.10640043391 -2684.92050769572 100 0.238899719809378 -0
168975 16878275.9878952 -37612555.2053716 3338.46766376329 -2663.30258322255 100 0.234511561997464 -0
169075 17211643.9557138 -37877822.946977 3328.90427201117 -2642.1243359405 100 0.230258897277762 -0
169175 17544059.3613236 -38140994.2583266 3319.41644754838 -2621.37168223354 100 0.226135953252777 -0
169275 17875529.7681424 -38402111.0199294 3310.0043075063 -2601.0311431678 200 0.222137267788255 -0
169375 18206062.7464756 -38661213.7932864 3300.66787415632 -2581.08981233444 200 0.218257669034395 -0
169475 18535665.8645094 -38918341.8766205 3291.40708433475 -2561.53532571176 200 0.214492256936992 -0
169575 18864346.6802018 -39173533.3576864 3282.2217980048 -2542.3558334019 200 0.210836386112883 -0
169675 19192112.7339907 -39426825.1638436 3273.11180603797 -2523.53997310855 200 0.207285649975822 -0
169775 19518971.5422443 -39678253.1095574 3264.07683728854 -2505.07684523302 200 0.203835866009471 -0
169875 19844930.5913859 -39927851.9414877 3255.11656502786 -2486.9559894757 200 0.20048306209369 -0
169975 20169997.3326329 -40175655.381307 3246.23061279784 -2469.16736283842 200 0.197223463798814 -0
170075 20494179.1772943 -40421696.1663856 3237.41855973777 -2451.70131893183 200 0.194053482570334 -0
170175 20817483.4925772 -40666006.0884691 3228.67994543284 -2434.54858849877 200 0.190969704733256 -0
170275 21139917.5978547 -40908616.0304652 3220.01427432817 -2417.70026107172 200 0.187968881251733 -0
170375 21461488.7613567 -41149556.0014497 3211.42101974784 -2401.14776768863 200 0.185047918185129 -0
170475 21782204.1972433 -41388855.1699947 3202.8996275547 -2384.88286459669 200 0.182203867786837 -0
170575 22102071.0630278 -41626541.8959134 3194.44951948323 -2368.89761787948 200 0.179433920196736 -0
170675 22421096.4573183 -41862643.7605109 3186.0700961747 -2353.18438894709 200 0.176735395682384 -0
170775 22739287.4178487 -42097187.5954256 3177.76073994103 -2337.73582083361 200 0.174105737387813 -0
170875 23056650.9197732 -42330199.510138 3169.52081728153 -2322.54482525034 200 0.171542504552232 -0
170975 23373193.874202 -42561704.9182208 3161.34968117411 -2307.60457034653 200 0.169043366164065 -0
171075 23688923.1269544 -42791728.5623986 3153.24667316084 -2292.90846913346 200 0.166606095018585 -0
171175 24003845.4575121 -43020294.5384812 3145.21112524573 -2278.45016853011 200 0.164228562150002 -0
171275 24317967.5781528 -43247426.3182312 3137.2423616211 -2264.22353899218 200 0.16190873161118 -0
171375 24631296.133249 -43473146.7712224 3129.33970023737 -2250.22266468855 200 0.15964465557633 -0
171475 24943837.698716 -43697478.1857409 3121.50245422975 -2236.44183419188 200 0.157434469743968 -0
171675 25566585.8197584 -44142060.2651173 3106.02144446195 -2209.51842841642 200 0.153168703456406 -0
171875 26186263.1666736 -44581339.9756403 3090.79378743123 -2183.41139407374 200 0.149098031109047 -0
172075 26802919.8548072 -45015476.6299805 3075.81393256803 -2158.08155407258 200 0.145210136649241 -0
172275 27416604.8910985 -45444621.9615963 3061.07635040761 -2133.4922579385 200 0.141493684407181 -0
172475 28027366.1805619 -45868920.6094858 3046.57555443708 -2109.60917949337 200 0.137938225683417 -0
172675 28635250.5367106 -46288510.5644319 3032.3061188016 -2086.40013372355 200 0.134534115635002 -0
172875 29240303.6951646 -46703523.5803628 3018.26269253842 -2063.83491074813 200 0.131272439177435 -0
