0 314159000 0 -1178.72860140184 224.941957485199 100 0.00403837820768556 -0
100 314041106.942916 22494.1952663266 -1179.13259081623 224.941943016684 200 0.00404141082253206 -0
300 313805199.556043 67482.5742116624 -1179.94148052567 224.941827072757 400 0.00404748931277386 -0
700 313332898.839572 157459.204286739 -1181.56291582176 224.941245321129 800 0.00405969959550141 -0
1500 312386346.783238 337411.295898825 -1184.82050953722 224.938667523841 1600 0.00408433547183147 -0
3100 310485384.753242 697305.456540911 -1191.39539902791 224.927733601552 1600 0.00413448563466421 -0
4700 308573838.210984 1057175.80779778 -1198.05146954694 224.908857451612 1600 0.00418584072276496 -0
6300 306651575.714755 1417009.4066325 -1204.79067226859 224.881742561504 1600 0.00423844280291269 -0
7900 304718462.646901 1776792.82497668 -1211.61502645986 224.846079035709 1600 0.00429233587917435 -0
9500 302774361.102391 2136512.12773565 -1218.52662261365 224.801542860468 1600 0.00434756600407074 -0
11100 300819129.772225 2496152.8495792 -1225.52762576146 224.747795120284 1600 0.00440418139740567 -0
12700 298852623.821402 2855699.97043756 -1232.62027897806 224.684481162469 1600 0.00446223257337699 -0
14300 296874694.761107 3215137.88961656 -1239.8069070915 224.611229705693 1600 0.00452177247664576 -0
15900 294885190.314791 3574450.39843862 -1247.08992061285 224.527651888147 1600 0.00458285662810271 -0
17500 292883954.277782 3933620.65130946 -1254.47181990135 224.433340250519 1600 0.00464554328114183 -0
19100 290870826.370028 4292631.13510184 -1261.95519958195 224.327867648562 1600 0.00470989358932833 -0
20700 288845642.081557 4651463.63673942 -1269.54275323349 224.21078608953 1600 0.00477597178643436 -0
22300 286808232.510208 5010099.20885383 -1277.23727836765 224.081625486245 1600 0.00484384537991185 -0
23900 284758424.19115 5368518.13337779 -1285.04168172018 223.93989232194 1600 0.0049135853589775 -0
25500 282696038.917669 5726699.88292577 -1292.95898487799 223.785068218407 1600 0.0049852664186039 -0
27100 280620893.552661 6084623.07980078 -1300.99233026784 223.616608399208 1600 0.00505896720084193 -0
28700 278532799.830245 6442265.45245246 -1309.14498753443 223.433940038937 1600 0.00513477055504691 -0
30300 276431564.14683 6799603.78919627 -1317.42036033843 223.23646048862 1600 0.00521276381874497 -0
31900 274316987.340953 7156613.88898699 -1325.82199360768 223.023535366313 1600 0.00529303912105954 -0
33500 272188864.461128 7513270.50902148 -1334.35358127795 222.794496500904 1600 0.00537569371082391 -0
35100 270046984.520886 7869547.30892521 -1343.01897456291 222.548639715832 1600 0.00546083031173569 -0
36700 267891130.240142 8225416.79125511 -1351.82219079704 222.285222438082 1600 0.0055485575071685 -0
38300 265721077.771912 8580850.23802632 -1360.76742289903 222.003461116273 1600 0.00563899015754723 -0
39900 263536596.413365 8935817.64294332 -1369.8590495083 221.702528429891 1600 0.00573224985352108 -0
41500 261337448.300076 9290287.63898558 -1379.10164585214 221.381550269812 1600 0.00582846540853905 -0
43100 259123388.082268 9644227.42096471 -1388.49999540689 221.039602468055 1600 0.00592777339485025 -0
44700 256894162.581714 9997602.66263219 -1398.05910242314 220.675707252232 1600 0.00603031872742493 -0
46300 254649510.427856 10350377.4278762 -1407.784205392 220.288829397436 1600 0.00613625530082853 -0
47900 252389161.671566 10702514.0754992 -1417.68079153757 219.877872045125 1600 0.00624574668469016 -0
49500 250112837.374843 11053973.157017 -1427.75461242997 219.441672155069 1600 0.00635896688409997 -0
51100 247820249.174558 11404713.3068627 -1438.01170082325 218.978995552396 1600 0.00647610117205977 -0
52700 245511098.818204 11754691.1243131 -1448.45838883415 218.488531527233 1600 0.00659734700201251 -0
53500 244350216.802402 11929380.0080894 -1453.75489814215 218.232447267095 1600 0.00665957702454295 -0
54300 243185077.669339 12103861.0463744 -1459.10132758941 217.968886939451 1600 0.00672291500951182 -0
55100 242015641.130502 12278128.1834741 -1464.49856189999 217.697662464968 1600 0.00678738952667128 -0
55900 240841866.180571 12452175.2108502 -1469.94750848929 217.418579774131 1600 0.00685303011325365 -0
56700 239663711.078966 12625995.7622347 -1475.4490982281 217.131438571547 1600 0.00691986731464425 -0
57500 238481133.330761 12799583.3085508 -1481.00428623855 216.836032089131 1600 0.00698793272710124 -0
58300 237294089.66696 12972931.1526327 -1486.61405272354 216.53214682754 1600 0.00705725904264285 -0
59100 236102536.024081 13146032.4237325 -1492.27940383146 216.219562285214 1600 0.00712788009623009 -0
59900 234906427.52305 13318880.0718059 -1498.00137255788 215.898050674313 1600 0.00719983091538225 -0
60700 233705718.447343 13491466.8615652 -1503.78101968612 215.567376622826 1600 0.00727314777237135 -0
61500 232500362.220369 13663785.3662875 -1509.61943476877 215.227296862042 1600 0.00734786823915223 -0
62300 231290311.382046 13835827.9613677 -1515.51773715223 214.877559898562 1600 0.0074240312451956 -0
63100 230075517.564546 14007586.8176018 -1521.47707704658 214.517905669929 1600 0.00750167713840304 -0
63900 228855931.467152 14179053.8941881 -1527.49863664309 214.148065182944 1600 0.00758084774929599 -0
64700 227631502.830218 14350220.9314322 -1533.58363128207 213.767760133625 1600 0.00766158645868391 -0
65500 226402180.408157 14521079.4431396 -1539.73331067357 213.376702507731 1600 0.00774393826903201 -0
66300 225167911.941447 14691620.7086811 -1545.94896017401 212.974594160674 1600 0.0078279498797647 -0
67100 223928644.127575 14861835.7647129 -1552.23190212161 212.561126375578 1600 0.00791366976675822 -0
67900 222684322.590903 15031715.3965348 -1558.58349723403 212.135979398149 1600 0.00800114826629462 -0
68700 221434891.851383 15201250.1290656 -1565.00514607158 211.698821946929 1600 0.00809043766376971 -0
69500 220180295.29207 15370430.2174173 -1571.49829056974 211.2493106974 1600 0.00818159228746919 -0
70300 218920475.12539 15539245.6370444 -1578.06441564486 210.787089738306 1600 0.00827466860775144 -0
71100 217655372.358084 15707686.073448 -1584.70505087739 210.311789998428 1600 0.00836972534200105 -0
71900 216384926.75478 15875740.9114075 -1591.42177227689 209.823028641937 1600 0.00846682356574543 -0
72700 215109076.800109 16043399.2237165 -1598.21620413373 209.320408430294 1600 0.00856602683035733 -0
73500 213827759.659314 16210649.7593932 -1605.09002096262 208.80351704852 1600 0.0086674012877995 -0
74300 212540911.137262 16377480.9313373 -1612.04494954328 208.271926393507 1600 0.00877101582290379 -0
75100 211248465.635775 16543880.8034015 -1619.08277106421 207.72519182186 1600 0.00887694219371666 -0
75900 209950356.109218 16709837.0768442 -1626.20532337569 207.162851354546 1600 0.00898525518048589 -0
76700 208646514.018221 16875337.0761272 -1633.41450335882 206.584424835458 1600 0.00909603274391066 -0
77500 207336869.281472 17040367.7340215 -1640.71226941755 205.989413040746 1600 0.00920935619332806 -0
78300 206021350.22546 17204915.5759793 -1648.10064410167 205.377296735516 800 0.00932531036556565 -0
79100 204699883.532055 17368966.7037293 -1655.58171686865 204.747535674267 800 0.00944398381525094 -0
79900 203372394.183836 17532506.7780484 -1663.15764699343 204.09956754109 800 0.00956546901743591 -0
80700 202038805.407019 17695521.00066 -1670.83066663555 203.432806825379 800 0.00968986258346855 -0
81500 200699038.611863 17857994.0952057 -1678.60308407378 202.746643628435 800 0.00981726549112453 -0
82300 199353013.330427 18019910.2872332 -1686.47728711934 202.040442395952 800 0.00994778333010051 -0
83100 198000647.151513 18181253.283138 -1694.45574671946 201.313540570984 800 0.0100815265640689 -0
83900 196641855.65265 18342006.2479947 -1702.54102076396 200.565247161515 800 0.0102186108106011 -0
84700 195276552.328942 18502151.7822054 -1710.73575810872 199.794841216255 800 0.0103591571403847 -0
85500 193904648.518614 18661671.8968898 -1719.04270283079 199.001570201745 800 0.0105032923972909 -0
86300 192526053.325047 18820547.9879353 -1727.4646987311 198.184648273241 800 0.0106511495409925 -0
87100 191140673.535113 18978760.8086186 -1736.00469410208 197.343254431196 800 0.0108028680139919 -0
87900 189748413.533578 19136290.4407035 -1744.66574677906 196.476530554413 800 0.0109585941350947 -0
88700 188349175.213351 19293116.2639128 -1753.4510294954 195.583579300159 800 0.0111184815215603 -0
89500 186942857.881308 19449216.9236638 -1762.36383556366 194.663461860627 800 0.0112826915423756 -0
90300 185529358.15945 19604570.2969473 -1771.40758490626 193.715195564166 800 0.0114513938053398 -0
91100 184108569.881071 19759153.4562215 -1780.58583046179 192.737751308624 800 0.0116247666809123 -0
91900 182680383.981652 19912942.6311811 -1789.90226499486 191.730050812935 800 0.0118029978660756 -0
92700 181244688.384134 20065913.1682494 -1799.36072834006 190.690963671784 800 0.0119862849917924 -0
93500 179801367.878207 20218039.4876302 -1808.96521511334 189.619304196705 800 0.012174836278006 -0
94300 178350303.993234 20369295.0377413 -1818.71988292697 188.513828025334 800 0.0123688712405437 -0
95100 176891374.864392 20519652.2468355 -1828.62906114764 187.373228478746 800 0.012568621454744 -0
95900 175424455.091567 20669082.4716002 -1838.69726024085 186.196132644787 800 0.0127743313811417 -0
96700 173949415.590528 20817555.9425051 -1848.92918174869 184.98109716306 800 0.0129862592591223 -0
97500 172466123.435851 20965041.7056502 -1859.3297289528 183.726603684738 800 0.013204678075107 -0
98300 170974441.695016 21111507.5608422 -1869.90401827884 182.431053977576 800 0.0134298766125556 -0
99100 169474229.253062 21256919.9956012 -1880.65739150466 181.092764643372 800 0.0136621605918974 -0
99900 167965340.627137 21401244.1147753 -1891.59542884019 179.709961411607 800 0.0139018539094226 -0
100700 166447625.770205 21544443.565407 -1902.72396295393 178.280772969101 800 0.0141492999852149 -0
101500 164920929.86313 21686480.4564626 -1914.04909402852 176.803224281066 800 0.0144048632313851 -0
102300 163385093.09427 21827315.2729994 -1925.5772059361 175.275229354005 800 0.014668930653207 -0
103100 161839950.425657 21966906.7843013 -1937.31498363383 173.694583385272 800 0.0149419135972764 -0
103900 160285331.344726 22105211.9454686 -1949.2694318902 172.058954237821 800 0.0152242496625429 -0
104700 158721059.600498 22242185.791895 -1961.44789546482 170.365873171485 800 0.0155164047920333 -0
105500 157146952.922989 22377781.3260069 -1973.85808087749 168.612724754066 800 0.0158188755653327 -0
106300 155562822.724521 22511949.3955753 -1986.50807991715 166.796735866286 800 0.0161321917144582 -0
107100 153968473.781471 22644638.5628374 -1999.40639505843 164.914963704238 800 0.0164569188887032 -0
107900 152363703.894868 22775794.9635836 -2012.56196697207 162.964282671039 800 0.0167936616974082 -0
108700 150748303.52807 22905362.1552729 -2025.98420433717 160.941370035844 800 0.017143067063499 -0
109500 149122055.419592 23033280.9531381 -2039.6830161874 158.842690222813 800 0.0175058279251118 -0
110300 147484734.168972 23159489.2531224 -2053.66884705073 156.664477574854 800 0.017882687327797 -0
111100 145836105.793293 23283921.840359 -2067.95271517366 154.40271741654 800 0.0182744429557822 -0
111500 145007475.850809 23345450.9607361 -2075.21002345519 153.239179258956 800 0.018476172296524 -0
111900 144175927.251734 23406510.1817344 -2082.54625415457 152.053125217731 800 0.0186819521577419 -0
112300 143341428.116991 23467090.3813492 -2089.96296507022 150.843973794995 800 0.0188918999464458 -0
112700 142503945.93557 23527182.2010315 -2097.46175836251 149.6111236284 800 0.019106137530507 -0
113100 141663447.546444 23586776.0375732 -2105.04428220917 148.353952638772 800 0.019324791448901 -0
113500 140819899.11983 23645862.0346424 -2112.71223253725 147.071817133538 800 0.0195479931338106 -0
113900 139973266.137719 23704430.0739511 -2120.46735483601 145.764050863194 800 0.0197758791453684 -0
114300 139123513.373681 23762469.7660354 -2128.31144605508 144.429964027937 800 0.0200085914198786 -0
114700 138270604.871884 23819970.4406281 -2136.24635659286 143.068842231363 800 0.0202462775324221 -0
115100 137414503.925302 23876921.136601 -2144.27399238012 141.679945377895 800 0.0204890909748171 -0
115500 136555173.053066 23933310.5914554 -2152.39631706449 140.262506510387 800 0.0207371914499837 -0
115900 135692573.976927 23989127.2303342 -2160.61535430141 138.815730584083 800 0.0209907451838431 -0
116300 134826667.59677 24044359.1545303 -2168.93319015796 137.338793172815 800 0.0212499252559701 -0
116700 133957413.965157 24098994.1294635 -2177.35197563615 135.830839103041 800 0.0215149119503164 -0
117100 133084772.26082 24153019.5720955 -2185.87392932273 134.290981010968 800 0.0217858931274265 -0
117500 132208700.761077 24206422.5377517 -2194.50134017327 132.718297817667 800 0.0220630646196858 -0
117900 131329156.813106 24259189.7063159 -2203.2365704384 131.111833116678 800 0.0223466306512632 -0
118300 130446096.804016 24311307.3677609 -2212.08205874118 129.470593468196 800 0.0226368042845524 -0
118700 129559476.129654 24362761.4069778 -2221.04032331477 127.793546593445 800 0.0229338078950649 -0
119100 128669249.162088 24413537.2878615 -2230.1139654104 126.079619462367 800 0.0232378736768906 -0
119500 127775369.215685 24463620.0366089 -2239.30567288646 124.327696267183 800 0.0235492441810288 -0
119900 126877788.511723 24512994.2241821 -2248.61822399019 122.536616273802 800 0.0238681728890829 -0
120300 125976458.14144 24561643.9478871 -2258.05449134431 120.705171542393 800 0.0241949248250373 -0
120700 125071328.027455 24609552.8120115 -2267.61744615194 118.832104507713 800 0.0245297772080674 -0
121100 124162346.883451 24656703.9074663 -2277.31016263415 116.916105409028 800 0.0248730201496021 -0
121500 123249462.172046 24703079.7903665 -2287.13582271543 114.955809558581 800 0.0252249573981426 -0
121900 122332620.060724 24748662.4594856 -2297.09772097388 112.949794436652 800 0.0255859071356649 -0
122300 121411765.375741 24793433.3325108 -2307.19926987384 110.896576600208 800 0.0259562028297799 -0
122700 120486841.553874 24837373.2210221 -2317.44400530038 108.794608391031 400 0.0263361941462174 -0
123100 119557790.591891 24880462.3041127 -2327.83559241647 106.64227442797 400 0.0267262479266261 -0
123500 118624552.993608 24922680.1005591 -2338.37783186542 104.437887866593 400 0.0271267492371582 -0
123900 117687067.714404 24964005.4394466 -2349.07466634295 102.179686408046 400 0.0275381024938311 -0
124300 116745272.103011 25004416.4291447 -2359.93018756528 99.8658280372401 400 0.0279607326712423 -0
124700 115799101.840448 25043890.4245195 -2370.94864366185 97.4943864687018 400 0.0283950866018593 -0
125100 114848490.875897 25082403.9922629 -2382.13444702379 95.0633462763835 400 0.0288416343738272 -0
125500 113893371.359352 25119932.8742053 -2393.49218264158 92.5705976815351 400 0.029300870836032 -0
125900 112933673.570822 25156451.9484713 -2405.0266169688 90.0139309702591 400 0.0297733172200537 -0
126300 111969325.845881 25191935.1883226 -2416.74270735144 87.3910305096573 400 0.030259522889633 -0
126700 111000254.497324 25226355.6185217 -2428.64561206626 84.6994683284501 400 0.0307600672293856 -0
127100 110026383.732676 25259685.2690346 -2440.74070101535 81.9366972245929 400 0.0312755616857419 -0
127500 109047635.567291 25291895.1258748 -2453.03356712824 79.1000433586774 400 0.0318066519744751 -0
127900 108063929.732728 25322955.0788746 -2465.53003852782 76.1866982877489 400 0.0323540204707426 -0
128300 107075183.580112 25352833.8661501 -2478.23619152143 73.1937103895301 400 0.0329183887993133 -0
128700 106081311.978106 25381499.0150041 -2491.15836448422 70.1179756218644 400 0.0335005206446222 -0
129100 105082227.205152 25408916.7789904 -2504.30317270843 66.9562275564025 400 0.0341012248025082 -0
129500 104077838.835563 25435052.0708347 -2517.67752429907 63.7050266190698 400 0.0347213584979923 -0
129900 103068053.619027 25459868.3908816 -2531.28863720469 60.3607484625844 400 0.0353618309962759 -0
130300 102052775.353062 25483327.7507024 -2545.14405748043 56.9195713881303 400 0.0360236075373333 -0
130700 101031904.747899 25505390.5914669 -2559.25167889033 53.3774627241069 400 0.0367077136280932 -0
131100 100005339.283237 25526015.6966408 -2573.61976396701 49.7301640595344 400 0.0374152397303163 -0
131500 98972973.0562637 25545160.0985288 -2588.25696665864 45.9731752180214 400 0.0381473463869465 -0
131900 97934696.6202693 25562778.9781345 -2603.17235670694 42.1017368450136 400 0.0389052698350418 -0
132300 96890396.8131452 25578825.557754 -2618.37544591513 38.1108114661084 400 0.0396903281594658 -0
132700 95839956.5749633 25593250.9856617 -2633.87621648188 33.9950628572913 400 0.0405039280484708 -0
133100 94783254.7537775 25606004.2121758 -2649.68515159638 29.7488335487075 400 0.0413475722202645 -0
133500 93720165.8986994 25617031.8563208 -2665.81326851141 25.3661202616915 400 0.042222867598789 -0
133900 92650560.0392096 25626278.0622125 -2682.27215433556 20.8405470538061 400 0.0431315343274567 -0
134300 91574302.4495639 25633684.3442025 -2699.07400481332 16.1653359181154 400 0.0440754157216983 -0
134700 90491253.3970396 25639189.419705 -2716.23166639281 11.333274550255 400 0.0450564892751818 -0
135100 89401267.8726434 25642729.028511 -2733.75868191624 6.33668095938965 400 0.0460768788507615 -0
135500 88304195.302756 25644235.7372558 -2751.66934030821 1.16736455606897 400 0.0471388682060249 -0
135900 87199879.2400322 25643638.7275474 -2769.97873068248 -4.1834166996512 400 0.0482449160251786 -0
136300 86088157.0316977 25640863.5660893 -2788.70280133978 -9.725003563786 400 0.0493976726545213 -0
136700 84968859.4631799 25635831.954925 -2807.85842418849 -15.4673877280286 400 0.0505999987685724 -0
137100 83841810.3747886 25628461.4597025 -2827.46346518778 -21.421269610736 400 0.051854986228873 -0
137300 83275321.9607132 25623872.1664502 -2837.4403912501 -24.4810754941968 400 0.0525032630765671 -0
137500 82706826.2488473 25618665.2135596 -2847.53686148713 -27.5981224240195 400 0.0531659814386283 -0
137700 82136299.0767906 25612828.9971029 -2857.75542429573 -30.7739769730258 400 0.0538436036850466 -0
137900 81563715.7647169 25606351.5941189 -2868.09870604699 -34.0102633392453 400 0.054536611544328 -0
138100 80989051.0994699 25599220.750822 -2878.56941420093 -37.308666024395 400 0.0552455071074034 -0
138300 80412279.3180212 25591423.8702617 -2889.17034057505 -40.670932663395 400 0.0559708138937838 -0
138500 79833374.0902589 25582947.9993991 -2899.90436477569 -44.0988770149636 400 0.0567130779844644 -0
138700 79252308.501072 25573779.8155694 -2910.77445780187 -47.5943821241035 400 0.057472869226449 -0
138900 78669055.0316964 25563905.6122927 -2921.78368583209 -51.1594036681323 400 0.0582507825141796 -0
139100 78083585.5402844 25553311.2843971 -2932.93521420497 -54.7959734988202 400 0.0590474391535956 -0
139300 77495871.2416573 25541982.3124119 -2944.23231160575 -58.5062033941922 400 0.0598634883150409 -0
139500 76905882.6861997 25529903.7461889 -2955.67835447119 -62.2922890346335 400 0.0606996085817699 -0
139700 76313589.7378491 25517060.1877044 -2967.27683162654 -66.1565142191204 400 0.0615565096013914 -0
139900 75718961.5511346 25503435.7729923 -2979.03134916919 -70.1012553386844 400 0.0624349338482353 -0
140100 75121966.5472116 25489014.1531559 -2990.94563561455 -74.1289861256286 400 0.0633356585053371 -0
140300 74522572.3888413 25473778.4743999 -3003.02354732102 -78.2422826985555 400 0.0642594974755148 -0
140500 73920745.9542546 25457711.3570228 -3015.26907421207 -82.443828924949 400 0.0652073035318729 -0
140700 73316453.3098406 25440794.8733019 -3027.68634581491 -86.7364221249057 400 0.0661799706190178 -0
140900 72709659.6815942 25423010.5242032 -3040.27963763645 -91.1229791416311 400 0.0671784363173124 -0
141100 72100329.4252529 25404339.2148358 -3053.05337789923 -95.6065428065439 400 0.0682036844836576 -0
141300 71488425.995048 25384761.2285737 -3066.01215466142 -100.190288829273 400 0.069256748083563 -0
141500 70873911.9109917 25364256.1997526 -3079.16072334699 -104.87753314552 400 0.0703387122306873 -0
141700 70256748.7246145 25342803.0848494 -3092.5040147143 -109.671739758721 400 0.0714507174515965 -0
141900 69636896.9830629 25320380.1320402 -3106.04714329345 -114.576529114693 400 0.0725939631952284 -0
142100 69014316.1914595 25296964.849027 -3119.79541632532 -119.595687052065 400 0.073769711608488 -0
142300 68388964.7734228 25272533.9690124 -3133.75434323779 -124.73317437525 400 0.0749792916015453 -0
142500 67760800.0296342 25247063.4146936 -3147.92964569772 -129.993137101112 200 0.0762241032288048 -0
142700 67129778.0943342 25220528.2601348 -3162.32726828023 -135.379917435366 200 0.0775056224141851 -0
142900 66495853.889619 25192902.6903667 -3176.95338980051 -140.898065540094 200 0.0788254060523267 -0
143100 65858981.0774001 25164159.9585471 -3191.81443535733 -146.552352159798 200 0.0801850975206778 -0
143300 65219112.0088804 25134272.340505 -3206.91708914113 -152.34778218 200 0.0815864326411349 -0
143500 64576197.6713868 25103211.0864728 -3222.26830806495 -158.289609199836 200 0.0830312461340945 -0
143700 63930187.6323893 25070946.3697951 -3237.87533628078 -164.383351208284 200 0.0845214786124595 -0
143900 63281029.9805227 25037447.2323834 -3253.74572065005 -170.634807462864 200 0.0860591841684127 -0
144100 62628671.2634128 25002681.5266671 -3269.88732724289 -177.050076679902 200 0.0876465386116992 -0
144300 61973056.4220927 24966615.8537634 -3286.30835894741 -183.635576656885 200 0.0892858484248453 -0
144500 61314128.721779 24929215.4975702 -3303.01737427826 -190.398065460298 200 0.0909795605082797 -0
144700 60651829.678759 24890444.3544521 -3320.02330748123 -197.344664326694 200 0.0927302727968576 -0
144900 59986098.9831175 24850264.8581607 -3337.33549004048 -204.482882440926 200 0.0945407458389422 -0
145100 59316874.4170133 24808637.8995979 -3354.96367370462 -211.820643773639 200 0.09641391544015 -0
145300 58644091.7681873 24765522.7409878 -3372.91805515924 -219.36631618059 200 0.0983529064863148 -0
145500 57967684.7383604 24720876.9239846 -3391.20930248581 -227.128742989454 200 0.100361048074382 -0
145700 57287584.846148 24674656.1711937 -3409.84858356076 -235.1172773259 200 0.102441890096094 -0
145900 56603721.324087 24626814.2805298 -3428.84759656363 -243.341819460226 200 0.104599221437762 -0
146100 55916021.0093347 24577303.011779 -3448.21860278043 -251.812857489384 200 0.106837089980532 -0
146300 55224408.2275604 24526071.9646601 -3467.97446190714 -260.541511707254 200 0.109159824609724 -0
146500 54528804.6695082 24473068.4476121 -3488.1286700795 -269.539583059337 200 0.111572059469635 -0
146700 53829129.2596601 24418237.3364447 -3508.69540087883 -278.819606127428 200 0.114078760732161 -0
146900 53125298.0163779 24361520.9218976 -3529.68954958989 -288.394907146189 200 0.11668525618451 -0
147100 52417223.9028428 24302858.7450471 -3551.12678101645 -298.279667618151 200 0.119397267983902 -0
147300 51704816.6680483 24242187.4193766 -3573.02358119327 -308.488994167645 200 0.122220948976588 -0
147500 50987982.6770304 24179440.4381931 -3595.39731336996 -319.038995359317 200 0.12516292303587 -0
147700 50266624.7294391 24114547.965916 -3618.26627868432 -329.946866304825 200 0.128230329940585 -0
147900 49540641.865468 24047436.611588 -3641.64978198893 -341.230981994509 200 0.131430875393436 -0
148100 48809929.1580607 23978029.1827601 -3665.56820334786 -352.911000421674 200 0.134772886869637 -0
148300 48074377.4902039 23906244.4176716 -3690.04307577919 -365.007976718985 200 0.138265376093249 -0
148500 47333873.3159938 23831996.6933879 -3715.0971698861 -377.544489702931 200 0.141918109064161 -0
148700 46588298.4040282 23755195.7072556 -3740.75458609436 -390.544782428078 200 0.145741684706852 -0
148900 45837529.5615252 23675746.1286958 -3767.04085529943 -404.034918593208 200 0.149747623387189 -0
149100 45081438.3373965 23593547.2179559 -3793.9830488219 -418.042956923156 200 0.153948466751238 -0
149200 44701355.1751897 23551383.7006788 -3807.70902756526 -425.250550741445 200 0.156126203686923 -0
149300 44319890.7022704 23508492.4079389 -3821.60989867253 -432.599145973871 200 0.158357890587528 -0
149400 43937027.2367609 23464859.0329907 -3835.68953473607 -440.092901622888 200 0.160645435109423 -0
149500 43552746.7035166 23420468.8449786 -3849.95192929117 -447.736142241177 200 0.162990832706706 -0
149600 43167030.6217915 23375306.6719692 -3864.4012016491 -455.533366257477 200 0.165396171618044 -0
149700 42779860.0924098 23329356.8831265 -3879.04160196271 -463.489254809677 200 0.16786363819112 -0
149800 42391215.7844182 23282603.3699771 -3893.87751653763 -471.608681121527 200 0.170395522571305 -0
149900 42001077.9211939 23235029.5267084 -3908.91347340247 -479.896720462361 200 0.172994224783499 -0
150000 41609426.2659831 23186618.2294402 -3924.15414815275 -488.358660732478 200 0.17566226123878 -0
150100 41216240.1068396 23137351.8144047 -3939.60437008376 -497.00001372045 200 0.178402271700356 -0
150200 40821498.2409358 23087212.0549648 -3955.26912862877 -505.826527082542 200 0.181217026746538 -0
150300 40425178.9582137 23036180.1373963 -3971.15358011978 -514.844197098774 200 0.184109435771998 -0
150400 40027260.0243425 22984236.635353 -3987.26305488931 -524.059282264885 200 0.187082555572459 -0
150500 39627718.6629489 22931361.4829286 -4003.60306473258 -533.478317784667 200 0.190139599562321 -0
150600 39226531.5370818 22877533.9462209 -4020.17931075079 -543.108131032875 200 0.193283947679515 -0
150700 38823674.7298726 22822732.5932983 -4036.99769159746 -552.955858065223 200 0.196519157037175 -0
150800 38419123.7243506 22766935.2624596 -4054.06431215098 -563.02896125893 200 0.199848973387666 -0
150900 38012853.3823675 22710119.028669 -4071.38549263806 -573.335248174932 200 0.203277343471027 -0
151000 37604837.9225871 22652260.1680406 -4088.96777823416 -583.882891741366 200 0.206808428327232 -0
151100 37195050.8974893 22593334.1202326 -4106.81794916857 -594.680451867257 200 0.21044661765979 -0
151200 36783465.1693373 22533315.4486053 -4124.94303136328 -605.736898605713 200 0.214196545347286 -0
151300 36370052.8850534 22472177.7979785 -4143.35030763678 -617.061636997399 200 0.218063106209635 -0
151400 35954785.4499438 22409893.8498154 -4162.04732950521 -628.664533737757 200 0.222051474147127 -0
151500 35537633.5002129 22346435.2746421 -4181.04192961568 -640.555945825587 100 0.226167121783066 -0
151600 35118566.874201 22281772.6814954 -4200.34223484783 -652.746751366279 100 0.230415841755045 -0
151700 34697554.5822763 22215875.5641756 -4219.95668012207 -665.248382720456 100 0.234803769815859 -0
151800 34274564.7753099 22148712.2440576 -4239.8940229548 -678.072862208249 100 0.239337409923071 -0
151900 33849564.7116552 22080249.8091948 -4260.16335880255 -691.232840601142 100 0.244023661516432 -0
152000 33422520.7225529 22010454.0494238 -4280.77413723934 -704.741638657575 100 0.248869849205194 -0
152100 32993398.1758733 21939289.387151 -4301.73617901313 -718.613291985622 100 0.253883755113088 -0
152200 32562161.4381077 21866718.8034749 -4323.05969402915 -732.862599546437 100 0.259073654157848 -0
152300 32128773.8345137 21792703.7592607 -4344.75530030943 -747.505176146274 100 0.264448352575128 -0
152400 31693197.607312 21717204.1107505 -4366.83404397928 -762.557509303104 100 0.27001723003406 -0
152500 31255393.871833 21640178.0192507 -4389.30742033264 -778.037020916962 100 0.275790285734136 -0
152600 30815322.5704988 21561581.8543922 -4412.18739602864 -793.962134221595 100 0.281778188921448 -0
152700 30372942.4245286 21481370.0904099 -4435.48643247208 -810.352346549697 100 0.287992334317363 -0
152800 29928210.8832432 21399495.1948299 -4459.21751042962 -827.22830850582 100 0.294444903015597 -0
152900 29481084.0708451 21315907.508892 -4483.39415593204 -844.611910210924 100 0.301148929475533 -0
153000 29031516.7305411 21230555.1189639 -4508.03046750995 -862.526375361817 100 0.30811837532199 -0
153100 28579462.1658738 21143383.7181235 -4533.14114480592 -880.996363938624 100 0.315368210756224 -0
153200 28124872.1791208 21054336.4570005 -4558.74151859962 -900.048084495731 100 0.322914504491616 -0
153300 27667697.00662 20963353.782866 -4584.84758227352 -919.709417088096 100 0.330774523252772 -0
153400 27207885.2508749 20870373.2658484 -4611.47602473471 -940.010048017716 100 0.338966842021372 -0
153500 26745383.8092962 20775329.41103 -4638.6442647921 -960.981617736918 100 0.347511466379335 -0
153600 26280137.7994319 20678153.4550319 -4666.37048696718 -982.657883419041 100 0.356429968493771 -0
153700 25812090.4805484 20578773.1455387 -4694.67367868941 -1005.07489790658 100 0.365745638513387 -0
153800 25341183.1714246 20477112.5020301 -4723.57366879156 -1028.27120697611 100 0.37548365340819 -0
153900 24867355.1642378 20373091.5557788 -4753.09116717566 -1052.28806712333 100 0.385671265590229 -0
154000 24390543.6344314 20266626.0669415 -4783.24780546283 -1077.16968637621 100 0.39633801401079 -0
154100 23910683.5464788 20157627.2162988 -4814.06617836716 -1102.9634909962 100 0.407515960848764 -0
154200 23427707.5554886 20046001.2688975 -4845.56988544213 -1129.72042133572 100 0.419239957397479 -0
154300 22941545.9046345 19931649.2064941 -4877.78357273164 -1157.49526059335 100 0.431547943337547 -0
154400 22452126.3184507 19814466.325303 -4910.73297371084 -1186.34700075923 100 0.444481284268328 -0
154500 21959373.8921005 19694341.7950869 -4944.44494871713 -1216.33925068546 100 0.458085153181696 -0
154550 21711723.7090026 19633139.9837574 -4961.59561260881 -1231.78431809489 100 0.465153798445343 -0
154600 21463210.9767946 19571158.1750437 -4978.94752183054 -1247.54069194727 100 0.472408962526249 -0
154650 21213825.5412705 19508380.5686476 -4996.50436665188 -1263.61783374798 100 0.479857564829967 -0
154700 20963557.0618001 19444790.8816706 -5014.26991391588 -1280.02558915238 100 0.487506854644967 -0
154750 20712395.0074815 19380372.3289246 -5032.24800773545 -1296.77420743056 100 0.495364430321363 -0
154800 20460328.6532637 19315107.6022401 -5050.44257005058 -1313.87436211031 100 0.503438259762849 -0
154850 20207347.0760444 19248978.8487111 -5068.85760102375 -1331.3371728811 100 0.511736702335096 -0
154900 19953439.1507527 19181967.6478117 -5087.49717924805 -1349.17422884803 100 0.52026853230304 -0
154950 19698593.5464273 19114054.9873139 -5106.36546173916 -1367.39761323221 100 0.529042963919499 -0
155000 19442798.7223 19045221.2379321 -5125.46668367882 -1386.01992962147 100 0.538069678298616 -0
155050 19186042.9239001 18975446.1266144 -5144.80515787325 -1405.05432988394 100 0.547358852219767 -0
155100 18928314.1791934 18904708.7083935 -5164.38527388516 -1424.51454386616 100 0.556921189020906 -0
155150 18669600.2947735 18832987.3367059 -5184.21149679292 -1444.41491100744 100 0.566767951755068 -0
155200 18409888.8521261 18760259.6320795 -5204.28836552443 -1464.770414013 100 0.576910998799933 -0
155250 18149167.2039878 18686502.4490821 -5224.62049070645 -1485.59671474069 100 0.58736282212829 -0
155300 17887422.4708267 18611691.841418 -5245.21255196266 -1506.91019246856 100 0.598136588466937 -0
155350 17624641.5374725 18535803.025047 -5266.06929458502 -1528.72798472549 100 0.609246183593411 -0
155400 17360811.0499312 18458810.3391941 -5287.19552549333 -1551.06803088195 100 0.620706260044054 -0
155450 17095917.4124214 18380687.205106 -5308.59610838676 -1573.9491187155 100 0.632532288533596 -0
155500 16829946.7846751 18301406.0824006 -5330.27595797874 -1597.39093418401 100 0.644740613416001 -0
155550 16562885.0795531 18220938.4228418 -5352.24003319218 -1621.41411465987 100 0.657348512549071 -0
155600 16294717.9610279 18139254.6213607 -5374.49332917606 -1646.04030590109 100 0.670374261961584 -0
155650 16025430.8426006 18056323.9641289 -5397.04086798593 -1671.29222305916 100 0.683837205762061 -0
155700 15755008.8862188 17972114.5734731 -5419.88768774997 -1697.19371605062 50 0.697757831772982 -0
155750 15483437.0017796 17886593.3494052 -5443.03883011849 -1723.76983964849 50 0.712157853423982 -0
155800 15210699.8473072 17799725.9075216 -5466.49932576766 -1751.04692868189 50 0.727060298492857 -0
155850 14936781.8299092 17711476.5130059 -5490.2741776972 -1779.05267876714 50 0.742489605344686 -0
155900 14661667.1076296 17621808.0104477 -5514.36834202637 -1807.81623303261 50 0.758471727387893 -0
155950 14385339.5923315 17530681.7491646 -5538.78670595226 -1837.36827534166 50 0.775034246542339 -0
156000 14107782.9537598 17438057.5036888 -5563.53406248801 -1867.7411305643 50 0.79220649659957 -0
156050 13828980.6249579 17343893.3890526 -5588.61508154549 -1898.96887249926 50 0.810019697450171 -0
156100 13548915.8092305 17248145.7704717 -5614.03427686616 -1931.08744010361 50 0.82850710125898 -0
156150 13267571.4888762 17150769.1669955 -5639.79596823395 -1964.13476274802 50 0.847704151786955 -0
156200 12984930.4359401 17051716.1486519 -5665.90423832371 -1998.15089528244 50 0.867648658190343 -0
156250 12700975.2252737 16950937.226577 -5692.36288344625 -2033.17816376986 50 0.888380984774929 -0
156300 12415688.2502274 16848380.7355709 -5719.17535734449 -2069.26132282504 50 0.909944258347564 -0
156350 12129051.7413463 16743992.7084757 -5746.34470707265 -2106.44772558213 50 0.93238459499067 -0
156400 11841047.7884937 16637716.741717 -5773.87349984818 -2144.78750740905 50 0.955751348290362 -0
156450 11551658.3668832 16529493.8512897 -5801.76373960261 -2184.33378458888 50 0.980097381277551 -0
156500 11260865.3675707 16419262.3184088 -5830.01677176747 -2225.14286929912 50 1.00547936459649 -0
156550 10968650.6330368 16306957.5239734 -5858.63317461168 -2267.27450233903 50 1.03195810369958 -0
156600 10674995.9985767 16192511.7709188 -5887.61263519206 -2310.79210518318 50 1.05959889818385 -0
156650 10379883.3403248 16075854.0934463 -5916.95380768212 -2355.76305307583 50 1.08847193673627 -0
156700 10083294.6308555 15956910.0520344 -5946.65415150042 -2402.25897102541 50 1.11865273154563 -0
156750 9785212.00344341 15835601.5130365 -5976.70974625926 -2450.35605471004 50 1.15022259647077 -0
156800 9485617.82622739 15711846.4115649 -6007.11508008752 -2500.13541846209 50 1.18326917373128 -0
156850 9184494.78770494 15585558.4962512 -6037.8628073378 -2551.68347266007 50 1.2178870144109 -0
156900 8881825.99520209 15456647.05435 -6068.94347105259 -2605.0923330155 50 1.25417821863576 -0
156950 8577595.08821099 15325016.6155264 -6100.34518482246 -2660.46026439651 50 1.2922531419112 -0
157000 8271786.36877762 15190566.6325307 -6132.05326780196 -2717.89216197001 50 1.33223117476962 -0
157050 7964384.95145853 15053191.1368236 -6164.04982563402 -2777.50007256246 50 1.37424160359331 -0
157100 7655376.93575664 14912778.3670653 -6196.31326884627 -2839.40375921948 50 1.41842456122216 -0
157150 7344749.60440197 14769210.3682342 -6228.81775889168 -2903.73131197044 50 1.46493207672052 -0
157200 7032491.65137415 14622362.5589906 -6261.53257037747 -2970.61980775003 50 1.51392923443865 -0
157225 6875748.10825712 14547667.8677196 -6277.9577301033 -3005.0698772303 50 1.53941689995788 -0
157250 6718593.44419551 14472103.2646928 -6294.42135612747 -3040.21602221403 50 1.56559545323528 -0
157275 6561026.76610862 14395651.0996125 -6310.91788762471 -3076.07823080714 50 1.59248979282434 -0
157300 6403047.32567223 14318293.2137209 -6327.44129944197 -3112.67719614211 50 1.6201258972984 -0
157325 6244654.53134631 14240010.9218385 -6343.98506813036 -3150.03434342695 50 1.64853087738215 -0
157350 6085847.96128337 14160784.993714 -6360.54213542311 -3188.17185789743 50 1.67773303061219 -0
157375 5926627.37718396 14080595.6346655 -6377.10486895921 -3227.11271366955 50 1.7077618986194 -0
157400 5766992.73917066 13999422.4654883 -6393.6650200361 -3266.88070348269 50 1.73864832712369 -0
157425 5606944.22175782 13917244.5016084 -6410.21367815742 -3307.50046931596 50 1.77042452872634 -0
157450 5446482.23100034 13834040.1314598 -6426.74122212336 -3348.99753385083 50 1.80312414857938 -0
157475 5285607.42291115 13749787.0940654 -6443.23726739081 -3391.39833274255 50 1.83678233300228 -0
157500 5124320.72324443 13664462.4558014 -6459.69060940919 -3434.73024764968 50 1.87143580110513 -0
157525 4962623.34874892 13578042.5863266 -6476.08916261455 -3479.02163995631 50 1.90712291946297 -0
157550 4800516.83000429 13490503.1336619 -6492.41989473985 -3524.30188510413 50 1.94388377986778 -0
157575 4638003.03596206 13401818.9984037 -6508.66875607293 -3570.60140743124 50 1.98176028016169 -0
157600 4475084.20032231 13311964.3070624 -6524.82060326528 -3617.95171539084 50 2.02079620812777 -0
157625 4311762.94988773 13220912.3845164 -6540.85911726507 -3666.38543699625 50 2.06103732838022 -0
157650 4148042.33504754 13128635.7255795 -6556.76671491572 -3715.9363553068 50 2.10253147215525 -0
157675 3983925.86255569 13035105.965683 -6572.52445372812 -3766.63944373304 50 2.14532862985415 -0
157700 3819417.53078054 12940293.8506795 -6588.11192929896 -3818.53090089809 50 2.18948104613135 -0
157725 3654521.86761686 12844169.2057848 -6603.5071648109 -3871.64818474379 50 2.23504331724929 -0
157750 3489243.97126554 12746700.9036795 -6618.68649201185 -3926.03004551508 50 2.28207249033848 -0
157775 3323589.55410195 12647856.8318051 -6633.62442303087 -3981.71655719315 50 2.33062816410177 -0
157800 3157564.98987058 12547603.858898 -6648.29351234769 -4038.74914687508 50 2.38077259038513 -0
157825 2991177.36446096 12445907.8008218 -6662.66420819162 -4097.1706215152 25 2.43257077589928 -0
157850 2824434.53053868 12342733.38577 -6676.70469260496 -4157.02519134889 25 2.48609058321509 -0
157875 2657345.16632489 12238044.2189331 -6690.38070936528 -4218.35848921144 25 2.54140282996687 -0
157900 2489918.83883825 12131802.7467432 -6703.65537892338 -4281.2175848425 25 2.59858138497654 -0
157925 2322166.07193483 12023970.2208348 -6716.4889994778 -4345.65099312658 25 2.6577032597549 -0
157950 2154098.4195039 11914506.6618875 -6728.83883327653 -4411.70867506241 25 2.71884869353736 -0
157975 1985728.54420058 11803370.8235494 -6740.65887721235 -4479.44203007464 25 2.78210122966502 -0
158000 1817070.30211974 11690520.1566778 -6751.89961676279 -4548.90387807882 25 2.84754778072176 -0
158025 1648138.83383956 11575910.7741745 -6762.50776232262 -4620.14842948267 25 2.91527867937586 -2.61085220960231e-307
158050 1478950.66228673 11459497.4167435 -6772.42596698847 -4693.23124104967 25 2.98538771134306 -5.14484725136361e-299
158075 1309523.7978983 11341233.419953 -6781.59252488678 -4768.20915526309 25 3.05797212627868 -9.92162053418613e-291
158100 1139877.85157756 11221070.683047 -6789.94104919314 -4845.14022050676 25 3.13313262170883 -1.86504069299852e-282
158125 970034.155961414 11098959.6400241 -6797.4001290782 -4924.08358901995 25 3.21097329431632 -3.40282207628424e-274
158150 800015.895534196 10974849.2335795 -6803.89296494209 -5005.09938918577 25 3.29160155199478 -5.99873300770398e-266
158175 629848.246137228 10848686.8926018 -6809.33698147262 -5088.24856827269 25 3.37512797906393 -1.01680916258491e-257
158200 459558.524431743 10720418.5140146 -6813.64341829446 -5173.59270126576 25 3.46166614589138 -1.64864268248853e-249
158225 289176.347875375 10589988.4498721 -6816.71689827813 -5261.19376089691 25 3.55133235288096 -2.5428235055108e-241
158250 118733.805765889 10457339.5007449 -6818.45497396424 -5351.11384341204 25 3.64424529735865 -3.7088717958682e-233
158275 -51734.3581113653 10322412.9165777 -6818.74765304571 -5443.41484399941 25 3.74052565030865 -5.08351449756442e-225
158300 -222190.550726718 10185148.40636 -6817.47690445844 -5538.15807515215 25 3.84029552818469 -6.50369129768059e-217
158325 -392594.12248237 10045484.1581271 -6814.51614737979 -5635.40382055494 25 3.94367784314972 -7.71100300639714e-209
158350 -562901.146932322 9903356.87100429 -6809.72972634977 -5735.21081638223 25 4.05079551309508 -8.40795976423243e-201
158375 -733064.187250575 9758701.80121653 -6802.97237683688 -5837.63565118754 25 4.16177051068162 -8.36280873461355e-193
158400 -903032.049276381 9611452.82421711 -6794.08868690061 -5942.73207487344 25 4.27672272847108 -7.52167009787074e-185
158425 -1072749.52112577 9461542.5153337 -6782.91256218448 -6050.55020658809 25 4.39576863503248 -6.06104537541469e-177
158450 -1242157.09956222 9308902.25159144 -6769.26670334091 -6161.13563083656 25 4.51901969479954 -4.33271098839884e-169
158475 -1411190.70357336 9153462.3376463 -6752.96210717285 -6274.52837067326 25 4.64658052253343 -2.71882274062171e-161
158500 -1579781.37591371 8995152.1590432 -6733.79760530756 -6390.76172661989 25 4.77854674166011 -1.48097609263446e-153
158525 -1747854.97375433 8833900.36629775 -6711.55945711914 -6509.86097001051 25 4.91500251469899 -6.91973623667515e-146
158550 -1915331.85003829 8669635.09357782 -6686.0210169056 -6631.84187989966 25 5.05601771372758 -2.73847902600416e-138
158575 -2082126.52768637 8502284.21602276 -6656.94249900579 -6756.70911359774 25 5.20164469964449 -9.05673817053962e-131
158600 -2248147.36943951 8331775.6499683 -6624.07086859577 -6884.45440245966 25 5.35191468127923 -2.46766163817016e-123
158625 -2413296.24687195 8158037.70052676 -6587.13989028903 -7015.05456690799 25 5.5068336296027 -5.45619243651563e-116
158650 -2577468.21296997 7980999.46108347 -6545.87037130058 -7148.46934800225 25 5.66637772894412 -9.63471661181669e-109
158675 -2740551.18364925 7800591.2692838 -6499.9706406941 -7284.63905737028 25 5.83048835681486 -1.33595455391131e-101
158700 -2902425.63468116 7616745.22396928 -6449.13731092505 -7423.48205320469 25 5.99906659732877 -1.42888895088064e-94
158725 -3062964.32170902 7429395.76723879 -6393.0563722615 -7564.89205750648 25 6.17196731097441 -1.15689330241451e-87
158750 -3222032.03234796 7238480.33531934 -6331.40467435866 -7708.73533902135 25 6.34899280630056 -6.95164150630298e-81
158775 -3379485.38075418 7043940.08118392 -6263.85185183794 -7854.84779751349 25 6.52988618750727 -3.03645071398863e-74
158800 -3535172.65648571 6845720.67080206 -6190.06275162243 -8003.0319982384 25 6.71432448639768 -9.43389617598108e-68
158825 -3688933.74090861 6643773.15350062 -6109.70041834911 -8153.05422068073 25 6.90191172775298 -2.03800278995156e-61
158850 -3840600.10576105 6438054.90510227 -6022.42968965455 -8304.64160262786 25 7.09217212360761 -2.98980934189193e-55
158875 -3989994.90968649 6228530.64025387 -5927.92144468689 -8457.47947905588 25 7.2845436431585 -2.90639799297851e-49
158900 -4136933.20947601 6015173.48763211 -5825.85753597448 -8611.20903444402 25 7.47837225935703 -1.8252596753045e-43
158925 -4281222.30329096 5797966.1185099 -5715.93641597169 -8765.42540601619 25 7.67290722780712 -7.21453882771699e-38
158937.5 -4352311.17502246 5687916.08390991 -5657.94124605935 -8842.57670430777 25 7.77017769590922 -3.78110756647361e-35
158950 -4422662.22318275 5576901.91552701 -5597.87944453974 -8919.67639253668 25 7.8672978043476 -1.74734042405905e-32
158962.5 -4492249.4243786 5464924.65542037 -5535.7209000489 -8996.6604636645 25 7.96414535488065 -7.09568684409907e-30
158975 -4561046.39313925 5351986.16434662 -5471.43783192073 -9073.46193806704 25 8.06059185032642 -2.52330359692277e-27
158987.5 -4629026.41257747 5238089.15869444 -5405.00503558497 -9150.01090224038 25 8.1565025877223 -7.83058160353709e-25
159000 -4696162.46815381 5123237.24681764 -5336.40013345301 -9226.23456654661 25 8.2517367996319 -2.11326155891597e-22
159012.5 -4762427.28460365 5007434.96452064 -5265.60382981504 -9302.05734330397 25 8.34614784710788 -4.94229924000312e-20
159025 -4827793.36606686 4890687.80943423 -5192.60016806998 -9377.40094644202 25 8.43958346757471 -9.98165392161577e-18
159037.5 -4892233.03943773 4773002.27400502 -5117.37678840734 -9452.18451382957 25 8.53188608056592 -1.73483042266389e-15
159050 -4955718.50092809 4654385.87680901 -5039.9251838618 -9526.3247532412 25 8.62289315383079 -2.58571868425744e-13
159062.5 -5018221.86580911 4534847.19188852 -4960.24095247069 -9599.73611275499 25 8.71243763181321 -3.29361222664325e-11
159075 -5079715.22126813 4414395.87580341 -4878.32404308641 -9672.33097616978 25 8.80034842789792 -3.57305564966994e-09
159087.5 -5140170.68228494 4293042.6920811 -4794.17899223535 -9744.01988379429 25 8.8864509811168 -3.29009071926376e-07
159100 -5199560.45039859 4170799.53274767 -4707.81514927739 -9814.71177869362 25 8.97056787721373 -2.56283444827699e-05
159112.5 -5257856.87520081 4047679.43662262 -4619.24688701032 -9884.3142781829 25 9.05251953308352 -0.00168323426476759
159125 -5315032.51835568 3923696.60406482 -4528.49379478696 -9952.73397003315 25 9.13212494246551 -0.0929123551895147
159137.5 -5371060.21990842 3798866.40786615 -4435.58085112338 -10019.8767323909 12.5 9.20920247219015 -4.29666629962451
159150 -5425913.16660202 3673205.40001842 -4340.53857078948 -10085.6480714226 12.5 9.28357043097621 -165.950365497749
159162.5 -5479564.961655 3546731.31463846 -4243.40305840081 -10149.9533197128 25 9.35503942413764 -5337.17307679934
159168.75 -5505932.30883007 3483195.23476468 -4194.06293288124 -10181.5260336517 12.5 9.38959759978546 -28233.5141207296
159175 -5531989.68905457 3419463.08290322 -4144.21426288339 -10212.6935019655 6.25 9.42320622471936 -142518.458639925
159181.25 -5557733.9302018 3355537.4601352 -4093.85778465978 -10243.4305060967 6.25 9.45527634276641 -686242.479136215
159184.375 -5570487.62584451 3323502.9733847 -4068.48529431176 -10258.6191288266 6.25 9.4701450620676 -1479261.65067875
159187.5 -5583161.82073877 3291421.2401253 -4042.97570043499 -10273.6635266667 3.125 9.48341179974461 -3150847.30421529
159190.625 -5595756.0664948 3259292.76835972 -4017.31441898851 -10288.5222483152 3.125 9.49373475560589 -6631324.15302997
159193.75 -5608269.84716961 3227118.25346069 -3991.47098713731 -10303.111998532 3.125 9.49874090978827 -13788995.8312342
159196.875 -5620702.5080148 3194898.76676715 -3965.38351599191 -10317.2660008713 3.125 9.49491813815955 -28325658.1769423
159198.4375 -5626888.14376823 3178772.68235948 -3952.21344315759 -10324.0860540501 3.125 9.48870732475417 -40411149.845372
159200 -5633053.11551524 3162636.12912328 -3938.92878826044 -10330.6531812933 3.125 9.47993188386624 -57473980.8896483
159201.5625 -5639197.21897201 3146489.57028513 -3925.49534928888 -10336.875190218 3.125 9.47063691267508 -81484141.9913808
159203.125 -5645320.18655885 3130333.6399349 -3911.86560754254 -10342.623629443 1.5625 9.46655638857722 -115155224.955767
159204.6875 -5651421.66293931 3114169.20978849 -3897.97380466005 -10347.7201570056 1.5625 9.48114181841537 -162207831.535778
159206.25 -5657501.17159541 3097997.48083599 -3883.7293133102 -10351.9180917733 1.5625 9.54317853923314 -227716966.567357
159207.8125 -5663558.06937309 3081820.10855789 -3869.00776901547 -10354.8776068431 1.5625 9.71019231091003 -318564217.843083
159209.375 -5669591.48499954 3065639.37310081 -3853.63930063643 -10356.1326306139 1.5625 10.0891171182574 -444016066.463754
159210.9375 -5675600.23643333 3049458.40915442 -3837.39306237334 -10355.0471016583 1.5625 10.8604760583461 -616445576.749629
159212.5 -5681582.7205688 3033281.51425609 -3819.95715670461 -10350.7578464673 1.5625 12.2913358615178 -852201201.474549
159214.0625 -5687536.76734751 3017114.55870459 -3800.91299786938 -10342.1011575785 1.5625 14.7199624260154 -1172595380.66567
159214.84375 -5690502.24766934 3009037.20227371 -3790.62010351863 -10335.6668759332 1.5625 16.4254506412497 -1372802410.40701
159215.625 -5693459.44889143 3000965.52477848 -3779.7032970538 -10327.520415718 1.5625 18.5240676366262 -1604924082.22183
159216.40625 -5696407.84627479 2992900.96863468 -3768.06488431724 -10317.387290627 1.5625 21.0677974024062 -1873448263.13795
159217.1875 -5699346.83344012 2984845.20593799 -3755.59331243515 -10304.9532721604 1.5625 24.1120442816839 -2183317675.27292
159217.96875 -5702275.71095301 2976800.1712585 -3742.16165797004 -10289.8598914838 1.5625 27.7167328153553 -2539917865.32594
159218.75 -5705193.67371624 2968768.09800169 -3727.62609255735 -10271.6998278566 1.5625 31.9471372074961 -2949040253.9418
159219.53125 -5708099.79717184 2960751.55836972 -3711.82438113106 -10250.0123328942 1.5625 36.8742733261527 -3416811551.6248
159220.3125 -5710993.02236668 2952753.50681752 -3694.57448911421 -10224.2789006038 1.5625 42.5747581413964 -3949579208.48693
159221.09375 -5713872.14000485 2944777.32670578 -3675.6734006795 -10193.9194671278 1.5625 49.1300656979833 -4553741136.98774
159221.875 -5716735.77370119 2936826.87959836 -3654.89628025428 -10158.289511397 1.5625 56.625101024194 -5235507035.9767
159222.65625 -5719582.36276663 2928906.55632326 -3631.9961430957 -10116.678526596 1.5625 65.145993907885 -6000578725.33806
159223.4375 -5722410.14499949 2921021.32850842 -3606.70423628253 -10068.3104379788 1.5625 74.7769989504852 -6853738614.56937
159224.21875 -5725217.14012752 2913176.79881275 -3578.73136580579 -10012.346646813 1.5625 85.5963880626036 -7798339573.62249
159225 -5728001.13474165 2905379.24750511 -3547.7704338086 -9947.89246977266 1.5625 97.6712457663418 -8835696943.03017
159226.5625 -5733490.03180914 2889953.81862367 -3475.59240633779 -9789.72281873064 1.5625 125.760698431061 -11179537063.7694
159227.34375 -5736189.2496371 2882342.19378643 -3433.7168833641 -9694.05940648981 1.5625 141.791404472718 -12471987223.1028
159228.125 -5738854.09779795 2874810.06403108 -3387.55418400074 -9586.05897754685 1.5625 159.092841116472 -13827680464.147
159228.90625 -5741481.10868632 2867367.42588719 -3336.80633409845 -9464.81656313488 0.78125 177.564177663294 -15227095885.6706
159229.6875 -5744066.59492822 2860024.94905164 -3281.21119532836 -9329.52096412117 0.78125 197.046664811414 -16645012844.7867
159230.46875 -5746606.68340735 2852793.88581944 -3220.55810851997 -9179.49973926031 0.78125 217.318247688052 -18050674795.137
159231.25 -5749097.36189254 2845685.94408929 -3154.70436197762 -9014.26705967867 0.78125 238.091496272496 -19408475025.2553
159232.03125 -5751534.53852669 2838713.12277243 -3083.59145251026 -8833.5715499765 0.78125 259.016034647176 -20679240729.9997
159232.8125 -5753914.11352272 2831887.51100818 -3007.25983958631 -8637.44043187162 0.78125 279.686417362025 -21822125064.8884
159233.59375 -5756232.06132161 2825221.05570354 -2925.8607223006 -8426.2157414551 0.78125 299.655923299555 -22797024838.6383
159234.375 -5758484.52030172 2818725.30529348 -2839.66335573695 -8200.57828491125 0.78125 318.456030159202 -23567337129.1083
159235.15625 -5760667.88603034 2812411.14086031 -2749.05661526287 -7961.55547430479 0.78125 335.620477610407 -24102772645.1234
159235.9375 -5762778.90318679 2806288.50836905 -2654.54393093912 -7710.5103043329 0.78125 350.711971544808 -24381882771.5663
159236.71875 -5764814.75082759 2800366.16728578 -2556.73132179378 -7449.11042650255 1.5625 363.348913769299 -24393953612.8103
159237.5 -5766773.11573168 2794651.47086881 -2456.30898525816 -7179.27834296294 1.5625 373.229241916196 -24139985120.1637
159238.28125 -5768652.24920876 2789150.19178894 -2354.02762680689 -6903.12585854564 0.78125 380.14864934464 -23632599895.8038
159239.0625 -5770451.0039282 2783866.40354748 -2250.67132109404 -6622.87772936202 0.78125 384.011129185863 -22894889534.6909
159239.84375 -5772168.84888911 2778802.42380021 -2147.02906840466 -6340.79060450538 0.78125 384.830830610727 -21958369537.3973
159240.625 -5773805.8623919 2773958.82075088 -2043.8672849609 -6059.07367503497 0.78125 382.725413181853 -20860339550.2448
159241.40625 -5775362.70455092 2769334.4789266 -1941.90524058003 -5779.81689819282 0.78125 377.902187555579 -19641007915.8904
159242.1875 -5776840.57229144 2764926.71651691 -1841.79499045976 -5504.93140546341 0.78125 370.639127155845 -18340730831.5287
159242.96875 -5778241.14075019 2760731.44350269 -1744.10673891556 -5236.10500543963 1.5625 361.263208113579 -16997648246.4456
159244.53125 -5780819.05985312 2752956.09998967 -1557.81983991367 -4722.10993362774 1.5625 337.59586126864 -14314455730.4272
159245.3125 -5782001.52176967 2749362.55562167 -1469.89881650022 -4479.02188213447 0.78125 324.016083269884 -13026631184.8681
159246.09375 -5783116.76278572 2745954.9612345 -1385.76151730122 -4246.16775460298 0.78125 309.716528805493 -11800028274.3112
159246.875 -5784167.79258012 2742725.1402534 -1305.53272275278 -4023.97541899992 0.78125 294.992130144557 -10646934769.2071
159247.65625 -5785157.69020683 2739664.6633995 -1229.26694399336 -3812.6685538646 0.78125 280.100067981922 -9574948459.91368
159248.4375 -5786089.55323359 2736764.99711539 -1156.95882457937 -3612.29531821466 0.78125 265.257701394901 -8587735784.59845
159249.21875 -5786966.45507803 2734017.62924073 -1088.55361749388 -3422.75760840425 0.78125 250.643034422787 -7685822457.01884
159250 -5787791.41037489 2731414.17214347 -1023.95719243325 -3243.83929014986 0.78125 236.397006239367 -6867346504.64396
159250.78125 -5788567.34785337 2728946.44457039 -963.045207328047 -3075.23229952415 0.78125 222.626955248998 -6128730556.74494
159251.5625 -5789297.08998 2726606.53416786 -905.671232222033 -2916.55994806875 0.78125 209.410714754036 -5465251945.06239
159252.34375 -5789983.33850658 2724386.8429979 -851.673736248005 -2767.39712270018 0.78125 196.800920561534 -4871505215.52752
159253.125 -5790628.66503079 2722280.1185071 -800.881938844782 -2627.28733694207 0.78125 184.829229533626 -4341762264.17636
159253.90625 -5791235.50570311 2720279.47236311 -753.120587681029 -2495.75677364678 0.78125 173.510251442987 -3870241422.67443
159254.6875 -5791806.15927905 2718378.38941492 -708.213762985716 -2372.32557402749 0.78125 162.845079768526 -3451299561.66264
159255.46875 -5792342.78780132 2716570.72880766 -665.987826640506 -2256.51668862805 0.78125 152.824369790844 -3079561732.09853
159256.25 -5792847.41929225 2714850.71902531 -626.273639640658 -2147.86262728919 0.78125 143.43095656033 -2750001918.21329
159257.03125 -5793321.95193202 2713212.94837216 -588.908167785141 -2045.91043972768 0.78125 134.642034210613 -2457986798.61739
159257.8125 -5793768.15928876 2711652.3521527 -553.735586204278 -1950.22523604719 0.78125 126.430935134592 -2199292462.85378
159258.59375 -5794187.69624829 2710164.19757992 -520.607981175596 -1860.39252490266 0.78125 118.768555918859 -1970102096.45491
159259.375 -5794582.10536302 2708744.0672388 -489.385734444112 -1776.01961151999 0.78125 111.624479341653 -1766990888.66905
159260.15625 -5794952.8234009 2707387.84175648 -459.937662157712 -1696.73626193588 0.78125 104.967840295787 -1586902906.53816
159260.9375 -5795301.18792698 2706091.68218294 -432.140968284721 -1622.19480591115 0.78125 98.7679797847085 -1427123434.89106
159261.71875 -5795628.44379238 2704852.01246355 -405.881061391292 -1552.06982023382 0.78125 92.9949262754593 -1285249290.07762
159262.5 -5795935.74943971 2703665.50228471 -381.051274079727 -1486.05750712773 0.78125 87.61973843662 -1159158846.13275
159263.28125 -5796224.18296175 2702529.05049388 -357.552516232887 -1423.87485932585 0.78125 82.6147381179724 -1046982929.84717
159264.0625 -5796494.74787144 2701439.76923101 -335.292886391612 -1365.25868388551 0.78125 77.9536576249625 -947077310.553089
159264.84375 -5796748.3785582 2700394.96885931 -314.187259980273 -1309.9645406905 0.78125 73.6117210463461 -857997199.158183
159265.625 -5796985.94541814 2699392.14374421 -294.156868538693 -1257.76563840803 0.78125 69.5656756598735 -778473951.590726
159266.40625 -5797208.25965572 2698428.95890079 -275.128880463211 -1208.45172003453 0.78125 65.7937862642966 -707394021.746602
159267.1875 -5797416.07776082 2697503.23750796 -257.035990860308 -1161.8279616772 0.78125 62.2758026277922 -643780110.199421
159267.96875 -5797610.10567092 2696612.94927214 -239.816025841828 -1117.71390151634 1.5625 58.9929080505015 -586774393.304895
159268.75 -5797791.00263084 2695756.1996119 -223.411564826527 -1075.94241065693 1.5625 55.9276552499516 -535623682.136567
159269.53125 -5797959.38476529 2694931.21962769 -207.769583060219 -1036.35871353026 1.5625 53.0638943355469 -489666343.90134
159270.3125 -5798115.82838039 2694136.35681592 -192.841115543667 -998.819462415732 1.5625 50.3866964832928 -448320814.115376
159271.09375 -5798260.87301122 2693370.06648419 -178.580942795146 -963.191868324024 1.5625 47.882276007101 -411075531.57474
159271.875 -5798395.02423229 2692630.90382322 -164.947298317496 -929.352888756301 1.5625 45.5379128026645 -377480136.913876
159272.65625 -5798518.75624786 2691917.51659138 -151.901597241967 -897.188471600132 1.5625 43.3418765785219 -347137787.151665
159273.4375 -5798632.51427824 2691228.63836851 -139.408185347038 -866.592853535645 1.5625 41.2833538545776 -319698451.576551
159274.21875 -5798736.71675766 2690563.08233723 -127.434107470453 -837.467910721582 1.5625 39.3523783752406 -294853067.619197
159275 -5798831.75735847 2689919.735552 -115.948894224122 -809.722559143021 1.5625 37.5397653321369 -272328448.363092
159275.78125 -5798918.00685542 2689297.55365816 -104.924365866166 -783.272201777808 1.5625 35.8370496020614 -251882845.647952
159276.5625 -5798995.81484309 2688695.55602553 -94.3344521681506 -758.03821963564 1.5625 34.2364280661844 -233302084.110452
159277.34375 -5799065.5113185 2688112.82126348 -84.1550271275197 -733.947503709732 1.5625 32.7307059754857 -216396191.87914
159278.125 -5799127.40813988 2687548.48308661 -74.3637574070001 -710.932024931081 1.5625 31.3132472558836 -200996462.969095
159278.90625 -5799181.80037223 2687001.72650251 -64.939963427857 -688.928439309979 1.5625 29.9779285977956 -186952894.73502
159280.46875 -5799269.17470798 2685957.93383463 -47.119600072964 -647.724855970319 1.5625 27.5315317804418 -162414610.794494
159282.03125 -5799329.70385394 2684975.82208383 -30.556999021909 -609.910659359473 1.5625 25.3512593106786 -141877167.074814
159283.59375 -5799365.25886812 2684050.39207185 -15.1345701401422 -575.114439808382 1.5625 23.4026855137849 -124618847.573225
159285.15625 -5799377.54035984 2683177.18745266 -0.751307338632525 -543.011577849506 1.5625 21.6562917007732 -110060732.585742
159286.71875 -5799368.10253173 2682352.22693489 12.6795400004973 -513.31761077671 1.5625 20.0866937911423 -97736172.4652364
159288.28125 -5799338.37387301 2681571.94602075 25.2324362852412 -485.782653998227 1.5625 18.6719978565479 -87267192.2089952
159289.84375 -5799289.67501396 2680833.1467505 36.9712340841075 -460.186706632632 1.5625 17.3932634937265 -78346173.935539
159291.40625 -5799223.23415857 2680132.95418596 47.9506080076862 -436.335697932171 1.5625 16.2340577666022 -70721573.3592854
159292.96875 -5799140.20043426 2679468.77857262 58.217293893503 -414.058154041879 1.5625 15.1800850307251 -64186731.8596741
159294.53125 -5799041.65543215 2678838.28229225 67.8111716582497 -393.202383717415 1.5625 14.2188801836509 -58571074.1218052
159296.09375 -5798928.62315624 2678239.35086416 76.7662236944786 -373.634097422911 1.5625 13.3395547581728 -53733152.3870145
159297.65625 -5798802.0785551 2677670.06737591 85.1113949193012 -355.234387228448 1.5625 12.5325868169682 -49555126.7993931
159299.21875 -5798662.95477259 2677128.68982952 92.8713753439069 -337.898005628142 1.5625 11.7896468655492 -45938368.056099
159300.78125 -5798512.14922563 2676613.63097852 100.06732118829 -321.531890273621 1.5625 11.1034530352256 -42799941.6109296
159302.34375 -5798350.52859548 2676123.44030806 106.71752603735 -306.053889089485 1.5625 10.4676496619811 -40069787.9833887
159303.90625 -5798178.93280435 2675656.78787628 112.838049305929 -291.391646679734 1.5625 9.87670416081763 -37688455.6834802
159305.46875 -5797998.17804097 2675212.44979177 118.443305393565 -277.481618659124 1.5625 9.32581781925756 -35605275.1337228
159307.03125 -5797809.05889619 2674789.29514984 123.546613456599 -264.268185795474 1.5625 8.81084684592196 -33776886.1850785
159308.59375 -5797612.34967201 2674386.27429031 128.160704831014 -251.702844798982 1.5625 8.32823073110226 -32166050.2126587
159310.15625 -5797408.80493421 2674002.40827213 132.298182941641 -239.743457337675 1.5625 7.87492570782279 -30740691.7347246
159311.71875 -5797199.15938759 2673636.77948528 135.971929156693 -228.353543415749 3.125 7.44834182856318 -29473125.1063209
159313.28125 -5796984.12716397 2673288.52333847 139.195447577787 -217.501609580219 3.125 7.04628286434767 -28339429.9468219
159314.84375 -5796764.40062339 2672956.82097331 141.983142221707 -207.1605064267 3.125 6.66688884996841 -27318945.2431568
159316.40625 -5796540.64877864 2672640.89296082 144.350521404032 -197.306813432408 3.125 6.30858160064756 -26393857.0621357
159317.96875 -5796313.51545934 2672339.99393743 146.314326250266 -187.920252120856 3.125 5.97001387575983 -25548858.9187095
159319.53125 -5796083.6173351 2672053.40813366 147.892582939193 -178.983130841646 3.125 5.65002304159658 -24770867.3859699
159321.09375 -5795851.54191501 2671780.44574265 149.104581272917 -170.4798259502 3.125 5.34759008301073 -24048778.7006315
159322.65625 -5795617.84563482 2671520.44006731 149.970785187571 -162.39630486908 3.125 5.06180464952327 -23373255.0287079
159324.21875 -5795383.05213171 2671272.74537643 150.512683589363 -154.719696436928 3.125 4.79183653100005 -22736531.7485016
159325.78125 -5795147.65079203 2671036.73539207 150.752592177882 -147.437913194919 3.125 4.5369135928422 -22132239.5665056
159327.34375 -5794912.09563899 2670811.80232427 150.713418517263 -140.539328964794 3.125 4.2963058193345 -21555237.457302
159328.90625 -5794676.80460773 2670597.35636516 150.418403428112 -134.012513412167 3.125 4.06931477315077 -21001454.2529245
159330.46875 -5794442.15923434 2670392.82555315 149.890851775119 -127.846023452544 3.125 3.85526752505829 -20467738.153343
159332.03125 -5794208.50476574 2670197.65591998 149.153864972215 -122.0282495281 3.125 3.65351396843491 -19951714.4640612
159333.59375 -5793976.15067899 2670011.31183724 148.230086139472 -116.547313119294 3.125 3.46342641585966 -19451652.4985951
159335.15625 -5793745.37158281 2669833.27648623 147.141466988597 -111.391010478437 3.125 3.28440046707028 -18966342.851777
159336.71875 -5793516.40846171 2669663.05238347 145.909063373241 -106.546796560018 3.125 3.1158563120189 -18494986.2196611
159338.28125 -5793289.47021399 2669500.1619043 144.55286420154 -102.001802507718 3.125 2.95723985402737 -18037094.6918351
159339.84375 -5793064.73542924 2669344.14775729 143.091656236943 -97.7428798332418 3.125 2.80802327069863 -17592406.0563229
159341.40625 -5792842.35434855 2669194.57337328 141.542925342331 -93.7566645477323 3.125 2.66770484364122 -17160811.2127736
159342.96875 -5792622.45095116 2669051.02318271 139.922793045329 -90.0296549211342 3.125 2.53580806131795 -16742294.35113
