0 314159000 0 -1178.50671591178 226.10157131437 100 0.00403837820768556 -0
100 314041129.131466 22610.1566467579 -1178.91070529762 226.10155677127 200 0.00404141025122665 -0
300 313805266.121716 67830.4582932259 -1179.71959477804 226.101440229686 400 0.00404748759369891 -0
700 313333054.159743 158270.933111767 -1181.34102892303 226.100855479685 800 0.00405969556009434 -0
1500 312386679.614723 339150.708189051 -1184.59861751988 226.098264399782 1600 0.00408432671930501 -0
3100 310486072.627342 700900.184134838 -1191.1734851457 226.087274168105 1600 0.00413446709951766 -0
4700 308574881.175541 1062625.72812267 -1197.82951758013 226.068300872427 1600 0.00418581191951068 -0
6300 306652973.844279 1424314.33061302 -1204.56866509547 226.041046534405 1600 0.00423840321949728 -0
7900 304720216.044052 1785952.4946394 -1211.39294600535 226.005199729474 1600 0.00429228497528435 -0
9500 302776469.899546 2147526.21370986 -1218.3044497945 225.960434848311 1600 0.00434750320931273 -0
11100 300821594.133142 2509020.94848842 -1225.30534042791 225.906411309838 1600 0.00440410610935003 -0
12700 298855443.942972 2870421.60217617 -1232.3978598516 225.842772722041 1600 0.00446214415545375 -0
14300 296877870.875213 3231712.49450524 -1239.58433169843 225.769145986571 1600 0.00452167025587946 -0
15900 294888722.690279 3592877.33425219 -1246.86716521341 225.685140342692 1600 0.0045827398926722 -0
17500 292887843.222542 3953899.19017009 -1254.24885941396 225.590346345782 1600 0.00464541127774954 -0
19100 290875072.23321 4314760.4602303 -1261.73200750223 225.484334775131 1600 0.0047097455203617 -0
20700 288850245.255911 4675442.83905645 -1269.31930154768 225.366655465292 1600 0.00477580680690076 -0
22300 286813193.434577 5035927.28342321 -1277.01353745988 225.236836054726 1600 0.00484366259412594 -0
23900 284763743.35311 5396193.97568226 -1284.81762027316 225.094380644869 1600 0.0049133838169782 -0
25500 282701716.856333 5756222.28496606 -1292.73456976661 224.9387683621 1600 0.0049850451122754 -0
27100 280626930.861667 6115990.72600773 -1300.76752644496 224.769451814355 1600 0.00505872505971066 -0
28700 278539197.160922 6475476.91540115 -1308.91975790835 224.585855433346 1600 0.00513450644172318 -0
30300 276438322.211579 6834657.52511062 -1317.19466564121 224.387373692404 1600 0.0052124765239747 -0
31900 274324106.916838 7193508.23302228 -1325.59579225364 224.173369189014 1600 0.00529272735834759 -0
33500 272196346.393704 7552003.67031134 -1334.12682921133 223.943170579957 1600 0.00537535611058614 -0
35100 270054829.728282 7910117.36537895 -1342.79162509395 223.696070355758 1600 0.00546046541493209 -0
36700 267899339.717416 8267821.6840898 -1351.59419442519 223.43132243973 1600 0.00554816375836428 -0
38300 265729652.595696 8625087.76601721 -1360.53872712236 223.148139595377 1600 0.00563856589734237 -0
39900 263545537.746831 8981885.45637494 -1369.62959861771 222.845690624152 1600 0.00573179331028197 -0
41500 261346757.398245 9338183.2332844 -1378.87138070893 222.523097333633 1600 0.00582797468935782 -0
43100 259133066.297686 9693948.12999279 -1388.2688532023 222.179431253994 1600 0.00592724647564834 -0
44700 256904211.370528 10049145.65162 -1397.82701641794 221.813710078149 1600 0.00602975344210719 -0
46300 254659931.356326 10403739.6859706 -1407.55110463428 221.424893798217 1600 0.00613564932938235 -0
47900 252399956.423049 10757692.407901 -1417.44660055668 221.011880507771 1600 0.00624509754011091 -0
49500 250124007.757283 11110964.1766807 -1427.5192509041 220.573501835819 1600 0.00635827189800859 -0
51100 247831797.128535 11463513.4257277 -1437.7750832181 220.108517974438 1600 0.00647535747886083 -0
52700 245523026.425581 11815296.5440358 -1448.22042400968 219.615612257414 1600 0.00659655152142124 -0
53500 244362335.063856 11990886.5854832 -1453.51622366259 219.358254783601 1600 0.00665875442283558 -0
54300 243197387.162572 12166267.7485238 -1458.86191837141 219.093385242255 1600 0.00672206442725513 -0
55100 242028142.453613 12341433.948327 -1464.25839203258 218.82081470814 1600 0.00678651007183227 -0
55900 240854559.952731 12516378.9465311 -1469.70655120205 218.540348241017 1600 0.0068521208597239 -0
56700 239676597.941114 12691096.346338 -1475.20732585785 218.251784649069 1600 0.00691892730068603 -0
57500 238494213.946337 12865579.5874131 -1480.76167019448 217.954916241151 1600 0.00698696095371056 -0
58300 237307364.722659 13039821.940583 -1486.37056345081 217.649528567271 1600 0.00705625447182421 -0
59100 236116006.230642 13213816.5023209 -1492.03501077301 217.335400146618 1600 0.0071268416491777 -0
59900 234920093.616069 13387556.1890081 -1497.75604411453 217.012302182456 1600 0.0071987574705616 -0
60700 233719581.188128 13561033.730963 -1503.53472317473 216.679998263135 1600 0.00727203816349504 -0
61500 232514422.396821 13734241.6662249 -1509.37213637845 216.338244048429 1600 0.00734672125304323 -0
62300 231304569.809584 13907172.33408 -1515.26940189844 215.986786940346 1600 0.00742284561953072 -0
63100 230089975.087059 14079817.8683185 -1521.22766872298 215.625365737523 1600 0.00750045155932898 -0
63900 228870588.958002 14252170.1902077 -1527.24811777111 215.25371027224 1600 0.00757958084890949 -0
64700 227646361.193274 14424221.0011679 -1533.33196305792 214.871541029025 1600 0.00766027681236723 -0
65500 226417240.578881 14595961.7751348 -1539.48045291274 214.478568743758 1600 0.00774258439263407 -0
66300 225183174.888019 14767383.7505934 -1545.69487125287 214.074493982101 1600 0.00782655022661752 -0
67100 223944110.852071 14938477.9222663 -1551.9765389162 213.659006696015 1600 0.0079122227245177 -0
67900 222699994.130521 15109235.0324374 -1558.32681505568 213.231785757003 1600 0.00799965215359358 -0
68700 221450769.279716 15279645.5618925 -1564.74709859923 212.792498464675 1600 0.00808889072667036 -0
69500 220196379.720449 15449699.7204567 -1571.2388297788 212.340800029078 1600 0.00817999269570119 -0
70300 218936767.704269 15619387.4371067 -1577.80349173243 211.876333025163 1600 0.00827301445072048 -0
71100 217671874.278498 15788698.3496341 -1584.44261218342 211.398726817625 1600 0.00836801462455193 -0
71900 216401639.249862 15957621.7938372 -1591.1577652013 210.907596954215 1600 0.00846505420366204 -0
72700 215126001.146677 16126146.7922134 -1597.95057304909 210.402544525515 1600 0.00856419664558077 -0
73500 213844897.17953 16294262.0421257 -1604.82270812207 209.883155488979 1600 0.00866550800334385 -0
74300 212558263.200364 16461955.903413 -1611.77589498354 209.348999954906 1600 0.00876905705744755 -0
75100 211266033.659894 16629216.3854136 -1618.8119125032 208.799631431827 1600 0.00887491545584575 -0
75900 209968141.563272 16796031.1333673 -1625.93259610458 208.234586028596 1600 0.00898315786256252 -0
76700 208664518.423905 16962387.4141614 -1633.139840128 207.653381610249 1600 0.00909386211553965 -0
77500 207355094.215338 17128272.1013817 -1640.43560031621 207.055516904515 1600 0.00920710939439036 -0
78300 206039797.321092 17293671.6596276 -1647.82189643056 206.440470555548 800 0.00932298439878561 -0
79100 204718554.482359 17458572.1280479 -1655.3008150055 205.807700121249 800 0.00944157553826139 -0
79900 203391290.743432 17622959.1030513 -1662.87451225066 205.156641010199 800 0.00956297513430175 -0
80700 202057929.394751 17786817.7201398 -1670.5452171096 204.486705353937 800 0.00968727963562613 -0
81500 200718391.913439 17950132.6348133 -1678.3152344856 203.797280809959 800 0.00981458984769005 -0
82300 199372597.901184 18112888.002487 -1686.18694864536 203.087729290414 800 0.00994501117749673 -0
83100 198020465.019325 18275067.4573597 -1694.16282681237 202.357385611093 800 0.0100786538949146 -0
83900 196661908.92098 18436654.090169 -1702.24542296266 201.605556054812 800 0.0102156334118026 -0
84700 195296843.180055 18597630.4247588 -1710.4373818366 200.831516842805 800 0.0103560705803628 -0
85500 193925179.216952 18757978.3933864 -1718.74144318143 200.034512507207 800 0.0105000920122712 -0
86300 192546826.220787 18917679.3106849 -1727.16044624062 199.213754157067 800 0.0106478304202787 -0
87100 191161691.067904 19076713.8461934 -1735.69733450709 198.368417629704 800 0.0107994249841347 -0
87900 189769678.236487 19235061.9953588 -1744.35516075902 197.49764151848 800 0.0109550217428616 -0
88700 188370689.717012 19392703.048908 -1753.13709239847 196.600525067233 800 0.0111147740155988 -0
89500 186964624.918309 19549615.5604784 -1762.04641711446 195.676125920771 800 0.0112788428534553 -0
90300 185551380.568949 19705777.3123874 -1771.08654889447 194.723457719818 800 0.0114473975250449 -0
91100 184130850.613681 19861165.2794114 -1780.26103440985 193.741487527731 800 0.0116206160386438 -0
91900 182702926.104591 20015755.5904345 -1789.57355980321 192.729133075123 800 0.0117986857042069 -0
92700 181267495.086674 20169523.487815 -1799.02795790814 191.685259807185 800 0.0119818037388075 -0
93500 179824442.477435 20322443.2843049 -1808.62821593441 190.608677717054 800 0.0121701779194285 -0
94300 178373649.940149 20474488.3173454 -1818.37848365451 189.498137946922 800 0.0123640272874471 -0
95100 176914995.750358 20625630.9005426 -1828.2830821311 188.352329136807 800 0.0125635829096087 -0
95900 175448354.655157 20775842.272115 -1838.34651302809 187.169873498848 800 0.0127690887007987 -0
96700 173973597.724772 20925092.5400818 -1848.5734685524 185.949322592789 800 0.0129808023144961 -0
97500 172490592.195935 21073350.6239441 -1858.96884207762 184.689152775792 800 0.0131989961074351 -0
98300 170999201.306447 21220584.1925846 -1869.53773950596 183.387760296914 800 0.0134239581857263 -0
99100 169499284.120351 21366759.5980916 -1880.28549143004 182.043456003487 800 0.0136559935405061 -0
99900 167990695.343028 21511841.8051791 -1891.21766616232 180.654459623121 800 0.0138954252820991 -0
100700 166473285.125495 21655794.3158514 -1902.3400837065 179.218893581106 800 0.0141425959827206 -0
101500 164946898.85713 21798579.0889189 -1913.65883075305 177.734776308619 800 0.0143978691389189 -0
102300 163411376.945951 21940156.4539425 -1925.18027678885 176.200014992116 800 0.0146616307662888 -0
103100 161866554.585535 22080485.0191347 -1936.91109142088 174.612397708759 800 0.0149342911404989 -0
103900 160312261.50756 22219521.5727029 -1948.85826302382 172.969584886337 800 0.0152162867003928 -0
104700 158748321.718848 22357220.9770689 -1961.02911883351 171.26910001906 800 0.0155080821308795 -0
105500 157174553.221717 22493536.0553371 -1973.43134662116 169.50831956247 800 0.0158101726455626 -0
106300 155590767.716317 22628417.4693223 -1986.07301809809 167.68446192154 800 0.0161230864916078 -0
107100 153996770.283485 22761813.5883741 -1998.96261421744 165.794575435602 800 0.0164473877022716 -0
107900 152392359.046542 22893670.3481508 -2012.10905255799 163.835525251845 800 0.0167836791258676 -0
108700 150777324.81029 23023931.0984093 -2025.52171699659 161.803978965572 800 0.017132605763807 -0
109500 149151450.675265 23152536.4387673 -2039.21048989979 159.696390889875 800 0.0174948584547915 -0
110300 147514511.625159 23279424.0412825 -2053.18578709231 157.508984799645 800 0.0178711779473753 -0
111100 145866274.085051 23404528.4585591 -2067.45859589128 155.237734974415 800 0.0182623594090537 -0
111500 145037842.932972 23466390.6166475 -2074.71016706532 154.069337312143 800 0.0184637879678963 -0
111900 144206495.44782 23527780.9159206 -2082.04051652858 152.878345341754 800 0.0186692574269514 -0
112300 143372199.809083 23588690.2027002 -2089.45119748933 151.664176041583 800 0.0188788848051205 -0
112700 142534923.566185 23649109.0861477 -2096.94380733464 150.426226491893 800 0.019092791563105 -0
113100 141694633.620485 23709027.9301355 -2104.51998927694 149.163873021931 800 0.0193111038125419 -0
113500 140851296.206607 23768436.8447688 -2112.18143407659 147.876470312745 800 0.0195339525369232 -0
113900 140004876.873061 23827325.6775389 -2119.92988184486 146.563350453079 800 0.0197614738250752 -0
114300 139155340.46213 23885684.0040895 -2127.76712393157 145.22382194545 800 0.0199938091180306 -0
114700 138302651.088982 23943501.1185744 -2135.69500490237 143.857168659306 800 0.0202311054701903 -0
115100 137446772.119971 24000766.0235858 -2143.71542461063 142.462648727957 800 0.0204735158257391 -0
115500 136587666.150091 24057467.4196291 -2151.83034036935 141.039493385711 800 0.0207211993113584 -0
115900 135725294.979544 24113593.6941204 -2160.04176922895 139.586905741411 800 0.0209743215463538 -0
116300 134859619.589364 24169132.9098796 -2168.35179036702 138.104059484261 800 0.0212330549714106 -0
116700 133990600.116077 24224072.7930922 -2176.76254759675 136.59009751755 800 0.0214975791972816 -0
117100 133118195.825315 24278400.7207082 -2185.27625200089 135.044130515529 800 0.0217680813748194 -0
117500 132242365.084368 24332103.7072491 -2193.89518469897 133.465235398358 800 0.0220447565878785 -0
117900 131363065.333586 24385168.3909862 -2202.62169975576 131.852453719636 800 0.0223278082707381 -0
118300 130480253.056599 24437581.0194564 -2211.45822723952 130.204789960606 800 0.0226174486518336 -0
118700 129593883.749274 24489327.4342754 -2220.40727643949 128.521209724678 800 0.0229138992257325 -0
119100 128703911.887357 24540393.0552079 -2229.47143925228 126.80063782539 800 0.0232173912554561 -0
119500 127810290.892723 24590762.8634502 -2238.65339374795 125.041956260398 800 0.0235281663074258 -0
119900 126912973.098161 24640421.3840788 -2247.95590792728 123.244002063487 800 0.0238464768215094 -0
120300 126011909.710616 24689352.6676133 -2257.38184368216 121.405565025935 800 0.02417258671886 -0
120700 125107050.772809 24737540.2706408 -2266.93416097269 119.525385277864 800 0.0245067720504727 -0
121100 124198345.123128 24784967.2354426 -2276.61592223483 117.602150719425 800 0.0248493216896505 -0
121500 123285740.353724 24831616.0685618 -2286.43029703408 115.634494290821 800 0.025200538071851 -0
121900 122369182.76668 24877468.718245 -2296.38056698152 113.620991069232 800 0.0255607379857048 -0
122300 121448617.328163 24922506.5506851 -2306.47013092992 111.560155179701 800 0.0259302534193438 -0
122700 120523987.620441 24966710.3249903 -2316.70251046918 109.450436505896 400 0.0263094324665594 -0
123100 119595235.791635 25010060.1667934 -2327.08135574158 107.290217185458 400 0.0266986402977386 -0
123500 118662302.503077 25052535.5404142 -2337.6104515992 105.077807873267 400 0.0270982602009905 -0
123900 117725126.874138 25094115.2194781 -2348.29372412776 102.811443754495 400 0.0275086946993999 -0
124300 116783646.42436 25134777.2558856 -2359.13524756283 100.489280287642 400 0.0279303667509179 -0
124700 115837797.012745 25174498.9470224 -2370.13925162679 98.1093886559759 400 0.0283637210380395 -0
125100 114887512.77402 25213256.8010873 -2381.31012931726 95.6697509037689 400 0.0288092253551292 -0
125500 113932726.051687 25251026.5004076 -2392.65244518017 93.1682547315286 400 0.0292673721020455 -0
125900 112973367.327663 25287782.8625994 -2404.1709441038 90.6026879219751 400 0.0297386798935939 -0
126300 112009365.148291 25323499.7994198 -2415.87056067299 87.9707323658027 400 0.0302236952953246 -0
126700 111040646.046494 25358150.2731432 -2427.75642912633 85.2699576532622 400 0.0307229946972804 -0
127100 110067134.459811 25391706.2502816 -2439.83389396305 82.4978141942605 400 0.0312371863385318 -0
127500 109088752.644057 25424138.6524519 -2452.10852125024 79.6516258259628 400 0.0317669124967066 -0
127900 108105420.58231 25455417.3041763 -2464.58611068618 76.7285818627516 400 0.0323128518582587 -0
128300 107117055.888909 25485510.8773823 -2477.27270848006 73.7257285387857 400 0.0328757220869501 -0
128700 106123573.708129 25514386.8323503 -2490.17462111469 70.6399597882612 400 0.0334562826099608 -0
129100 105124886.607161 25542011.3548299 -2503.29843006469 67.4680073027263 400 0.0340553376432303 -0
129500 104120904.463002 25568349.2890241 -2516.65100754969 64.2064297983611 400 0.0346737394800963 -0
129900 103111534.342817 25593364.0661094 -2530.23953341013 60.851601418919 400 0.0353123920700876 -0
130300 102096680.377317 25617017.6279317 -2544.07151320138 57.3996991919227 400 0.035972254917872 -0
130700 101076243.626634 25639270.3454792 -2558.15479761201 53.8466894465936 400 0.0366543473359359 -0
131100 100050121.93815 25660080.9316985 -2572.49760332237 50.1883130917324 400 0.0373597530886228 -0
131500 99018209.7956626 25679406.3481756 -2587.10853543187 46.4200696401938 400 0.0380896254697606 -0
131900 97980398.1592546 25697201.7051539 -2601.99661159654 42.5371998535124 400 0.0388451928613626 -0
132300 96936574.2951337 25713420.1543123 -2617.17128803358 38.5346668654411 400 0.0396277648268661 -0
132700 95886621.5946703 25728012.7736615 -2632.64248756624 34.4071356263679 400 0.0404387387992218 -0
133100 94830419.3817776 25740928.4438532 -2648.42062990148 30.1489504915233 400 0.041279607431984 -0
133500 93767842.7076981 25752113.7151211 -2664.51666435382 25.7541107541876 400 0.0421519666905465 -0
133900 92698762.1321736 25761512.6639867 -2680.942105253 21.2162439003821 400 0.043057524771017 -0
134300 91623043.4898702 25769066.7387703 -2697.70907029978 16.5285763332744 400 0.0439981119461405 -0
134700 90540547.6408239 25774714.5928387 -2714.83032216504 11.6839012831941 400 0.0449756914514519 -0
135100 89451130.2035427 25778391.9044014 -2732.31931366188 6.67454358206915 400 0.0459923715407714 -0
135500 88354641.2692657 25780031.1815294 -2750.19023685941 1.49232093846533 400 0.0470504188586411 -0
135900 87250925.0957185 25779561.550916 -2768.45807655208 -3.8714986996901 400 0.0481522732987988 -0
136300 86139819.7785349 25776908.5287238 -2787.13866854884 -9.42624416431254 400 0.0493005645428405 -0
136700 85021156.898312 25771993.7716585 -2806.24876330476 -15.181893003509 400 0.050498130502505 -0
137100 83894761.1410475 25764734.8061854 -2825.80609548406 -21.1491289463973 400 0.0517480379233251 -0
137300 83328606.6626968 25760199.2708806 -2835.75830540325 -24.2156393765307 400 0.0523936462312576 -0
137500 82760449.8894018 25755044.7335063 -2845.82946011609 -27.3394055940236 400 0.0530536054477711 -0
137700 82190266.7805887 25749259.5874806 -2856.02208838237 -30.521991192501 400 0.0537283740047821 -0
137900 81618032.7822666 25742831.9078078 -2866.3387961147 -33.7650171502011 400 0.054418429483064 -0
138100 81043722.811292 25735749.4393371 -2876.78226945121 -37.0701644909563 400 0.0551242696029004 -0
138300 80467311.2390039 25727999.584476 -2887.35527797949 -40.4391770948574 400 0.0558464132760115 -0
138500 79888771.874198 25719569.3903238 -2898.06067812067 -43.8738646685282 400 0.0565854017231738 -0
138700 79308077.9454079 25710445.5351958 -2908.90141668302 -47.3761058856983 400 0.0573417996623177 -0
138900 78725202.0824574 25700614.3145004 -2919.88053459541 -50.9478517095865 400 0.0581161965722868 -0
139100 78140116.2972469 25690061.6259333 -2931.00117083122 -54.5911289095105 400 0.0589092080378804 -0
139300 77552791.9637357 25678772.953947 -2942.26656653451 -58.3080437851116 400 0.0597214771822749 -0
139500 76963199.7970772 25666733.353454 -2953.68006936073 -62.1007861126541 400 0.0605536761934512 -0
139700 76371309.831864 25653927.4327175 -2965.24513804537 -65.9716333290205 400 0.0614065079518205 -0
139900 75777091.3994347 25640339.3353796 -2976.96534721474 -69.9229549702926 400 0.0622807077668816 -0
140100 75180513.1041936 25625952.7215748 -2988.84439245426 -73.9572173831958 400 0.0631770452314289 -0
140300 74581542.7988889 25610750.748073 -3000.88609565058 -78.0769887292007 400 0.0640963262025988 -0
140500 73980147.5587946 25594716.0473896 -3013.09441062537 -82.284944302733 400 0.0650393949198793 -0
140700 73376293.6547342 25577830.7057998 -3025.47342907945 -86.5838721867637 400 0.0660071362711352 -0
140900 72769946.524883 25560076.2401847 -3038.02738686798 -90.9766792710391 400 0.0670004782187235 -0
141100 72161070.7452806 25541433.5736362 -3050.76067062847 -95.4663976604018 400 0.0680203943989015 -0
141300 71549629.9989804 25521883.0097386 -3063.67782478527 -100.056191503051 400 0.0690679069089783 -0
141500 70935587.0437585 25501404.2054392 -3076.78355895615 -104.749364271236 400 0.0701440892980424 -0
141700 70318903.678299 25479976.1424154 -3090.08275578832 -109.549366529775 400 0.0712500697786272 -0
141900 69699540.7067661 25457577.0968358 -3103.58047925376 -114.459804231004 400 0.0723870346783759 -0
142100 69077457.9016693 25434184.607406 -3117.28198343567 -119.484447578294 400 0.0735562321526485 -0
142300 68452613.964919 25409775.4415816 -3131.19272184096 -124.627240504148 400 0.0747589761811166 -0
142500 67824966.4869635 25384325.559819 -3145.31835727613 -129.892310813249 200 0.0759966508737158 -0
142700 67194471.903892 25357810.0777279 -3159.66477232723 -135.283981045549 200 0.0772707151139354 -0
142900 66561085.4523767 25330203.2259728 -3174.23808048784 -140.806780119817 200 0.0785827075703182 -0
143100 65924761.1223211 25301478.3077631 -3189.04463798285 -146.465455823888 200 0.0799342521102917 -0
143300 65285451.6070697 25271607.6537545 -3204.09105633987 -152.264988224405 200 0.0813270636540745 -0
143500 64643108.2510234 25240562.5741694 -3219.38421576452 -158.21060407605 200 0.0827629545104684 -0
143700 63997680.994495 25208313.3079285 -3234.93127938078 -164.307792318344 200 0.0842438412409012 -0
143900 63349118.3156246 25174828.9685667 -3250.73970840309 -170.562320757059 200 0.0857717521032088 -0
144100 62697367.1691611 25140077.4866844 -3266.81727831266 -176.980254037335 200 0.0873488351324024 -0
144300 62042372.9219015 25104025.5486666 -3283.17209611718 -183.567973026784 200 0.0889773669221572 -0
144500 61384079.2845634 25066638.5313721 -3299.81261878019 -190.332195739423 200 0.090659762178082 -0
144700 60722428.2398457 25027880.4324732 -3316.74767291444 -197.279999945324 200 0.0923985841220988 -0
144900 60057359.9664169 24987713.7960907 -3333.98647584234 -204.418847626683 200 0.0941965558366331 -0
145100 59388812.7585448 24946099.6333391 -3351.53865813627 -211.756611458712 200 0.0960565726479252 -0
145300 58716722.9410595 24902997.3373561 -3369.41428776249 -219.30160351379 200 0.0979817156598328 -0
145500 58041024.7793171 24858364.5923511 -3387.6238959641 -227.062606409787 200 0.0999752665632083 -0
145700 57361650.3837996 24812157.2761593 -3406.17850503185 -235.04890714898 200 0.102040723861557 -0
145900 56678529.608959 24764329.3557365 -3425.08965812645 -243.270333922731 200 0.104181820671524 -0
146100 55991589.9458764 24714832.7749701 -3444.36945133214 -251.737296189744 200 0.106402544277159 -0
146300 55300756.4082718 24663617.33412 -3464.03056813963 -260.460828372797 200 0.108707157640275 -0
146500 54605951.4113554 24610630.5601257 -3484.08631657691 -269.452637560935 200 0.111100223096066 -0
146700 53907094.6429684 24555817.5669362 -3504.55066922883 -278.725155652176 200 0.113586628494016 -0
146900 53204102.9264095 24499120.904928 -3525.43830641179 -288.291596426564 200 0.116171616079715 -0
147100 52496890.0742858 24440480.3983694 -3546.76466279808 -298.166018102154 200 0.118860814454322 -0
147300 51785366.7326678 24379832.9697736 -3568.54597781605 -308.363391998341 200 0.12166027399601 -0
147500 51069440.2147565 24317112.449851 -3590.79935018775 -318.899678013559 200 0.124576506182956 -0
147700 50349014.323196 24252249.3716181 -3613.54279700522 -329.791907719354 200 0.127616527321697 -0
147900 49623989.160081 24185170.7470508 -3636.79531779143 -341.0582759825 200 0.130787907259551 -0
148100 48894260.9236116 24115799.8244755 -3660.57696404198 -352.718242153559 200 0.134098823747365 -0
148300 48159721.6902473 24044055.8246684 -3684.90891479982 -364.792642007187 200 0.137558123221407 -0
148500 47420259.1810909 23969853.6533797 -3709.81355887893 -377.303811790157 200 0.141175388893747 -0
148700 46675756.5111074 23893103.5877101 -3735.31458442446 -390.275725931822 200 0.144961017182447 -0
148900 45926091.9196328 23813710.9334322 -3761.43707657724 -403.734150203838 200 0.148926303680595 -0
149100 45171138.4804692 23731575.6499656 -3788.20762410181 -417.706812387701 200 0.153083540061962 -0
149200 44791637.2897527 23689446.6973255 -3801.84466722376 -424.895230554881 200 0.155238279626625 -0
149300 44410763.7896339 23646591.9392265 -3815.65443593301 -432.223592820524 200 0.15744612355762 -0
149400 44028500.5185075 23602997.1772637 -3829.64073042344 -439.696005532428 200 0.159708939582633 -0
149500 43644829.628894 23558647.7943343 -3843.80746875201 -447.316737607043 200 0.162028680917159 -0
149600 43259732.875421 23513528.7379791 -3858.15869151305 -455.090228659583 200 0.164407391092769 -0
149700 42873191.6023269 23467624.5028851 -3872.69856673566 -463.021097626614 200 0.166847209110369 -0
149800 42485186.7304623 23420919.1125006 -3887.43139501633 -471.114151916231 200 0.169350374943902 -0
149900 42095698.7437669 23373396.0997071 -3902.36161489983 -479.374397123789 200 0.171919235422207 -0
150000 41704707.6751945 23325038.4864899 -3917.49380852198 -487.807047354347 200 0.174556250519247 -0
150100 41312193.0920603 23275828.7625439 -3932.83270752903 -496.417536196376 200 0.177264000085688 -0
150200 40918134.0807816 23225748.8627476 -3948.38319928892 -505.211528395115 200 0.180045191057842 -0
150300 40522509.2309829 23174780.1434326 -3964.15033341078 -514.194932278039 200 0.182902665183353 -0
150400 40125296.6189316 23122903.3573708 -3980.13932859023 -523.373912989489 200 0.185839407306698 -0
150500 39726473.7902732 23070098.6273949 -3996.35557979852 -532.754906596455 200 0.188858554261694 -0
150600 39326017.7420293 23016345.4185621 -4012.80466583532 -542.344635133005 200 0.191963404422745 -0
150700 38923904.9038209 22961622.508763 -4029.49235726554 -552.150122656866 200 0.19515742797157 -0
150800 38520111.1182785 22905907.9576718 -4046.42462476226 -562.178712398289 200 0.198444277941785 -0
150900 38114611.6205962 22849179.0739223 -4063.60764787868 -572.438085088658 200 0.201827802109877 -0
151000 37707381.0171863 22791412.3803889 -4081.04782427388 -582.936278564346 200 0.205312055808023 -0
151100 37298393.2633876 22732583.5774388 -4098.75177941797 -593.681708750252 200 0.208901315741915 -0
151200 36887621.640178 22672667.5040124 -4116.72637680438 -604.683192137283 200 0.212600094905263 -0
151300 36475038.7298395 22611638.0963757 -4134.97872869786 -615.949969878989 200 0.216413158692269 -0
151400 36060616.3905198 22549468.3443767 -4153.51620744902 -627.491733644576 200 0.220345542320007 -0
151500 35644325.7296337 22486130.2450225 -4172.34645740738 -639.318653379019 100 0.22440256968459 -0
151600 35226137.076041 22421594.7531778 -4191.47740746688 -651.441407135798 100 0.228589873788437 -0
151700 34806019.9509372 22355831.7291696 -4210.91728427937 -663.871213164412 100 0.232913418890905 -0
151800 34383943.0373878 22288809.8830617 -4230.67462617342 -676.619864453221 100 0.237379524551487 -0
151900 33959874.1484338 22220496.715343 -4250.75829781752 -689.699765948727 100 0.241994891753675 -0
152000 33533780.1936923 22150858.4537501 -4271.1775056682 -703.123974695366 100 0.246766631319033 -0
152100 33105627.1443706 22079859.9859192 -4291.94181424563 -716.906243165477 100 0.251702294845045 -0
152200 32675379.9966099 22007464.7875324 -4313.06116328047 -731.061066077849 100 0.256809908427592 -0
152300 32243002.7330695 21933634.8455943 -4334.54588577709 -745.603731035352 100 0.262098009459674 -0
152400 31808458.2826556 21858330.5764394 -4356.40672703951 -760.550373348256 100 0.267575686832884 -0
152500 31371708.4782989 21781510.7380305 -4378.65486470726 -775.918035450348 100 0.27325262490776 -0
152600 30932714.0126747 21703132.3360671 -4401.30192984836 -791.724731360586 100 0.279139151664111 -0
152700 30491434.39176 21623150.5233751 -4424.36002915694 -807.989516694387 100 0.285246291493674 -0
152800 30047827.8861133 21541518.4919941 -4447.8417683015 -824.732564786675 100 0.291585823155856 -0
152900 29601851.4797598 21458187.3573219 -4471.76027646843 -841.97524955434 100 0.298170343484078 -0
153000 29153460.8165614 21373106.0336054 -4496.12923214201 -859.740235799993 100 0.305013337506581 -0
153100 28702610.1439446 21286221.0999984 -4520.96289015752 -878.051577743018 100 0.312129255733114 -0
153200 28249252.253859 21197476.6563173 -4546.27611005777 -896.934826659489 100 0.319533599459467 -0
153300 27793338.4208335 21106814.1675372 -4572.08438577412 -916.417148621229 100 0.327243015057508 -0
153400 27334818.3369976 21014172.295963 -4598.40387664125 -936.527453448141 100 0.335275398351747 -0
153500 26873640.0439348 20919486.7198934 -4625.25143973923 -957.296536129341 100 0.343650010337558 -0
153600 26409749.8612373 20822689.9374607 -4652.64466353573 -978.757232130298 100 0.352387605674497 -0
153700 25943092.3116322 20723711.0541791 -4680.60190277489 -1000.9445881884 100 0.361510575595045 -0
153800 25473610.0425609 20622475.5525657 -4709.14231452574 -1023.89605041196 100 0.371043107109553 -0
153900 25001243.7441006 20518905.0420005 -4738.28589525968 -1047.65167174203 100 0.381011360668256 -0
154000 24525932.0631343 20412916.9867765 -4768.05351877239 -1072.25434111803 100 0.391443668768286 -0
154100 24047611.5136957 20304424.4100381 -4798.46697469644 -1097.75003701332 100 0.402370758376286 -0
154200 23566216.3834488 20193335.5710225 -4829.54900726433 -1124.18810838245 100 0.413826000486086 -0
154300 23081678.6362947 20079553.6126932 -4861.32335387215 -1151.62158649803 100 0.425845690658667 -0
154400 22593927.8111581 19962976.1764812 -4893.81478285715 -1180.10753166058 100 0.438469365013664 -0
154500 22102890.9170639 19843494.9804239 -4927.04912972967 -1209.70741935412 100 0.45174015687659 -0
154600 21608492.3247096 19720995.3565002 -4961.05333088316 -1240.48757110646 100 0.46570520015666 -0
154650 21360008.0086865 19658575.9300606 -4978.35285292659 -1256.34241393696 100 0.472964000619338 -0
154700 21110653.6548165 19595355.7423354 -4995.85545352549 -1272.51963609586 100 0.480416086566113 -0
154750 20860419.0172484 19531318.4290731 -5013.56482181154 -1289.02911465111 100 0.488068688675364 -0
154800 20609293.6638418 19466447.1221539 -5031.48472028033 -1305.88113060543 100 0.495929385011848 -0
154850 20357266.9724904 19400724.4288829 -5049.61898511879 -1323.08638949411 100 0.504006121365057 -0
154900 20104328.1274329 19334132.4102227 -5067.97152635538 -1340.65604323629 100 0.512307232988892 -0
154950 19850466.1155608 19266652.5578999 -5086.54632780647 -1358.60171332817 100 0.520841467853441 -0
155000 19595669.722736 19198265.7703169 -5105.34744678884 -1376.93551547308 100 0.529618011529515 -0
155050 19339927.5301276 19128952.327194 -5124.37901356452 -1395.67008575165 100 0.538646513837385 -0
155100 19083227.9105855 19058691.8628619 -5143.64523048006 -1414.81860844292 100 0.547937117403084 -0
155150 18825559.0250644 18987463.3381199 -5163.15037075725 -1434.39484561686 100 0.557500488278729 -0
155200 18566908.8191186 18915245.0105669 -5182.89877688727 -1454.41316862819 100 0.567347848797696 -0
155250 18307265.0194881 18842014.4033077 -5202.89485857388 -1474.88859165236 100 0.57749101285138 -0
155300 18046615.1307995 18767748.2719283 -5223.14309016453 -1495.83680741624 100 0.587942423791757 -0
155350 17784946.4324105 18692422.5696263 -5243.64800750054 -1517.27422528854 100 0.598715195183252 -0
155400 17522245.9754271 18616012.4103736 -5264.41420410854 -1539.21801190952 100 0.609823154648754 -0
155450 17258500.5799302 18538492.0299811 -5285.44632664573 -1561.68613455404 100 0.621280891078147 -0
155500 16993696.8324498 18459834.7449217 -5306.74906949996 -1584.69740743923 100 0.63310380549375 -0
155550 16727821.083734 18380012.90876 -5328.32716843318 -1608.2715412059 100 0.645308165895873 -0
155600 16460859.4468607 18298997.8660232 -5350.1853931421 -1632.4291958228 100 0.657911166443587 -0
155650 16192797.7957523 18216759.9033359 -5372.32853859386 -1657.19203718444 100 0.670930991361131 -0
155700 15923621.7641577 18133268.1976262 -5394.76141497544 -1682.58279769731 100 0.684386883999549 -0
155750 15653316.745174 18048490.7611968 -5417.48883607483 -1708.62534117468 50 0.698299221526631 -0
155800 15381867.8913943 17962394.3834354 -5440.51560588758 -1735.34473238954 50 0.712689595766465 -0
155850 15109260.115773 17874944.5689245 -5463.84650321498 -1762.76731166542 50 0.727580900763528 -0
155900 14835478.0933172 17786105.4716856 -5487.48626398902 -1790.92077491982 50 0.742997427705822 -0
155950 14560506.2637255 17695839.8252772 -5511.43956102324 -1819.83425961171 50 0.758964967907808 -0
156000 14284328.8351094 17604108.8684363 -5535.71098084825 -1849.53843708569 50 0.775510924627673 -0
156050 14006929.7889554 17510872.2659326 -5560.30499724357 -1880.06561185011 50 0.792664434575509 -0
156100 13728292.8865006 17416088.0242726 -5585.22594102446 -1911.44982837535 50 0.810456500060452 -0
156150 13448401.6767235 17319712.4018633 -5610.47796558118 -1943.72698605187 50 0.828920132826678 -0
156200 13167239.5061767 17221699.8132092 -5636.06500759772 -1976.93496300611 50 0.848090510741681 -0
156250 12884789.530916 17122002.7266811 -5661.99074229685 -2011.11374953621 50 0.86800514862684 -0
156300 12601034.7308206 17020571.555356 -5688.25853246544 -2046.30559199872 50 0.888704084661323 -0
156350 12315957.9266345 16917354.5403824 -5714.87137040773 -2082.55514805361 50 0.910230083947693 -0
156400 12029541.8001075 16812297.6262786 -5741.83181185119 -2119.90965425669 50 0.932628861002852 -0
156450 11741768.9176645 16705344.327521 -5769.14190068823 -2158.41910707803 50 0.955949323133335 -0
156500 11452621.7580935 16596435.5857216 -5796.80308327355 -2198.13645852116 50 0.980243836871417 -0
156550 11162082.74481 16485509.6166323 -5824.81611080796 -2239.11782762196 50 1.00556851989067 -0
156600 10870134.2833344 16372501.7461493 -5853.18092812083 -2281.42272921723 50 1.03198356108863 -0
156650 10576758.8047106 16257344.2344161 -5881.8965469103 -2325.11432149211 50 1.05955357182287 -0
156700 10281938.8156969 16139966.0870453 -5910.96090120646 -2370.25967394148 50 1.08834797161814 -0
156750 9985656.95668063 16020292.8523964 -5940.37068248216 -2416.93005751259 50 1.11844141202757 -0
156800 9687896.0684076 15898246.4037513 -5970.12115143975 -2465.20125883426 50 1.149914242735 -0
156850 9388639.26877561 15773744.705135 -6000.20592304153 -2515.15392057803 50 1.18285302442783 -0
156900 9087870.04112659 15646701.5594191 -6030.61672081535 -2566.87391013867 50 1.21735109345452 -0
156950 8785572.3356861 15517026.3372351 -6061.34309584177 -2620.45271895829 50 1.25350918380621 -0
157000 8481730.68604546 15384623.6851048 -6092.37210510052 -2675.98789494721 50 1.2914361125293 -0
157050 8176330.34286933 15249393.2110688 -6123.68794300383 -2733.5835105657 50 1.3312495352803 -0
157100 7869357.42734391 15111229.1459645 -6155.27151895103 -2793.35066921438 50 1.3730767793709 -0
157150 7560799.10726763 14970019.9783711 -6187.09997257962 -2855.40805262306 50 1.41705576230876 -0
157200 7250643.79913551 14825648.0611036 -6219.14611703302 -2919.8825119083 50 1.46333600450106 -0
157250 6938881.40009058 14677989.1870091 -6251.37779898246 -2986.90970486473 50 1.51207974542818 -0
157275 6782394.85395327 14602886.4208301 -6267.55163159472 -3021.42554534169 50 1.53742990572084 -0
157300 6625503.55423763 14526912.1316308 -6283.75716230076 -3056.63478178322 50 1.56346317318535 -0
157325 6468206.77957404 14450048.7390717 -6299.98862895635 -3092.55716200163 50 1.59020397278711 -0
157350 6310503.95844516 14372278.160569 -6316.23980007717 -3129.21312197289 50 1.61767777769843 -0
157375 6152394.68133787 14293581.793769 -6332.50394095638 -3166.62381169774 50 1.64591115910152 -0
157400 5993878.71377345 14213940.4983654 -6348.77377726599 -3204.8111218805 50 1.67493183833936 -0
157425 5834956.01028105 14133334.5772402 -6365.04145594694 -3243.79771141634 50 1.70476874149289 -0
157450 5675626.72938508 14051743.7569067 -6381.29850317798 -3283.60703567114 50 1.73545205645949 -0
157475 5515891.24968218 13969147.1672366 -6397.53577919659 -3324.26337552939 50 1.76701329260153 -0
157500 5355750.18708958 13885523.3204507 -6413.74342972766 -3365.79186717626 50 1.7994853430263 -0
157525 5195204.41335282 13800850.0893575 -6429.9108337564 -3408.21853256849 50 1.8329025495488 -0
157550 5034255.07590783 13715104.6848209 -6446.02654736191 -3451.57031053548 50 1.86730077037604 -0
157575 4872903.61919954 13628263.6324439 -6462.07824330576 -3495.87508843689 50 1.90271745053578 -0
157600 4711151.80756724 13540302.7484548 -6478.05264604678 -3541.16173428501 50 1.93919169505309 -0
157625 4549001.7498154 13451197.1147853 -6493.93546182861 -3587.46012921974 50 1.97676434485402 -0
157650 4386455.92559787 13360921.0533342 -6509.71130345994 -3634.80120020018 50 2.01547805534657 -0
157675 4223517.21375303 13269448.0994124 -6525.36360937993 -3683.21695274943 50 2.05537737759394 -0
157700 4060188.92273832 13176750.9743707 -6540.87455657138 -3732.74050355772 50 2.09650884195278 -0
157725 3896474.82332375 13082801.557417 -6556.22496685378 -3783.40611271257 50 2.13892104399866 -0
157750 3732379.18371587 12987570.8566342 -6571.39420605555 -3835.24921528312 50 2.18266473250081 -0
157775 3567906.80729713 12891028.9792216 -6586.36007553149 -3888.30645193823 50 2.22779289913743 -0
157800 3403063.07317874 12793145.1009846 -6601.0986954564 -3942.615698223 50 2.27436086955809 -0
157825 3237853.97978031 12693887.4351159 -6615.58437929035 -3998.21609205627 50 2.32242639530169 -0
157850 3072286.19166491 12593223.2003148 -6629.78949877493 -4055.14805894035 50 2.37204974596143 -0
157875 2906367.08987447 12491118.5883123 -6643.6843387836 -4113.45333429285 25 2.4232938008528 -0
157900 2740104.82602821 12387538.7308806 -6657.23694131376 -4173.17498221846 25 2.47622413928154 -0
157925 2573508.38046476 12282447.6664248 -6670.41293787415 -4234.35740993322 25 2.53090912832303 -0
157950 2406587.62472763 12175808.3062795 -6683.17536948907 -4297.04637693468 25 2.58742000680996 -0
157975 2239353.38871389 12067582.4008508 -6695.48449351337 -4361.28899787666 25 2.64583096397478 -0
158000 2071817.53282576 11957730.5057786 -6707.2975764285 -4427.13373795433 25 2.70621921090494 -0
158025 1903993.02548655 11846211.9483211 -6718.56867177496 -4494.63039943329 25 2.7686650426351 -0
158050 1735894.02640277 11732984.7942033 -6729.2483823694 -4563.83009776225 25 2.83325188831635 -0
158075 1567535.97597616 11618005.8152114 -6739.28360596107 -4634.78522549098 25 2.90006634646118 -3.77129073840658e-309
158100 1398935.69128996 11501230.4578614 -6748.61726350408 -4707.54940197079 25 2.96919820175707 -6.63899813732191e-301
158125 1230111.46911379 11382612.8135276 -6757.18800926353 -4782.17740654198 25 3.04074041936418 -1.13901327313664e-292
158150 1061083.19639057 11262105.5904745 -6764.92992204059 -4858.72509260852 25 3.11478911195479 -1.90096592110772e-284
158175 891872.468685337 11139660.0883052 -6771.77217689934 -4937.24927966302 25 3.19144347400561 -3.07313730028453e-276
158200 722502.717089835 11015226.1754194 -6777.63869691399 -5017.8076199523 25 3.27080567701096 -4.79038680319274e-268
158225 552999.344086462 10888752.2701602 -6782.44778463764 -5100.45843606405 25 3.35298071833496 -7.16518037378173e-260
158250 383389.868879947 10760185.3264272 -6786.11173323242 -5185.26052526736 25 3.43807621535843 -1.02305271900198e-251
158275 213704.082702781 10629470.8246447 -6788.53641750721 -5272.27292595352 25 3.52620213539232 -1.38669212477186e-243
158300 43974.2145897288 10496552.7690966 -6789.620865497 -5361.55464099998 25 3.61747045052085 -1.77382524886877e-235
158325 -125764.891904981 10361373.6927737 -6789.2568117017 -5453.16431232171 25 3.71199470510092 -2.12793625292554e-227
158350 -295475.590609343 10223874.6710336 -6787.32823369995 -5547.15984028579 25 3.80988948208248 -2.37799866060849e-219
158375 -465117.232867424 10083995.3455355 -6783.7108745845 -5643.59794105393 25 3.91126975263521 -2.45791436172677e-211
158400 -634645.95559054 9941673.96009572 -6778.27175455172 -5742.53363429513 25 4.01625009178579 -2.33194291979028e-203
158425 -804014.457007165 9796847.41030491 -6770.86867604285 -5844.01965309324 25 4.12494374091385 -2.01439022009372e-195
158450 -973171.760018339 9649451.30896144 -6761.34972810444 -5948.10576728222 25 4.23746149606403 -1.57070302281039e-187
158475 -1142062.96322526 9499420.06959944 -6749.55279713653 -6054.83801090534 25 4.35391039916321 -1.09541341730133e-179
158500 -1310628.97989643 9346687.01063029 -6735.30509295778 -6164.25780405028 25 4.474392207468 -6.7662638979924e-172
158525 -1478806.26538989 9191184.48286292 -6718.42270116269 -6276.40095900739 25 4.5990016150134 -3.66345323175785e-164
158550 -1646526.5338492 9032844.02342198 -6698.71017510143 -6391.29656059373 25 4.72782419863289 -1.71950434979044e-156
158575 -1813716.46535802 8871596.53933538 -6675.96018349671 -6508.96571065464 25 4.86093406045175 -6.91493963618699e-149
158600 -1980297.4051755 8707372.52430627 -6649.95323273392 -6629.42012728648 25 4.99839113884925 -2.35306782174672e-141
158625 -2146185.05719189 8540102.31241003 -6620.45748621791 -6752.66059032675 25 5.14023816102069 -6.6865521698302e-134
158650 -2311289.17434888 8369716.37264914 -6587.22870686124 -6878.6752262552 25 5.28649721278727 -1.56462674830325e-126
158675 -2475513.24946956 8196145.64844301 -6550.01035270658 -7007.43762798559 25 5.43716590560101 -2.97045891013437e-119
158700 -2638754.21074433 8019321.94620429 -6508.53385981071 -7138.90480826213 25 5.59221312723528 -4.50439096541862e-112
158725 -2800902.12702434 7839178.37713404 -6462.5191507046 -7273.01498968028 25 5.7515743719559 -5.36616712205806e-105
158750 -2961839.92908372 7655649.85622597 -6411.67541081654 -7409.68523990838 25 5.9151466585904 -4.93553607906675e-98
158775 -3121443.15411853 7468673.6621713 -6355.70217895981 -7548.8089676694 25 6.08278306142541 -3.44092957510076e-91
158800 -3279579.72194321 7278190.06136331 -6294.29080102516 -7690.25330360915 25 6.25428689980939 -1.78367457487529e-84
158825 -3436109.75260044 7084142.99847273 -6227.12629797856 -7833.85640044409 25 6.42940565817923 -6.7371595158129e-78
158850 -3590885.43638708 6886480.8550586 -6153.88969965157 -7979.4246987994 25 6.60782473925698 -1.81543348380816e-71
158875 -3743750.96856874 6685157.27635109 -6074.26089404474 -8126.73021886462 25 6.78916118939623 -3.41390675089479e-65
158900 -3894542.56224797 6480132.06465206 -5987.92203728033 -8275.50795321606 25 6.97295757611531 -4.37857519857143e-59
158925 -4043088.55388623 6271372.13571276 -5894.56156122556 -8425.4534525022 25 7.15867624280458 -3.74024908072142e-53
158950 -4189209.61676001 6058852.53194535 -5793.87880343253 -8576.22071254532 25 7.34569421279718 -2.0763054226918e-47
158975 -4332719.0980424 5842557.48340326 -5685.58926672813 -8727.42048788787 25 7.53329906194624 -7.30354918262959e-42
159000 -4473423.49511162 5622481.50414846 -5569.43049299907 -8878.619171705 25 7.72068612207635 -1.58632277061476e-36
159012.5 -4542661.59629814 5511027.03767118 -5508.32572566964 -8954.07035581575 25 7.81402099434956 -6.11968101743064e-34
159025 -4611123.08603009 5398630.50798139 -5445.16850716571 -9029.33839364113 25 7.9069574125399 -2.07210250805154e-31
159037.5 -4678782.15814596 5285294.61853779 -5379.93517938893 -9104.35657204306 25 7.99936872474989 -6.13738654054027e-29
159050 -4745612.72719516 5171022.92354885 -5312.60475309579 -9179.05549492929 25 8.09112271909712 -1.58483719248145e-26
159062.5 -4811588.46326431 5055819.86106796 -5243.15914285297 -9253.36315712208 25 8.18208180420543 -3.55591139033485e-24
159075 -4876682.82975436 4939690.78504352 -5171.58340394981 -9327.20503787524 25 8.27210323897436 -6.90904563757411e-22
159087.5 -4940869.12412263 4822641.99607207 -5097.86596957359 -9400.50421501793 25 8.3610394141692 -1.15857497795036e-19
159100 -5004120.5215816 4704680.77059131 -5021.998886379 -9473.18150057617 25 8.44873818800454 -1.6711387446122e-17
159112.5 -5066410.12172164 4585815.38823971 -4943.97804641676 -9545.15559856959 25 8.53504327744446 -2.06649686228491e-15
159125 -5127710.99799887 4466055.15710249 -4863.80341323029 -9616.34328549941 25 8.61979470641226 -2.18350361843127e-13
159137.5 -5187996.25000068 4345410.43655774 -4781.47923978938 -9686.65961383566 25 8.70282931149198 -1.96493326956276e-11
159150 -5247239.05837161 4223892.65743489 -4697.01427580896 -9756.01813857652 25 8.78398130501469 -1.50110960431665e-09
159162.5 -5305412.74225126 4101514.33919769 -4610.42196190558 -9824.33116669291 25 8.86308289466115 -9.70432672837791e-08
159175 -5362490.81904322 3978289.10386841 -4521.72060797711 -9891.51002898822 25 8.93996495788507 -5.29236603612129e-06
159187.5 -5418447.0663014 3854231.68641764 -4430.93355315811 -9957.46537360028 25 9.01445776857865 -0.000242738071244035
159200 -5473255.58548682 3729357.94135546 -4338.08930470812 -10022.1074800531 25 9.08639177246231 -0.00933543163193391
159212.5 -5526890.86731532 3603684.84527589 -4243.22165323262 -10085.3465924274 12.5 9.15559840629109 -0.300179440601671
159225 -5579327.85838412 3477230.49512687 -4146.36976163442 -10147.0932696515 12.5 9.2219109445575 -8.04747302967433
159237.5 -5630542.02872669 3350014.10202322 -4047.57822331037 -10207.2587454759 12.5 9.28516515311416 -179.389265553565
159250 -5680509.43976005 3222055.98085154 -3946.8970495777 -10265.7551971288 25 9.34519632567973 -3316.39357014452
159262.5 -5729206.80963609 3093377.54242308 -3844.38103238218 -10322.4944319339 12.5 9.40178881473728 -50721.7531823562
159268.75 -5753072.14355234 3028775.20705582 -3792.45209550779 -10350.1739984645 12.5 9.42862037270895 -184611.640761619
159275 -5776611.54219288 2964001.38004039 -3740.08195269084 -10377.3667489445 6.25 9.45413099972158 -640263.330598036
159281.25 -5799822.24009831 2899059.23275471 -3687.26563626386 -10404.0243185667 6.25 9.47746508543299 -2115284.20615275
159284.375 -5811303.44046007 2866526.15133921 -3660.68226157208 -10417.1185896526 6.25 9.48771104851358 -3775065.55301786
159287.5 -5822701.3716677 2833952.4424977 -3633.97139701065 -10430.0192886296 3.125 9.49640749410476 -6655128.83697698
159290.625 -5834015.61266819 2801338.78512524 -3607.11710075662 -10442.6747029443 3.125 9.50286978709941 -11588920.2035316
159293.75 -5845245.67649508 2768686.06841304 -3580.09224229278 -10454.9992110633 3.125 9.50631440989645 -19932292.7152436
159296.875 -5856390.96558209 2735995.5279994 -3552.85179346712 -10466.8524084232 3.125 9.50633713113729 -33858227.0640656
159300 -5867450.70087326 2703268.96416418 -3525.32253663084 -10478.0067055331 3.125 9.50448953204108 -56795685.9823133
159301.5625 -5872948.16662095 2686892.9716711 -3511.4153411429 -10483.2151073016 3.125 9.50486511537569 -73210665.7438421
159303.125 -5878423.81109643 2670509.08625742 -3497.3875582703 -10488.0979097116 3.125 9.50872896130496 -94067829.8511449
159304.6875 -5883877.42692141 2654117.87607325 -3483.21399606526 -10492.5761420842 3.125 9.51992435535196 -120476350.900538
159306.25 -5889308.76272618 2637720.04742968 -3468.8633352903 -10496.5512640523 3.125 9.54486908754622 -153794047.207786
159307.8125 -5894717.51257088 2621316.47868939 -3454.29680569357 -10499.9007960891 3.125 9.59395265826734 -195674271.69395
159309.375 -5900103.30311549 2604908.26161658 -3439.46662352025 -10502.4731229709 3.125 9.6835013648815 -248118614.720992
159310.9375 -5905465.67814371 2588496.75156321 -3424.31416244182 -10504.0813621426 3.125 9.83834985037538 -313534899.821696
159312.5 -5910804.08000399 2572083.62803438 -3408.7678327465 -10504.4961935124 1.5625 10.0948249981645 -394799225.114267
159314.0625 -5916117.82749581 2555670.96732785 -3392.74064956693 -10503.4375619527 1.5625 10.5035048442052 -495319743.398137
159315.625 -5921406.08970678 2539261.3290603 -3376.12748152987 -10500.5651934686 1.5625 11.1305770158586 -619098379.306217
159317.1875 -5926667.85530522 2522857.85844859 -3358.80198829246 -10495.467916787 1.5625 12.0564858958908 -770784642.144432
159318.75 -5931901.89682471 2506464.40616951 -3340.61328119611 -10487.6518617665 1.5625 13.3715276021881 -955713004.408913
159320.3125 -5937106.72955803 2490085.6674234 -3321.38237831202 -10476.52772384 1.5625 15.1700037305413 -1179911911.62454
159321.875 -5942280.56482725 2473727.3414083 -3300.89857628522 -10461.3974500672 1.5625 17.5457650106616 -1450068391.76104
159323.4375 -5947421.25763845 2457396.31168824 -3278.91592928252 -10441.4409277931 1.5625 20.5908702015141 -1773427636.58183
159325 -5952526.24909234 2441100.84681151 -3255.15011190294 -10415.7035498411 1.5625 24.3966422360763 -2157602317.39796
159326.5625 -5957592.50443435 2424850.81889432 -3229.27604814313 -10383.0858935922 1.5625 29.0549780186787 -2610262699.16633
159328.125 -5962616.44831738 2408657.93562637 -3200.92680899954 -10342.337177329 1.5625 34.6580433629218 -3138677358.36984
159329.6875 -5967593.89973483 2392535.97819595 -3169.6944080245 -10292.0546197187 1.5625 41.295432363769 -3749077741.99577
159331.25 -5972520.01015829 2376501.03395601 -3135.1332400423 -10230.6912739147 1.5625 49.048580804906 -4445830866.73016
159332.8125 -5977389.20964634 2360571.70834767 -3096.76698575573 -10156.5752468872 1.5625 57.9825626410153 -5230426428.00141
159334.375 -5982195.16698993 2344769.29592998 -3054.09980504926 -10067.9433158412 3.125 68.135592574569 -6100320211.61349
159335.9375 -5986930.77116626 2329117.88583255 -3006.632515511 -9962.99164718057 1.5625 79.5068053594323 -7047725621.33946
159337.5 -5991588.14225 2313644.37333567 -2953.88414807494 -9839.94542136935 1.5625 92.0432620551015 -8058505692.76018
159339.0625 -5996158.6801638 2298378.34765564 -2895.41874738941 -9697.14750700475 1.5625 105.627623604375 -9111378848.74771
159340.625 -6000633.15888257 2283351.82762446 -2830.87653087203 -9533.16384383274 1.5625 120.068434601126 -10177694633.9573
159341.40625 -6002831.35640127 2275938.94826904 -2796.24329510928 -9442.86879744513 1.5625 127.528590116099 -10705053181.875
159342.1875 -6005001.87163134 2268598.82295331 -2760.00758283652 -9346.90000116768 1.5625 135.095313092254 -11222036191.9125
159342.96875 -6007143.44860784 2261335.91159538 -2722.16081601984 -9245.19323525225 1.5625 142.722862095528 -11723425087.4601
159343.75 -6009254.82885248 2254154.71057334 -2682.70527758272 -9137.71990764398 1.5625 150.361345953195 -12203839878.213
159344.53125 -6011334.76016697 2247059.72371254 -2641.65487672514 -9024.48999855055 1.5625 157.957307232809 -12657846405.778
159345.3125 -6013382.0059644 2240055.4311574 -2599.03575557541 -8905.55451269919 1.5625 165.454456468924 -13080075401.15
159346.09375 -6015395.35500255 2233146.25655563 -2554.88670685671 -8781.00732983623 1.5625 172.794545417045 -13465349564.1018
159346.875 -6017373.63136102 2226336.53306415 -2509.25937626284 -8650.98635556081 1.5625 179.918359786965 -13808814026.4621
159347.65625 -6019315.70448538 2219630.46875613 -2462.21822890503 -8515.67389193409 1.5625 186.766804365634 -14106064928.5428
159348.4375 -6021220.49910832 2213032.11206298 -2413.84026634804 -8375.29617004448 1.5625 193.282046776827 -14353270498.764
159349.21875 -6023087.00485034 2206545.31791975 -2364.21448910772 -8230.12201396983 1.5625 199.408680919638 -14547279038.8198
159350 -6024914.28530209 2200173.71529465 -2313.44110862517 -8080.46063607467 1.5625 205.094867894766 -14685708610.3654
159350.78125 -6026701.4863973 2193920.67677097 -2261.63052216509 -7926.65859569053 1.5625 210.293411345535 -14767013988.5859
159351.5625 -6028447.84389928 2187789.29081205 -2208.90207325628 -7769.09598510115 1.5625 214.962725808869 -14790527550.3387
159352.34375 -6030152.68984508 2181782.33727814 -2155.38262864013 -7608.18193647339 1.5625 219.067660870359 -14756472121.957
159353.90625 -6033435.68693741 2170151.18361619 -2046.5063224369 -7278.0505194744 1.5625 225.479664581709 -14520876454.9569
159355.46875 -6036547.22766993 2159042.59925193 -1936.10520946219 -6939.91691980672 1.5625 229.396566374216 -14078558773.8345
159357.03125 -6039485.80400523 2148466.14960131 -1825.29633719689 -6597.54492675914 1.5625 230.808785712536 -13458510091.1601
159358.59375 -6042251.62930206 2138425.55048991 -1715.15778039086 -6254.62942817534 1.5625 229.821642801879 -12696901113.869
159360.15625 -6044846.54091709 2128918.90423591 -1606.68346684741 -5914.63666900841 1.5625 226.636632394333 -11833223494.5245
159360.9375 -6046080.88397068 2124363.7951767 -1553.34926179543 -5746.72505807695 1.5625 224.303032963758 -11375455281.9105
159361.71875 -6047273.84027483 2119939.16058063 -1500.74871412315 -5580.67776158567 1.5625 221.526128435428 -10906674153.6796
159362.5 -6048426.01769668 2115643.41728101 -1448.96907749009 -5416.81400736638 1.5625 218.346489973244 -10431255477.1999
159363.28125 -6049538.08856647 2111474.74466887 -1398.08810295625 -5255.42228786978 1.5625 214.805709453649 -9953243206.01747
159364.0625 -6050610.78222615 2107431.10894024 -1348.17399526635 -5096.75985075061 1.5625 210.945655473517 -9476311587.04649
159364.84375 -6051644.87760401 2103510.28753077 -1299.28552020007 -4941.05271929369 1.5625 206.807808888492 -9003741423.10275
159365.625 -6052641.19592579 2099709.89334755 -1251.47224294822 -4788.49618003138 1.5625 202.432686344054 -8538409486.26824
159366.40625 -6053600.59365632 2096027.39845932 -1204.77487648564 -4639.25567017705 1.5625 197.859355742198 -8082789367.16384
159367.1875 -6054523.9557494 2092460.15695961 -1159.22571883743 -4493.46799594687 1.5625 193.125043672663 -7638961880.34681
159367.96875 -6055412.18926738 2089005.42677111 -1114.8491588187 -4351.24281397671 1.5625 188.264831620467 -7208633106.34361
159368.75 -6056266.21741632 2085660.39021084 -1071.66223110164 -4212.66431132406 1.5625 183.311435276039 -6793158212.01159
159369.53125 -6057086.97402822 2082422.17318502 -1029.67520316387 -4077.79302443635 1.5625 178.295059497319 -6393569327.21889
159370.3125 -6057875.39850931 2079287.86292618 -988.892178645336 -3946.66774345544 1.5625 173.243320346197 -6010605942.69267
159371.09375 -6058632.43126155 2076254.52422468 -949.311703755486 -3819.30745485648 1.5625 168.181225060699 -5644746509.44884
159371.875 -6059359.00957547 2073319.21414096 -910.927365515358 -3695.71328229803 1.5625 163.131200733697 -5296240146.28387
159372.65625 -6060056.06398413 2070478.99521315 -873.728372703152 -3575.87039237416 1.5625 158.113162744808 -4965137584.00212
159373.4375 -6060724.51506174 2067730.94719854 -837.7001123309 -3459.74983846725 1.5625 153.144614541941 -4651320683.17151
159374.21875 -6061365.27064571 2065072.17740558 -802.824676268966 -3347.31032192904 1.5625 148.240771104865 -4354530049.41458
159375 -6061979.22345721 2062499.82968748 -769.081354227028 -3238.49985525614 1.5625 143.4146992685 -4074390432.71955
159375.78125 -6062567.24909284 2060011.09217828 -736.447090682466 -3133.25731671312 1.5625 138.677468978539 -3810433733.67227
159376.5625 -6063130.20435878 2057603.20385897 -704.8969045189 -3031.51388997354 1.5625 134.03831044898 -3562119550.29884
159377.34375 -6063668.92591813 2055273.46004491 -674.404271106683 -2933.19438580776 1.5625 129.504773051003 -3328853285.93958
159378.125 -6064184.22922218 2053019.21688684 -644.941467337656 -2838.21844568306 1.5625 125.0828825643 -3110001903.80572
159378.90625 -6064676.90769716 2050837.89497714 -616.479880735872 -2746.5016294049 1.5625 120.777294147047 -2904907460.37694
159379.6875 -6065147.73215891 2048726.98215035 -588.990284224368 -2657.95639068028 1.5625 116.591439022303 -2712898580.58629
159380.46875 -6065597.45042941 2046684.03556376 -562.44307845581 -2572.49294578608 1.5625 112.527663434066 -2533300055.6971
159381.25 -6066026.78713073 2044706.68313908 -536.808503831786 -2490.02004144274 1.5625 108.587358896368 -2365440752.5515
159382.03125 -6066436.44363338 2042792.62444147 -512.056824461115 -2410.4456285875 1.5625 104.771083150794 -2208660022.90179
159382.8125 -6066827.09813826 2040939.63106656 -488.158486358445 -2333.67744906802 1.5625 101.078671565777 -2062312795.80867
159383.59375 -6067199.40587283 2039145.54660097 -465.084252176744 -2259.62354238978 1.5625 97.5093389635371 -1925773526.34938
159384.375 -6067553.99938419 2037408.2862157 -442.805314714154 -2188.19267959374 1.5625 94.0617720577538 -1798439161.56109
159385.15625 -6067891.48891314 2035725.83594684 -421.29339134888 -2119.29473115427 1.5625 90.7342128313233 -1679731270.6819
159385.9375 -6068212.46283529 2034096.2517125 -400.520801444978 -2052.84097550603 1.5625 87.5245332896973 -1569097472.26729
159386.71875 -6068517.48815666 2032517.65810976 -380.460528645248 -1988.74435445937 1.5625 84.4303020973728 -1466012276.27087
159387.5 -6068807.11105256 2030988.24703099 -361.086269831354 -1926.91968137074 1.5625 81.4488436485876 -1369977445.12597
159388.28125 -6069081.85744006 2029506.27613411 -342.372472391023 -1867.28380751702 1.5625 78.5772901453489 -1280521964.59452
159389.0625 -6069342.23357554 2028070.06719765 -324.294361291765 -1809.75575169386 1.5625 75.8126272601407 -1197201702.83547
159389.84375 -6069588.72666985 2026678.00438735 -306.827957323044 -1754.25679763133 1.5625 73.1517339520374 -1119598824.91065
159390.625 -6069821.80551461 2025328.53245786 -289.950087736405 -1700.71056340278 1.5625 70.5914169859012 -1047321019.81822
159391.40625 -6070041.9211143 2024020.15490996 -273.638390387423 -1649.04304660186 1.5625 68.1284406792854 -980000588.139606
159392.1875 -6070249.50731934 2022751.43212074 -257.87131236533 -1599.18264868249 1.5625 65.7595523707341 -917293430.432137
159392.96875 -6070444.98145621 2021520.97946201 -242.628103986537 -1551.06018149937 1.5625 63.481504070585 -858877969.567711
159393.75 -6070628.74495138 2020327.46541961 -227.888808927189 -1504.60885875531 1.5625 61.2910707207672 -804454034.204837
159394.53125 -6070801.18394617 2019169.60972448 -213.634251177351 -1459.76427475552 1.5625 59.1850654547497 -753741725.406245
159395.3125 -6070962.66990045 2018046.18150466 -199.84601941532 -1416.46437258863 1.5625 57.1603522154002 -706480284.016736
159396.09375 -6071113.56018326 2016955.99746559 -186.50644932443 -1374.64940359956 1.5625 55.2138560546902 -662426972.669782
159396.875 -6071254.19864893 2015897.92010499 -173.598604306288 -1334.26187978794 1.5625 53.3425714080182 -621355983.15331
159397.65625 -6071384.91619773 2014870.85596716 -161.106254983043 -1295.24652055788 1.5625 51.5435686060774 -583057377.237308
159398.4375 -6071506.03132004 2013873.7539408 -149.013857826617 -1257.55019505812 1.5625 49.8139988596055 -547336066.889863
159399.21875 -6071617.85062362 2012905.60360306 -137.306533204232 -1221.12186118493 1.5625 48.1510979267718 -514010838.016907
159400.78125 -6071814.77182588 2011052.31020896 -114.990768710734 -1151.87506471798 1.5625 45.0146827087096 -453887608.446804
159402.34375 -6071977.9139671 2009303.64629537 -94.0523532483156 -1087.13712073009 1.5625 42.1139731170099 -401481304.091781
159403.90625 -6072109.3519004 2007652.83588738 -74.3938752061892 -1026.56827100599 1.5625 39.4300462141402 -355752982.928472
159405.46875 -6072211.01500578 2006093.6124051 -55.9264275553037 -969.855900282724 1.5625 36.9453826957874 -315808214.231345
159407.03125 -6072284.6999573 2004620.17786657 -38.5689464142367 -916.712482339453 1.5625 34.6438178669795 -280876989.29891
159408.59375 -6072332.0824854 2003227.1652375 -22.2475872515147 -866.873610343758 1.5625 32.5104756201285 -250296239.252484
159410.15625 -6072354.72819669 2001909.60377846 -6.89514263262943 -820.096132443637 1.5625 30.5316921190251 -223494701.342502
159411.71875 -6072354.10251758 2000662.88721457 7.54949700195768 -776.156404923442 1.5625 28.6949341284422 -199979870.55673
159413.28125 -6072331.57982876 1999482.74453846 21.1418398190282 -734.848668913447 1.5625 26.9887155762882 -179326782.948351
159414.84375 -6072288.45185651 1998365.21325197 33.9322479212632 -695.983552102251 1.5625 25.402514909482 -161168394.813262
159416.40625 -6072225.935383 1997306.61485225 45.9663540464378 -659.386693709354 1.5625 23.9266950362289 -145187343.541799
159417.96875 -6072145.1793337 1996303.53237247 57.2854428367987 -624.897488784607 1.5625 22.5524270787363 -131108898.997738
159419.53125 -6072047.27129431 1995352.78979476 67.9268003608623 -592.36794644043 1.5625 21.2716187447515 -118694936.989564
159421.09375 -6071933.24350382 1994451.43316229 77.9240359075423 -561.661655680176 1.5625 20.0768478265527 -107738787.838144
159422.65625 -6071804.0783636 1993596.71322761 87.30738029521 -532.652851898379 1.5625 18.9613011204029 -98060832.6976333
159424.21875 -6071660.71349602 1992786.06948568 96.1039650606709 -505.225576772019 1.5625 17.9187189041489 -89504737.948832
159425.78125 -6071504.04637875 1992017.11545146 104.338086916759 -479.27292404366 1.5625 16.9433449941019 -81934233.6235702
159427.34375 -6071334.93857467 1991287.62505387 112.031461783541 -454.696363552286 1.5625 16.0298823088292 -75230355.5236701
159428.90625 -6071154.21957027 1990595.52002984 119.20347249036 -431.405135753771 1.5625 15.1734537837398 -69289082.6102262
159430.46875 -6070962.6902295 1989938.85821445 125.871413893136 -409.315708869334 1.5625 14.3695683968963 -64019311.5287024
159432.03125 -6070761.12586446 1989315.82263552 132.050738631944 -388.351290705383 1.5625 13.6140919779453 -59341118.9799001
159433.59375 -6070550.27891999 1988724.71133355 137.755306050862 -368.441387117356 1.5625 12.9032223764256 -55184270.2132457
159435.15625 -6070330.8812656 1988163.92784031 142.997635908001 -349.521399074156 1.5625 12.233468465961 -51486938.3630811
159436.71875 -6070103.64608697 1987631.972262 147.789167426238 -331.532250360195 1.5625 11.6016323632803 -48194604.8057544
159438.28125 -6069869.26936866 1987127.4329254 152.140523002033 -314.420038177353 1.5625 11.0047941561073 -45259115.3056559
159439.84375 -6069628.43096256 1986648.97855673 156.061774551757 -298.135699327706 1.5625 10.440298373995 -42637870.5444333
159441.40625 -6069381.7952401 1986195.35097435 159.562709106695 -282.634685310763 1.5625 9.9057414140976 -40293132.7808512
159442.96875 -6069130.01133311 1985765.35828603 162.653088965467 -267.876640582152 1.5625 9.3989591606999 -38191432.9523178
159444.53125 -6068873.71297609 1985357.86858947 165.342900586937 -253.825079397786 1.5625 8.91801411995876 -36303064.5833417
159446.09375 -6068613.51797276 1984971.80418106 167.642585573443 -240.447058083596 1.5625 8.46118153018372 -34601652.4914887
159447.65625 -6068350.02732021 1984606.13628137 169.56324666104 -227.712841171206 3.125 8.02693409590666 -33063785.5612836
159449.21875 -6068083.82403539 1984259.88028714 171.116821685252 -215.595561539864 3.125 7.61392521606029 -31668703.8777732
159450.78125 -6067815.47173901 1983932.09155795 172.316219076348 -204.070876397385 3.125 7.22097081147041 -30398031.361983
159452.34375 -6067545.51306136 1983621.86174144 173.175409558968 -193.11662249665 3.125 6.84703007884145 -29235545.8124315
159453.90625 -6067274.4679416 1983328.31563492 173.709470336137 -182.712475298341 3.125 6.49118568230624 -28166979.0049178
159455.46875 -6067002.83189642 1983050.60857284 173.934580025043 -172.83961774751 3.125 6.15262401712663 -27179840.2915037
159457.03125 -6066731.07433488 1982787.92432022 173.867964835476 -163.480424851062 3.125 5.83061622895356 -26263258.0024879
159458.59375 -6066459.63699385 1982539.4734425 173.527798767174 -154.618170283178 3.125 5.52450064171621 -25407833.8991637
159460.15625 -6066188.93256214 1982304.49211286 172.933062764902 -146.236760807339 3.125 5.23366714406316 -24605506.9310778
159461.71875 -6065919.34355247 1982082.24130946 172.103369636346 -138.320503432666 3.125 4.95754392476438 -23849423.5794087
159463.28125 -6065651.22146854 1981872.00634841 171.058762964318 -130.853909002739 3.125 4.69558675529702 -23133813.0642386
159464.84375 -6065384.88630059 1981673.09669361 169.819499133082 -123.821534459503 3.125 4.44727081951726 -22453866.5991276
159466.40625 -6065120.62636868 1981484.84598237 168.405821894531 -117.207864460681 3.125 4.21208491156458 -21805620.6394094
159467.96875 -6064858.69851799 1981306.61220562 166.83773863457 -110.997231484266 3.125 3.98952768415417 -21185844.6518954
159469.53125 -6064599.32865689 1981137.77798434 165.13480672463 -105.173772143145 3.125 3.77910554242914 -20591934.3131599
159471.09375 -6064342.71261617 1980977.75088816 163.315937157664 -99.7214162483583 3.125 3.58033174699667 -20021811.2224361
159472.65625 -6064089.01729768 1980825.96374821 161.39922119689 -94.6239042626203 3.125 3.39272630850524 -19473830.2128732
159474.21875 -6063838.3820732 1980681.87492379 159.401784142269 -89.8648282059268 3.125 3.21581631409316 -18946695.196344
159475.78125 -6063590.9203888 1980544.96849006 157.339668672246 -85.427690811558 3.125 3.04913640822494 -18439384.2242797
159477.34375 -6063346.72152776 1980414.75432254 155.227748657956 -81.2959777573488 3.125 2.89222924204006 -17951084.1362407
159478.90625 -6063105.85248453 1980290.7680617 153.079672960465 -77.4532380688051 3.125 2.74464579274195 -17481134.8402973
159480.46875 -6062868.35990416 1980172.57094849 150.907837567757 -73.8831682517569 3.125 2.60594552812654 -17028982.9599843
