0 -4676244.53719698 0 0 12.4463223650146 380071755.462803 0 0 -1011.60141491715 314159000 0 314159000 3.83639262847249e-14 100
100 -4676244.37156093 1244.6322218062 0.00331272108104292 12.4463219241567 380071742.000379 -101160.140297326 -0.269248476339376 -1011.60137908548 314240407.177186 89395.6300205754 314240407.177186 89395.6300205754 200
300 -4676243.04647256 3733.89631273222 0.00993816230441644 12.446318397293 380071634.300994 -303480.39222664 -0.80774535272228 -1011.6010924321 314403137.961503 268186.715440204 314403137.961503 268186.715440204 400
700 -4676236.42103259 8712.42061503481 0.0231890344253299 12.4463007629796 380071095.804219 -708120.580766606 -1.88473826623393 -1011.59965916564 314728266.576094 625766.953302791 314728266.576094 625766.953302791 800
1500 -4676207.26913388 18669.433951038 0.0496906847960206 12.4462231720996 380068726.421432 -1517398.09131563 -4.03871646368026 -1011.59335280127 315377202.420047 1340909.63546835 315377202.420047 1340909.63546835 800
2300 -4676156.91599699 28626.3626425646 0.0761921098764314 12.4460891518684 380064633.86276 -2326668.72220417 -6.19267635017826 -1011.58246002093 316024395.746489 2056008.92027422 316024395.746489 2056008.92027422 800
3100 -4676085.3618502 38583.16154636 0.102693189512986 12.4458987028937 380058818.146759 -3135928.80431784 -8.34660815998958 -1011.56698087403 316669868.846994 2771040.45346618 316669868.846994 2771040.45346618 800
3900 -4675992.60701793 48539.7855197574 0.129193803553676 12.445651826039 380051279.299795 -3945174.66859005 -10.5005021275032 -1011.54691543074 317313642.869917 3485979.07517686 317313642.869917 3485979.07517686 800
4700 -4675878.65192071 58496.1894208836 0.1556938318486 12.4453485224235 380042017.35605 -4754402.64601871 -12.6543484872796 -1011.52226378204 317955737.699731 4200798.88631829 317955737.699731 4200798.88631829 800
5500 -4675743.49707521 68452.328108863 0.182193154250518 12.4449887934223 380031032.357515 -5563609.06768281 -14.8081374740952 -1011.49302603969 318596171.840516 4915473.32907152 318596171.840516 4915473.32907152 800
6300 -4675587.14309419 78408.1564440223 0.208691650615384 12.4445726406666 380018324.353995 -6372790.26475906 -16.9618593229864 -1011.45920233625 319234962.305928 5629975.28129328 319234962.305928 5629975.28129328 800
7100 -4675409.59068654 88363.6292880956 0.235189200802903 12.4441000660429 380003893.403106 -7181942.56853855 -19.1155042692943 -1011.42079282508 319872124.518041 6344277.16428434 319872124.518041 6344277.16428434 800
7900 -4675210.84065725 98318.7015044284 0.261685684677065 12.443571071694 379987739.570275 -7991062.31044336 -21.2690625487082 -1011.37779768031 320507672.217452 7058351.06296717 320507672.217452 7058351.06296717 800
8700 -4674990.89390744 108273.327958183 0.288180982106699 12.4429856600181 379969862.928743 -8800145.8220432 -23.4225243973108 -1011.33021709689 321141617.386918 7772168.8571173 321141617.386918 7772168.8571173 800
9500 -4674749.7514343 118227.463516542 0.314674972966009 12.4423438336695 379950263.559558 -9609189.43507206 -25.5758800516217 -1011.27805129053 321773970.190649 8485702.3619013 321773970.190649 8485702.3619013 800
10300 -4674487.41433114 128181.063048915 0.341167537135125 12.441645595558 379928941.551582 -10418189.4814448 -27.729119748642 -1011.22130049774 322404738.931056 9198923.47561446 322404738.931056 9198923.47561446 800
11100 -4674203.88378737 138134.08142714 0.367658554500646 12.4408909488495 379905897.001486 -11227142.2932738 -29.8822337258987 -1011.15996497583 323033930.024429 9911804.33220288 323033930.024429 9911804.33220288 800
11900 -4673899.16108845 148086.473525691 0.394147904956182 12.4400798969654 379881130.013749 -12036044.2028857 -32.0352122214886 -1011.09404500289 323661547.996589 10624317.4559153 323661547.996589 10624317.4559153 800
12700 -4673573.24761597 158038.194221882 0.420635468402902 12.4392124435828 379854640.700663 -12844891.5428377 -34.188045474123 -1011.02354087778 324287595.499042 11336435.9152765 324287595.499042 11336435.9152765 800
13500 -4673226.14484757 167989.198396071 0.447121124750077 12.4382885926347 379826429.182325 -13653680.6459346 -36.3407237231713 -1010.94845292016 324912073.345688 12048133.4735147 324912073.345688 12048133.4735147 800
14300 -4672857.85435696 177939.440931862 0.473604753915624 12.4373083483096 379796495.586643 -14462407.8452451 -38.4932372087062 -1010.86878147046 325534980.569558 12759384.7326233 325534980.569558 12759384.7326233 800
15100 -4672468.37781391 187888.876716315 0.50008623582665 12.4362717150519 379764840.04933 -15271069.4741189 -40.6455761715469 -1010.78452688991 326156314.498562 13470165.2683793 326156314.498562 13470165.2683793 800
15900 -4672057.71698425 197837.460640147 0.52656545042 12.4351786975615 379731462.71391 -16079661.8662024 -42.7977308533043 -1010.69568956051 326776070.848732 14180451.7538886 326776070.848732 14180451.7538886 800
16700 -4671625.87372987 207785.147597937 0.553042277642795 12.434029300794 379696363.731709 -16888181.3554565 -44.9496914964244 -1010.60226988502 327394243.833019 14890222.0695539 327394243.833019 14890222.0695539 800
17500 -4671172.85000867 217731.89248833 0.579516597452985 12.4328235299605 379659543.261861 -17696624.2761723 -47.1014483442332 -1010.50426828701 328010826.283356 15599455.3977573 328010826.283356 15599455.3977573 800
18300 -4670698.64787459 227677.650214245 0.605988289819883 12.4315613905279 379621001.471305 -18504986.962988 -49.2529916409807 -1010.40168521078 328625809.783439 16308132.3009953 328625809.783439 16308132.3009953 800
19100 -4670203.26947761 237622.375683072 0.632457234724717 12.4302428882186 379580738.534784 -19313265.7509058 -51.4043116318849 -1010.29452112146 329239184.809511 17016234.7826735 329239184.809511 17016234.7826735 800
19900 -4669686.71706369 247566.023806885 0.658923312161172 12.4288680290103 379538754.634843 -20121456.9753082 -53.5553985631765 -1010.18277650489 329850940.876389 17723746.3302415 329850940.876389 17723746.3302415 800
20700 -4669148.99297481 257508.549502642 0.685386402135933 12.4274368191365 379495049.961832 -20929556.9719746 -55.7062426821426 -1010.06645186771 330461066.685993 18430651.9408069 330461066.685993 18430651.9408069 800
21500 -4668590.09964893 267449.907692388 0.71184638466923 12.4259492650862 379449624.713902 -21737562.0770981 -57.8568342371713 -1009.94554773732 331069550.275771 19136938.129787 331069550.275771 19136938.129787 800
22300 -4668010.03961998 277390.053303462 0.73830313979538 12.4244053736037 379402479.097003 -22545468.6273021 -60.0071634777959 -1009.82006466188 331676379.164606 19842592.9235227 331676379.164606 19842592.9235227 800
23100 -4667408.81551788 287328.941268703 0.764756547563336 12.4228051516887 379353613.324888 -23353272.9596566 -62.1572206547388 -1009.69000321032 332281540.494056 20547605.837092 332281540.494056 20547605.837092 800
23900 -4666786.43006849 297266.526526648 0.791206488037224 12.4211486065964 379303027.619106 -24160971.4116954 -64.3069960199559 -1009.55536397231 332885021.163065 21251967.8387932 332885021.163065 21251967.8387932 800
24700 -4666142.88609361 307202.764021743 0.817652841296892 12.4194357458374 379250722.209005 -24968560.3214319 -66.456479826681 -1009.41614755829 333486807.954632 21955671.3029375 333486807.954632 21955671.3029375 800
25500 -4665478.18651098 317137.608704545 0.844095487438452 12.4176665771774 379196697.331731 -25776036.0273765 -68.6056623294696 -1009.27235459945 334086887.653219 22658709.9526927 334086887.653219 22658709.9526927 800
26300 -4664792.33433425 327071.015531923 0.870534306574822 12.4158411086378 379140953.232224 -26583394.8685527 -70.7545337842432 -1009.12398574771 334685247.152073 23361078.7947504 334685247.152073 23361078.7947504 800
27100 -4664085.33267296 337002.939467268 0.896969178836274 12.4139593484948 379083490.16322 -27390633.1845139 -72.9030844483339 -1008.97104167577 335281873.549872 24062774.0475704 335281873.549872 24062774.0475704 800
27900 -4663357.18473257 346933.335480693 0.923399984370971 12.4120213052801 379024308.385248 -28197747.3153599 -75.0513045805278 -1008.81352307706 335876754.236465 24763793.0648881 335876754.236465 24763793.0648881 800
28700 -4662607.89381438 356862.158549238 0.949826603345517 12.4100269877805 378963408.16663 -29004733.6017536 -77.1991844411098 -1008.65143066572 336469876.967683 25464134.2560611 336469876.967683 25464134.2560611 800
29500 -4661837.46331558 366789.363657075 0.976248915945495 12.407976405038 378900789.783479 -29811588.3849375 -79.3467142919076 -1008.48476517668 337061229.92943 26163797.0046991 337061229.92943 26163797.0046991 800
30300 -4661045.89672918 376714.905795711 1.00266680237601 12.4058695663495 378836453.519696 -30618308.0067502 -81.4938843963356 -1008.31352736556 337650801.791463 26862781.5868657 337650801.791463 26862781.5868657 800
31100 -4660233.19764403 386638.739964193 1.02908014286225 12.4037064812672 378770399.666973 -31424888.8096433 -83.6406850194393 -1008.13771800873 338238581.751364 27561089.0899765 338238581.751364 27561089.0899765 800
31900 -4659399.36974479 396560.821169313 1.05548881764999 12.4014871595982 378702628.524789 -32231327.1366977 -85.7871064279396 -1007.9573379033 338824559.569383 28258721.3333516 338824559.569383 28258721.3333516 1600
32700 -4658544.41681191 406481.104425808 1.08189270700617 12.3992116114046 378633140.400407 -33037619.3316402 -87.9331388902763 -1007.77238786706 339408725.594828 28955680.7912137 339408725.594828 28955680.7912137 1600
33500 -4657668.34272162 416399.544756569 1.10829169121943 12.3968798470033 378561935.608878 -33843761.7388602 -90.078772676653 -1007.58286873857 339991070.784783 29651970.5187683 339991070.784783 29651970.5187683 1600
34300 -4656771.15144591 426316.097192841 1.13468565060065 12.3944918769663 378489014.473032 -34649750.7034262 -92.2239980590806 -1007.38878137707 340571586.715924 30347594.0818553 340571586.715924 30347594.0818553 1600
35100 -4655852.84705252 436230.71677443 1.16107446548348 12.3920477121203 378414377.323485 -35455582.5711025 -94.3688053114218 -1007.19012666253 341150265.590202 31042555.4905266 341150265.590202 31042555.4905266 1600
35900 -4654913.43370491 446143.358549904 1.18745801622491 12.3895473635467 378338024.498629 -36261253.6883654 -96.5131847094348 -1006.98690549561 341727100.235162 31736859.1367908 341727100.235162 31736859.1367908 1600
36700 -4653952.91566224 456053.977576798 1.21383618320578 12.3869908425817 378259956.344637 -37066760.4024203 -98.6571265308179 -1006.77911879769 342302084.099595 32430509.7366578 342302084.099595 32430509.7366578 1600
37500 -4652971.29727934 465962.528921819 1.24020884683135 12.3843781608163 378180173.215459 -37872099.0612178 -100.800621055253 -1006.56676751086 342875211.245243 33123512.2765333 342875211.245243 33123512.2765333 1600
38300 -4651968.58300675 475868.967661047 1.26657588753184 12.381709330096 378098675.472819 -38677266.0134705 -102.943658564451 -1006.34985259787 343446476.335146 33815871.9639368 343446476.335146 33815871.9639368 1600
39100 -4650944.77739062 485773.248880142 1.29293718576294 12.3789843625208 378015463.486217 -39482257.6086695 -105.086229342193 -1006.12837504218 344015874.619254 34507594.1824577 344015874.619254 34507594.1824577 1600
39900 -4649899.88507273 495675.327674544 1.3192926220064 12.3762032704454 377930537.632924 -40287070.1971008 -107.228323674377 -1005.90233584795 344583401.917795 35198684.4508191 344583401.917795 35198684.4508191 1600
40700 -4648833.91079047 505575.159149681 1.34564207677053 12.3733660664788 377843898.29798 -41091700.1298623 -109.369931849063 -1005.67173604 345149054.602898 35889148.3858784 345149054.602898 35889148.3858784 1600
41500 -4647746.85937682 515472.698421167 1.37198543059076 12.3704727634844 377755545.874197 -41896143.7588798 -111.511044156512 -1005.43657666384 345712829.578878 36578991.6693725 345712829.578878 36578991.6693725 1600
42300 -4646638.73576029 525367.900615011 1.3983225640302 12.3675233745802 377665480.76215 -42700397.4369237 -113.651650889235 -1005.19685878565 346274724.261552 37268220.0181925 346274724.261552 37268220.0181925 1600
43100 -4645509.54496498 535260.720867816 1.42465335768013 12.3645179131382 377573703.370182 -43504457.5176259 -115.791742342035 -1004.95258349226 346834736.556911 37956839.1579649 346834736.556911 37956839.1579649 1600
43900 -4644359.29211045 545151.114326986 1.4509776921606 12.3614563927846 377480214.114398 -44308320.3554958 -117.931308812052 -1004.7037518912 347392864.839422 38644854.7997095 347392864.839422 38644854.7997095 1600
44700 -4643187.98241179 555039.036150928 1.47729544812095 12.3583388274001 377385013.418665 -45111982.3059371 -120.070340598804 -1004.45036511062 347949107.930206 39332272.6193445 347949107.930206 39332272.6193445 1600
45500 -4641995.62117955 564924.441509252 1.50360650624031 12.3551652311191 377288101.714608 -45915439.7252644 -122.208828004235 -1004.19242429935 348503465.075264 40019098.2398119 348503465.075264 40019098.2398119 1600
47100 -4639547.76583369 584687.523564744 1.5562080518251 12.3486500036764 377089147.046815 -47521726.4004879 -126.484130891292 -1003.66288528323 349606520.507889 41390995.0195028 349606520.507889 41390995.0195028 1600
48700 -4637015.77046569 604440.002082206 1.60878137496525 12.3419108286127 376883353.719138 -49127151.2505265 -130.757139938926 -1003.11514444623 350702032.794874 42760588.5278506 350702032.794874 42760588.5278506 1600
50300 -4634399.68099428 624181.518842677 1.6613255222229 12.3349478281456 376670725.463721 -50731685.1603695 -135.027777654438 -1002.54921172184 351790009.061072 44127920.5263209 351790009.061072 44127920.5263209 1600
51900 -4631699.54486328 643911.715825992 1.71383954068927 12.3277611285518 376451266.136662 -52335299.0311639 -139.295966588134 -1001.96509737348 352870461.286509 45493030.9170942 352870461.286509 45493030.9170942 1600
53500 -4628915.4110407 663630.235217275 1.76632247800202 12.320350860165 376224979.71794 -53937963.7807418 -143.561629334731 -1001.3628119943 353943405.739585 46855957.5950093 353943405.739585 46855957.5950093 1600
55100 -4626047.33001792 683336.719413426 1.81877338236243 12.3127171573732 375991870.31135 -55539650.3441482 -147.824688534759 -1000.74236650698 355008862.457929 48216736.3655842 355008862.457929 48216736.3655842 1600
56700 -4623095.35380871 703030.811029609 1.87119130255276 12.3048601586168 375751942.144421 -57140329.6741678 -152.085066875962 -1000.10377216353 356066854.777002 49575400.9144472 356066854.777002 49575400.9144472 1600
58300 -4620059.53594832 722712.152905734 1.92357528795341 12.2967800063854 375505199.568346 -58739972.7418518 -156.342687094706 -999.447040545114 357117408.90501 50931982.8160676 357117408.90501 50931982.8160676 1600
59900 -4616939.9314925 742380.38811293 1.97592438856022 12.2884768472157 375251647.057898 -60338550.5370445 -160.597471977375 -998.772183561825 358160553.541663 52286511.5719132 358160553.541663 52286511.5719132 1600
61500 -4613736.59701649 762035.159960022 2.02823765500167 12.2799508316889 374991289.211352 -61936034.0689093 -164.849344361773 -998.079213452456 359196319.537786 53639014.6700817 359196319.537786 53639014.6700817 1600
63100 -4610449.59061404 781676.111999998 2.08051413855613 12.2712021144276 374724130.750399 -63532394.3664546 -169.098227138523 -997.368142784292 360224739.592482 54989517.6600658 360224739.592482 54989517.6600658 1600
64700 -4607078.9718963 801302.888036473 2.13275289116902 12.2622308540931 374450176.520063 -65127602.479059 -173.344043252465 -996.63898445288 361245847.984465 56338044.2376497 361245847.984465 56338044.2376497 1600
66300 -4603624.80199075 820915.13213015 2.18495296547002 12.253037213383 374169431.488612 -66721629.4769963 -177.586715704056 -995.891751681791 362259680.334265 57684616.3360375 362259680.334265 57684616.3360375 1600
67900 -4600087.14354013 840512.488605275 2.23711341479028 12.2436213590273 373881900.747467 -68314446.4519605 -181.826167550765 -995.126458022387 363266273.394158 59029254.2202045 363266273.394158 59029254.2202045 1600
69500 -4596466.06070126 860094.602056087 2.28923329317954 12.2339834617864 373587589.511112 -69906024.5175899 -186.062321908464 -994.343117353568 364265664.862851 60371976.5821839 364265664.862851 60371976.5821839 1600
71100 -4592761.61914391 879661.117353261 2.34131165542333 12.2241236964472 373286503.116995 -71496334.8099905 -190.295101952831 -993.541743881525 365257893.22223 61712800.6355769 365257893.22223 61712800.6355769 1600
72700 -4588973.88604958 899211.679650353 2.39334755706009 12.2140422418206 372978647.025438 -73085348.4882604 -194.524430920735 -992.722352139482 366242997.593667 63051742.2080298 366242997.593667 63051742.2080298 1600
74300 -4585102.9301103 918745.934390232 2.44534005439827 12.2037392807377 372664026.819531 -74673036.7350119 -198.750232111633 -991.884956987429 367221017.611682 64388815.8307819 367221017.611682 64388815.8307819 1600
75900 -4581148.82152736 938263.527311511 2.49728820453352 12.1932150000466 372342648.205036 -76259370.7568946 -202.972428888961 -991.029573611856 368191993.312914 65724034.8246695 368191993.312914 65724034.8246695 1600
77500 -4577111.6320101 957764.104454972 2.54919106536571 12.1824695906094 372014517.01028 -77844321.7851177 -207.19094468152 -990.156217525478 369155965.038643 67057411.3821882 369155965.038643 67057411.3821882 1600
79100 -4572991.43477452 977247.312169984 2.60104769561607 12.1715032472983 371679639.186051 -79427861.0759713 -211.405702984868 -989.264904566949 370112973.349248 68388956.6453836 370112973.349248 68388956.6453836 1600
80700 -4568788.30454202 996712.797120918 2.65285715484421 12.1603161689923 371338020.80549 -81009959.9113481 -215.616627362707 -988.355650900582 371063058.949192 69718680.7794664 371063058.949192 69718680.7794664 1600
82300 -4564502.31753803 1016160.20629355 2.70461850346524 12.1489085585734 370989668.06398 -82590589.5992638 -219.823641448269 -987.428473016048 372006262.621292 71046593.0421461 372006262.621292 71046593.0421461 3200
83900 -4560133.55149059 1035589.18700149 2.75633080276677 12.137280622923 370634587.279037 -84169721.474378 -224.026668945699 -986.483387728084 372942625.169155 72372701.8487428 372942625.169155 72372701.8487428 3200
85500 -4555682.085629 1054999.38689251 2.8079931149259 12.1254325729185 370272784.890189 -85747326.8985133 -228.225633631442 -985.520412176181 373872187.366831 73697014.8331927 373872187.366831 73697014.8331927 3200
87100 -4551148.00068234 1074390.45395502 2.85960450302632 12.1133646234288 369904267.458864 -87323377.2611755 -232.420459355624 -984.53956382428 374794989.914796 75019538.9050926 374794989.914796 75019538.9050926 3200
88700 -4546531.37887803 1093762.0365244 2.91116403107521 12.1010769933109 369529041.668271 -88897843.9800717 -236.611070043431 -983.540860460452 375711073.401544 76340280.3029579 375711073.401544 76340280.3029579 3200
90300 -4541832.30394031 1113113.78328939 2.96267076402027 12.0885699054058 369147114.323278 -90470698.5016292 -240.797389696491 -982.524320196574 376620478.2701 77659244.643877 376620478.2701 77659244.643877 3200
91900 -4537050.86108875 1132445.34329844 3.01412376776665 12.0758435865346 368758492.350287 -92041912.3015133 -244.979342394252 -981.489961468004 377523244.78888 78976436.9697577 377523244.78888 78976436.9697577 3200
93500 -4532187.13703671 1151756.36596613 3.06552210919392 12.0628982674939 368363182.79711 -93611456.885144 -249.156852295359 -980.437803033244 378419413.026392 80291861.7903614 378419413.026392 80291861.7903614 3200
95100 -4527241.21998973 1171046.50107946 3.11686485617294 12.0497341830523 367961192.832841 -95179303.7882135 -253.329843639027 -979.367863973599 379309022.829312 81605523.1233173 379309022.829312 81605523.1233173 3200
96700 -4522213.19964395 1190315.39880426 3.16815107758282 12.0363515719455 367552529.747726 -96745424.577202 -257.498240746419 -978.280163692837 380192113.803552 82917424.5313097 380192113.803552 82917424.5313097 3200
98300 -4517103.1671845 1209562.7096915 3.21937984332779 12.0227506768725 367137200.953031 -98309790.8498935 -261.661968022014 -977.174721916829 381068725.297964 84227569.1566199 381068725.297964 84227569.1566199 3200
99900 -4511911.21528384 1228788.08468362 3.27055022435403 12.0089317444909 366715213.980907 -99872374.2358908 -265.820949954983 -976.051558693195 381938896.39037 85535959.7532005 381938896.39037 85535959.7532005 3200
101500 -4506637.43810004 1247991.17512089 3.32166129266659 11.9948950254125 366286576.484253 -101433146.39713 -269.975111120553 -974.910694390943 382802665.875655 86842598.7164491 382802665.875655 86842598.7164491 3200
103100 -4501281.93127513 1267171.63274772 3.37271212134614 11.9806407741986 365851296.236579 -102992079.028395 -274.124376181379 -973.752149700095 383660072.255675 88147488.1108414 383660072.255675 88147488.1108414 3200
106300 -4490326.11867933 1305463.25860619 3.47462935760837 11.9514807133305 364960839.184411 -106104312.647443 -282.407917084764 -971.382103515518 385355948.192742 90752024.948293 385355948.192742 90752024.948293 3200
109500 -4479044.57224468 1343660.18453697 3.57629453993746 11.9214536771938 364043907.419263 -109208849.327746 -290.670971766764 -968.941592065566 387026826.067824 93349581.0921829 387026826.067824 93349581.0921829 3200
112700 -4467438.11034857 1381759.63968758 3.67770029341472 11.8905618439871 363100567.456506 -112305463.862354 -298.912940815122 -966.430792387974 388673002.650148 95940163.5342776 388673002.650148 95940163.5342776 3200
115900 -4455507.57493819 1419758.86027617 3.77883926194071 11.8588074546424 362130887.727192 -115393931.619001 -307.133226347155 -963.849886619272 390294769.505597 98523776.0192456 390294769.505597 98523776.0192456 3200
119100 -4443253.8314694 1457655.08979205 3.87970410876893 11.8261928126624 361134938.573094 -118474028.556394 -315.331232053133 -961.199061981571 391892412.940229 101100419.550558 391892412.940229 101100419.550558 3200
122300 -4430677.76884399 1495445.57919561 3.980287517038 11.7927202839539 360112792.241604 -121545531.240473 -323.50636323953 -958.478510768988 393466213.982705 103670092.826048 393466213.982705 103670092.826048 3200
125500 -4417780.29934518 1533127.58711778 4.08058219030244 11.7583922966558 359064522.880485 -124608216.860615 -331.658026872166 -955.68843033369 395016448.397049 106232792.612979 395016448.397049 106232792.612979 3200
128700 -4404562.35857143 1570698.38005885 4.18058085306196 11.7232113409629 357990206.532501 -127661863.245797 -339.785631619228 -952.829023071578 396543386.718939 108788514.071081 396543386.718939 108788514.071081 3200
131900 -4391024.9053686 1608155.2325868 4.28027625128927 11.6871799689454 356889921.129895 -130706248.880716 -347.888587894164 -949.900496407612 398047294.310174 111337251.030799 398047294.310174 111337251.030799 3200
135100 -4377168.92176038 1645495.42753497 4.37966115295623 11.650300794364 355763746.488738 -133741152.921851 -355.966307898452 -946.903062780755 399528431.427049 113878996.232968 399528431.427049 113878996.232968 3200
138300 -4362995.41287705 1682716.25619922 4.47872834855852 11.6125764924797 354611764.303139 -136766355.213492 -364.018205664242 -943.83693962857 400987053.299249 116413741.535227 400987053.299249 116413741.535227 3200
141500 -4348505.40688255 1719815.01853435 4.57747065163863 11.5740097998603 353434058.139317 -139781636.303702 -372.043697096859 -940.702349371442 402423410.216583 118941478.089744 402423410.216583 118941478.089744 3200
144700 -4333699.95489994 1756789.02335003 4.67588089930712 11.5346035141816 352230713.429541 -142786777.460244 -380.042200017177 -937.499519396444 403837747.62139 121462196.49615 403837747.62139 121462196.49615 3200
147900 -4318580.1309351 1793635.58850597 4.7739519527623 11.4943604940246 351001817.465934 -145781560.686442 -388.013134203852 -934.228682040845 405230306.204925 123975886.933048 405230306.204925 123975886.933048 3200
151100 -4303147.03179887 1830352.04110655 4.87167669780803 11.4532836586681 349747459.394135 -148765768.736997 -395.955921435409 -930.890074575252 406601322.006361 126482539.270975 406601322.006361 126482539.270975 3200
154300 -4287401.77702744 1866935.71769464 4.96904804536982 11.4113759878766 348467730.206839 -151739185.133748 -403.869985532188 -927.483939186402 407951026.5133 128982143.169309 407951026.5133 128982143.169309 3200
157500 -4271345.50880117 1903383.96444487 5.06605893200906 11.3686405216848 347162722.737191 -154701594.181373 -411.75475239814 -924.01052295959 409279646.762966 131474688.159244 409279646.762966 131474688.159244 3200
160700 -4254979.39186171 1939694.13735609 5.16270232043544 11.3250803601765 345832531.652056 -157652780.983037 -419.609650062475 -920.470077860747 410587405.44336 133960163.714693 410587405.44336 133960163.714693 3200
163900 -4238304.61342754 1975863.60244324 5.25897120001743 11.2806986632599 344477253.44515 -160592531.45598 -427.434108721152 -916.862860718162 411874520.993867 136438559.312693 411874520.993867 136438559.312693 3200
167100 -4221322.38310781 2011889.73592835 5.35485858729081 11.2354986504386 343096986.430037 -163520632.347049 -435.227560778212 -913.18913320385 413141207.70487 138909864.484709 413141207.70487 138909864.484709 3200
170300 -4204033.93281461 2047769.92443091 5.4503575264653 11.1894836005776 341691830.733003 -166436871.248164 -442.989440886955 -909.449161814574 414387675.816049 141374068.86001 414387675.816049 141374068.86001 3200
173500 -4186440.51667363 2083501.56515743 5.54546108992916 11.1426568516659 340261888.285789 -169341036.611732 -450.719185990948 -905.643217852506 415614131.613116 143831162.202164 415614131.613116 143831162.202164 3200
