0 314159000 0 -1171.50404387419 259.958218155197 100 0.00403837820768556 -0
100 314041829.3987 25995.8212582662 -1171.90803235886 259.958201434475 200 0.00404139222099868 -0
300 313807366.92414 77987.4503838574 -1172.71691461164 259.958067443797 400 0.00404743334070752 -0
700 313337956.040522 181970.560926833 -1174.33831242894 259.957395156602 800 0.00405956820738786 -0
1500 312397183.725339 389935.431656036 -1177.59573949301 259.954416317089 1600 0.00408405051018436 -0
3100 310507781.828369 805853.591887338 -1184.16991715427 259.941782460347 1600 0.00413388221850841 -0
4700 308607796.976623 1221744.24268745 -1190.82474789877 259.919974036494 1600 0.00418490309684059 -0
6300 306697098.596304 1637592.4344711 -1197.56215363456 259.888650722887 1600 0.00423715435272547 -0
7900 304775552.985812 2053382.66104338 -1204.38412270039 259.847456945854 1600 0.00429067907639245 -0
9500 302843023.20705 2469098.83453991 -1211.29271289112 259.7960210493 1600 0.00434552234788923 -0
11100 300899368.971769 2884724.25899408 -1218.29005465458 259.733954409182 1600 0.00440173135153649 -0
12700 298944446.52264 3300241.60244134 -1225.37835447166 259.660850489763 1600 0.00445935549828959 -0
14300 296978108.508765 3715632.86746399 -1232.55989843228 259.576283837131 1600 0.00451844655664676 -0
15900 295000203.85531 4130879.36007223 -1239.8370560207 259.479809005129 1600 0.0045790587928029 -0
17500 293010577.626889 4545961.65680904 -1247.21228412512 259.370959408362 1600 0.00464124912081355 -0
19100 291009070.884359 4960859.56995776 -1254.68813128734 259.249246096487 1600 0.00470507726360637 -0
20700 288995520.534598 5375552.11072132 -1262.26724220983 259.114156443467 1600 0.00477060592575814 -0
22300 286969759.172863 5790017.45023177 -1269.95236253896 258.965152744855 1600 0.00483790097904426 -0
23900 284931614.917257 6204232.87823679 -1277.74634394464 258.801670715566 1600 0.00490703166186712 -0
25500 282880911.234812 6618174.7592976 -1285.65214951852 258.623117879843 1600 0.00497807079377967 -0
27100 280817466.758678 7031818.48631863 -1293.67285951474 258.428871844352 1600 0.00505109500644338 -0
28700 278741095.095817 7445138.43121399 -1301.81167745933 258.218278444451 1600 0.00512618499249594 -0
30300 276651604.624623 7858107.89249934 -1310.07193665676 257.990649752701 1600 0.00520342577395712 -0
31900 274548798.281789 8270699.03957923 -1318.45710712458 257.745261937614 1600 0.00528290699197073 -0
33500 272432473.337707 8682882.85347985 -1326.97080299019 257.481352959392 1600 0.0053647232198716 -0
35100 270302421.159651 9094629.06375508 -1335.61679038663 257.198120088117 1600 0.00544897430177967 -0
36700 268158426.961892 9505906.08126878 -1344.39899588787 256.894717228282 1600 0.0055357657191623 -0
38300 266000269.541856 9916680.92652989 -1353.32151552812 256.570252031941 1600 0.00562520898807518 -0
39900 263827721.001357 10326919.1532264 -1362.38862445356 256.223782780822 1600 0.00571742209009395 -0
41500 261640546.451843 10736584.7665715 -1371.60478726004 255.854315015684 1600 0.00581252994028974 -0
43100 259438503.702512 11145640.1360387 -1380.97466907538 255.460797888796 1600 0.00591066489598596 -0
44700 257221342.93006 11554045.9020218 -1390.50314745068 255.042120212804 1600 0.00601196731046793 -0
46300 254988806.328712 11961760.8759103 -1400.19532513203 254.59710617623 1600 0.00611658613630876 -0
47900 252740627.739057 12368741.9330214 -1410.05654379074 254.124510692498 1600 0.0062246795835322 -0
49500 250476532.254092 12774943.8977726 -1420.09239879903 253.623014345566 1600 0.00633641583846629 -0
51100 248196235.800727 13180319.4204179 -1430.30875514693 253.091217890974 1600 0.00645197384986229 -0
52700 245899444.69484 13584818.844599 -1440.71176460652 252.527636266188 1600 0.0065715441896739 -0
54300 243585855.167789 13988390.064887 -1451.30788426138 251.93069205867 1600 0.00669532999683017 -0
55100 242422663.187675 14189810.6084435 -1456.68046662902 251.619189051275 1600 0.00675887087079529 -0
55900 241255152.862044 14390978.3733865 -1462.10389653124 251.298708373956 1600 0.00682354801341127 -0
56700 240083283.153509 14591886.0874791 -1467.57907615879 250.969023591765 1600 0.00688939082979372 -0
57500 238907012.293726 14792526.294462 -1473.10693084166 250.629901037698 1600 0.00695642972384491 -0
58300 237726297.764573 14992891.348155 -1478.68840982749 250.281099527413 1600 0.00702469614035175 -0
59100 236541096.278693 15192973.4063242 -1484.3244870926 249.922370060435 1600 0.00709422260920721 -0
59900 235351363.759377 15392764.424305 -1490.01616218699 249.553455507125 1600 0.00716504279188027 -0
60700 234157055.319753 15592256.1483688 -1495.76446111527 249.174090280593 1600 0.00723719153026782 -0
61500 232958125.24126 15791440.1088203 -1501.57043725517 248.78399999273 1600 0.0073107048980708 -0
62300 231754526.951366 15990307.6128136 -1507.43517231565 248.382901093432 1600 0.00738562025484705 -0
63100 230546213.000508 16188849.7368723 -1513.35977733661 247.970500492078 1600 0.00746197630290341 -0
63900 229333135.038213 16387057.3190996 -1519.34539373235 247.546495160225 1600 0.00753981314720117 -0
64700 228115243.788365 16584920.9510624 -1525.39319438111 247.110571714428 1600 0.00761917235846124 -0
65500 226892489.023581 16782430.9693335 -1531.50438476311 246.662405978027 1600 0.00770009703966848 -0
66300 225664819.538661 16979577.4466743 -1537.68020414967 246.20166252065 1600 0.00778263189618885 -0
67100 224432183.123056 17176350.18284 -1543.92192684612 245.727994174106 1600 0.00786682330972859 -0
67900 223194526.53233 17372738.6949871 -1550.2308634915 245.241041523245 1600 0.00795271941638114 -0
68700 221951795.45855 17568732.2076638 -1556.60836241806 244.740432370279 1600 0.00804037018902562 -0
69500 220703934.499568 17764319.6423597 -1563.05581107393 244.225781170921 1600 0.00812982752436012 -0
70300 219450887.127139 17959489.6065938 -1569.57463751242 243.696688440622 1600 0.00822114533487425 -0
71100 218192595.653813 18154230.3825138 -1576.16631195171 243.152740129028 1600 0.00831437964608824 -0
71900 216929001.198558 18348529.9149822 -1582.83234840891 242.593506960679 1600 0.00840958869941079 -0
72700 215660043.651042 18542375.7991206 -1589.57430641278 242.018543739795 1600 0.00850683306099492 -0
73500 214385661.634509 18735755.2672827 -1596.39379279952 241.427388616859 1600 0.00860617573700017 -0
74300 213105792.467185 18928655.1754245 -1603.2924635966 240.819562314542 1600 0.00870768229570182 -0
75100 211820372.122143 19121061.988838 -1610.27202599974 240.194567310302 1600 0.00881142099692196 -0
75900 210529335.185543 19312961.7672129 -1617.3342404485 239.551886972828 1600 0.00891746292929554 -0
76700 209232614.813174 19504340.1489877 -1624.48092280649 238.890984649262 1600 0.0090258821559254 -0
77500 207930142.685202 19695182.3349502 -1631.71394665239 238.2113026999 1600 0.00913675586902543 -0
78300 206621848.959048 19885473.0710431 -1639.03524568867 237.51226147682 1600 0.00925016455419984 -0
79100 205307662.22028 20075196.630329 -1646.4468162751 236.793258242625 800 0.00936619216506035 -0
79900 203987509.431431 20264336.7940655 -1653.95072009486 236.053666025147 800 0.00948492630894163 -0
80700 202661315.878628 20452876.8318363 -1661.5490869617 235.292832403685 800 0.0096064584445393 -0
81500 201329005.115913 20640799.4806825 -1669.24411777684 234.510078221938 800 0.00973088409236542 -0
82300 199990498.907141 20828086.9231735 -1677.03808764532 233.704696222445 800 0.00985830305899301 -0
83100 198645717.16531 21014720.7643522 -1684.93334916222 232.875949596903 800 0.00998881967614608 -0
83900 197294577.889197 21200682.0074841 -1692.93233587959 232.023070446247 800 0.0101225430557841 -0
84700 195936997.097141 21385951.028537 -1701.0375659662 231.14525814392 800 0.0102595873624323 -0
85500 194572888.757819 21570507.54931 -1709.25164607291 230.241677595135 800 0.0104000721041211 -0
86300 193202164.717841 21754330.6091252 -1717.57727541749 229.311457384382 800 0.0105441224434225 -0
87100 191824734.625981 21937398.5349909 -1726.01725010388 228.353687802716 800 0.0106918695302064 -0
87900 190440505.853866 22119688.9101345 -1734.57446769192 227.367418745657 800 0.0108434508578918 -0
88700 189049383.412885 22301178.5407995 -1743.25193203512 226.3516574717 800 0.0109990106451335 -0
89500 187651269.86713 22481843.4211891 -1752.05275840523 225.305366210554 800 0.0111587002450691 -0
90300 186246065.24211 22661658.6964334 -1760.98017892397 224.227459609261 800 0.0113226785844557 -0
91100 184833666.928986 22840598.6234434 -1770.03754832412 223.116802003217 800 0.0114911126352499 -0
91900 183413969.584062 23018636.5295077 -1779.22835006386 221.972204497995 800 0.0116641779214377 -0
92700 181986865.023236 23195744.7684737 -1788.55620282032 220.792421846473 800 0.0118420590641987 -0
93500 180552242.111089 23371894.6743428 -1798.02486739066 219.576149104379 800 0.0120249503687985 -0
94300 179109986.644287 23547056.5120958 -1807.63825403123 218.322018045696 800 0.0122130564569498 -0
95100 177659981.228917 23721199.4255476 -1817.40043026843 217.028593317609 800 0.0124065929487666 -0
95900 176202105.151385 23894291.3820138 -1827.31562921729 215.694368312679 800 0.012605787198868 -0
96700 174736234.242431 24066299.1135549 -1837.38825844782 214.317760733711 800 0.012810879091667 -0
97500 173262240.733826 24237188.0545394 -1847.6229094421 212.897107824331 800 0.0130221219014196 -0
98300 171779993.107249 24406922.275249 -1858.02436768952 211.430661235535 800 0.013239783223213 -0
99100 170289355.934811 24575464.4112195 -1868.59762347189 209.916581495437 800 0.0134641459817505 -0
99900 168790189.710666 24742775.5879876 -1879.34788339503 208.352932045986 800 0.013695509525551 -0
100700 167282350.673066 24908815.3408803 -1890.28058272885 206.737672806638 800 0.0139341908150422 -0
101500 165765690.616208 25073541.5294515 -1901.40139862412 205.068653220663 800 0.0141805257139936 -0
102300 164240056.691127 25236910.2461327 -1912.71626428068 203.343604734962 800 0.0144348703948278 -0
103100 162705291.194846 25398875.7186223 -1924.23138414944 201.560132658872 800 0.0146976028695887 -0
103900 161161231.346927 25559390.2054946 -1935.95325025889 199.715707341356 800 0.014969124659745 -0
104700 159607709.052468 25718403.8844546 -1947.88865976596 197.807654599123 800 0.015249862619601 -0
105500 158044550.650542 25875864.7326116 -1960.04473384181 195.833145320492 800 0.0155402709298938 -0
106300 156471576.646953 26031718.3980785 -1972.42893801445 193.78918416104 800 0.0158408332802215 -0
107100 154888601.430082 26185908.0621326 -1985.04910410355 191.672597237215 800 0.0161520652612968 -0
107900 153295432.968506 26338374.2910971 -1997.91345389715 189.480018712779 800 0.0164745169907106 -0
108700 151691872.488924 26489054.8770093 -2011.03062473677 187.207876160225 800 0.0168087759989745 -0
109500 150077714.132791 26637884.6660439 -2024.40969719605 184.8523745647 800 0.017155470406145 -0
110300 148452744.589894 26784795.3735484 -2038.06022505901 182.409478821367 800 0.0175152724234025 -0
111100 146816742.706966 26929715.3844179 -2051.99226782791 179.874894558146 800 0.0178889022186481 -0
111900 145169479.069183 27072569.5373951 -2066.21642601774 177.244047093963 800 0.0182771321905971 -0
112300 144341550.03145 27143197.4025825 -2073.44151836292 175.891012783573 800 0.0184769790538217 -0
112700 143510715.552167 27213278.891698 -2080.74387952317 174.512058318436 800 0.0186807917021356 -0
113100 142676944.426196 27282803.5051375 -2088.12500436491 173.106522350155 800 0.0188886835677718 -0
113500 141840204.84218 27351760.4743316 -2095.58642938906 171.673721245693 800 0.0191007723308924 -0
113900 141000464.365577 27420138.7526441 -2103.1297342478 170.212948145372 800 0.0193171801167301 -0
114300 140157689.921096 27487927.0058857 -2110.75654332992 168.723471972763 800 0.0195380337036699 -0
114700 139311847.774464 27555113.6024205 -2118.46852741813 167.204536393554 800 0.0197634647429799 -0
115100 138462903.513532 27621686.6028456 -2126.26740542248 165.655358720326 800 0.0199936099909508 -0
115500 137610822.028659 27687633.7492216 -2134.15494619398 164.075128759908 800 0.0202286115542628 -0
115900 136755567.492361 27752942.4538292 -2142.13297042279 162.463007599782 800 0.0204686171494571 -0
116300 135897103.338178 27817599.7874284 -2150.2033526258 160.81812632975 800 0.0207137803774598 -0
116700 135035392.238737 27881592.4669924 -2158.36802322861 159.139584694781 800 0.0209642610141754 -0
117100 134170396.082948 27944906.8428877 -2166.62897074714 157.426449674702 800 0.0212202253182483 -0
117500 133302075.952317 28007528.8854717 -2174.98824407476 155.677753986034 800 0.0214818463571745 -0
117900 132430392.09632 28069444.1710732 -2183.44795488093 153.892494500962 800 0.0217493043530418 -0
118300 131555303.906795 28130637.8673249 -2192.01028012781 152.069630578045 800 0.0220227870492748 -0
118700 130676769.891294 28191094.7178074 -2200.6774647119 150.208082298856 800 0.0223024900998769 -0
119100 129794747.645367 28250799.0259701 -2209.45182423799 148.306728604316 800 0.0225886174827766 -0
119500 128909193.823696 28309734.6382837 -2218.33574793348 146.364405324005 800 0.0228813819390224 -0
119900 128020064.110039 28367884.9265832 -2227.33170171144 144.379903091202 800 0.0231810054397126 -0
120300 127127313.185918 28425232.7695518 -2236.44223139153 142.35196513586 800 0.0234877196827037 -0
120700 126230894.697985 28481760.5332968 -2245.66996608858 140.279284947099 800 0.0238017666213154 -0
121100 125330761.223993 28537450.0509624 -2255.01762177909 138.160503796109 800 0.024123399027438 -0
121500 124426864.237313 28592282.6013227 -2264.48800505698 135.994208109671 800 0.0244528810916561 -0
121900 123519154.069895 28646238.886292 -2274.08401709053 133.778926683656 800 0.0247904890632292 -0
122300 122607579.873619 28699299.0072867 -2283.80865779337 131.513127725025 800 0.0251365119330216 -0
122700 121692089.57992 28751442.4403676 -2293.66503022344 129.195215709883 800 0.0254912521627466 -0
123100 120772629.85761 28802648.010087 -2303.65634522468 126.823528044111 800 0.0258550264641938 -0
123500 119849146.068795 28852893.861957 -2313.78592632764 124.396331511938 800 0.0262281666324419 -0
123900 118921582.222775 28902157.4334532 -2324.05721492611 121.911818496591 400 0.0266110204374251 -0
124300 117989880.927811 28950415.423458 -2334.47377574852 119.368102955764 400 0.0270039525786274 -0
124700 117053983.340647 28997643.7600414 -2345.03930264403 116.763216133148 400 0.0274073457081292 -0
125100 116113829.11365 29043817.5664711 -2355.75762470504 114.095101985606 400 0.027821601527722 -0
125500 115169356.339427 29088911.1253321 -2366.63271274947 111.361612303758 400 0.0282471419663598 -0
125900 114220501.492773 29132897.84063 -2377.66868618818 108.56050150171 400 0.0286844104448215 -0
126300 113267199.369795 29175750.1977389 -2388.86982030476 105.689421049467 400 0.0291338732351349 -0
126700 112309383.024035 29217439.7210468 -2400.24055397738 102.745913519104 400 0.0295960209230626 -0
127100 111346983.699403 29257936.9291359 -2411.78549787482 99.7274062130772 400 0.0300713699827843 -0
127500 110379930.759745 29297211.2873265 -2423.50944316146 96.6312043400459 400 0.0305604644738401 -0
127900 109408151.614807 29335231.1573927 -2435.4173707491 93.4544837002733 400 0.0310638778714332 -0
128300 108431571.642393 29371963.7442489 -2447.51446113654 90.1942828389894 400 0.0315822150423522 -0
128700 107450114.106455 29407375.0393825 -2459.80610488183 86.84749462201 400 0.0321161143800595 -0
129100 106463700.070862 29441429.7607936 -2472.29791375565 83.4108571833701 400 0.0326662501139487 -0
129500 105472248.308567 29474091.2891792 -2484.99573262881 79.8809441896661 400 0.0332333348093882 -0
129900 104475675.20585 29505321.6000756 -2497.90565215186 76.2541543601717 400 0.0338181220769984 -0
130300 103473894.66134 29535081.19165 -2511.03402228976 72.526700175494 400 0.0344214095116513 -0
130700 102466817.979418 29563329.0078001 -2524.38746678065 68.6945957005106 400 0.035044041883992 -0
131100 101454353.757661 29590022.3561926 -2537.9728985942 64.7536434394554 400 0.0356869146098776 -0
131500 100436407.76787 29615116.8208353 -2551.79753647228 60.6994201322026 400 0.0363509775260677 -0
131900 99412882.8302662 29638566.1687388 -2565.86892264244 56.5272613908957 400 0.0370372390038166 -0
132300 98383678.6803387 29660322.2501831 -2580.19494180387 52.232245064943 400 0.0377467704357832 -0
132700 97348691.827833 29680334.892055 -2594.78384149506 47.8091732098668 400 0.0384807111359372 -0
133100 96307815.407293 29698551.7836708 -2609.64425396354 43.2525525213685 400 0.0392402736969919 -0
133500 95260939.0195327 29714918.3544404 -2624.78521967014 38.5565730800106 400 0.0400267498554181 -0
133900 94207948.5633564 29729377.6426633 -2640.21621257405 33.7150852338656 400 0.0408415169203887 -0
134300 93148726.0567816 29741870.1546724 -2655.94716735992 28.721574426016 400 0.0416860448302055 -0
134700 92083149.4469528 29752333.7134635 -2671.98850878558 23.5691337505674 400 0.042561903907997 -0
135100 91011092.40786 29760703.2958518 -2688.35118334787 18.2504339944124 400 0.0434707733979321 -0
135500 89932424.1248909 29766910.8570979 -2705.04669348562 12.7576908918835 400 0.0444144508740597 -0
135900 88847009.0651545 29770885.1418273 -2722.08713456303 7.08262928506409 400 0.0453948626263991 -0
136300 87754706.7324107 29772551.4799386 -2739.4852349036 1.21644384321665 400 0.0464140751433552 -0
136700 86655371.4053266 29771831.5660464 -2757.25439917572 -4.85024405027515 400 0.0474743078262405 -0
137100 85548851.8576526 29768643.2208397 -2775.40875546544 -11.127433686808 400 0.0485779470910648 -0
137500 84434991.0587709 29762900.132547 -2793.96320641105 -17.6257972002411 400 0.0497275620352682 -0
137900 83313625.8529081 29754511.576484 -2812.93348481867 -24.3567370850277 400 0.0509259218733032 -0
138300 82184586.6151284 29743382.1104175 -2832.33621422812 -31.3324497159382 400 0.0521760153756017 -0
138700 81047696.8820235 29729411.2431988 -2852.18897495594 -38.5659956126375 400 0.0534810725813255 -0
138900 80476250.9679145 29721327.4119187 -2862.28989014134 -42.2837927260775 400 0.054155293853303 -0
139100 79902772.9547384 29712493.073763 -2872.51037620366 -46.0713772966593 400 0.0548445890974777 -0
139300 79327238.6795542 29702894.0812162 -2882.85293299098 -49.9306610045774 400 0.0555494412286471 -0
139500 78749623.4720422 29692515.8974595 -2893.32013491579 -53.8636257291582 400 0.0562703533460207 -0
139700 78169902.1393041 29681343.5820087 -2903.91463384111 -57.8723267989079 400 0.0570078497761733 -0
139900 77588048.9500733 29669361.7756849 -2914.63916210373 -61.9588964237463 400 0.057762477180322 -0
140100 77004037.6183058 29656554.6848784 -2925.49653568242 -66.1255473214438 400 0.0585348057305465 -0
140300 76417841.2861221 29642906.0650674 -2936.48965751921 -70.3745765511972 400 0.0593254303599537 -0
140500 75829432.5060689 29628399.2035483 -2947.62152100249 -74.7083695682712 400 0.0601349720921989 -0
140700 75238783.222668 29613016.9013313 -2958.89521362136 -79.129404514714 400 0.0609640794562292 -0
140900 74645864.7532147 29596741.4541531 -2970.31392080108 -83.6402567623268 400 0.0618134299926146 -0
141100 74050647.7677923 29579554.6325543 -2981.88092993023 -88.2436037253491 400 0.0626837318583697 -0
141300 73453102.2684587 29561437.6609659 -2993.59963459102 -92.9422299617141 400 0.06357572553777 -0
141500 72853197.5675678 29542371.1957448 -3005.47353900474 -97.7390325832477 400 0.0644901856673156 -0
141700 72250902.2651777 29522335.3020944 -3017.50626270525 -102.637026996846 400 0.0654279229837166 -0
141900 71646184.2255009 29501309.4298026 -3029.70154545443 -107.639353000473 400 0.0663897864045592 -0
142100 71039010.552346 29479272.387722 -3042.06325241434 -112.749281259813 400 0.0673766652521846 -0
142300 70429347.5634978 29456202.3169151 -3054.59537959184 -117.970220193564 400 0.0683894916322629 -0
142500 69817160.7639799 29432076.6623788 -3067.30205957263 -123.305723297746 400 0.0694292429796026 -0
142700 69202414.8181402 29406872.1432577 -3080.18756756284 -128.759496942009 400 0.0704969447848965 -0
142900 68585073.5204952 29380564.7214473 -3093.2563277577 -134.335408673751 400 0.0715936735173889 -0
143100 67965099.7652669 29353129.5684831 -3106.51292005791 -140.037496069039 400 0.0727205597598732 -0
143300 67342455.5145393 29324541.0306011 -3119.96208715635 -145.869976172739 400 0.0738787915739933 -0
143500 66717101.7649586 29294772.5918471 -3133.60874201879 -151.837255574081 400 0.0750696181155737 -0
143700 66088998.5128957 29263796.8351042 -3147.45797578476 -157.943941168061 400 0.0762943535216271 -0
143900 65458104.7179845 29231585.4008936 -3161.51506611594 -164.194851657694 200 0.0775543810928407 -0
144100 64824378.2649431 29198108.9437969 -3175.78548602204 -170.595029857227 200 0.0788511577977243 -0
144300 64187775.9235792 29163337.0863321 -3190.27491319613 -177.149755862066 200 0.0801862191272628 -0
144500 63548253.3068749 29127238.370102 -3204.9892398939 -183.864561157362 200 0.081561184331873 -0
144700 62905764.8270384 29089780.2040223 -3219.93458339399 -190.745243744142 200 0.0829777620757705 -0
144900 62260263.649402 29050928.8094139 -3235.11729707933 -197.797884369496 200 0.0844377565475413 -0
145100 61611701.6440376 29010649.1617316 -3250.54398218265 -205.028863955825 200 0.0859430740698427 -0
145300 60960029.334954 28968904.9286787 -3266.22150024259 -212.444882333611 200 0.087495730255781 -0
145500 60305195.8467268 28925658.4044351 -3282.15698632065 -220.05297839266 200 0.0890978577647022 -0
145700 59647148.8484049 28880870.4397018 -3298.35786303297 -227.860551778477 200 0.0907517147159586 -0
145900 58985834.4945238 28834500.367242 -3314.83185545553 -235.875386273519 200 0.0924596938257639 -0
146100 58321197.363046 28786505.9225629 -3331.58700696594 -244.105675017625 200 0.0942243323396358 -0
146300 57653180.3900332 28736843.1593568 -3348.63169608992 -252.560047738288 200 0.0960483228412459 -0
146500 56981724.8008427 28685466.3592786 -3365.97465442653 -261.247600179701 200 0.0979345250279071 -0
146700 56306770.0376245 28632327.9356007 -3383.62498573175 -270.177925940028 200 0.0998859785535687 -0
146900 55628253.6828785 28577378.3302408 -3401.59218624699 -279.361150949411 200 0.101905917052253 -0
147100 54946111.378814 28520565.9036082 -3419.8861663658 -288.807970847167 200 0.103997783468554 -0
147300 54260276.7422332 28461836.8166613 -3438.51727374025 -298.529691545825 200 0.106165246837387 -0
147500 53570681.2746412 28401134.9045072 -3457.49631793615 -308.538273302665 200 0.108412220672907 -0
147700 52877254.2672593 28338401.5408063 -3476.83459675609 -318.846378656705 200 0.110742883146735 -0
147900 52179922.7005973 28273575.492171 -3496.54392435846 -329.467424631272 200 0.113161699258745 -0
148100 51478611.1382099 28206592.7616592 -3516.63666131146 -340.41563965019 200 0.115673445230142 -0
148300 50773241.6142372 28137386.4203727 -3537.12574673267 -351.706125670012 200 0.118283235378931 -0
148500 50063733.514295 28065886.4260609 -3558.0247326768 -363.354926092612 200 0.12099655177274 -0
148700 49350003.4492478 27992019.4275112 -3579.3478209475 -375.379100093034 200 0.123819276994228 -0
148900 48631965.1213618 27915708.5533742 -3601.1099025236 -387.796804078127 200 0.126757730400619 -0
149100 47909529.1822942 27836873.1839169 -3623.3265998046 -400.627381083744 200 0.129818708312616 -0
149300 47182603.0823329 27755428.7040278 -3646.0143118968 -413.891459024082 200 0.133009528630093 -0
149500 46451090.9102556 27671286.2356018 -3669.19026317795 -427.611058828316 200 0.136338080444198 -0
149700 45714893.2231264 27584352.3472123 -3692.87255539591 -441.809713639627 200 0.139812879299587 -0
149900 44973906.8652974 27494528.738727 -3717.08022357493 -456.512600413235 200 0.143443128858628 -0
150100 44228024.7758235 27401711.8982398 -3741.8332960216 -471.746685436771 200 0.147238789834209 -0
150300 43477135.7834403 27305792.7283626 -3767.15285874072 -487.540885512776 200 0.151210657192377 -0
150500 42721124.3881915 27206656.1385507 -3793.061124589 -503.926246794508 200 0.155370446784304 -0
150600 42341160.455154 27155843.5978272 -3806.24328898418 -512.350945517798 200 0.157524749151996 -0
150700 41959870.5286848 27104180.5996587 -3819.58150750528 -520.9361435513 200 0.159730892754017 -0
150800 41577238.8476967 27051650.8669421 -3833.07890763595 -529.68641275256 200 0.161990646466613 -0
150900 41193249.3341104 26998237.6567293 -3846.73870220189 -538.606499526574 200 0.164305857286635 -0
151000 40807885.5841798 26943923.7423573 -3860.56419218418 -547.701333193702 200 0.166678454567669 -0
151100 40421130.8595321 26888691.3947188 -3874.55876963193 -556.976034840712 200 0.169110454528633 -0
151200 40032968.0779111 26832522.3626213 -3888.72592067734 -566.435926687562 200 0.171603965055108 -0
151300 39643379.8036136 26775397.8521829 -3903.06922865584 -576.086542005089 200 0.174161190815407 -0
151400 39252348.2376085 26717298.5052069 -3917.59237733409 -585.933635621503 200 0.17678443871526 -0
151500 38859855.2073281 26658204.3764746 -3932.29915424836 -595.983195058554 200 0.179476123717043 -0
151600 38465882.156119 26598094.9098911 -3947.19345415583 -606.241452341514 200 0.182238775051748 -0
151700 38070410.1323432 26536948.9134152 -3962.27928260082 -616.714896530635 200 0.185075042854353 -0
151800 37673419.7781157 26474744.5326967 -3977.5607595981 -627.41028702561 200 0.187987705255984 -0
151900 37274891.3176686 26411459.223343 -3993.04212343472 -638.334667698787 200 0.19097967596924 -0
152000 36874804.5453291 26347069.721729 -4008.72773459163 -649.495381917448 200 0.19405401240636 -0
152100 36473138.8130983 26281552.0142562 -4024.62207978574 -660.900088520529 200 0.197213924373494 -0
152200 36069873.017821 26214881.3049649 -4040.72977613244 -672.556778820632 200 0.200462783388392 -0
152300 35664985.5879327 26147031.981391 -4057.05557542811 -684.473794708178 200 0.203804132673171 -0
152400 35258454.4697722 26077977.5785535 -4073.60436855085 -696.659847941172 200 0.207241697878724 -0
152500 34850257.1134488 26007690.7409514 -4090.38118997709 -709.124040711234 200 0.210779398602692 -0
152600 34440370.4582518 25936143.1824343 -4107.39122241017 -721.875887584496 200 0.214421360768872 -0
152700 34028770.9175919 25863305.643807 -4124.63980151583 -734.925338924663 200 0.218171929942531 -0
152800 33615434.363464 25789147.8480127 -4142.13242075748 -748.282805915072 200 0.22203568566337 -0
152900 33200336.110422 25713638.452728 -4159.87473632256 -761.959187307137 200 0.226017456886012 -0
153000 32783450.8990564 25636745.0001921 -4177.87257212862 -775.965898034111 200 0.230122338626872 -0
153100 32364752.8789685 25558433.8640743 -4196.13192489515 -790.314899841873 100 0.234355709926266 -0
153200 31944215.5912343 25478670.193171 -4214.65896926401 -805.018734102515 100 0.238723253245765 -0
153300 31521811.9503549 25397417.8517045 -4233.46006294741 -820.090556992025 100 0.243230975433188 -0
153400 31097514.2256922 25314639.3559785 -4252.54175187812 -835.544177230542 100 0.247885230401489 -0
153500 30671294.0223901 25230295.8071208 -4271.91077533148 -851.394096602605 100 0.252692743683215 -0
153600 30243122.2617867 25144346.8196271 -4291.57407098271 -867.655553495866 100 0.257660639039516 -0
153700 29812969.161326 25056750.4453874 -4311.53877985599 -884.344569719971 100 0.26279646732199 -0
153800 29380804.2139813 24967463.0928564 -4331.81225111381 -901.478000893149 100 0.268108237807324 -0
153900 28946596.1672119 24876439.4409918 -4352.40204662534 -919.073590712687 100 0.27360445224896 -0
154000 28510313.0014747 24783632.3475589 -4373.31594524155 -937.150029457317 100 0.279294141917322 -0
154100 28071921.9083286 24688992.7513566 -4394.56194669189 -955.727017104929 100 0.285186907930783 -0
154200 27631389.2681707 24592469.5678832 -4416.14827500193 -974.825331488441 100 0.291292965214089 -0
154300 27188680.6276607 24494009.577916 -4438.08338131383 -994.466901956589 100 0.297623190459848 -0
154400 26743760.6768976 24393557.3084284 -4460.37594597055 -1014.67488905536 100 0.304189174512616 -0
154500 26296593.2264325 24291054.9052135 -4483.03487970062 -1035.4737708005 100 0.31100327964469 -0
154600 25847141.1842157 24186441.9965257 -4506.06932371154 -1056.88943617259 100 0.318078702248811 -0
154700 25395366.5325972 24079655.5469822 -4529.48864846667 -1078.94928653457 100 0.325429541536552 -0
154800 24941230.3055276 23970629.7008954 -4553.30245088119 -1101.68234574816 100 0.333070874903171 -0
154900 24484692.5661301 23859295.614122 -4577.52054962678 -1125.11937985115 100 0.34101884070155 -0
155000 24025712.3848521 23745581.2734281 -4602.15297818043 -1149.29302725394 100 0.349290729260798 -0
155100 23564247.8184421 23629411.3022637 -4627.20997518904 -1174.2379405215 100 0.357905083090974 -0
155200 23100255.8900448 23510706.7517314 -4652.70197164664 -1199.99094092803 100 0.366881807335989 -0
155300 22633692.5707627 23389384.8754064 -4678.63957429211 -1226.59118710814 100 0.376242291674379 -0
155400 22164512.7630943 23265358.8865255 -4705.03354453088 -1254.08035928142 100 0.386009545024887 -0
155500 21692670.2867391 23138537.6959071 -4731.89477205997 -1282.5028606999 100 0.396208344593608 -0
155600 21218117.8673429 23008825.6287895 -4759.2342422293 -1311.90603816226 100 0.40686540100538 -0
155700 20740807.1288685 22876122.1185793 -4787.06299599778 -1342.34042365755 100 0.418009541498164 -0
155800 20260688.5903947 22740321.3752836 -4815.39208113593 -1373.85999944793 100 0.429671913430009 -0
155900 19777711.6682996 22601312.0261562 -4844.23249308045 -1406.52248917812 100 0.441886210659394 -0
156000 19291824.6849517 22458976.7258112 -4873.59510355263 -1440.38967791264 100 0.454688925717443 -0
156100 18802974.8852435 22313191.732753 -4903.49057470171 -1475.52776435548 100 0.468119631102171 -0
156200 18311108.4625433 22163826.4489244 -4933.92925611502 -1512.00774890434 100 0.482221293498879 -0
156300 17816170.5959314 22010742.9184891 -4964.92106153407 -1549.90586163976 100 0.497040625276851 -0
156350 17567532.4744394 21932761.5542489 -4980.62732891493 -1569.41208324911 100 0.504735134954661 -0
156400 17318105.5009241 21853795.2815615 -4996.47532150903 -1589.30403482953 100 0.512628478243947 -0
156450 17067882.5627296 21773824.5352042 -5012.46608567218 -1609.59293454878 100 0.520727730855762 -0
156500 16816856.4963586 21692829.1785089 -5028.60060751866 -1630.29042522749 100 0.52904028535328 -0
156550 16565020.0906678 21610788.4816467 -5044.87980547617 -1651.40859379201 100 0.537573868047414 -0
156600 16312366.0904526 21527681.0989153 -5061.3045221573 -1672.95999174901 100 0.546336556922719 -0
156650 16058887.2004562 21443485.0449762 -5077.87551548501 -1694.95765674039 100 0.555336800662932 -0
156700 15804576.0898433 21358177.6699848 -5094.59344900372 -1717.41513524018 100 0.564583438850423 -0
156750 15549425.3971788 21271735.6335565 -5111.45888130111 -1740.34650645877 100 0.574085723419146 -0
156800 15293427.735961 21184134.8775061 -5128.47225445806 -1763.76640752356 100 0.583853341446352 -0
156850 15036575.7007572 21095350.5972942 -5145.63388143676 -1787.69006000887 100 0.593896439374388 -0
156900 14778861.8739986 21005357.2121124 -5162.94393230762 -1812.13329789202 100 0.604225648760397 -0
156950 14520278.8334963 20914128.3335325 -5180.40241920622 -1837.11259701672 100 0.614852113658656 -0
157000 14260819.1607417 20821636.732644 -5198.00917990071 -1862.64510614901 100 0.625787519747676 -0
157050 14000475.4500681 20727854.3055967 -5215.76385983804 -1888.7486797158 100 0.63704412532203 -0
157100 13739240.3187494 20632752.0374622 -5233.66589252447 -1915.44191232009 100 0.648634794277255 -0
157150 13477106.4181254 20536299.9643234 -5251.71447808129 -1942.74417513201 100 0.660573031225004 -0
157200 13214066.4458485 20438467.1334955 -5269.90855980035 -1970.67565425913 100 0.672873018885021 -0
157250 12950113.1593565 20339221.5617765 -5288.24679850675 -1999.25739120419 100 0.685549657910405 -0
157300 12685239.3906866 20238530.1916204 -5306.72754451592 -2028.51132552308 100 0.698618609313019 -0
157350 12419438.0627562 20136358.8451201 -5325.34880695089 -2058.46033979995 100 0.71209633966684 -0
157400 12152702.2072497 20032672.1756809 -5344.10822016146 -2089.12830706087 100 0.726000169278391 -0
157450 11885024.9842621 19927433.6172603 -5363.00300696001 -2120.54014075076 50 0.740348323525219 -0
157500 11616399.7038675 19820605.3310415 -5382.02993835981 -2152.72184740203 50 0.755159987575564 -0
157550 11346819.8497945 19712148.1494039 -5401.18528946818 -2185.70058212543 50 0.770455364714734 -0
157600 11076279.1054116 19602021.5170455 -5420.46479115131 -2219.50470705591 50 0.786255738516356 -0
157650 10804771.3822438 19490183.4291068 -5439.86357704689 -2254.16385288603 50 0.802583539109168 -0
157700 10532290.851264 19376590.3661374 -5459.37612545645 -2289.70898361933 50 0.819462413802328 -0
157750 10258831.977229 19261197.2257425 -5478.99619559988 -2326.1724646726 50 0.836917302344051 -0
157800 9984389.55635546 19143957.2507372 -5498.71675765979 -2363.58813445138 50 0.854974517099256 -0
157850 9708958.75766147 19024821.9536333 -5518.5299159831 -2401.99137951491 50 0.873661828441531 -0
157900 9432535.16833416 18903741.0372759 -5538.4268247399 -2441.41921343542 50 0.893008555662431 -0
157950 9155114.8435185 18780662.3114422 -5558.39759526531 -2481.91035944106 50 0.913045663706237 -0
158000 8876694.36096475 18655531.6052128 -5578.43119422827 -2523.50533691092 50 0.933805866039976 -0
158050 8597270.88101626 18528292.6749206 -5598.5153316798 -2566.24655176351 50 0.9553237339656 -0
158100 8316842.21246953 18398887.1074829 -5618.63633793332 -2610.17839074546 50 0.977635812672457 -0
158150 8035406.88489328 18267254.218922 -5638.77902811864 -2655.34731958304 50 1.00078074431186 -0
158200 7752964.22805443 18133330.9478837 -5658.92655312925 -2701.80198490453 50 1.02479939834972 -0
158250 7469514.45916607 17997051.7439686 -5679.06023554833 -2749.59331977288 50 1.04973500941533 -0
158300 7185058.77874678 17858348.4507011 -5699.15938899133 -2798.7746525842 50 1.07563332281151 -0
158350 6899599.4759631 17717150.1829764 -5719.20111914162 -2849.40181898418 50 1.10254274777955 -0
158400 6613140.04441695 17573383.1988465 -5739.16010457933 -2901.53327632866 50 1.13051451851794 -0
158450 6325685.30944007 17426970.765531 -5759.00835531153 -2955.23022006144 50 1.15960286283013 -0
158500 6037241.56806672 17277833.0195787 -5778.71494670386 -3010.55670119669 50 1.18986517811833 -0
158550 5747816.74297703 17125886.821148 -5798.24572628943 -3067.57974386981 50 1.22136221423884 -0
158600 5457420.55183491 16971045.6024348 -5817.56299069057 -3126.36946165059 50 1.25415826248007 -0
158650 5166064.69358948 16813219.2103485 -5836.62512963329 -3186.99917098958 50 1.28832134960662 -0
158700 4873763.05346639 16652313.7436292 -5855.38623376574 -3249.54549978083 50 1.3239234355168 -0
158750 4580531.9285469 16488231.3847086 -5873.79566271201 -3314.08848856229 50 1.36104061257103 -0
158800 4286390.27601799 16320870.2267574 -5891.7975695071 -3380.71168132383 50 1.3997533040451 -0
158850 3991359.986377 16150124.0965271 -5909.33037727306 -3449.50220223873 50 1.44014645842214 -0
158900 3695466.18408772 15975882.3737982 -5926.3262037194 -3520.55081385874 50 1.48230973533281 -0
158950 3398737.55841291 15798029.8084919 -5942.71022879551 -3593.95195139588 50 1.52633767785358 -0
159000 3101206.72738668 15616446.336798 -5958.40000060507 -3669.80372663426 50 1.57232986453973 -0
159050 2802910.63813969 15431006.898024 -5973.30467453424 -3748.20789374569 50 1.62039103296104 -0
159100 2503891.00704419 15241581.2542946 -5987.32418047631 -3829.26976779819 50 1.67063116457424 -0
159150 2204194.80340109 15048033.8157323 -6000.34831309216 -3913.09808501481 50 1.72316551845218 -0
159200 1903874.78063961 14850223.4743466 -6012.25574027746 -3999.80479183211 50 1.77811459863427 -0
159250 1602990.05923051 14648003.4505631 -6022.91292547455 -4089.50474748983 50 1.83560403659894 -0
159275 1452356.30872798 14545192.3543774 -6027.72732459965 -4135.51378718393 50 1.86534199893332 -0
159300 1301606.76576082 14441221.1571087 -6032.1729602773 -4182.3153221881 50 1.89576436652787 -0
159325 1150750.90562526 14336069.8593565 -6036.22917295281 -4229.9243297158 50 1.92688816343476 -0
159350 999798.7324937 14229718.0862021 -6039.87430480183 -4278.35587005269 50 1.95873066648107 -0
159375 848760.804923775 14122145.0854396 -6043.08565530664 -4327.62506147855 50 1.99130938441484 -0
159400 697648.26249566 14013329.7264703 -6045.83943543074 -4377.7470521789 50 2.02464203354754 -0
159425 546472.85361203 13903250.4999404 -6048.11072043652 -4428.73698888593 50 2.05874650953025 -0
159450 395246.964493943 13791885.5182053 -6049.87340140733 -4480.60998197038 50 2.09364085487145 -0
159475 243983.649404038 13679212.5167154 -6051.10013555483 -4533.38106668794 50 2.12934322177322 -0
159500 92696.6621262033 13565208.856421 -6051.76229541379 -4587.0651602653 50 2.16587182982993 -0
159525 -58599.5112720316 13449851.5273061 -6051.82991705194 -4641.67701449156 50 2.20324491810044 -0
159550 -209889.618371613 13333117.153167 -6051.2716474499 -4697.23116346216 50 2.24148069102923 -0
159575 -361157.605010124 13214981.9977616 -6050.05469123859 -4753.74186610332 50 2.28059725765734 -0
159600 -512386.578552628 13095421.9724656 -6048.14475701668 -4811.22304308644 50 2.32061256352726 -0
159625 -663558.769817892 12974412.6455791 -6045.50600351082 -4869.68820772412 50 2.36154431465064 -0
159650 -814655.493659798 12851929.2534415 -6042.10098588598 -4929.15039042296 50 2.4034098928722 -0
159675 -965657.108212054 12727946.7135195 -6037.89060256261 -4989.62205625282 50 2.44622626192922 -0
159700 -1116542.9728139 12602439.6396468 -6032.83404295251 -5051.11501517972 50 2.49000986347427 -0
159725 -1267291.40464553 12475382.3596047 -6026.88873658575 -5113.64032449914 50 2.53477650230012 -0
159750 -1417879.63411467 12346748.9352442 -6020.01030416766 -5177.20818300005 50 2.58054121998109 -0
159775 -1568283.75904992 12216513.1853616 -6012.15251117799 -5241.827816388 50 2.62731815612685 -0
159800 -1718478.69777302 12084648.7115541 -6003.26722470341 -5307.50735349869 50 2.67512039643294 -0
159825 -1868438.14114036 11951128.9272884 -5993.3043742811 -5374.25369284358 50 2.7239598067103 -0
159850 -2018134.50366465 11815927.090432 -5982.21191762376 -5442.07235904683 50 2.77384685208536 -0
159875 -2167538.87385076 11679016.3395045 -5969.93581219584 -5510.96734875979 50 2.82479040058547 -0
159900 -2316620.96390514 11540369.7339158 -5956.41999371695 -5580.94096567738 50 2.87679751036423 -0
159925 -2465349.05900674 11399960.2984689 -5941.60636278012 -5651.99364433101 50 2.92987319988087 -1.47219784172881e-305
159950 -2613689.96635826 11257761.0724111 -5925.43478089 -5724.12376239799 50 2.98402020043083 -3.56765112613035e-299
159975 -2761608.96427082 11113745.1633229 -5907.84307734782 -5797.32744134858 50 3.03923869053462 -7.70324634650473e-293
160000 -2909069.75157241 10967885.8061372 -5888.76706853465 -5871.59833535254 50 3.09552601183278 -1.47363625886206e-286
160025 -3056034.39767068 10820156.4275825 -5868.14059127077 -5946.92740848781 50 3.15287636631173 -2.48308567530026e-280
160050 -3202463.29364441 10670530.7163407 -5845.89555205485 -6023.3027004389 50 3.21128049490126 -3.66307690610544e-274
160075 -3348315.10478433 10518982.6992015 -5821.9619941085 -6100.70908104228 50 3.27072533774597 -4.70140825305528e-268
160100 -3493546.72505378 10365486.8234889 -5796.26818426803 -6179.12799423445 50 3.33119367676331 -5.21575747920255e-262
160125 -3638113.23399207 10210018.0460119 -5768.74072187037 -6258.53719218605 50 3.39266376146518 -4.96819076070473e-256
160150 -3781967.85663804 10052551.9287747 -5739.30467187072 -6338.91046066551 50 3.45510891944258 -4.03513146090527e-250
160175 -3925061.92710856 9893064.74164901 -5707.88372450004 -6420.21733696895 50 3.51849715339649 -2.77450377629321e-244
160200 -4067344.85652462 9731533.5721735 -5674.40038381447 -6502.42282208048 50 3.58279072714619 -1.60314615729105e-238
160225 -4208764.10603693 9567936.44260117 -5638.77618749989 -6585.48708908947 50 3.64794574365977 -7.72530250114581e-233
160250 -4349265.16576175 9402252.43425792 -5600.93196026569 -6669.36519028705 50 3.71391171883003 -3.08041976193432e-227
160275 -4488791.54049499 9234461.81921122 -5560.78810308315 -6754.00676579229 50 3.78063115546009 -1.00822604847846e-221
160300 -4627284.74312761 9064546.19916989 -5518.2649203885 -6839.35575701526 50 3.84803912272162 -2.68637633454113e-216
160325 -4764684.29673591 8892488.65144804 -5473.28298716743 -6925.3501287447 50 3.91606284719583 -5.77766029135768e-211
160350 -4900927.74636481 8718273.88172476 -5425.76355755921 -7011.92160414608 50 3.98462132249197 -9.94350465288037e-206
160375 -5035950.68155897 8541888.38321821 -5375.62901625371 -7098.99541746114 50 4.05362494534179 -1.35728112820068e-200
160400 -5169686.77072277 8363320.60176623 -5322.8033734956 -7186.49008970302 50 4.12297518697211 -1.45613704970243e-195
160425 -5302067.80840375 8182561.10616749 -5267.21280394878 -7274.31723312611 25 4.1925643094323 -1.2165219469628e-190
160450 -5433023.77659239 7999602.7629867 -5208.78622900452 -7362.38139070109 25 4.26227513736876 -7.8403586576116e-186
160475 -5562482.92111098 7814440.9148667 -5147.45594133466 -7450.57991722405 25 4.33198089645533 -3.86100204957701e-181
160500 -5690371.84412366 7627073.56122031 -5083.15826959575 -7538.80290901153 25 4.4015451302648 -1.43882098572362e-176
160525 -5816615.61373471 7437501.53999778 -5015.83428018384 -7626.93318935716 25 4.47082170775371 -4.01794663205223e-172
160550 -5941137.8915512 7245728.70904518 -4945.43051182973 -7714.84635702431 25 4.53965493367968 -8.32537261361239e-168
160575 -6063861.07896603 7051762.125387 -4871.89973762409 -7802.41090499564 25 4.60787977412334 -1.26733397261121e-163
160600 -6184706.48276616 6855612.22058872 -4795.20174778847 -7889.48841646742 25 4.67532220879196 -1.40326080313007e-159
160625 -6303594.50048748 6657292.97018511 -4715.30414518835 -7975.93384463805 25 4.74179972088827 -1.11896613518974e-155
160650 -6420444.82572086 6456822.05500428 -4632.18314424903 -8061.59588217311 25 4.80712193398972 -6.36225863581168e-152
160675 -6535176.67332404 6254221.01208122 -4545.82436262418 -8146.3174253132 25 4.87109140356469 -2.55407947854926e-148
160700 -6647709.02421198 6049515.37274484 -4456.22359372521 -8229.93613641337 25 4.93350456843091 -7.1687478582999e-145
160725 -6757960.88908676 5842734.78538494 -4363.38754710004 -8312.28510725872 25 4.99415286463077 -1.39333683198579e-141
160750 -6865851.59013049 5633913.12036806 -4267.33454270689 -8393.19362379277 25 5.05282400087701 -1.85767402069429e-138
160775 -6971301.05932666 5423088.55457899 -4168.09514442201 -8472.48803094118 25 5.10930339094924 -1.68335962886557e-135
160800 -7074230.15170271 5210303.63312442 -4065.71271770864 -8549.99269404109 25 5.16337573426834 -1.02751281451329e-132
160825 -7174560.9714086 4995605.30585164 -3960.24389631318 -8625.53105103783 25 5.21482673143902 -4.18836045471204e-130
160850 -7272217.2081708 4779044.93651154 -3851.75894319428 -8698.92674714413 25 5.26344491695819 -1.13069307694219e-127
160875 -7367124.48130039 4560678.28263448 -3740.34199167136 -8770.00484114056 25 5.309023586694 -2.00567195468478e-125
160900 -7459210.68809797 4340565.44448926 -3626.09115402738 -8838.59307001278 25 5.35136279332309 -2.32034447081353e-123
160925 -7548406.35319975 4118770.78185771 -3509.11848652696 -8904.52315626165 25 5.39027137886577 -1.73858657615054e-121
160950 -7634644.97515957 3895362.7977765 -3389.54980200589 -8967.63214008449 25 5.42556900998123 -8.3829029852103e-120
160975 -7717863.36637259 3670413.98886638 -3267.52432381976 -9027.76371680628 25 5.45708817897371 -2.58580661376239e-118
161000 -7798001.982328 3444000.66237778 -3143.19417795449 -9084.76955853576 25 5.48467613169899 -5.07589612600737e-117
161025 -7875005.23613919 3216202.72062014 -3016.72372342367 -9138.51059811556 25 5.50819668290143 -6.31150992624549e-116
161050 -7948821.79434683 2987103.41399572 -2888.2887246096 -9188.85825310155 25 5.52753188007053 -4.95150146803596e-115
161075 -8019404.85012678 2756789.06441327 -2758.07537283347 -9235.69556779193 25 5.5425834787465 -2.44289569993335e-114
161100 -8086712.37026242 2525348.76139603 -2626.27916803897 -9278.91825226044 25 5.55327419533148 -7.56014789727052e-114
161125 -8150707.31255617 2292874.03370611 -2493.1036749094 -9318.43559892655 25 5.55954870782087 -1.46495859335504e-113
161150 -8211357.81075332 2059458.49976805 -2358.7591708805 -9354.17125938941 25 5.56137438033514 -1.77552698609056e-113
161175 -8268637.32452253 1825197.50057267 -2223.46120623364 -9386.06386700199 25 5.55874169372595 -1.34555463153032e-113
161200 -8322524.75257099 1590187.71906629 -2087.42909864858 -9414.0674938795 25 5.55166437161846 -6.37884152037499e-114
161225 -8373004.50755241 1354526.79026856 -1950.88438617265 -9438.15193461393 25 5.5401791987617 -1.89395938475305e-114
161250 -8420066.55203793 1118312.90650869 -1814.04926346148 -9458.30281277567 25 5.52434553619314 -3.52885527076969e-115
161275 -8463706.39544509 881644.422218303 -1677.14502633477 -9474.52151018642 25 5.50424454517889 -4.13709468577563e-116
161300 -8503925.05244101 644619.462671934 -1540.39054916689 -9486.82492280382 25 5.47997813887238 -3.06217284342619e-117
161325 -8540728.96393539 407335.540923026 -1404.00081842893 -9495.24505072919 25 5.45166768687557 -1.43684802955353e-118
161350 -8574129.88234006 169889.18695325 -1268.18554387514 -9499.82843321114 25 5.41945250316428 -4.29438836447859e-120
161375 -8604144.72328087 -67624.4072568944 -1133.14786650861 -9500.63544246002 25 5.38348815198071 -8.21936365696845e-122
161400 -8630795.3863918 -305111.723405113 -999.083179671981 -9497.73945252701 25 5.34394460919319 -1.01348674236523e-123
161425 -8654108.54819188 -542481.230391912 -866.178076507852 -9491.22590137687 25 5.30100431822931 -8.10365169970872e-126
161450 -8674115.43033524 -779643.673263173 -734.60943374366 -9481.19126556273 25 5.25486018002027 -4.23147661887188e-128
161475 -8690851.54673226 -1016512.33563606 -604.543638401169 -9467.74196759116 25 5.20571351552595 -1.4538678283514e-130
161500 -8704356.43316257 -1253003.2741782 -476.13596072829 -9450.99323616397 25 5.15377203746404 -3.31315604039364e-133
161525 -8714673.36304393 -1489035.52421044 -349.530073506156 -9431.06793904587 25 5.09924786500282 -5.04980634755104e-136
161550 -8721849.05298771 -1724531.2759864 -224.857714986505 -9408.09540739067 25 5.04235561158096 -5.19284910413961e-139
161575 -8725933.36167007 -1959416.02165762 -102.238490134449 -9382.21026904049 25 4.98331057188869 -3.63536666420301e-142
161600 -8726978.98538671 -2193618.67335043 18.2201973594809 -9353.55130667188 25 4.92232702958147 -1.7487500654346e-145
161625 -8725041.15344664 -2427071.65315507 136.42309164548 -9322.26035478586 25 4.85961670269157 -5.83529972080368e-149
161650 -8720177.32630895 -2659710.95615183 252.286920605697 -9288.48124751064 25 4.79538733912862 -1.36379381462572e-152
161675 -8712446.89908406 -2891476.18787251 365.740132809898 -9252.3588270845 25 4.72984147026552 -2.25442877135353e-156
161700 -8701910.91271976 -3122310.57781547 476.722547879679 -9214.03802078509 25 4.66317532651519 -2.66207304417242e-160
161725 -8688631.77487923 -3352160.97080117 585.184932853319 -9173.66299203151 25 4.59557791510864 -2.26786896620733e-164
161750 -8672672.99220436 -3580977.79807396 691.088517073776 -9131.37636945938 25 4.52723025704943 -1.40786190088173e-168
161775 -8654098.91534788 -3808715.03012827 794.404457780065 -9087.31855599522 25 4.4583047774814 -6.43239448012444e-173
161800 -8632974.49786023 -4035330.11326762 895.11326801464 -9041.62711836426 25 4.38896484147676 -2.18457138739432e-177
161825 -8609365.06973574 -4260783.89189816 993.204217714385 -8994.43625607313 25 4.31936442552242 -5.56959317222982e-182
161850 -8583336.12616167 -4485040.5185189 1088.67471797638 -8945.87634772356 25 4.24964791372734 -1.07643699492726e-186
161875 -8554953.13177585 -4708067.35330488 1181.52969752487 -8896.0735715364 25 4.17995000695618 -1.59242052242202e-191
161900 -8524281.34052563 -4929834.85509109 1271.7809793911 -8845.14959618943 25 4.11039573266612 -1.82041414730219e-196
161925 -8491385.63103334 -5150316.46546006 1359.44666478709 -8793.22133748673 50 4.04110054313427 -1.62330707607561e-201
161950 -8456330.35721188 -5369488.4875185 1444.55053013563 -8740.40077596547 50 3.97217048995698 -1.13960067601599e-206
161975 -8419179.21373721 -5587329.96082226 1527.12144223538 -8686.79483029033 50 3.90370246312801 -6.35554256553963e-212
162000 -8379995.11587195 -5803822.5337787 1607.19279560923 -8632.50528116619 50 3.83578448360697 -2.8408268074025e-217
162025 -8338840.09304395 -6018950.33472336 1684.80197521979 -8577.628740497 50 3.76849603902782 -1.02656642258933e-222
162050 -8295775.1955142 -6232699.8427371 1759.98984694579 -8522.25666061258 50 3.70190845302532 -3.02445945116065e-228
162075 -8250860.41341756 -6445059.75914238 1832.80027750326 -8466.47537855712 50 3.63608527953988 -7.32491600419299e-234
162100 -8204154.60742585 -6656020.880495 1903.27968486743 -8410.36619066616 50 3.57108271436645 -1.47005258206544e-239
162125 -8155715.45026326 -6865575.9737718 1971.47661970387 -8354.00545293673 50 3.5069500171151 -2.46390228966559e-245
162150 -8105599.37829754 -7073719.654346 2037.44137784898 -8297.46470300493 50 3.4437299376296 -3.47506104812138e-251
162175 -8053861.55243441 -7280448.26724163 2101.22564348602 -8240.81079987365 50 3.38145914174962 -4.15470401078218e-257
162200 -8000555.82755558 -7485759.77206594 2162.88216233749 -8184.10607787109 50 3.32016863209099 -4.24081280954585e-263
162225 -7945734.72976143 -7689653.63193524 2222.46444393314 -8127.40851165952 50 3.25988416024826 -3.72121518672245e-269
162250 -7889449.44070515 -7892130.70663405 2280.02649180842 -8070.77188944597 50 3.20062662749093 -2.82582804195156e-275
162275 -7831749.78833636 -8093193.15018035 2335.62256033364 -8014.24599186821 50 3.14241247162618 -1.86910967352857e-281
162300 -7772684.2434056 -8292844.3129106 2389.30693676495 -7957.87677433523 50 3.08525403823706 -1.08357820548983e-287
162325 -7712299.92111762 -8491088.6481459 2441.13374703659 -7901.70655088946 50 3.02915993497793 -5.5390767839947e-294
162350 -7650642.58735902 -8687931.6234562 2491.15678377512 -7845.77417792568 50 2.97413536802 -2.51124993365929e-300
162375 -7587756.66896361 -8883379.63650067 2539.4293550053 -7790.11523634883 50 2.92018246009465 -1.01543691792502e-306
162400 -7523685.26751733 -9077439.93538982 2586.00415202803 -7734.76221097781 50 2.86730054988301 -0
162425 -7458470.17624221 -9270120.54348782 2630.93313498078 -7679.74466620676 50 2.81548647275326 -0
162450 -7392151.89953528 -9461430.18855101 2674.26743463442 -7625.08941711827 50 2.76473482305593 -0
162475 -7324769.67477428 -9651378.23608055 2716.05726903578 -7570.82069540631 50 2.71503819835717 -0
162500 -7256361.49603557 -9839974.62675285 2756.35187366819 -7516.96030961089 50 2.66638742612508 -0
162525 -7186964.13940221 -10027229.8177809 2795.1994438717 -7463.52779929304 50 2.6187717734889 -0
162550 -7116613.18957078 -10213154.7280514 2832.6470883368 -7410.54058288898 50 2.57217914076929 -0
162575 -7045343.06749408 -10397760.6868773 2868.7407925605 -7358.01409907738 50 2.5265962395337 -0
162600 -6973187.05882371 -10581059.3862023 2903.52539122854 -7305.96194157504 50 2.48200875596742 -0
162625 -6900177.3429417 -10763062.8360937 2937.04454856166 -7254.3959873456 50 2.43840150037139 -0
162650 -6826345.02239323 -10943783.3233574 2969.34074573719 -7203.32651826341 50 2.39575854360498 -0
162675 -6751720.15255391 -11123233.3731142 3000.45527456722 -7152.76233632323 50 2.35406334128773 -0
162700 -6676331.77138493 -11301425.7131771 3030.42823668266 -7102.71087252522 50 2.31329884656154 -0
162725 -6600207.92914683 -11478373.241073 3059.29854753695 -7053.17828959677 50 2.27344761219477 -0
162750 -6523375.71795962 -11654088.9935574 3087.10394460417 -7004.16957873714 50 2.23449188278442 -0
162775 -6445861.30111147 -11828586.1184752 3113.8809992038 -6955.68865059004 50 2.19641367778316 -0
162800 -6367689.94203181 -12001877.8488257 3139.66513143825 -6907.73842066338 50 2.15919486604594 -0
162825 -6288886.03285701 -12173977.4788968 3164.49062777919 -6860.32088942472 50 2.12281723255627 -0
162850 -6209473.12252767 -12344898.3423361 3188.3906608855 -6813.43721730718 50 2.08726253795704 -0
162875 -6129473.94436649 -12514653.7920376 3211.39731127831 -6767.08779486335 50 2.05251257147506 -0
162900 -6048910.44309462 -12683257.1817228 3233.54159053846 -6721.27230830481 50 2.01854919779215 -0
162925 -5967803.80125214 -12850721.8491057 3254.85346572773 -6675.98980066333 50 1.98535439838081 -0
162950 -5886174.46499554 -13017061.1005345 3275.36188476882 -6631.23872880581 50 1.95291030778741 -0
162975 -5804042.16925117 -13182288.1970091 3295.09480254894 -6587.01701653032 50 1.92119924531283 -0
163000 -5721425.96220928 -13346416.341479 3314.07920753987 -6543.32210396405 50 1.89020374250794 -0
163025 -5638344.22914797 -13509458.6673332 3332.34114875212 -6500.15099347734 50 1.85990656687058 -0
163050 -5554814.71558084 -13671428.2279949 3349.90576286364 -6457.50029232004 50 1.8302907421017 -0
163100 -5386480.26423678 -13992200.8122782 3383.03915777179 -6373.74480582124 50 1.77303662105802 -0
163150 -5216552.61394053 -14308836.5893437 3413.66326828401 -6292.02203243271 50 1.71831127654993 -0
163200 -5045152.90201992 -14621436.2676686 3441.9490942214 -6212.29428485927 50 1.66598953388554 -0
163250 -4872394.02031504 -14930098.5884532 3468.05559174935 -6134.52069711491 50 1.61595136050346 -0
163300 -4698381.19715347 -15234920.1862944 3492.13047622656 -6058.65798819872 50 1.56808197495724 -0
163350 -4523212.54003905 -15535995.4850852 3514.31099012208 -5984.66111018027 50 1.52227187284588 -0
163400 -4346979.54088984 -15833416.6237523 3534.72463271428 -5912.48379602589 50 1.47841678787127 -0
163450 -4169767.54578689 -16127273.4071637 3553.4898497654 -5842.07902069668 50 1.43641760298882 -0
163500 -3991656.19125593 -16417653.2781741 3570.7166824972 -5773.39938740773 50 1.39618022390447 -0
163550 -3812719.80911541 -16704641.3073318 3586.5073760453 -5706.39744945779 50 1.35761542489402 -0
163600 -3633027.80189924 -16988320.1972581 3600.95694819827 -5641.02597671341 50 1.32063867501885 -0
163650 -3452644.99080991 -17268770.299135 3614.15371967877 -5577.23817465361 50 1.28516995122961 -0
163700 -3271631.93808684 -17546069.639103 3626.17980753633 -5514.98786283932 50 1.25113354353986 -0
163750 -3090045.24559072 -17820293.9526946 3637.11158342441 -5454.22961875504 50 1.21845785637038 -0
163800 -2907937.8313125 -18091516.7257022 3647.02009865423 -5394.91889216604 50 1.18707520927718 -0
163850 -2725359.18541987 -18359809.2401211 3655.97147797316 -5337.01209443151 50 1.15692163954927 -0
163900 -2542355.60735584 -18625240.624013 3664.02728402298 -5280.46666660138 50 1.12793670857 -0
163950 -2358970.42540725 -18887877.9043128 3671.24485440499 -5225.24112959163 50 1.10006331335516 -0
164000 -2175244.20006558 -19147786.0617571 3677.67761322501 -5171.29511927036 50 1.07324750429276 -0
164050 -1991214.91241093 -19405028.0872403 3683.37535891961 -5118.58940888583 50 1.04743830979777 -0
164100 -1806918.13866164 -19659665.0390203 3688.38453008096 -5067.08592092114 50 1.02258756834609 -0
164150 -1622387.21194865 -19911756.1002903 3692.7484509068 -5016.7477301602 50 0.998649768154897 -0
164200 -1437653.37229454 -20161358.6367159 3696.50755780726 -4967.5390594911 50 0.975581894621311 -0
164250 -1252745.90570332 -20408528.253609 3699.69960860456 -4919.42526974979 50 0.953343285511078 -0
164300 -1067692.27319718 -20653318.8524684 3702.35987566658 -4872.37284471489 50 0.931895493796215 -0
164350 -882518.230572069 -20895782.6866681 3704.52132422288 -4826.3493721989 50 0.911202157971002 -0
164400 -697247.939583517 -21135970.416121 3706.21477702264 -4781.32352203885 50 0.891228879624226 -0
164450 -511904.071218541 -21373931.1607775 3707.46906640872 -4737.26502166721 50 0.871943108008909 -0
164500 -326507.90165752 -21609712.5528553 3708.31117480138 -4694.14462983879 50 0.853314031325881 -0
164550 -141079.401482407 -21843360.7877197 3708.76636450907 -4651.93410899934 50 0.835312474421991 -0
164600 44362.6813565644 -22074920.6733566 3708.85829771276 -4610.60619670415 50 0.817910802595561 -0
164650 229800.744344087 -22304435.6783999 3708.60914740321 -4570.13457642907 50 0.801082831199284 -0
164700 415218.258538767 -22531947.9786911 3708.03969998911 -4530.49384805941 50 0.784803740732758 -0
164750 600599.701648142 -22757498.5023595 3707.16945023626 -4491.65949829391 50 0.769049997122254 -0
164800 785930.495671707 -22981126.9734248 3706.01668914497 -4453.6078711596 50 0.753799276893206 -0
164850 971196.948772968 -23202871.9539321 3704.59858532361 -4416.31613879809 50 0.739030396950675 -0
164900 1156386.20106836 -23422770.884635 3702.93126037092 -4379.76227265363 50 0.724723248694036 -0
164950 1341486.17404539 -23640860.1242511 3701.029858738 -4343.92501516793 100 0.710858736203993 -0
165000 1526485.52334495 -23857174.9873163 3698.90861250249 -4308.78385206475 100 0.697418718252373 -0
165050 1711373.5946635 -24071749.7806697 3696.58090145207 -4274.31898528912 100 0.684385953897716 -0
165100 1896140.38254979 -24284617.8386022 3694.05930884214 -4240.5113066503 100 0.671744051442228 -0
165150 2080776.49188843 -24495811.5567069 3691.35567316265 -4207.3423722045 100 0.659477420538094 -0
165200 2265273.10187842 -24705362.4244662 3688.48113622183 -4174.79437740251 100 0.647571227243271 -0
165250 2449621.93232975 -24913301.0566168 3685.44618782959 -4142.85013301785 100 0.636011351838655 -0
165300 2633815.21211467 -25119657.2233307 3682.26070734029 -4111.49304186355 100 0.624784349229853 -0
165350 2817845.6496225 -25324459.8792511 3678.93400229363 -4080.70707629933 100 0.613877411767647 -0
165400 3001706.40507863 -25527737.1914239 3675.47484437319 -4050.47675652546 100 0.60327833433161 -0
165450 3185391.06459861 -25729516.5661636 3671.89150288445 -4020.78712965529 100 0.592975481531186 -0
165500 3368893.61585802 -25929824.6748915 3668.19177593786 -3991.62374955525 100 0.582957756887847 -0
165550 3552208.42526767 -26128687.4789854 3664.38301950778 -3962.97265743779 100 0.573214573870794 -0
165600 3735330.21655202 -26326130.2536767 3660.47217452465 -3934.82036319096 100 0.56373582866695 -0
165650 3918254.05063603 -26522177.6110326 3656.46579214501 -3907.15382742632 100 0.554511874573799 -0
165700 4100975.30675276 -26716853.5220582 3652.37005733276 -3879.96044422571 100 0.545533497911007 -0
165750 4283489.66469042 -26910181.3379528 3648.19081087463 -3853.2280245664 100 0.536791895353589 -0
165800 4465793.0881034 -27102183.8105538 3643.93356994302 -3826.94478040354 100 0.528278652595876 -0
165850 4647881.80881734 -27292883.1120013 3639.60354731075 -3801.0993093883 100 0.519985724261553 -0
165900 4829752.31206324 -27482300.8536535 3635.20566931414 -3775.68058020018 100 0.511905414980664 -0
165950 5011401.32258034 -27670458.1042837 3630.7445926532 -3750.67791847157 100 0.504030361559778 -0
166000 5192825.7915316 -27857375.4075884 3626.22472011138 -3726.08099328314 100 0.496353516176398 -0
166050 5374022.88417979 -28043072.7990331 3621.65021527047 -3701.87980420865 100 0.488868130533311 -0
166150 5735724.60313267 -28410885.5436555 3612.35284882861 -3654.62621109038 100 0.474446154076567 -0
166250 6096487.65860973 -28774047.0583543 3602.88152032639 -3608.84328590622 100 0.460715889057584 -0
166350 6456295.97803613 -29132700.9079956 3593.2622261298 -3564.46171906694 100 0.447632711517096 -0
166450 6815135.95089891 -29486983.9398118 3583.5182628131 -3521.41641477667 100 0.435155546613503 -0
166550 7172996.17365169 -29837026.6893991 3573.67051873787 -3479.64618763099 100 0.423246538026963 -0
166650 7529867.22202815 -30182953.757607 3563.73773143035 -3439.0934834924 100 0.41187075219535 -0
166750 7885741.44756753 -30524884.1606443 3553.7367151191 -3399.70412262852 100 0.400995913339234 -0
166850 8240612.7955609 -30862931.6555341 3543.68256219504 -3361.42706325114 100 0.390592165738472 -0
166950 8594476.64197694 -31197205.04287 3533.58882184363 -3324.21418374072 100 0.3806318601619 -0
167050 8947329.64722828 -31527808.448664 3523.46765866155 -3288.02008198014 100 0.371089361732845 -0
167150 9299169.62490186 -31854841.5869211 3513.32999369574 -3252.80189035317 100 0.361940876844722 -0
167250 9649995.42380359 -32178400.0044428 3503.1856300217 -3218.51910508489 100 0.353164297029413 -0
167350 9999806.82186565 -32498575.3092296 3493.04336470224 -3185.13342871535 100 0.344739057932433 -0
167450 10348604.4306364 -32815455.383742 3482.91108873064 -3152.60862460217 100 0.336646011767918 -0
167550 10696389.6092228 -33129124.5841707 3472.79587635789 -3120.91038244449 100 0.328867311817756 -0
167650 11043164.3866868 -33439663.9267712 3462.7040650272 -3090.00619390869 100 0.321386307706248 -0
167750 11388931.39201 -33747151.2622312 3452.6413269865 -3059.86523751759 100 0.314187450327922 -0
167850 11733693.7908438 -34051661.4389579 3442.61273351757 -3030.45827203816 100 0.307256205434146 -0
167950 12077455.228348 -34353266.4560994 3432.62281260582 -3001.75753767063 100 0.300578974996534 -0
168050 12420219.777498 -34652035.6070487 3422.67560077536 -2973.73666440264 100 0.294143025563731 -0
168150 12761991.8923123 -34948035.6141168 3412.77468972719 -2946.37058694835 100 0.287936422914863 -0
168250 13102776.3655064 -35241330.7550064 3402.92326834319 -2919.63546574288 100 0.281947972389274 -0
168350 13442578.2901366 -35531982.9816683 3393.12416055236 -2893.50861350864 100 0.276167164339415 -0
168450 13781403.0248427 -35820052.0320735 3383.37985949865 -2867.96842695211 100 0.270584124213126 -0
168550 14119256.1623381 -36105595.5353951 3373.69255839886 -2842.9943231878 100 0.265189566823986 -0
168650 14456143.5008354 -36388669.1110535 3364.06417843548 -2818.56668052046 100 0.259974754414815 -0
168750 14792071.0181253 -36669326.4620433 3354.49639399002 -2794.66678324848 100 0.254931458160502 -0
168850 15127044.8480579 -36947619.4629288 3344.99065548874 -2771.27677017981 100 0.250051922792777 -0
168950 15461071.2591989 -37223598.2428646 3335.54821010265 -2748.37958657784 100 0.245328834061906 -0
169050 15794156.6354581 -37497311.2639718 3326.17012051697 -2725.95893927825 100 0.240755288779061 -0
169150 16126307.4585056 -37768805.3953741 3316.85728196223 -2703.99925473963 100 0.236324767208716 -0
169250 16457530.2918128 -38038125.9831768 3307.61043767851 -2682.48563981003 100 0.232031107603215 -0
169350 16787831.766166 -38305316.9166496 3298.430192966 -2661.4038450096 100 0.227868482692061 -0
169450 17117218.5665221 -38570420.6908557 3289.317027959 -2640.74023014583 200 0.223831377956578 -0
169550 17445697.4200818 -38833478.4659524 3280.27130924628 -2620.48173209249 200 0.219914571536923 -0
169650 17773275.0854719 -39094530.1233709 3271.29330044778 -2600.61583457736 200 0.216113115632921 -0
169750 18099958.3429382 -39353614.3190693 3262.38317184651 -2581.13053983562 200 0.212422319273258 -0
169850 18425753.9854565 -39610768.5340389 3253.54100916456 -2562.01434199771 200 0.20883773233925 -0
169950 18750668.8106836 -39866029.1222305 3244.76682156279 -2543.25620209019 200 0.205355130739913 -0
170050 19074709.6136707 -40119431.3560578 3236.06054893633 -2524.845524538 200 0.201970502644504 -0
170150 19397883.1802752 -40371009.4696201 3227.42206857044 -2506.77213506494 200 0.198680035687176 -0
170250 19720196.2812079 -40620796.6997825 3218.85120121519 -2489.02625989719 200 0.195480105066091 -0
170350 20041655.666661 -40868825.325237 3210.34771663159 -2471.59850618185 200 0.192367262466167 -0
170450 20362268.0614665 -41115126.7036634 3201.91133865677 -2454.47984353914 200 0.18933822574094 -0
170550 20682040.160738 -41359731.3070982 3193.54174983128 -2437.66158667314 200 0.186389869294586 -0
170650 21000978.6259564 -41602668.7556151 3185.23859562726 -2421.13537897125 200 0.18351921511028 -0
170750 21319090.0814588 -41843967.8494126 3177.00148831299 -2404.89317702797 200 0.180723424375656 -0
170850 21636381.1112973 -42083656.5993962 3168.83001048545 -2388.92723603314 200 0.177999789660312 -0
170950 21952858.2564361 -42321762.2563422 3160.7237183001 -2373.23009596916 200 0.175345727604091 -0
171050 22268528.0122568 -42558311.338718 3152.68214442399 -2357.79456856578 200 0.172758772078312 -0
171150 22583396.8263469 -42793329.6592346 3144.7048007362 -2342.6137249646 200 0.17023656778522 -0
171250 22897471.0965462 -43026842.3501988 3136.79118079714 -2327.68088404891 200 0.167776864263812 -0
171350 23210757.1692295 -43258873.8877301 3128.94076210664 -2312.98960139748 200 0.165377510272724 -0
171450 23523261.3378055 -43489448.1149024 3121.15300816863 -2298.53365882411 200 0.163036448523271 -0
171550 23834989.8414125 -43718588.2638676 3113.42737037877 -2284.30705446692 200 0.16075171073782 -0
171650 24145948.8637958 -43946316.9770142 3105.76328975004 -2270.3039933943 200 0.158521413010705 -0
171750 24456144.532349 -44172656.3272108 3098.16019848978 -2256.51887869638 200 0.156343751450601 -0
171950 25074270.0310668 -44621252.498002 3083.13467739505 -2229.58104060319 200 0.152139497009036 -0
172150 25689414.2023596 -45064542.6848853 3068.34614035657 -2203.45241472043 200 0.148125966910819 -0
172350 26301623.9710264 -45502684.842109 3053.78985985463 -2178.09454552851 200 0.144291222754292 -0
172550 26910945.3128899 -45935829.4817186 3039.46107829934 -2153.47143246441 200 0.14062426817088 -0
172750 27517423.2514099 -46364120.1447744 3025.35503351078 -2129.54933540628 200 0.13711495986876 -0
