0 314159000 0 -1181.65141678432 209.045280290198 100 0.00403837820768556 -0
100 314040814.661366 20904.5275809025 -1182.05540657485 209.04526684415 200 0.00404141834814164 -0
300 313804322.71109 62713.5719742185 -1182.86429930105 209.045159093343 400 0.00404751195764775 -0
700 313330852.864483 146331.541976639 -1184.4857497604 209.044618446194 800 0.00405975275317305 -0
1500 312381962.517355 313566.395996401 -1187.74341090314 209.042222744647 1600 0.00408445076912269 -0
3100 310476323.642473 648026.789246625 -1194.3185884275 209.032060831881 1600 0.00413472980679885 -0
4700 308560099.625067 982465.053669571 -1200.97516066716 209.014516664255 1600 0.00418622017437073 -0
6300 306633158.6721 1316869.15822315 -1207.71509069611 208.98931391943 1600 0.00423896428960543 -0
7900 304695365.795008 1651226.61983244 -1214.54041036066 208.95616376743 1600 0.0042930065299794 -0
9500 302746582.69715 1985524.48283184 -1221.45322345685 208.914764181337 1600 0.00434839334550926 -0
11100 300786667.656025 2319749.29726855 -1228.45570909092 208.864799202614 1600 0.00440517337938792 -0
12700 298815475.399955 2653887.0959918 -1235.55012523526 208.805938157528 1600 0.00446339759705849 -0
14300 296832856.978918 2987923.37044691 -1242.7388124936 208.737834820887 1600 0.00452311942441714 -0
15900 294838659.629178 3321843.04508625 -1250.02419809029 208.66012652292 1600 0.00458439489590147 -0
17500 292832726.631341 3655630.4503029 -1257.40880009963 208.572433194796 1600 0.0046472828132926 -0
19100 290814897.161439 3989269.29378465 -1264.89523193261 208.474356347808 1600 0.00471184491613945 -0
20700 288785006.134622 4322742.63017813 -1272.48620709994 208.365477980852 1600 0.00477814606480177 -0
22300 286742884.040991 4656032.82894362 -1280.18454427176 208.245359410267 1600 0.0048462544372072 -0
23900 284688356.773084 4989121.54027126 -1287.99317265631 208.113540015585 1600 0.00491624174052665 -0
25500 282621245.444483 5321989.65891838 -1295.91513772171 207.969535894085 1600 0.00498818343909411 -0
27100 280541366.198981 5654617.28581621 -1303.95360728719 207.812838416382 1600 0.00506215900003254 -0
28700 278448530.009678 5986983.68728053 -1312.11187801242 207.642912674494 1600 0.00513825215819891 -0
30300 276342542.467365 6319067.25164717 -1320.39338231625 207.459195813009 1600 0.00521655120223051 -0
31900 274223203.557468 6650845.44313688 -1328.80169575916 207.261095232975 1600 0.0052971492836638 -0
33500 272090307.424779 6982294.75273718 -1337.34054492662 207.047986657146 1600 0.00538014475130927 -0
35100 269943642.125156 7313390.64586937 -1346.01381585443 206.819212043982 1600 0.00546564151330337 -0
36700 267782989.363274 7644107.50658771 -1354.82556304082 206.57407733651 1600 0.00555374942952626 -0
38300 265608124.215452 7974418.5780346 -1363.78001909448 206.311850030681 1600 0.00564458473737443 -0
39900 263418814.836502 8304295.89884946 -1372.88160507264 206.03175654618 1600 0.00573827051421665 -0
41500 261214822.149449 8633710.23520042 -1382.13494156856 205.732979380829 1600 0.00583493718024402 -0
43100 258995899.516861 8962631.00807607 -1391.54486061384 205.414654027594 1600 0.00593472304585776 -0
44700 256761792.392442 9291026.21543921 -1401.11641846781 205.0758656309 1600 0.00603777490822786 -0
46300 254512237.951393 9618862.34880493 -1410.85490937353 204.715645356272 1600 0.00614424870221182 -0
47900 252246964.697945 9946104.30376176 -1420.76588036849 204.332966444362 1600 0.00625431021145356 -0
49500 249965692.048268 10272715.2839054 -1430.85514724753 203.926739917014 1600 0.00636813584620183 -0
51100 247668129.886864 10598656.6976001 -1441.12881178596 203.495809899202 1600 0.00648591349520629 -0
52700 245353978.094305 10923888.0469209 -1451.59328034293 203.038948516301 1600 0.00660784345998647 -0
53500 244190584.440376 11086224.2413398 -1456.89915631706 202.800388803812 1600 0.00667043179958206 -0
54300 243022926.043951 11248366.8080507 -1462.25528397745 202.554850321393 1600 0.00673413948084376 -0
55100 241850962.346921 11410310.093886 -1467.66255901369 202.302156767823 1600 0.00679899550620002 -0
55900 240674652.065431 11572048.3023952 -1473.12190023014 202.04212620068 1600 0.00686502986519491 -0
56700 239493953.171076 11733575.4892434 -1478.63425032923 201.774570813279 1600 0.00693227357620551 -0
57500 238308822.871457 11894885.557427 -1484.20057672775 201.49929670101 1600 0.00700075873027051 -0
58300 237119217.590076 12055972.2522986 -1489.82187240779 201.216103616517 1600 0.00707051853715446 -0
59100 235925092.945529 12216829.1563904 -1495.499156804 200.924784713055 1600 0.00714158737378105 -0
59900 234726403.729973 12377449.6840283 -1501.23347672916 200.625126275391 1600 0.00721400083517747 -0
60700 233523103.886846 12537827.0757249 -1507.0259073399 200.316907437518 1600 0.00728779578808194 -0
61500 232315146.487787 12697954.3923415 -1512.87755314475 199.999899886431 1600 0.00736301042737694 -0
62300 231102483.708738 12857824.509007 -1518.7895490567 199.673867551162 1600 0.00743968433552203 -0
63100 229885066.805186 13017430.1087822 -1524.76306149268 199.338566276201 1600 0.00751785854517248 -0
63900 228662846.086499 13176763.6760555 -1530.79928952234 198.993743478404 1600 0.00759757560518311 -0
64700 227435770.889331 13335817.4896586 -1536.89946606895 198.639137786386 1600 0.00767887965021102 -0
65500 226203789.55004 13494583.6156847 -1543.06485916509 198.274478661369 1600 0.00776181647414654 -0
66300 224966849.376076 13653053.8999968 -1549.29677326626 197.899485998346 1600 0.00784643360761815 -0
67100 223724896.616301 13811219.9604084 -1555.59655062551 197.513869706385 1600 0.00793278039983549 -0
67900 222477876.430179 13969073.1785193 -1561.96557273253 197.117329266771 1600 0.00802090810505417 -0
68700 221225732.855785 14126604.6911888 -1568.4052618208 196.709553267628 1600 0.00811086997396712 -0
69500 219968408.776588 14283805.381627 -1574.91708244672 196.290218913539 1600 0.00820272135035059 -0
70300 218705845.886933 14440665.8700826 -1581.50254314478 195.858991508593 1600 0.00829651977331779 -0
71100 217437984.656169 14597176.504107 -1588.16319816311 195.415523911169 1600 0.00839232508556024 -0
71900 216164764.29136 14753327.3483689 -1594.90064928425 194.959455958641 1600 0.00849019954798677 -0
72700 214886122.698494 14909108.1739974 -1601.71654773597 194.490413860047 1600 0.00859020796120195 -0
73500 213601996.442133 15064508.4474247 -1608.61259619761 194.008009554639 1600 0.00869241779430092 -0
74300 212312320.703417 15219517.3187022 -1615.59055090762 193.511840034052 1600 0.00879689932149575 -0
75100 211017029.236339 15374123.6092574 -1622.65222387839 193.001486625667 1600 0.00890372576712982 -0
75900 209716054.322195 15528315.7990634 -1629.79948522497 192.47651423457 1600 0.00901297345968259 -0
76700 208409326.72214 15682082.013182 -1637.03426561469 191.936470541267 1600 0.00912472199541599 -0
77500 207096775.627718 15835410.0076485 -1644.35855884517 191.380885152149 1600 0.00923905441236875 -0
78300 205778328.609283 15988287.1546551 -1651.77442455884 190.80926869942 800 0.00935605737546341 -0
79100 204453911.562187 16140700.4269941 -1659.28399110259 190.221111886944 800 0.00947582137355626 -0
79900 203123448.650627 16292636.381714 -1666.88945854192 189.615884478208 800 0.00959844092933145 -0
80700 201786862.249002 16444081.1429424 -1674.59310183959 188.993034222251 800 0.0097240148230185 -0
81500 200444072.880673 16595020.3838221 -1682.39727420941 188.3519857131 800 0.00985264633099833 -0
82300 199094999.153956 16745439.3075081 -1690.304410657 187.69213917785 800 0.00998444348045689 -0
83100 197739557.695204 16895322.6271629 -1698.31703171976 187.012869188156 800 0.0101195193213493 -0
83900 196377663.078818 17044654.5448906 -1706.43774741978 186.313523289417 800 0.0102579922170517 -0
84700 195009227.754003 17193418.7295375 -1714.66926144388 185.593420541474 800 0.0103999861552029 -0
85500 193634161.968081 17341598.2932887 -1723.01437556686 184.85184996409 800 0.0105456310803788 -0
86300 192252373.686168 17489175.7669804 -1731.47599433462 184.088068879896 800 0.0106950632503923 -0
87100 190863768.506992 17636133.0740427 -1740.05713002561 183.301301146833 800 0.0108484256181856 -0
87900 189468249.574619 17782451.5029815 -1748.76090791054 182.490735271409 800 0.0110058682414652 -0
88700 188065717.485855 17928111.6782999 -1757.59057183169 181.655522393293 800 0.0111675487224402 -0
89500 186656070.193042 18073093.5297527 -1766.54949012537 180.794774130914 800 0.011333632680255 -0
90300 185239202.901971 18217376.2598182 -1775.6411619127 179.907560276751 800 0.0115042942589637 -0
91100 183815007.964605 18360938.3092614 -1784.86922378629 178.992906329957 800 0.0116797166741766 -0
91900 182383374.76629 18503757.3206542 -1794.23745692282 178.04979085277 800 0.0118600928018315 -0
92700 180944189.607091 18645810.0997055 -1803.749794654 177.07714263587 800 0.0120456258128892 -0
93500 179497335.576871 18787072.5742414 -1813.41033053149 176.073837656375 800 0.0122365298581551 -0
94300 178042692.423718 18927519.750663 -1823.22332692446 175.038695810603 800 0.0124330308078636 -0
95100 176580136.415263 19067125.6676939 -1833.19322419215 173.970477401874 800 0.0126353670511605 -0
95900 175109540.192406 19205863.3472133 -1843.32465047759 172.867879361712 800 0.0128437903611708 -0
96700 173630772.614957 19343704.7419504 -1853.62243217309 171.729531180507 800 0.0130585668319594 -0
97500 172143698.598606 19480620.6797995 -1864.09160511292 170.55399052128 800 0.0132799778943933 -0
98300 170648178.942635 19616580.8044889 -1874.7374265539 169.339738487383 800 0.0135083214186981 -0
99100 169144070.1477 19751553.5123157 -1885.56538801074 168.085174511866 800 0.0137439129123875 -0
99900 167631224.222989 19885505.8846284 -1896.58122901936 166.788610832762 800 0.0139870868232484 -0
100700 166109488.481963 20018403.6157111 -1907.79095190901 165.448266514624 800 0.0142381979581901 -0
101500 164578705.325852 20150210.9356888 -1919.20083767215 164.062260972241 800 0.0144976230300548 -0
102300 163038712.01398 20280890.528037 -1930.81746303031 162.6286069475 800 0.0147657623459335 -0
103100 161489340.419923 20410403.4412351 -1942.64771880443 161.145202884759 800 0.0150430416521918 -0
103900 159930416.772415 20538708.9940603 -1954.69882970974 159.609824643765 800 0.0153299141532856 -0
104700 158361761.379796 20665764.6739636 -1966.97837570825 158.020116481975 800 0.0156268627235977 -0
105500 156783188.336712 20791526.0279149 -1979.49431506649 156.373581230027 800 0.0159344023339779 -0
106300 155194505.211631 20915946.5450373 -1992.25500928259 154.667569574825 800 0.0162530827174792 -0
107100 153595512.713611 21038977.5302793 -2005.26925006527 152.899268354236 800 0.0165834913020053 -0
107900 151986004.336591 21160567.9682919 -2018.5462885685 151.065687755325 800 0.016926256441289 -0
108700 150365765.979327 21280664.3765855 -2032.09586710903 149.16364729441 800 0.0172820509798935 -0
109500 148734575.538867 21399210.6469384 -2045.92825362121 147.189760441437 800 0.017651596192852 -0
110300 147092202.475279 21516147.8739114 -2060.05427913393 145.140417733197 800 0.0180356661462698 -0
111100 145438407.345085 21631414.1691905 -2074.48537858962 143.011768199129 800 0.0184350925318243 -0
111500 144607149.121861 21688400.5125234 -2081.81908047119 141.916428914044 800 0.0186408413565337 -0
111900 143772941.300511 21744944.4603083 -2089.23363536292 140.799698900234 800 0.0188507700358094 -0
112300 142935751.21742 21801037.3451333 -2096.73066298127 139.661019404318 800 0.0190650012280649 -0
112700 142095545.551774 21856670.2722484 -2104.31182989394 138.499812350089 800 0.0192836623122313 -0
113100 141252290.306469 21911834.1116689 -2111.9788512968 137.315479498679 800 0.0195068856132048 -0
113500 140405950.788285 21966519.4899356 -2119.73349287447 136.107401564534 800 0.0197348086401843 -0
113900 139556491.58731 22020716.7815115 -2127.57757274926 134.874937284481 800 0.0199675743387605 -0
114300 138703876.555556 22074416.0997959 -2135.51296352337 133.617422436937 800 0.020205331357684 -0
114700 137848068.784742 22127607.2877369 -2143.54159441993 132.334168808125 800 0.020448234331308 -0
115100 136989030.583203 22180279.9080173 -2151.66545352833 131.024463101931 800 0.0206964441787837 -0
115500 136126723.451872 22232423.232795 -2159.88659016018 129.687565789752 800 0.0209501284211673 -0
115900 135261108.059305 22284026.2329681 -2168.20711732222 128.322709896484 800 0.0212094615176904 -0
116300 134392144.215684 22335077.5669435 -2176.62921431325 126.92909971843 800 0.0214746252225492 -0
116700 133519790.845761 22385565.5688757 -2185.15512945252 125.505909468665 800 0.0217458089636711 -0
117100 132644005.960681 22435478.2363511 -2193.78718294752 124.052281844986 800 0.0220232102450435 -0
117500 131764746.628628 22484803.2174808 -2202.52776990969 122.56732651526 800 0.0223070350743159 -0
117900 130881968.944236 22533527.7973714 -2211.37936352719 121.050118514526 800 0.0225974984175294 -0
118300 129995627.996691 22581638.8839359 -2220.34451840465 119.499696547816 800 0.0228948246829862 -0
118700 129105677.836474 22629122.9930054 -2229.42587408019 117.915061192126 800 0.0231992482364407 -0
119100 128212071.44065 22675966.2327002 -2238.62615873122 116.295172990489 800 0.0235110139499804 -0
119500 127314760.676635 22722154.2870164 -2247.94819308105 114.638950430506 800 0.0238303777871742 -0
119900 126413696.264365 22767672.3985784 -2257.39489451931 112.945267799066 800 0.0241576074272867 -0
120300 125508827.736766 22812505.3505082 -2266.96928145031 111.212952904315 800 0.0244929829316091 -0
120700 124600103.398439 22856637.4473539 -2276.67447788439 109.44078465517 800 0.0248367974552279 -0
121100 123687470.282454 22900052.4950215 -2286.5137182885 107.627490487876 800 0.0251893580078561 -0
121500 122770874.105155 22942733.7796434 -2296.49035271368 105.771743628183 800 0.0255509862676791 -0
121900 121850259.218848 22984664.0453174 -2306.60785221827 103.872160176758 800 0.0259220194525373 -0
122300 120925568.562265 23025825.4706425 -2316.8698146073 101.927296004348 400 0.0263028112531699 -0
122700 119996743.608659 23066199.643972 -2327.27997051029 99.9356434420338 400 0.0266937328336908 -0
123100 119063724.311399 23105767.537299 -2337.84218982123 97.8956277505954 400 0.0270951739049634 -0
123500 118126449.046912 23144509.4786831 -2348.56048852675 95.8056033515862 400 0.0275075438770888 -0
123900 117184854.554812 23182405.1231179 -2359.43903595044 93.6638498011019 400 0.0279312730978315 -0
124300 116238875.875044 23219433.4217339 -2370.48216244387 91.4685674854949 400 0.0283668141844798 -0
124700 115288446.281849 23255572.58922 -2381.6943675572 89.2178730163369 400 0.0288146434573954 -0
125100 114333497.214373 23290800.0693387 -2393.0803287254 86.9097942997914 400 0.0292752624843363 -0
125500 113373958.20368 23325092.4983995 -2404.64491050905 84.5422652531809 400 0.0297491997455772 -0
125900 112409756.795955 23358425.6665434 -2416.39317443218 82.1131201389 400 0.0302370124308907 -0
126300 111440818.471646 23390774.4766791 -2428.33038946361 79.6200874828983 400 0.0307392883806147 -0
126700 110467066.560271 23422112.9008974 -2440.46204319205 77.060783541709 400 0.0312566481843416 -0
127100 109488422.150619 23452413.9341761 -2452.79385375037 74.4327052783733 400 0.0317897474522175 -0
127500 108504803.996005 23481649.5451686 -2465.33178254908 71.7332228035812 400 0.032339279275487 -0
127900 107516128.414273 23509790.623856 -2478.08204788517 68.9595712338417 400 0.0329059768947579 -0
128300 106522309.182162 23536806.9258148 -2491.05113949849 66.1088419134634 400 0.0334906165965348 -0
128700 105523257.423647 23562667.0128386 -2504.24583415481 63.1779729414945 400 0.0340940208609131 -0
129100 104518881.491827 23587338.1896193 -2517.67321234277 60.1637389384552 400 0.0347170617859604 -0
129500 103509086.8439 23610786.4361716 -2531.34067618015 57.0627399806092 400 0.0353606648173043 -0
129900 102493775.908708 23632976.3356518 -2545.25596863491 53.8713896215545 400 0.0360258128148231 -0
130300 101472847.946321 23653870.9971872 -2559.42719417675 50.5859019119407 400 0.0367135504921784 -0
130700 100446198.899047 23673431.9732977 -2573.86284098744 47.2022773180077 400 0.0374249892692873 -0
131100 99413721.2332217 23691619.1714449 -2588.5718048712 43.7162874282084 400 0.0381613125828019 -0
131500 98375303.7710741 23708390.7592028 -2603.56341502145 40.1234583242516 400 0.0389237817053257 -0
131900 97330831.5118808 23723703.0624857 -2618.8474618176 36.4190524782445 400 0.0397137421305732 -0
132300 96280185.4415656 23737510.4562149 -2634.43422684379 32.5980490209729 400 0.0405326305890893 -0
132700 95223242.3298117 23749765.2467389 -2650.33451534357 28.6551222074263 400 0.0413819827676501 -0
133100 94159874.5136653 23760417.5452464 -2666.55969134809 24.5846178841004 400 0.042263441815241 -0
133500 93089949.6665103 23769415.1313308 -2683.12171574295 20.3805277379697 400 0.0431787677297686 -0
133900 92013330.5511794 23776703.3057694 -2700.03318756945 16.0364610788328 400 0.0441298477326633 -0
134300 90929874.7558429 23782224.7314759 -2717.30738889111 11.5456138744062 400 0.0451187077535686 -0
134700 89839434.4111774 23785919.2614661 -2734.95833359586 6.90073472039898 400 0.0461475251647565 -0
135100 88741855.8871579 23787723.7525384 -2753.00082054979 2.09408738502971 400 0.0472186429251815 -0
135500 87636979.4676411 23787571.8632196 -2771.45049156953 -2.8825904819267 400 0.0483345853177111 -0
135900 86524639.0007087 23785393.8343511 -2790.32389473969 -8.03813294258564 400 0.0494980754906687 -0
136300 85404661.5225187 23781116.250489 -2809.63855366895 -13.3819962001571 400 0.0507120550471452 -0
136700 84276866.8521541 23774661.7800653 -2829.41304335606 -18.9243144741796 400 0.0519797059635005 -0
136900 83709979.6830947 23770592.9062305 -2839.47883722776 -21.7732617044099 400 0.0526347242634291 -0
137100 83141067.1546222 23765948.891964 -2849.66707342243 -24.6759620196788 400 0.053304475163251 -0
137300 82570104.5140261 23760718.8389269 -2859.98040793238 -27.633901645919 400 0.0539894354544557 -0
137500 81997066.4691682 23754891.5460476 -2870.42157959329 -30.6486221056613 400 0.0546901021248845 -0
137700 81421927.1715787 23748455.4982048 -2880.99341346324 -33.7217228201928 400 0.0554069934191714 -0
137900 80844660.1988593 23741398.8543748 -2891.69882437254 -36.8548638603891 400 0.0561406499658012 -0
138100 80265238.5363593 23733709.4352142 -2902.54082065439 -40.0497688562438 400 0.0568916359756696 -0
138300 79683634.558086 23725374.7100421 -2913.52250806758 -43.3082280758986 400 0.0576605405174389 -0
138500 79099820.0068099 23716381.7831903 -2924.64709392297 -46.6321016858285 400 0.0584479788754322 -0
138700 78513765.9733244 23706717.3796813 -2935.91789142632 -50.0233232047615 400 0.0592545939963027 -0
138900 77925442.874813 23696367.8301952 -2947.33832425118 -53.4839031649231 400 0.0600810580312507 -0
139100 77334820.4322785 23685319.0552828 -2958.9119313563 -57.0159329952968 400 0.0609280739811594 -0
139300 76741867.6469824 23673556.548778 -2970.64237206315 -60.6215891427941 400 0.0617963774526647 -0
139500 76146552.7758421 23661065.3603611 -2982.53343141047 -64.3031374485482 400 0.0626867385338964 -0
139700 75548843.305727 23647830.0772195 -2994.58902580377 -68.0629377979771 400 0.0635999637994133 -0
139900 74948705.9265945 23633834.8047497 -3006.81320897929 -71.903449064847 400 0.0645368984547239 -0
140100 74346106.5033999 23619063.1462392 -3019.21017830326 -75.8272343712884 400 0.0654984286317439 -0
140300 73741010.0467103 23603498.1814624 -3031.78428142908 -79.8369666876179 400 0.0664854838475988 -0
140500 73133380.6819502 23587122.4441208 -3044.5400233366 -83.9354347978986 400 0.067499039640351 -0
140700 72523181.6171986 23569917.8980513 -3057.48207377989 -88.1255496594648 400 0.0685401203965239 -0
140900 71910375.1094527 23551865.9121205 -3070.61527517164 -92.4103511871537 400 0.0696098023867308 -0
141100 71294922.4292696 23532947.2337165 -3083.94465093488 -96.793015495765 400 0.0707092170273069 -0
141300 70676783.8236873 23513141.9607441 -3097.47541435513 -101.27686263733 400 0.0718395543876071 -0
141500 70055918.4773229 23492429.5120193 -3111.21297796883 -105.865364873153 400 0.0730020669645977 -0
141700 69432284.4715358 23470788.5959526 -3125.16296352678 -110.562155524322 400 0.0741980737485523 -0
141900 68805838.7415375 23448197.1773999 -3139.3312125748 -115.371038448524 200 0.0754289646060986 -0
142100 68176537.0313194 23424632.4425515 -3153.72379769728 -120.295998195566 200 0.0766962050095767 -0
142300 67544333.8462622 23400070.7617174 -3168.34703447323 -125.34121089911 200 0.0780013411447055 -0
142500 66909182.4032781 23374487.6498554 -3183.20749419876 -130.511055967729 200 0.0793460054319459 -0
142700 66271034.5783262 23347857.7246749 -3198.31201743487 -135.810128644706 200 0.080731922500751 -0
142900 65629840.8511317 23320154.6621361 -3213.66772844433 -141.243253512941 200 0.0821609156601565 -0
143100 64985550.2469227 23291351.1491465 -3229.28205058759 -146.815499029132 200 0.0836349139139534 -0
143300 64338110.2749848 23261418.8332403 -3245.1627227537 -152.532193180079 200 0.0851559595740695 -0
143500 63687466.8638208 23230328.269005 -3261.31781690947 -158.398940363659 200 0.0867262165318549 -0
143700 63033564.2926793 23198048.8610013 -3277.75575685792 -164.421639607886 200 0.0883479792538067 -0
143900 62376345.1192043 23164548.8028937 -3294.48533830542 -170.606504253651 200 0.090023682576007 -0
144100 61715750.1029298 23129795.0124878 -3311.51575034678 -176.960083240408 200 0.0917559123802917 -0
144300 61051718.1243272 23093753.0623365 -3328.85659848801 -183.489284149415 200 0.0935474172450943 -0
144500 60384186.0990825 23056387.1055485 -3346.51792933822 -190.201398176473 200 0.095401121175166 -0
144700 59713088.8872566 23017659.7963927 -3364.51025711529 -197.104127225587 200 0.0973201375271856 -0
144900 59038359.1969503 22977532.2052546 -3382.8445921245 -204.205613337035 200 0.0993077842628673 -0
145100 58359927.482061 22935963.7274545 -3401.53247138559 -211.51447068823 200 0.101367600677833 -0
145300 57677721.8336841 22892911.9853848 -3420.58599160192 -219.039820434066 200 0.103503365773566 -0
145500 56991667.8646678 22848332.7233726 -3440.01784468565 -226.791328685487 200 0.105719118461593 -0
145700 56301688.5867888 22802179.6946035 -3459.84135607565 -234.779247961534 200 0.10801917981409 -0
145900 55607704.2799622 22754404.5393776 -3480.07052611036 -243.014462491712 200 0.110408177603954 -0
146100 54909632.3528487 22704956.6538847 -3500.72007474652 -251.508537793016 200 0.112891073410571 -0
146300 54207387.1941559 22653783.0485973 -3521.8054899467 -260.273775000282 200 0.115473192605948 -0
146500 53500880.0138659 22600828.1952778 -3543.34308009516 -269.323270490808 200 0.118160257580262 -0
146700 52790018.6735439 22546033.8614805 -3565.35003084224 -278.670981415768 200 0.120958424617495 -0
146900 52074707.5047984 22489338.9313001 -3587.84446682372 -288.331797833301 200 0.123874324891771 -0
147100 51354847.1148688 22430679.2109682 -3610.84551875405 -298.321622233242 200 0.126915110124973 -0
147300 50630334.1782108 22369987.2177314 -3634.37339645158 -308.657457353384 200 0.130088503527957 -0
147500 49901061.2128324 22307191.9502532 -3658.44946842095 -319.357503314652 200 0.13340285674348 -0
147700 49166916.3400001 22242218.6385597 -3683.09634869476 -330.44126525067 200 0.13686721362154 -0
147900 48427783.0257849 22174988.4712993 -3708.33799172331 -341.929672779835 200 0.140491381790468 -0
148100 47683539.8027534 22105418.2977973 -3734.19979620079 -353.845212869615 200 0.144286013143854 -0
148300 46934059.9699173 22033420.3020505 -3760.70871882996 -366.212077878989 200 0.148262694549154 -0
148500 46179211.2688428 21958901.6454268 -3787.89339915696 -379.056330842397 200 0.152434050304672 -0
148600 45799730.6567455 21920666.588063 -3801.74859194871 -385.666179075194 200 0.154596988064927 -0
148700 45418855.5335317 21881764.0743437 -3815.78429674998 -392.406090378588 200 0.156813858135337 -0
148800 45036567.6432604 21842180.9057272 -3830.00463015393 -399.279934770963 200 0.159086584543627 -0
148900 44652848.3117039 21801903.4889456 -3844.4138422099 -406.291738034235 200 0.16141718083056 -0
149000 44267678.4327249 21760917.8200365 -3859.01632201486 -413.445689650831 200 0.163807755198143 -0
149100 43881038.4540804 21719209.4675548 -3873.81660359089 -420.746151231517 200 0.166260516011322 -0
149200 43492908.3626226 21676763.5549172 -3888.81937206601 -428.197665469885 200 0.16877777768142 -0
149300 43103267.6688663 21633564.7418227 -3904.02947017652 -435.804965662265 200 0.171361966962203 -0
149400 42712095.3908884 21589597.2046912 -3919.45190511072 -443.572985835202 200 0.17401562969226 -0
149500 42319370.0375256 21544844.6160572 -3935.0918557148 -451.506871526179 200 0.176741438020575 -0
149600 41925069.5908328 21499290.1228503 -3950.9546800835 -459.6119912673 200 0.179542198155624 -0
149700 41529171.4877612 21452916.3234906 -3967.04592355944 -467.893948825972 200 0.182420858682203 -0
149800 41131652.6010159 21405705.2437191 -3983.371327167 -476.358596261443 200 0.18538051949445 -0
149900 40732489.2190467 21357638.3110795 -3999.93683650815 -485.012047861325 200 0.188424441398262 -0
150000 40331657.0251255 21308696.3279593 -4016.74861114998 -493.860695028056 200 0.191556056441564 -0
150100 39929131.0754584 21258859.4430913 -4033.81303453533 -502.911222191679 200 0.194778979036729 -0
150200 39524885.7762799 21208107.1214096 -4051.13672445072 -512.170623832403 200 0.198097017945946 -0
150300 39118894.85987 21156418.1121438 -4068.72654408791 -521.646222704249 200 0.201514189207578 -0
150400 38711131.3594351 21103770.4150263 -4086.58961373815 -531.345689359763 200 0.205034730089627 -0
150500 38301567.5827847 21050141.2444785 -4104.73332316124 -541.277063085388 200 0.20866311416545 -0
150600 37890175.084737 20995506.991627 -4123.16534467431 -551.448774367758 200 0.21240406761694 -0
150700 37476924.6381764 20939843.1839915 -4141.89364700892 -561.869669023 200 0.216262586881713 -0
150800 37061786.2036854 20883124.4426711 -4160.92650998845 -572.549034134309 200 0.22024395777347 -0
150900 36644728.8976653 20825324.4368388 -4180.27254008168 -583.496625957736 100 0.224353776218945 -0
151000 36225720.9588555 20766415.835341 -4199.94068689283 -594.722699972432 100 0.228597970770831 -0
151100 35804729.7131533 20706370.2551755 -4219.94026065255 -606.238043269854 100 0.232982827074049 -0
151200 35381721.5366334 20645158.206606 -4240.28095077957 -618.054009496828 100 0.237515014483046 -0
151300 34956661.8166526 20582749.0346434 -4260.97284558765 -630.182556590153 100 0.242201615050703 -0
151400 34529514.9109249 20519110.8566046 -4282.0264532182 -642.636287566012 100 0.24705015513532 -0
151500 34100244.1044379 20454210.4954265 -4303.45272388519 -655.428494656145 100 0.252068639901536 -0
151600 33668811.5640743 20388013.4083864 -4325.2630735251 -668.573207114978 100 0.257265591024291 -0
151700 33235178.290796 20320483.610843 -4347.46940895177 -682.085243058206 100 0.26265008794278 -0
151800 32799304.069231 20251583.5945752 -4370.08415462354 -695.980265734243 100 0.26823181305441 -0
151900 32361147.4144997 20181274.240254 -4393.12028113768 -710.274844676154 100 0.274021101287862 -0
152000 31920665.5160994 20109514.7235347 -4416.59133557565 -724.986522233918 100 0.280028994550419 -0
152100 31477814.1786567 20036262.4142034 -4440.51147383158 -740.133886046069 100 0.28626730160893 -0
152200 31032547.7593418 19961472.7677538 -4464.89549506551 -755.736648076902 100 0.292748664037272 -0
152300 30584819.1017252 19885099.2087031 -4489.75887843283 -771.815730921744 100 0.299486628947752 -0
152400 30134579.4658407 19807093.0048817 -4515.11782225126 -788.393362169712 100 0.30649572932105 -0
152500 29681778.4542028 19727403.1318465 -4540.98928577705 -805.493177712504 100 0.313791572861498 -0
152600 29226363.9335087 19645976.1264754 -4567.39103377268 -823.140335001042 100 0.321390940434057 -0
152700 28768281.9517357 19562755.9286921 -4594.34168405839 -841.361637381519 100 0.329311895289406 -0
152800 28307476.6503258 19477683.7101505 -4621.86075825014 -860.185670791226 100 0.33757390445775 -0
152900 27843890.171129 19390697.6885717 -4649.96873589569 -879.642954265587 100 0.346197973894515 -0
153000 27377462.5577528 19301732.9262724 -4678.68711222878 -899.766105904951 100 0.355206799197305 -0
153100 26908131.6509472 19210721.1112461 -4708.03845976722 -920.590026177159 100 0.364624933989535 -0
153200 26435832.9776278 19117590.3189593 -4738.04649398482 -942.152100695165 100 0.374478978389531 -0
153300 25960499.6331174 19022264.7527961 -4768.73614328599 -964.49242491419 100 0.384797790363719 -0
153400 25482062.1561674 18924664.4608218 -4800.13362350682 -987.654053547625 100 0.395612723209764 -0
153500 25000448.3962926 18824705.0262373 -4832.26651715308 -1011.68327791418 100 0.406957892943631 -0
153600 24515583.3729381 18722297.2285496 -4865.16385756277 -1036.62993491138 100 0.418870479989742 -0
153700 24027389.1259764 18617346.6720903 -4898.85621814507 -1062.54775187567 100 0.431391070315784 -0
153800 23535784.5570237 18509753.3780501 -4933.37580679358 -1089.49473225239 100 0.444564042037739 -0
153900 23040685.2610537 18399411.3356727 -4968.7565654954 -1117.53358777982 100 0.458438004576585 -0
153950 22791797.765955 18343174.6354125 -4986.78099031726 -1131.98347178211 100 0.465654326502568 -0
154000 22542003.347762 18286208.0075742 -5005.03427503892 -1146.73222379249 100 0.473066298715213 -0
154050 22291290.4445617 18228496.2756366 -5023.52119755628 -1161.78923306216 100 0.480681421700925 -0
154100 22039647.2523396 18170023.7837856 -5042.24666463796 -1177.16428545597 100 0.488507567413034 -0
154150 21787061.718445 18110774.3765626 -5061.2157155836 -1192.8675844968 100 0.496553001823825 -0
154200 21533521.5348715 18050731.3774281 -5080.43352593403 -1208.90977375324 100 0.504826409097976 -0
154250 21279014.1313518 17989877.5661697 -5099.90541122437 -1225.30196067094 100 0.51333691752209 -0
154300 21023526.6682629 17928195.1550804 -5119.63683076928 -1242.05574195623 100 0.522094127337718 -0
154350 20767046.0293426 17865665.7638261 -5139.63339146715 -1259.18323062999 100 0.531108140639258 -0
154400 20509558.8142147 17802270.392917 -5159.90085160788 -1276.69708488003 100 0.540389593513683 -0
154450 20251051.3307246 17737989.3956873 -5180.44512466573 -1294.61053885145 100 0.549949690616181 -0
154500 19991509.5870861 17672802.4486846 -5201.2722830557 -1312.93743552683 100 0.559800242394892 -0
154550 19730919.2838417 17606688.5203593 -5222.3885618278 -1331.69226186152 100 0.569953705199007 -0
154600 19469265.8056399 17539625.8379375 -5243.8003622695 -1350.89018635445 100 0.580423224528017 -0
154650 19206534.2128366 17471591.8523499 -5265.51425538124 -1370.54709925099 100 0.591222681705953 -0
154700 18942709.2329253 17402563.2010806 -5287.5369851843 -1390.67965559274 100 0.602366744293536 -0
154750 18677775.2518078 17332515.6687873 -5309.87547181365 -1411.30532134897 100 0.613870920583498 -0
154800 18411716.3049172 17261424.1455329 -5332.53681434024 -1432.44242288642 100 0.625751618560416 -0
154850 18144516.0682068 17189262.582454 -5355.52829325878 -1454.11020005844 100 0.638026209746714 -0
154900 17876157.8490255 17116003.9446778 -5378.85737256627 -1476.32886322155 100 0.650713098401495 -0
154950 17606624.5769004 17041620.1612842 -5402.53170134492 -1499.11965451701 100 0.663831796589264 -0
155000 17335898.7942556 16966082.0720879 -5426.55911474893 -1522.50491378792 50 0.677403005692041 -0
155050 17063962.6470983 16889359.3710021 -5450.94763427915 -1546.50814953927 50 0.69144870500165 -0
155100 16790797.8757119 16811420.545717 -5475.70546721058 -1571.1541153882 50 0.70599224810002 -0
155150 16516385.8054023 16732232.8134106 -5500.84100501673 -1596.46889249753 50 0.721058467815206 -0
155200 16240707.3373514 16651762.0521746 -5526.36282060982 -1622.47997853483 50 0.736673790630687 -0
155250 15963742.9396429 16569972.7278189 -5552.27966418701 -1649.21638375548 50 0.752866361526737 -0
155300 15685472.6385353 16486827.8156793 -5578.60045743953 -1676.70873486976 50 0.769666180346848 -0
155350 15405876.0100717 16402288.7170221 -5605.33428584254 -1704.98938742317 50 0.787105250911117 -0
155400 15124932.1721287 16316315.1696005 -5632.49038869858 -1734.09254749587 50 0.805217744244245 -0
155450 14842619.7770286 16228865.1518749 -5660.07814655431 -1764.05440361304 50 0.824040177450801 -0
155500 14558917.004854 16139894.7803615 -5688.10706554934 -1794.91326985397 50 0.843611609957346 -0
155550 14273801.5576334 16049358.1995236 -5716.58675818361 -1826.7097412543 50 0.863973859053093 -0
155600 13987250.6545891 15957207.4635593 -5745.52691990616 -1859.48686271605 50 0.885171736901711 -0
155650 13699241.0286757 15863392.4093795 -5774.9373008298 -1893.29031277371 50 0.907253311470814 -0
155700 13409748.9246701 15767860.5199949 -5804.82767176067 -1928.16860371476 50 0.930270194137558 -0
155750 13118750.0991221 15670556.7774528 -5835.20778359689 -1964.17329972098 50 0.954277857084198 -0
155800 12826219.8225237 15571423.5043798 -5866.08731899082 -2001.35925488494 50 0.979335984002998 -0
155850 12532132.8841148 15470400.193083 -5897.47583498268 -2039.78487316706 50 1.00550885809304 -0
155900 12236463.5998143 15367423.3210576 -5929.38269509204 -2079.51239259497 50 1.032865791861 -0
155950 11939185.8238459 15262426.1516259 -5961.8169890929 -2120.60819627163 50 1.06148160384378 -0
156000 11640272.9647269 15155338.5182968 -5994.78743838959 -2163.14315305553 50 1.09143714806495 -0
156050 11339698.0063967 15046086.591283 -6028.30228454459 -2207.1929911085 50 1.12281990283217 -0
156100 11037433.5354012 14934592.6244463 -6062.3691580758 -2252.83870787855 50 1.15572462639477 -0
156150 10733451.7751982 14820774.6807505 -6096.99492412416 -2300.16702050049 50 1.19025408802751 -0
156200 10427724.6288412 14704546.3340925 -6132.18550097813 -2349.27086106082 50 1.22651988430748 -0
156250 10120223.7315121 14585816.3451455 -6167.9456467079 -2400.24992168945 50 1.26464335173004 -0
156300 9810920.51463509 14464488.3085894 -6204.27870828565 -2453.21125501383 50 1.30475658839244 -0
156350 9499786.28360819 14340460.2688056 -6241.18632651854 -2508.26993614462 50 1.34700359928887 -0
156400 9186792.31155593 14213624.3007941 -6278.66808886198 -2565.5497930593 50 1.39154158184165 -0
156450 8871909.95193712 14083866.0527032 -6316.72112066802 -2625.18421301236 50 1.43854237067465 -0
156475 8713751.72937248 14017853.4592265 -6335.96017424899 -2655.92889884951 50 1.46302441411469 -0
156500 8555110.7733603 13951064.2459001 -6355.33960360261 -2687.31703337911 50 1.4881940633652 -0
156525 8395983.58999156 13883482.0809231 -6374.85812836922 -2719.36839064107 50 1.5140776721062 -0
156550 8236366.72057427 13815090.1284451 -6394.51420777004 -2752.10352650599 50 1.54070285195064 -0
156575 8076256.74843519 13745871.0285664 -6414.30601697817 -2785.54381531037 50 1.56809854296576 -0
156600 7915650.30633773 13675806.8763986 -6434.23142142703 -2819.7114883845 50 1.59629508862178 -0
156625 7754544.08456978 13604879.2001379 -6454.2879488678 -2854.62967457015 50 1.6253243154634 -0
156650 7592934.83976045 13533068.9380989 -6474.47275896927 -2890.32244282896 50 1.65521961781902 -0
156675 7430819.40448982 13460356.4146563 -6494.78261023335 -2926.81484704563 50 1.68601604788262 -0
156700 7268194.69776199 13386721.3150379 -6515.21382397727 -2964.13297313334 50 1.71775041152466 -0
156725 7105057.73641797 13312142.6589102 -6535.76224510931 -3002.30398855164 50 1.75046137020993 -0
156750 6941405.64757243 13236598.7726944 -6556.42319939756 -3041.35619434904 50 1.78418954942361 -0
156775 6777235.68216595 13160067.2605488 -6577.19144690201 -3081.31907984436 50 1.8189776540296 -0
156800 6612545.22973314 13082524.9739502 -6598.061131207 -3122.22338006179 50 1.8548705910096 -0
156825 6447331.83449662 13003947.9798032 -6619.02572405535 -3164.10113603385 50 1.8919156000551 -0
156850 6281593.21290711 12924311.5270055 -6640.07796494517 -3206.98575808541 50 1.9301623925086 -0
156875 6115327.27276151 12843590.0113924 -6661.20979520685 -3250.91209220825 50 1.96966329917402 -0
156900 5948532.13404363 12761756.9389824 -6682.41228602873 -3295.91648963059 50 2.01047342753852 -0
156925 5781206.1516459 12678784.8874423 -6703.67555984671 -3342.03687967834 50 2.0526508289691 -0
156950 5613347.94014586 12594645.4656887 -6724.98870445396 -3389.312846014 50 2.09625667646544 -0
156975 5444956.40082838 12509309.2715415 -6746.33967912187 -3437.78570632504 50 2.14135545356574 -0
157000 5276030.75116262 12422745.8473396 -6767.7152119516 -3487.4985955148 50 2.18801515501222 -0
157025 5106570.55696375 12334923.6334349 -6789.10068759692 -3538.49655242522 25 2.23630749978692 -0
157050 4936575.76749171 12245809.9194724 -6810.48002441197 -3590.82661009037 25 2.28630815712425 -0
157075 4766046.75376424 12155370.7933708 -6831.83553998237 -3644.53788948237 25 2.3380969860916 -0
157100 4594984.35038856 12063571.0879169 -6853.14780389325 -3699.68169666432 25 2.39175828930124 -0
157125 4423389.90124656 11970374.3248894 -6874.39547647304 -3756.31162320784 25 2.44738108127128 -0
157150 4251265.30940086 11875742.6566341 -6895.55513212614 -3814.4836496625 25 2.50505937188686 -0
157175 4078613.09162599 11779636.8050171 -6916.60106573025 -3874.25625177935 25 2.56489246532007 -0
157200 3905436.43800861 11682015.9976917 -6937.50508042491 -3935.6905090877 25 2.62698527464097 -0
157225 3731739.27710452 11582837.9016271 -6958.23625495482 -3998.85021529962 25 2.69144865218646 -0
157250 3557526.34718846 11482058.5538613 -6978.76068855606 -4063.80198986757 25 2.75839973553784 -0
157275 3382803.27418519 11379632.2894583 -6999.0412211834 -4130.61538984094 25 2.82796230868207 -0
157300 3207576.65692795 11275511.6666776 -7019.03712667354 -4199.36302095332 25 2.90026717758145 -3.99588683934443e-309
157325 3031854.16045322 11169647.389388 -7038.70377622235 -4270.12064661698 25 2.9754525589368 -3.57927736658667e-300
157350 2855644.61810907 11061988.2268002 -7057.99226932464 -4342.967293197 25 3.05366448038034 -3.25941827507321e-291
157375 2678958.14332872 10952480.9306344 -7076.84902908483 -4417.98534957718 25 3.13505718965392 -3.01052229787778e-282
157400 2501806.25200116 10841070.1498946 -7095.21535855829 -4495.26065860247 25 3.21979356948931 -2.81182779025252e-273
157425 2324201.9964576 10727698.3434875 -7113.02695452968 -4574.88259747797 25 3.30804555387675 -2.64700138108415e-264
157450 2146160.11218523 10612305.6910071 -7130.21337488259 -4656.9441436093 25 3.39999454014893 -2.50257699978475e-255
157475 1967697.17847927 10494830.0020962 -7146.69745547082 -4741.5419216684 25 3.49583178977496 -2.367027077565e-246
157500 1788831.79434914 10375206.6249197 -7162.39467217624 -4828.7762268469 25 3.59575880889978 -2.23033600358716e-237
157525 1609584.77110517 10253368.3544136 -7177.2124436455 -4918.75101829612 25 3.69998769741886 -2.08400775664022e-228
157550 1429979.34316674 10129245.3411451 -7191.04937005491 -5011.5738756292 25 3.80874145267459 -1.92145220231319e-219
157575 1250041.3987501 10002765.0018078 -7203.79440318381 -5107.35591005267 25 3.92225421061919 -1.73865913748342e-210
157600 1069799.73221191 9873851.93260657 -7215.32594311097 -5206.21162017793 25 4.04077140341724 -1.53499080638802e-201
157625 889286.319939874 9742427.8270606 -7225.51085702558 -5308.25868081177 25 4.16454980785661 -1.313823222724e-192
157650 708536.621790327 9608411.4000631 -7234.20341601115 -5413.61765101104 25 4.29385745348672 -1.0826906027125e-183
157675 527589.910169098 9471718.32041418 -7241.24414628018 -5522.4115853854 25 4.42897335298585 -8.52604716417821e-175
157700 346489.628928949 9332261.15447123 -7246.45859228434 -5634.765530018 25 4.57018700974782 -6.36397361533566e-166
157725 165283.78430513 9189949.32406521 -7249.6559904941 -5750.80588142851 25 4.71779764894684 -4.46278664965866e-157
157750 -15974.6298818045 9044689.08241005 -7250.62785454768 -5870.65958371596 25 4.87211310826994 -2.91215403793167e-148
157775 -197227.170575007 8896383.51239904 -7249.14647505185 -5994.45313539227 25 5.03344831300617 -1.74997981500702e-139
157800 -378409.44532417 8744932.5524428 -7244.96334074237 -6122.31137347647 25 5.2021232471989 -9.57547078376743e-131
157825 -559450.571785306 8590233.05586617 -7237.80749217728 -6254.35599821671 25 5.37846031812185 -4.71281882214244e-122
157850 -740272.595388714 8432178.89085168 -7227.38382487016 -6390.70379743951 25 5.56278099555913 -2.05889639253846e-113
157875 -920789.864196321 8270661.08899732 -7213.37136603196 -6531.46452514515 25 5.75540159054251 -7.87011216695986e-105
157900 -1100908.36068318 8105568.05174318 -7195.42155816752 -6676.73838480596 25 5.95662802084165 -2.59157066507898e-96
157925 -1280524.99114434 7936785.82520754 -7173.15659397233 -6826.61306421052 25 6.16674939344405 -7.22885137531075e-88
157950 -1459526.83470439 7764198.45533654 -7146.1678606056 -6981.1602660902 25 6.38603021875155 -1.67723497480497e-79
157975 -1637790.35555732 7587688.43668239 -7114.01456776492 -7140.43167778471 25 6.61470105905794 -3.17392354666079e-71
158000 -1815180.58415996 7407137.26953146 -7076.22265327729 -7304.45432466149 25 6.85294740755213 -4.79579594323477e-63
158025 -1991550.27571754 7222426.14143249 -7032.2840822517 -7473.22525693893 25 7.10089659695912 -5.65527275465749e-55
158050 -2166739.05751162 7033436.75032397 -6981.65668110478 -7646.70552926546 25 7.35860255333392 -5.07791219231549e-47
158075 -2340572.58049562 6840052.28729092 -6923.76467555246 -7824.81344842824 25 7.62602824592253 -3.38120148577436e-39
158100 -2512861.6951765 6642158.5973137 -6858.00013108057 -8007.41708870468 25 7.90302574500516 -1.62292153176859e-31
158125 -2683401.67713492 6439645.53597941 -6783.7255239615 -8194.32610860967 25 8.18931389386742 -5.44744235380871e-24
158150 -2851971.53358792 6232408.53872953 -6700.2776982446 -8385.28294916496 25 8.48445373679038 -1.23795275768322e-16
158175 -3018333.42907175 6020350.41649142 -6606.97348596573 -8579.9535541876 25 8.78782203042072 -1.84029135413726e-09
158200 -3182232.27542745 5803383.38711427 -6503.11727954367 -8777.91782880518 25 9.0985834079113 -0.0172544805887039
158212.5 -3263173.56965528 5693034.72640022 -6447.01376309497 -8877.9779415309 25 9.25641027949038 -43.9194141679214
158218.75 -3303376.74332608 5637390.35460749 -6417.88009088123 -8928.24614360795 12.5 9.33585965867672 -2111.20290553835
158225 -3343395.53691108 5581431.34781828 -6388.00984345078 -8978.65874494461 6.25 9.41524166187392 -98182.374644583
158228.125 -3363334.33859199 5553333.59036516 -6372.79031331123 -9003.90913724238 3.125 9.45286669452234 -661162.400245468
158229.6875 -3373285.82469568 5539255.11711772 -6365.10240222289 -9016.53561392833 3.125 9.46847617320709 -1710247.79711805
158231.25 -3383225.25057948 5525156.92445422 -6357.35060404855 -9029.14625623652 3.125 9.47720983901458 -4414450.138382
158232.8125 -3393152.49894398 5511039.06199436 -6349.50848613399 -9041.70340401975 1.5625 9.46860278809429 -11369707.132374
158234.375 -3403067.38412214 5496901.67698147 -6341.5086592807 -9054.11068735171 1.5625 9.4176057383858 -29218251.0520559
158235.15625 -3408020.09029925 5489825.76995291 -6337.40328075828 -9060.19171747056 1.5625 9.36103981078912 -46798263.6350639
158235.9375 -3412969.54607497 5482745.16646814 -6333.17933288575 -9066.12168393238 1.5625 9.27158877400498 -74910037.8439898
158236.71875 -3417915.6358763 5475660.01754473 -6328.77315622747 -9071.80899316359 1.5625 9.14096476308154 -119830410.613591
158237.5 -3422858.18077571 5468570.56542252 -6324.08331006359 -9077.10749151041 0.78125 8.97501411678595 -191550130.961332
158238.28125 -3427796.90094076 5461477.19782979 -6318.94830379485 -9081.78418952455 0.78125 8.83466929603627 -305943572.736854
158239.0625 -3432731.35600387 5454380.53427548 -6313.11136718105 -9085.46812962866 0.78125 8.94833105623875 -488171622.939488
158239.84375 -3437660.85056454 5447281.56298623 -6306.16491716791 -9087.5696717035 0.78125 9.93307350855833 -777970654.926899
158240.625 -3442584.28488078 5440181.85756968 -6297.46349908423 -9087.15377476609 0.78125 12.9293654784167 -1237754746.93446
158241.015625 -3445043.21984016 5436632.46183772 -6292.15598096101 -9085.56857627943 0.78125 15.6146729574723 -1559975097.17309
158241.40625 -3447499.91995604 5433083.91837902 -6285.98846872588 -9082.74273877818 0.78125 19.3309495353873 -1964734372.90034
158241.796875 -3449954.0080005 5429536.77181004 -6278.74137380305 -9078.35719565857 0.78125 24.2834701870381 -2472474592.57054
158242.1875 -3452405.01067014 5425991.70639825 -6270.14044883791 -9072.01317601145 0.78125 30.723374985396 -3108313537.13559
158242.578125 -3454852.33482503 5422449.58072529 -6259.84405796778 -9063.21356311402 0.78125 38.9657449142909 -3902893006.5369
158242.96875 -3457295.23828055 5418911.47033115 -6247.42797746552 -9051.34061159305 0.78125 49.4042735516567 -4893248090.79521
158243.359375 -3459732.79414698 5415378.71982383 -6232.36753906276 -9035.62973546328 0.390625 62.5240517097901 -6123602401.54986
158243.75 -3462163.84766939 5411853.00600604 -6214.01710964552 -9015.13934037636 0.390625 78.9128709683222 -7645925830.15969
158244.140625 -3464586.96457703 5408336.41349588 -6191.58723189763 -8988.71715264753 0.390625 99.2698455100536 -9519992910.89096
158244.53125 -3467000.37017699 5404831.52399774 -6164.12030163186 -8954.96429899219 0.390625 124.408507479715 -11812546725.7506
158244.921875 -3469401.87892543 5401341.51966215 -6130.46651465206 -8912.19964075587 0.390625 155.249732013609 -14595008625.7891
158245.3125 -3471788.81511618 5397870.29965955 -6089.26306646682 -8858.42869459752 0.390625 192.797811426476 -17938998585.1197
158245.703125 -3474157.92680963 5394422.60693511 -6038.9212885298 -8791.32396392679 0.390625 238.090902841404 -21908798583.3677
158246.09375 -3476505.29735542 5391004.15885712 -5977.62851602538 -8708.22660969542 0.390625 292.115522933208 -26549908612.7965
158246.484375 -3478826.26196397 5387621.7709328 -5903.37376355783 -8606.18275884396 0.390625 355.674966608225 -31873186232.0602
158246.875 -3481115.34071904 5384283.45698786 -5814.00814833319 -8482.03052951775 0.78125 429.205407281521 -37834957198.0145
158247.265625 -3483366.20384084 5380998.48269972 -5707.35137037331 -8332.55447422393 0.390625 512.543413371556 -44315147463.6019
158247.65625 -3485571.68902854 5377777.34341396 -5581.35285514845 -8154.72028723208 0.390625 604.666650331346 -51097918952.9256
158248.046875 -3487723.89277983 5374631.63402598 -5434.30860688605 -7945.99166698546 0.390625 703.455099490655 -57861989342.1106
158248.4375 -3489814.35554915 5371573.78153642 -5265.12129531194 -7704.7114937366 0.390625 805.547330643061 -64189493821.5343
158248.828125 -3491834.35222946 5368616.62298584 -5073.57259209249 -7430.50236163465 0.390625 906.381998476191 -69600936906.8616
158249.21875 -3493775.28353979 5365772.83463089 -4860.55784236426 -7124.61360387357 0.390625 1000.50055601617 -73617755370.0834
158249.609375 -3495629.14182527 5363054.2505241 -4628.22208874332 -6790.12538378003 0.390625 1082.12964286122 -75843537366.5336
158250 -3497389.00146857 5360471.14293101 -4379.94259515085 -6431.92892948043 0.390625 1145.96687281583 -76043796560.6628
158250.390625 -3499049.46747401 5358031.56170239 -4120.13111489494 -6056.44271395446 0.390625 1187.99688720861 -74198920611.6358
158250.5859375 -3499841.24687594 5356867.37342389 -3987.47624429499 -5864.51427064042 0.390625 1200.09266605436 -72564873835.7925
158250.78125 -3500607.01370216 5355740.83321175 -3853.87387440976 -5671.08971693242 0.390625 1206.11830219249 -70510778976.5899
158250.9765625 -3501346.64804111 5354652.13790992 -3719.98956193969 -5477.14352712447 0.390625 1206.15284943412 -68089335779.266
158251.171875 -3502060.1585973 5353601.2959329 -3586.47242507393 -5283.62728861069 0.390625 1200.40371516641 -65359593240.8902
158251.3671875 -3502747.6781506 5352588.13369011 -3453.94179315856 -5091.45007920222 0.390625 1189.19214475826 -62384093637.3246
158251.5625 -3503409.45658242 5351612.30559067 -3322.97572042302 -4901.46154193952 0.390625 1172.93441582698 -59226105857.9035
158251.953125 -3504657.31956064 5349770.48972907 -3067.79008975483 -4531.07346994975 0.390625 1127.29069256383 -52604847008.171
158252.34375 -3505807.71114452 5348070.19005681 -2824.42466816141 -4177.64188462766 0.390625 1067.87151478825 -45932792969.0297
158252.734375 -3506865.77137373 5346504.00838954 -2595.38822638419 -3844.88751726199 0.390625 999.229656432714 -39546960437.2938
158253.125 -3507837.42779681 5345063.37440335 -2382.2177996761 -3535.11045663076 0.390625 925.554908572034 -33671882041.5626
158253.515625 -3508729.03710071 5343739.07024474 -2185.59877357441 -3249.36240658366 0.390625 850.359252183164 -28429331518.5035
158253.90625 -3509547.08424746 5342521.67211745 -2005.53224294677 -2987.68927818485 0.390625 776.351750505531 -23859927299.1525
158254.1015625 -3509930.52504285 5341950.14779761 -1921.56337367855 -2865.68416714102 0.390625 740.422554194988 -21824259942.7296
158254.296875 -3510297.95007417 5341401.8923719 -1841.51284051299 -2749.39017142598 0.390625 705.454469096091 -19947778880.4145
158254.4921875 -3510650.1136067 5340875.80615108 -1765.2652206399 -2638.64226364799 0.390625 671.58129961943 -18223303224.1445
158254.6875 -3510987.74606692 5340370.82360971 -1692.69245985566 -2533.25656115031 0.390625 638.902379398254 -16642619193.7231
158254.8828125 -3511311.55192964 5339885.91654913 -1623.65741642069 -2433.03552733223 0.390625 607.487049465175 -15196888062.7257
158255.078125 -3511622.20824927 5339420.09631429 -1558.01691740836 -2337.77246328764 0.390625 577.378973933639 -13876974667.8635
158255.46875 -3512206.63830384 5338541.96721909 -1436.33185084844 -2161.26993215545 0.390625 521.154770701894 -11578061064.995
158255.859375 -3512745.8804124 5337729.3551595 -1326.45944616118 -2002.0420332734 0.390625 470.210283006818 -9675181070.85018
158256.25 -3513244.32289196 5336975.84036096 -1227.25057980144 -1858.41988464817 0.390625 424.336007176394 -8103762882.37501
158256.640625 -3513705.91637445 5336275.63923162 -1137.61754688129 -1728.8212525186 0.390625 383.208568007854 -6807121392.72144
158257.03125 -3514134.20178272 5335623.56455912 -1056.55244921426 -1611.77808940147 0.390625 346.445726975858 -5736809009.24099
158257.421875 -3514532.34339092 5335014.97803824 -983.135470065619 -1505.94918365557 0.390625 313.644219413243 -4852175268.72876
158257.8125 -3514903.16369873 5334445.73995083 -916.536368308361 -1410.12279648032 0.390625 284.404473643455 -4119543671.8639
158258.203125 -3515249.17798187 5333912.15916 -856.011676518284 -1323.21292901242 0.390625 258.345764863371 -3511255931.41878
158258.59375 -3515572.6272078 5333410.94536781 -800.899378044078 -1244.2518274932 0.390625 235.114663517489 -3004725108.30603
158258.984375 -3515875.50858593 5332939.16473165 -750.612284000326 -1172.38052458342 0.390625 214.388954018405 -2581569254.26539
158259.375 -3516159.60341388 5332494.1993568 -704.630918679586 -1106.83861083357 0.390625 195.878612375466 -2226854941.13246
158259.765625 -3516426.5021358 5332073.71080557 -662.496425957385 -1046.95399608796 0.390625 179.324964741914 -1928456143.99412
158260.15625 -3516677.62668633 5331675.60752957 -623.803803414236 -992.133117942152 0.390625 164.498796586293 -1676521549.23636
158260.546875 -3516914.25028474 5331298.01599604 -588.195631754738 -941.851849337783 0.390625 151.197925664977 -1463037843.31533
158260.9375 -3517137.51488978 5330939.25520852 -555.356375803807 -895.647222485895 0.390625 139.244570401313 -1281474913.99553
158261.328125 -3517348.44654376 5330597.81429487 -525.007275497373 -853.110000525328 0.390625 128.482719792866 -1126499317.57287
158261.71875 -3517547.96883375 5330272.33283423 -496.9018102623 -813.878076145553 0.390625 118.775626137438 -993743741.606524
158262.109375 -3517736.91468746 5329961.58360889 -470.821700417143 -777.630646727214 0.78125 110.00348579717 -879621906.685462
158262.5 -3517916.03670446 5329664.45749053 -446.573399416044 -744.083100592617 0.78125 102.061337087361 -781180075.631312
158262.890625 -3518086.01620516 5329379.95019647 -423.985027259195 -712.982543357011 0.78125 94.8571818293076 -695977916.958024
158263.28125 -3518247.47115985 5329107.15068018 -402.903695745375 -684.103893507826 0.78125 88.3103236550453 -621992839.676939
158263.671875 -3518400.96314188 5328845.23094669 -383.193178814219 -657.246479806656 0.78125 82.3499086812529 -557543068.115417
158264.0625 -3518547.00343111 5328593.43710939 -364.731884957742 -632.231078338846 0.78125 76.9136505499746 -501225672.933677
158264.453125 -3518686.05837795 5328351.08152763 -347.411092899125 -608.897333029514 0.78125 71.9467206249083 -451866543.092746
158264.84375 -3518818.55412398 5328117.53588524 -331.133416028481 -587.101509586203 0.78125 67.4007843779954 -408479900.939078
158265.625 -3519065.39598231 5327674.62192478 -301.366685836203 -547.620315458661 0.78125 59.406126287495 -336431687.312783
158266.40625 -3519290.28038575 5327260.64039263 -274.832591363157 -512.901697298421 0.78125 52.6438200474006 -279857016.415596
158267.1875 -3519495.53601741 5326872.16192047 -251.043765052612 -482.223875696308 0.78125 46.8888646701614 -234983653.767006
158267.96875 -3519683.14659481 5326506.26847535 -229.601039701324 -454.994592792196 0.78125 41.9629408218882 -199055366.363167
158268.75 -3519854.81240251 5326160.46298501 -210.175353832207 -430.724573401476 0.78125 37.7237508437485 -170035456.261637
158269.53125 -3520011.99936277 5325832.59724602 -192.493751802177 -409.006979523562 0.78125 34.0569671543279 -146402690.311737
158270.3125 -3520155.97843484 5325520.81402895 -176.328482443573 -389.501403661964 0.78125 30.8701198293943 -127009207.095826
158271.09375 -3520287.85745984 5325223.50027811 -161.488455091733 -371.921318014712 0.78125 28.0879301100467 -110980466.605366
158271.875 -3520408.60706645 5324939.24903739 -147.812499599155 -356.024170417688 0.78125 25.648726609101 -97644038.2436857
158272.65625 -3520519.08187675 5324666.82828275 -135.164015202249 -341.603519741291 0.78125 23.5016763184457 -86478385.6606091
158273.4375 -3520620.03796953 5324405.15525546 -123.426695180176 -328.482752531184 0.78125 21.6046322078829 -77075664.4422745
158274.21875 -3520712.14734422 5324153.27520261 -112.50108988319 -316.510033221856 1.5625 19.9224501454363 -69114439.7931558
158275 -3520796.0099669 5323910.34366959 -102.301827015432 -305.554222574007 1.5625 18.4256651747196 -62339495.9320025
158275.78125 -3520872.16385487 5323675.61167094 -92.7553501915453 -295.501560604159 1.5625 17.0894445932522 -56546763.2370455
158276.5625 -3520941.09356121 5323448.41320662 -83.7980684900428 -286.252956642734 1.5625 15.8927554936782 -51571972.1224537
158277.34375 -3521003.23734646 5323228.15469892 -75.3748337185968 -277.721764243409 1.5625 14.8176994136333 -47282044.2961522
158278.125 -3521058.99326698 5323014.30601025 -67.4376803696893 -269.831945367039 1.5625 13.848977900632 -43568511.4321768
158278.90625 -3521108.72436453 5322806.39276807 -59.9447772295785 -262.516548698002 1.5625 12.9734611571994 -40342447.3987233
158279.6875 -3521152.76310612 5322603.98977573 -52.8595503748585 -255.716442679198 1.5625 12.1798382277842 -37530539.0519013
158281.25 -3521224.96283035 5322214.22634531 -39.7878054078412 -243.458492807437 1.5625 10.8004660379375 -32916263.1704755
158282.8125 -3521277.77290148 5321842.39967387 -28.0096655334794 -232.70517747187 1.5625 9.64712934235573 -29350185.9761744
158284.375 -3521313.07987989 5321486.38609132 -17.3594941643511 -223.176102826636 1.5625 8.67150284427909 -26566861.7432764
158285.9375 -3521332.54050496 5321144.4543003 -7.70708158857044 -214.647119763711 1.5625 7.8367061893666 -24375130.4172466
158287.5 -3521337.62988675 5320815.18730274 1.051110394083 -206.938362726438 1.5625 7.11449849531259 -22634915.6313988
158289.0625 -3521329.67776165 5320497.42053081 8.9985844928699 -199.905291305119 1.5625 6.48323678312843 -21241898.6955647
158290.625 -3521309.89565548 5320190.19222913 16.2038866105972 -193.431845461197 1.5625 5.92634925326775 -20117231.5516807
158292.1875 -3521279.39707061 5319892.70329116 22.7245089393009 -187.425105460476 1.5625 5.43116533422394 -19200531.6015464
158293.75 -3521239.21231446 5319604.28454593 28.6098828056869 -181.811038058714 1.5625 4.98800215905757 -18445046.6204074
158295.3125 -3521190.2992352 5319324.37003669 33.9036517522398 -176.531041451111 1.5625 4.58944321837583 -17814272.1680143
158296.875 -3521133.55087294 5319052.47520671 38.6453674110386 -171.539092030144 1.5625 4.22976705245166 -17279550.1293531
158298.4375 -3521069.80083781 5318788.17916395 42.8717199363452 -166.799358430854 3.125 3.904497102036 -16818334.344829
158300 -3520999.8270685 5318531.1103707 46.6173945267862 -162.284190931055 3.125 3.61005163203621 -16412912.1160864
158301.5625 -3520924.3544934 5318280.93522421 49.915631510576 -157.972422736592 3.125 3.34347717310097 -16049438.9923181
158303.125 -3520844.0570041 5318037.34907809 52.7985567691156 -153.847938123286 3.125 3.10225157819307 -15717190.790737
