0 314159000 0 -1182.61962879394 203.496470709671 100 0.00403837820768556 -0
100 314040717.84016 20349.6466347443 -1183.02361870907 203.496457620521 200 0.00404142084108173 -0
300 313804032.247375 61048.9294215621 -1183.83251243461 203.496352729595 400 0.00404751945904599 -0
700 313330175.114645 142447.379363505 -1185.45396791701 203.495826430582 800 0.00405977036249369 -0
1500 312380510.185159 305243.222079294 -1188.71165139644 203.493494294524 1600 0.00408448896394605 -0
3100 310473322.058337 630825.839806744 -1195.28692434135 203.483601892053 1600 0.00413481069763499 -0
4700 308555548.580192 956386.915422611 -1201.94366279997 203.466522765142 1600 0.00418634588670317 -0
6300 306627057.841277 1281914.73636369 -1208.68383379576 203.441987679453 1600 0.00423913706561584 -0
7900 304687714.730125 1607397.14962004 -1215.50947335053 203.409715202252 1600 0.00429322873601725 -0
9500 302737380.820317 1932821.54168484 -1222.42268967662 203.369411029457 1600 0.00434866748011729 -0
11100 300775914.252304 2258174.81739258 -1229.42566655329 203.320767268333 1600 0.00440550208193099 -0
12700 298803169.609669 2583443.37757172 -1236.52066689973 203.263461672401 1600 0.00446378365700791 -0
14300 296818997.789504 2908613.09543257 -1243.71003655871 203.197156824834 1600 0.00452356579134782 -0
15900 294823245.866557 3233669.29160467 -1250.9962083057 203.121499266284 1600 0.00458490469026467 -0
17500 292815756.950772 3558596.70773132 -1258.38170609963 203.036118562701 1600 0.00464785933803369 -0
19100 290796370.037824 3883379.47852146 -1265.86914959271 202.940626308306 1600 0.00471249166923683 -0
20700 288764919.852216 4208001.10215084 -1273.46125891842 202.834615058436 1600 0.00477886675281109 -0
22300 286721236.682483 4532444.40889597 -1281.16085977825 202.717657186474 1600 0.00484705298990371 -0
23900 284665146.207999 4856691.52787405 -1288.97088884954 202.589303658514 1600 0.00491712232674822 -0
25500 282596469.316866 5180723.85175212 -1296.89439953887 202.449082718849 1600 0.00498915048389838 -0
27100 280515021.914289 5504521.99927658 -1304.93456810758 202.296498478623 1600 0.00506321720329392 -0
28700 278420614.720853 5828065.77546147 -1313.09470019822 202.131029399309 1600 0.00513940651478472 -0
30300 276313053.059996 6151334.12926027 -1321.37823779375 201.952126661785 1600 0.00521780702391096 -0
31900 274192136.633998 6474305.10852978 -1329.78876664373 201.759212410882 1600 0.00529851222292776 -0
33500 272057659.287671 6796955.81207855 -1338.33002419548 201.551677864229 1600 0.00538162082727725 -0
35100 269909408.75894 7119262.33857248 -1347.00590807134 201.328881273068 1600 0.0054672371399509 -0
36700 267747166.415391 7441199.73205057 -1355.82048513739 201.090145721413 1600 0.00555547144645573 -0
38300 265570706.9758 7762741.92377986 -1364.77800121328 200.834756748487 1600 0.00564644044340125 -0
39900 263379798.215582 8083861.67015397 -1373.88289147777 200.561959777736 1600 0.00574026770406739 -0
41500 261174200.65499 8404530.48631113 -1383.13979163002 200.270957333915 1600 0.00583708418469993 -0
43100 258953667.228811 8724718.57511638 -1392.55354987268 199.960906027671 1600 0.00593702877571794 -0
44700 256717942.936182 9044394.75111805 -1402.12923978978 199.630913284763 1600 0.00604024890251272 -0
46300 254466764.469035 9363526.35904992 -1411.87217419984 199.280033794436 1600 0.00614690118108035 -0
47900 252199859.817535 9682079.18640736 -1421.78792007329 198.907265648546 1600 0.00625715213436834 -0
49500 249916947.850733 10000017.3695777 -1431.88231461272 198.511546139689 1600 0.00637117897594472 -0
51100 247617737.870494 10317303.2929516 -1442.16148260523 198.09174718284 1600 0.00648917046842712 -0
52700 245301929.136555 10633897.4803813 -1452.63185516828 197.646670320698 1600 0.00661132786505776 -0
53500 244137703.385814 10791922.2994909 -1457.94084160541 197.414257582551 1600 0.00667403533691411 -0
54300 242969210.360329 10949758.4782743 -1463.30019002317 197.175041268254 1600 0.00673786594389923 -0
55100 241796409.4123 11107400.5053862 -1468.71079976997 196.928849265311 1600 0.00680284883311129 -0
55900 240619259.165199 11264842.7295994 -1474.17359345074 196.675503945583 1600 0.00686901414535019 -0
56700 239437717.494849 11422079.3553052 -1479.68951771672 196.414821946828 1600 0.00693639305718665 -0
57500 238251741.509858 11579104.4378358 -1485.25954408861 196.146613943854 1600 0.00700501782516384 -0
58300 237061287.531388 11735911.8785984 -1490.8846698147 195.870684408701 1600 0.00707492183225808 -0
59100 235866311.072211 11892495.4200132 -1496.56591876576 195.586831359252 1600 0.00714613963673312 -0
59900 234666766.815048 12048848.6402459 -1502.30434236861 195.294846095596 1600 0.00721870702353216 -0
60700 233462608.590128 12204964.947723 -1508.10102058029 194.994512923457 1600 0.00729266105836135 -0
61500 232253789.351967 12360837.575422 -1513.95706290506 194.685608863949 1600 0.00736804014462963 -0
62300 231040261.155307 12516459.5749219 -1519.8736094564 194.36790334885 1600 0.00744488408342064 -0
63100 229821975.130186 12671823.8102057 -1525.85183206641 194.041157900556 1600 0.00752323413668571 -0
63900 228598881.456105 12826922.9511987 -1531.89293544518 193.705125795819 1600 0.00760313309385966 -0
64700 227370929.335243 12981749.4670323 -1537.99815839279 193.35955171228 1600 0.00768462534211598 -0
65500 226138066.964683 13136295.619017 -1544.16877506679 193.004171356797 1600 0.0077677569404938 -0
66300 224900241.507598 13290553.4533109 -1550.40609630828 192.638711074445 1600 0.00785257569814568 -0
67100 223657399.063354 13444514.7932669 -1556.71147102973 192.262887437009 1600 0.00793913125697393 -0
67900 222409484.636478 13598171.2314425 -1563.08628766805 191.876406809722 1600 0.00802747517894301 -0
68700 221156442.104432 13751514.1212531 -1569.53197570661 191.478964894882 1600 0.00811766103837708 -0
69500 219898214.184143 13904534.5682517 -1576.05000727003 191.070246250911 1600 0.00820974451957539 -0
70300 218634742.397228 14057223.4210121 -1582.64189879603 190.649923785292 1600 0.00830378352010335 -0
71100 217365967.033847 14209571.2615966 -1589.30921278873 190.217658219732 1600 0.00839983826014516 -0
71900 216091827.115119 14361568.3955833 -1596.05355965812 189.77309752575 1600 0.00849797139833346 -0
72700 214812260.354032 14513204.8416299 -1602.87659965096 189.315876328781 1600 0.00859824815450458 -0
73500 213527203.114771 14664470.3205474 -1609.78004487824 188.845615278719 1600 0.00870073643986337 -0
74300 212236590.37038 14815354.243856 -1616.76566144539 188.361920384691 1600 0.00880550699508031 -0
75100 210940355.658676 14965845.7017938 -1623.83527169107 187.864382311666 1600 0.00891263353688616 -0
75900 209638431.036334 15115933.4507464 -1630.99075654154 187.352575636323 1600 0.00902219291377547 -0
76700 208330747.031029 15265605.9000647 -1638.23405798748 186.826058059407 1600 0.00913426527148055 -0
77500 207017232.591555 15414851.0982331 -1645.56718169113 186.284369571583 1600 0.00924893422893317 -0
78300 205697815.035796 15563656.7183518 -1652.99219973173 185.727031569553 800 0.009366287065491 -0
79100 204372419.996448 15712010.0428901 -1660.51125349837 185.153545918958 800 0.00948641492027256 -0
79900 203040971.364358 15859897.9476682 -1668.12655673942 184.563393960275 800 0.00960941300451631 -0
80700 201703391.229368 16007306.8850188 -1675.8403987789 183.95603545366 800 0.00973538082795973 -0
81500 200359599.818503 16154222.8660795 -1683.65514791078 183.330907458292 800 0.00986442244032089 -0
82300 199009515.431378 16300631.4421602 -1691.57325498288 182.687423141455 800 0.00999664668906166 -0
83100 197653054.37265 16446517.6851285 -1699.59725718317 182.024970512162 800 0.010132167494717 -0
83900 196290130.881367 16591866.1667495 -1707.7297820422 181.34291107369 800 0.0102711041451912 -0
84700 194920657.057011 16736660.9369135 -1715.97355166644 180.640578388921 800 0.0104135816105504 -0
85500 193544542.782063 16880885.5006787 -1724.33138721847 179.917276551831 800 0.0105597308799825 -0
86300 192161695.640879 17024522.7940512 -1732.80621366146 179.172278557902 800 0.0107096893227513 -0
87100 190772020.834659 17167555.1584184 -1741.40106478648 178.404824565582 800 0.0108636010751455 -0
87900 189375421.092273 17309964.3135452 -1750.11908854296 177.614120040201 800 0.0110216174556158 -0
88700 187971796.576693 17451731.3290347 -1758.96355269431 176.799333770981 800 0.0111838974105024 -0
89500 186561044.786768 17592836.5941494 -1767.93785082243 175.959595750919 800 0.0113506079929951 -0
90300 185143060.454037 17733259.7858763 -1777.04550870702 175.093994908336 800 0.0115219248782277 -0
91100 183717735.434293 17872979.8351156 -1786.29019110781 174.201576677887 800 0.0116980329176997 -0
91900 182284958.593536 18011974.8908558 -1795.67570898019 173.281340397596 800 0.0118791267365452 -0
92700 180844615.687981 18150222.2821937 -1805.20602715771 172.332236517244 800 0.0120654113775265 -0
93500 179396589.237713 18287698.4780385 -1814.8852725375 171.353163601945 800 0.0122571029960397 -0
94300 177940758.393584 18424379.0443328 -1824.71774280846 170.342965113212 800 0.0124544296108657 -0
95100 176476998.796895 18560238.5986018 -1834.70791576525 169.300425947965 800 0.0126576319159115 -0
95900 175005182.431372 18695250.76163 -1844.86045925554 168.224268714019 800 0.0128669641587477 -0
96700 173525177.466926 18829388.1060456 -1855.18024181213 167.113149718335 800 0.013082695092392 -0
97500 172036848.094599 18962622.1015712 -1865.67234402684 165.96565464188 800 0.0133051090074974 -0
98300 170540054.352107 19094923.05668 -1876.34207072819 164.780293872152 800 0.013534506852916 -0
99100 169034651.939287 19226260.0563704 -1887.19496403149 163.555497461355 800 0.0137712074535146 -0
99900 167520492.02274 19356600.895746 -1898.23681733628 162.289609674734 800 0.0140155488351465 -0
100700 165997421.028856 19485912.0090563 -1909.47369035404 160.980883089667 800 0.0142678896678472 -0
101500 164465280.424391 19614158.3938238 -1920.91192525745 159.627472201731 800 0.0145286108396356 -0
102300 162923906.483631 19741303.5296423 -1932.55816405189 158.22742648902 800 0.0147981171747994 -0
103100 161373130.041133 19867309.2911912 -1944.41936728065 156.778682880376 800 0.0150768393122402 -0
103900 159812776.228938 19992135.8549672 -1956.5028341871 155.279057566918 800 0.015365235761393 -0
104700 158242664.197017 20115741.5991797 -1968.81622447063 153.726237089061 800 0.0156637951554406 -0
105500 156662606.815624 20238082.9962006 -1981.367581788 152.117768623108 800 0.0159730387240707 -0
106300 155072410.358104 20359114.4968957 -1994.16535916902 150.451049382264 800 0.0162935230109189 -0
107100 153471874.162526 20478788.406091 -2007.21844653432 148.7233150364 800 0.0166258428641591 -0
107900 151860790.270411 20597054.7483466 -2020.53620052499 146.931627042884 800 0.0169706347325269 -0
108700 150238943.040571 20713861.1231205 -2034.12847687825 145.072858767067 800 0.0173285803034646 -0
109500 148606108.735966 20829152.5482983 -2048.00566561119 143.143680255292 800 0.0177004105251636 -0
110300 146962055.081176 20942871.2909523 -2062.17872930645 141.140541505201 800 0.0180869100601743 -0
110700 146135745.960582 20999122.0678135 -2069.37980682228 140.110063003151 800 0.0182859219194231 -0
111100 145306540.787847 21054956.6840385 -2076.65924482815 139.059654057942 800 0.0184889222251035 -0
111500 144474407.910114 21110367.0651942 -2084.01859388107 137.988800525577 800 0.0186960264566728 -0
111900 143639315.045496 21165344.9277038 -2091.45944884817 136.896970709404 800 0.0189073544787833 -0
112300 142801229.265019 21219881.7716765 -2098.98345056715 135.783614607079 800 0.0191230307479369 -0
112700 141960116.973894 21273968.8734281 -2106.59228758402 134.648163118435 800 0.0193431845307973 -0
113100 141115943.892069 21327597.2776763 -2114.28769797229 133.490027211868 800 0.0195679501349309 -0
113500 140268675.034041 21380757.7893946 -2122.07147123831 132.308597046663 800 0.0197974671528011 -0
113900 139418274.687888 21433440.9653052 -2129.94545031751 131.103241048543 800 0.0200318807199048 -0
114300 138564706.39348 21485637.104992 -2137.91153366684 129.873304935484 800 0.0202713417880086 -0
114700 137707932.919835 21537336.2416148 -2145.97167745895 128.618110690646 800 0.0205160074145157 -0
115100 136847916.241578 21588528.1321996 -2154.12789788394 127.336955479057 800 0.0207660410690768 -0
115500 135984617.514455 21639202.2474857 -2162.38227356512 126.029110504381 800 0.0210216129586436 -0
115900 135117997.049853 21689347.7613013 -2170.7369480955 124.693819801912 800 0.0212829003722619 -0
116300 134248014.288288 21738953.5394438 -2179.19413270215 123.330298963557 800 0.0215500880470042 -0
116700 133374627.771793 21788008.1280352 -2187.75610904627 121.937733790321 800 0.0218233685565554 -0
117100 132497795.115161 21836499.7413239 -2196.42523216726 120.515278867415 800 0.0221029427240913 -0
117500 131617472.975982 21884416.2488992 -2205.20393357947 119.062056056764 800 0.0223890200612231 -0
117900 130733617.023403 21931745.1622861 -2214.0947245314 117.57715290125 800 0.0226818192349314 -0
118300 129846181.905557 21978473.6208829 -2223.10019943736 116.05962093461 800 0.0229815685645757 -0
118700 128955121.215578 22024588.3772028 -2232.22303949251 114.508473890403 800 0.023288506551243 -0
119100 128060387.456134 22070075.781378 -2241.46601648321 112.922685802934 800 0.0236028824418952 -0
119500 127161932.002396 22114921.7648803 -2250.83199680515 111.30118899245 800 0.0239249568309899 -0
119900 126259705.063349 22159111.8234129 -2260.32394570289 109.642871926279 800 0.0242550023024838 -0
120300 125353655.641371 22202630.9989189 -2269.9449317455 107.946576946908 800 0.0245933041153887 -0
120700 124443731.489964 22245463.8606534 -2279.69813155392 106.211097857212 800 0.024940160936334 -0
121100 123529879.069541 22287594.4852593 -2289.58683479722 104.435177352256 800 0.0252958856229063 -0
121500 122612043.501164 22329006.4357835 -2299.61444947585 102.617504286131 800 0.0256608060618806 -0
121900 121690168.518102 22369682.7395642 -2309.78450751189 100.756710761342 400 0.0260352660668437 -0
122300 120764196.415089 22409605.8649167 -2320.10067066752 98.8513690271135 400 0.0264196263401317 -0
122700 119834067.99515 22448757.6965378 -2330.56673681489 96.8999881718168 400 0.0268142655044731 -0
123100 118899722.513834 22487119.5095428 -2341.18664658243 94.9010105933689 400 0.0272195812102475 -0
123500 117961097.620724 22524671.9420444 -2351.96449040468 92.8528082299875 400 0.0276359913248458 -0
123900 117018129.298024 22561394.9661716 -2362.90451600504 90.7536785320832 400 0.0280639352112552 -0
124300 116070751.796076 22597267.857423 -2374.01113634338 88.6018401542744 400 0.0285038751037069 -0
124700 115118897.565594 22632269.1622367 -2385.28893806304 86.3954283445371 400 0.0289562975890082 -0
125100 114162497.186406 22666376.6636512 -2396.7426904751 84.1324900053187 400 0.0294217152030675 -0
125500 113201479.292501 22699567.3449208 -2408.37735512063 81.8109783990189 400 0.0299006681531008 -0
125900 112235770.493119 22731817.3509368 -2420.19809595592 79.4287474675513 400 0.0303937261771053 -0
126300 111265295.289634 22763101.9472938 -2432.21029020903 76.9835457327157 400 0.0309014905534152 -0
126700 110289975.987961 22793395.4768266 -2444.41953996115 74.4730097407796 400 0.0314245962745299 -0
127100 109309732.606162 22822671.3134269 -2456.83168451058 71.8946570109719 400 0.0319637144009464 -0
127500 108324482.77695 22850901.8129328 -2469.452813583 69.245878443457 400 0.0325195546124625 -0
127900 107334141.644725 22878058.2608656 -2482.28928145765 66.5239301377447 400 0.0330928679763648 -0
128300 106338621.75676 22904110.8167665 -2495.34772208556 63.7259245673325 400 0.0336844499541129 -0
128700 105337832.948135 22929028.4548652 -2508.63506528359 60.8488210505967 400 0.0342951436706079 -0
129100 104331682.219957 22952778.900785 -2522.15855409637 57.8894154514651 400 0.0349258434729338 -0
129500 103320073.610386 22975328.5639611 -2535.92576342724 54.8443290361203 400 0.0355774988086308 -0
129900 102302908.057937 22996642.4654209 -2549.94462004966 51.7099964037898 400 0.036251118457149 -0
130300 101280083.256485 23016684.1605348 -2564.22342412224 48.482652400442 400 0.0369477751522161 -0
130700 100251493.501332 23035415.6563134 -2578.77087234296 45.1583179137844 400 0.0376686106374918 -0
131100 99217029.5256682 23052797.3227795 -2593.59608289298 41.7327844361732 400 0.0384148412031735 -0
131500 98176578.3266651 23068787.7978988 -2608.70862233628 38.2015972686988 400 0.0391877637572599 -0
131900 97130022.9803906 23083343.8854962 -2624.11853465969 34.5600372245604 400 0.0399887624920874 -0
132300 96077242.4446436 23096420.4455278 -2639.83637265804 30.8031006726356 400 0.0408193162146782 -0
132700 95018111.3487291 23107970.2760086 -2655.87323189255 26.925477742543 400 0.0416810064185339 -0
133100 93952499.7690937 23117943.9858215 -2672.2407874762 22.9215284901304 400 0.0425755261849801 -0
133500 92880272.9896342 23126289.8575472 -2688.95133396946 18.7852567967522 400 0.0435046900142411 -0
133900 91801291.2453738 23132953.6993586 -2706.01782870295 14.5102817464069 400 0.0444704447003818 -0
134300 90715409.4480661 23137878.6849138 -2723.45393888164 10.0898061911784 400 0.045474881380423 -0
134700 89622476.8921347 23141005.1800592 -2741.27409286799 5.51658217673882 400 0.0465202489067103 -0
135100 88522336.939191 23142270.5550129 -2759.49353609077 0.782872855063175 400 0.0476089687134713 -0
135500 87414826.6791798 23141608.9805419 -2778.12839208234 -4.11958954004865 400 0.0487436513739969 -0
135900 86299776.5659918 23138951.2064611 -2797.19572921122 -9.19965013877182 400 0.0499271150747122 -0
136300 85177010.0251379 23134224.32058 -2816.71363375068 -14.4667828558696 400 0.0511624062674003 -0
136700 84046343.0308098 23127351.4859812 -2836.70129000874 -19.9311474203708 400 0.0524528228019964 -0
136900 83477987.2064187 23123085.1831554 -2846.87759185376 -22.7406695381684 400 0.0531198087175437 -0
137100 82907583.6492815 23118251.6542146 -2857.17906833838 -25.6036527406536 400 0.0538019398910058 -0
137300 82335107.0511377 23112840.0586307 -2867.60846696103 -28.5215892718592 400 0.0544997113516775 -0
137500 81760531.5456089 23106839.2518619 -2878.1686219839 -31.4960274545218 400 0.0552136393135519 -0
137700 81183830.6904904 23100237.7738734 -2888.86245801786 -34.528574356606 400 0.0559442622994268 -0
137900 80604977.4493084 23093023.8371083 -2899.69299379079 -37.6208986118217 400 0.0566921423363949 -0
138100 80023944.1721031 23085185.3138793 -2910.66334611076 -40.7747334046299 400 0.0574578662280087 -0
138300 79440702.5753992 23076709.7231449 -2921.77673403579 -43.9918796310621 400 0.0582420469088605 -0
138500 78855223.7213211 23067584.2166362 -2933.03648326338 -47.2742092475767 400 0.059045324887812 -0
138700 78267477.9958066 23057795.5642926 -2944.44603075344 -50.6236688211607 400 0.0598683697866462 -0
138900 77677435.0858713 23047330.1389672 -2956.00892959948 -54.0422832949553 400 0.0607118819815083 -0
139100 77085063.9558732 23036173.900356 -2967.72885416419 -57.5321599848577 400 0.061576594355156 -0
139300 76490332.8227217 23024312.3781027 -2979.60960549626 -61.0954928238303 400 0.0624632741687543 -0
139500 75893209.1299743 23011730.6540294 -2991.65511704713 -64.7345668720529 400 0.0633727250627397 -0
139700 75293659.5207576 22998413.3434361 -3003.86946070738 -68.4517631125852 400 0.0643057891971524 -0
139900 74691649.8094477 22984344.5754116 -3016.25685318415 -72.2495635538943 400 0.0652633495427901 -0
140100 74087144.9520388 22969507.9720905 -3028.82166274268 -76.1305566624462 400 0.0662463323356023 -0
140300 73480109.0151256 22953886.626789 -3041.56841633678 -80.0974431505926 400 0.0672557097079128 -0
140500 72870505.143418 22937463.0809456 -3054.50180715507 -84.1530421472119 400 0.0682925025113589 -0
140700 72258295.5257024 22920219.2997861 -3067.62670261201 -88.3002977810241 400 0.0693577833478708 -0
140900 71643441.3591585 22902136.646629 -3080.94815281506 -92.5422862092028 400 0.0704526798266115 -0
141100 71025902.8119315 22883195.8557367 -3094.47139954189 -96.8822231268931 400 0.0715783780665678 -0
141300 70405638.9838551 22863377.0036144 -3108.20188576438 -101.323471796542 400 0.0727361264664517 -0
141500 69782607.8652117 22842659.478647 -3122.1452657593 -105.869551639592 400 0.0739272397657646 -0
141700 69156766.2934084 22821021.9489577 -3136.30741584884 -110.524147437118 200 0.0751531034233188 -0
141900 68528069.9074378 22798442.3283618 -3150.69444581791 -115.29111919047 200 0.0764151783422356 -0
142100 67896473.0999834 22774897.7402769 -3165.31271105936 -120.174512697912 200 0.0777150059734892 -0
142300 67261928.9670188 22750364.4794423 -3180.16882550235 -125.178570908793 200 0.0790542138334675 -0
142500 66624389.254738 22724817.9712828 -3195.26967538468 -130.307746122881 200 0.0804345214748439 -0
142700 65983804.3036409 22698232.7287431 -3210.62243393458 -135.566713109311 200 0.0818577469543346 -0
142900 65340122.989586 22670582.3063995 -3226.23457703412 -140.960383227219 200 0.0833258138457271 -0
143100 64693292.6616056 22641839.251639 -3242.11389994256 -146.493919638598 200 0.0848407588519814 -0
143300 64043259.0762637 22611975.0526794 -3258.26853516559 -152.172753713414 200 0.0864047400763014 -0
143500 63389966.3283165 22580960.0831798 -3274.70697156428 -158.002602737643 200 0.0880200460189604 -0
143700 62733356.7774203 22548763.5431684 -3291.43807480668 -163.989489046788 200 0.0896891053744392 -0
143900 62073370.970604 22515353.3959904 -3308.47110927504 -170.13976072083 200 0.0914144977122474 -0
144100 61409947.5602055 22480696.3009488 -3325.81576155241 -176.460113991573 200 0.093198965134774 -0
144300 60743023.2169406 22444757.5412774 -3343.48216562501 -182.957617530316 200 0.0950454250168639 -0
144500 60072532.5377486 22407500.9470539 -3361.48092995022 -189.639738802862 200 0.0969569839447088 -0
144700 59398407.948023 22368888.8126177 -3379.82316655557 -196.514372700479 200 0.0989369529863541 -0
144900 58720579.5978048 22328881.8080147 -3398.52052235079 -203.589872679869 200 0.100988864442909 -0
145100 58038975.2514757 22287438.8839415 -3417.58521285464 -210.87508467288 200 0.103116490248755 -0
145300 57353520.1704457 22244517.1696073 -3437.0300585589 -218.379384058205 200 0.105323862211077 -0
145500 56664136.9882837 22200071.8628672 -3456.86852417656 -226.112716023092 200 0.107615294304292 -0
145700 55970745.577688 22154056.1119151 -3477.11476104761 -234.085639683919 200 0.109995407264098 -0
145900 55273262.9086348 22106420.8877409 -3497.78365300646 -242.309376381153 200 0.112469155759372 -0
146100 54571602.8969782 22057114.8464743 -3518.89086604878 -250.79586261754 200 0.115041858458968 -0
146300 53865676.2427074 22006084.1806315 -3540.4529021744 -259.557808169653 200 0.117719231355356 -0
146500 53155390.256982 21953272.458174 -3562.48715782599 -268.608759973246 200 0.120507424759212 -0
146700 52440648.6769815 21898620.448156 -3585.01198739257 -277.963172463956 200 0.123413064439759 -0
146900 51721351.4675052 21842065.9315953 -3608.04677230286 -287.63648514845 200 0.126443297456461 -0
147100 50997394.6081445 21783543.4960335 -3631.61199629629 -297.645208289436 200 0.129605843310453 -0
147300 50268669.8647306 21722984.3120654 -3655.72932753227 -308.007017713559 200 0.13290905114123 -0
147500 49535064.5436138 21660315.8898991 -3680.42170827958 -318.740859897313 200 0.136361963808227 -0
147700 48796461.2271794 21595461.813763 -3705.71345302235 -329.867068656385 200 0.139974389831563 -0
147900 48052737.4888223 21528341.4516885 -3731.63035592552 -341.407494962996 200 0.14375698432534 -0
148100 47303765.5854051 21458869.6378727 -3758.19980872627 -353.38565164917 200 0.147721340245682 -0
148300 46549412.1249959 21386956.3244448 -3785.45093025842 -365.826875028235 200 0.151880091500221 -0
148400 46170173.9934679 21350054.5371045 -3799.34172346758 -372.229597009617 200 0.154036626535756 -0
148500 45789537.7073757 21312506.19898 -3813.41470897204 -378.758505783682 200 0.156247029734132 -0
148600 45407484.8390381 21274298.5044249 -3827.67407822425 -385.417365400277 200 0.158513227693817 -0
148700 45023996.534808 21235418.2638513 -3842.12416004166 -392.210091896302 200 0.160837236926472 -0
148800 44639053.5010468 21195851.8881464 -3856.76942643893 -399.140761070031 200 0.163221169047051 -0
148900 44252635.9894997 21155585.3722874 -3871.61449876356 -406.213616738365 200 0.16566723632173 -0
149000 43864723.7820434 21114604.2781056 -3886.66415415337 -413.433079512367 200 0.168177757602421 -0
149100 43475296.1747689 21072893.7161452 -3901.92333233592 -420.803756129492 200 0.170755164679254 -0
149200 43084331.9613686 21030438.3265588 -3917.39714279106 -428.330449384131 200 0.173402009085347 -0
149300 42691809.4157862 20987222.2589793 -3933.09087229953 -436.018168701769 200 0.176120969391393 -0
149400 42297706.2740924 20943229.1512989 -3949.00999290208 -443.872141405931 200 0.178914859031165 -0
149500 41901999.715543 20898442.1072852 -3965.16017029537 -451.897824731506 200 0.18178663470298 -0
149600 41504666.342774 20852843.6729564 -3981.54727269282 -460.100918642773 200 0.184739405396554 -0
149700 41105682.1610868 20806415.811631 -3998.17738018066 -468.487379519748 200 0.187776442099502 -0
149800 40705022.5567708 20759139.8775637 -4015.05679460173 -477.063434782274 200 0.190901188243173 -0
149900 40302662.2744104 20710996.5880682 -4032.19205000185 -485.835598527678 200 0.194117270953466 -0
150000 39898575.3931178 20661965.9940218 -4049.58992367642 -494.810688264926 200 0.19742851317898 -0
150100 39492735.3016288 20612027.4486392 -4067.25744785752 -503.995842836022 200 0.200838946776272 -0
150200 39085114.6721969 20561159.5743891 -4085.20192208514 -513.398541624099 200 0.204352826640331 -0
150300 38675685.4332132 20509340.2279229 -4103.43092630912 -523.026625157264 200 0.207974645977637 -0
150400 38264418.7404785 20456546.4628667 -4121.95233477252 -532.88831722794 200 0.211709152829581 -0
150500 37851284.9470448 20402754.4903211 -4140.77433073051 -542.992248659338 200 0.215561367965667 -0
150600 37436253.5715413 20347939.6368959 -4159.90542206349 -553.347482863901 200 0.219536604278959 -0
150700 37019293.2648918 20292076.3000926 -4179.35445784777 -563.963543353271 100 0.223640487830959 -0
150800 36600371.7753238 20235137.9008308 -4199.13064595186 -574.850443375785 100 0.227878980709559 -0
150900 36179455.9115642 20177096.8328971 -4219.2435717321 -586.018717875839 100 0.232258405882377 -0
151000 35756511.504107 20117924.4090729 -4239.70321790735 -597.479457989978 100 0.236785474248749 -0
151100 35331503.3644306 20057590.8036753 -4260.51998569846 -609.244348317595 100 0.2414673141174 -0
151200 34904395.2420351 19996064.9912225 -4281.70471732555 -621.325707229884 100 0.246311503363681 -0
151300 34475149.7791565 19933314.6809032 -4303.26871996357 -633.736530509688 100 0.251326104550714 -0
151400 34043728.4630093 19869306.2465027 -4325.22379126462 -646.490538647484 100 0.256519703333379 -0
151500 33610091.5753925 19804004.6514018 -4347.58224656449 -659.602228155474 100 0.261901450503426 -0
151600 33174198.139486 19737373.368226 -4370.35694790043 -673.086927303217 100 0.267481108078811 -0
151700 32736005.8636495 19669374.2926823 -4393.56133497741 -686.96085672511 100 0.273269099891558 -0
151800 32295471.08202 19599967.6510707 -4417.20945823129 -701.241195403044 100 0.279276567186924 -0
151900 31852548.6916928 19529111.9009051 -4441.31601414963 -715.946152587812 100 0.285515429813747 -0
152000 31407192.0862494 19456763.6240198 -4465.8963830232 -731.095046291127 100 0.291998453662743 -0
152100 30959353.0853813 19382877.4114682 -4490.9666693159 -746.708389058005 100 0.298739325098093 -0
152200 30508981.8603379 19307405.7394481 -4516.54374485492 -762.807981817912 100 0.305752733229608 -0
152300 30056026.8549045 19230298.8354006 -4542.64529505931 -779.417016714495 100 0.313054460990564 -0
152400 29600434.7015969 19151504.5333352 -4569.28986844156 -796.560189929663 100 0.320661486122628 -0
152500 29142150.1327309 19070968.117326 -4596.49692963446 -814.263825650856 100 0.328592093327368 -0
152600 28681115.8860018 18988632.1519995 -4624.28691621413 -832.556012483182 100 0.336865999027622 -0
152700 28217272.6041802 18904436.2986994 -4652.68129960861 -851.46675378418 100 0.345504490396132 -0
152800 27750558.7284994 18818317.1158518 -4681.70265040135 -871.028133602101 100 0.354530580558911 -0
152900 27280910.3852796 18730207.8418779 -4711.3747083576 -891.274500133572 100 0.363969182173601 -0
153000 26808261.2652983 18640038.1587951 -4741.72245752077 -912.242668888915 100 0.373847301926731 -0
153100 26332542.4953829 18547733.9344132 -4772.77220674292 -933.972148069874 100 0.384194258898202 -0
153200 25853682.501663 18453216.9407641 -4804.5516760286 -956.505389033122 100 0.395041930218551 -0
153300 25371606.8638806 18356404.5460956 -4837.09008908217 -979.888065143383 100 0.406425028009211 -0
153400 24886238.1601199 18257209.3774033 -4870.41827245437 -1004.16938282385 100 0.418381412266059 -0
153500 24397495.8012754 18155538.9500678 -4904.56876168062 -1029.402429203 100 0.430952445144077 -0
153600 23905295.8545411 18051295.2606877 -4939.5759147892 -1055.6445614528 100 0.444183393053023 -0
153700 23409550.8551652 17944374.3386521 -4975.47603352628 -1082.95784373493 100 0.458123884114187 -0
153750 23160320.6130811 17889875.6721639 -4993.77286241693 -1097.03696794421 100 0.465377036684759 -0
153800 22910169.6056505 17834665.751297 -5012.30749257963 -1111.4095386236 100 0.472828429900299 -0
153850 22659085.8148313 17778729.6725699 -5031.08506730172 -1126.08486671093 100 0.480485738585104 -0
153900 22407056.9617566 17722052.0570907 -5050.11087706642 -1141.07266114489 100 0.488357022020172 -0
153950 22154070.4992566 17664617.0301274 -5069.390364302 -1156.38305027501 100 0.496450747587072 -0
154000 21900113.6041403 17606408.1995729 -5088.92912825773 -1172.02660465995 100 0.504775816136438 -0
154050 21645173.1692299 17547408.6332347 -5108.73293000356 -1188.01436135958 100 0.5133415892267 -0
154100 21389235.795142 17487600.8348683 -5128.8076975487 -1204.35784983527 100 0.522157918392593 -0
154150 21132287.7818104 17426966.7188742 -5149.15953107301 -1221.06911958295 100 0.531235176618466 -0
154200 20874315.1197451 17365487.583567 -5169.79470826307 -1238.16076963457 100 0.540584292208567 -0
154250 20615303.4810207 17303144.0829188 -5190.71968974244 -1255.64598007561 100 0.550216785265439 -0
154300 20355238.2099928 17239916.196674 -5211.9411245833 -1273.53854573974 100 0.5601448070088 -0
154350 20094104.313736 17175783.1987207 -5233.4658558833 -1291.85291225642 100 0.570381182190645 -0
154400 19831886.4522023 17110723.6235973 -5255.30092638805 -1310.60421464343 100 0.580939454888573 -0
154450 19568568.9280976 17044715.2310011 -5277.45358413555 -1329.8083186542 100 0.591833937988401 -0
154500 19304135.6764763 16977734.9681566 -5299.93128809378 -1349.48186510972 100 0.6030797666997 -0
154550 19038570.2540542 16909758.9298862 -5322.7417137573 -1369.64231746646 100 0.614692956484145 -0
154600 18771855.8282442 16840762.3162175 -5345.89275866188 -1390.30801289612 100 0.626690465817206 -0
154650 18503975.1659187 16770719.3873412 -5369.39254776844 -1411.49821717967 100 0.639090264249153 -0
154700 18234910.6219079 16699603.4157229 -5393.24943865892 -1433.23318374814 100 0.65191140628224 -0
154750 17964644.1272438 16627386.6351513 -5417.47202647586 -1455.53421723519 100 0.665174111638147 -0
154800 17693157.1771654 16554040.1864877 -5442.06914852545 -1478.4237419436 50 0.678899852553915 -0
154850 17420430.8189045 16479534.0598605 -5467.0498884495 -1501.92537566823 50 0.693111448816839 -0
154900 17146445.6392756 16403837.0330239 -5492.42357985538 -1526.06400936378 50 0.707833171330148 -0
154950 16871181.7521001 16326916.605577 -5518.19980927308 -1550.86589319572 50 0.723090855092978 -0
155000 16594618.7855038 16248738.9287074 -5544.38841828655 -1576.35872956985 50 0.738912022581742 -0
155050 16316735.8691312 16169268.7300962 -5570.9995046593 -1602.57177379849 50 0.755326018637042 -0
155100 16037511.6213329 16088469.2335832 -5598.04342224378 -1629.5359431319 50 0.772364158092866 -0
155150 15756924.1363939 16006302.0731547 -5625.53077942729 -1657.28393496252 50 0.790059887535006 -0
155200 15474950.971881 15922727.2007741 -5653.47243582506 -1685.85035509763 50 0.808448962746205 -0
155250 15191569.1362074 15837702.7875252 -5681.87949688068 -1715.27185709539 50 0.827569643589402 -0
155300 14906755.076527 15751185.1174912 -5710.76330597582 -1745.58729377004 50 0.847462908301033 -0
155350 14620484.6670951 15663128.473727 -5740.135433582 -1776.83788209707 50 0.868172689417878 -0
155400 14332733.1982574 15573485.0156244 -5770.00766290575 -1809.06738288964 50 0.889746133847885 -0
155450 14043475.3662566 15482204.6468916 -5800.39197138315 -1842.32229677518 50 0.912233889923506 -0
155500 13752685.2640845 15389234.8732924 -5831.30050726622 -1876.65207817971 50 0.935690424651453 -0
155550 13460336.3736449 15294520.6491954 -5862.7455604103 -1912.10936922753 50 0.960174374803089 -0
155600 13166401.5595443 15198004.2118873 -5894.73952621303 -1948.75025569088 50 0.985748935983499 -0
155650 12870853.0648818 15099624.9024878 -5927.29486146832 -1986.63454737971 50 1.01248229438476 -0
155700 12573662.5094784 14999318.9721794 -5960.42403067521 -2025.82608565056 50 1.04044810658203 -0
155750 12274800.8910648 14897019.3723208 -5994.13944107734 -2066.39308104069 50 1.06972603348361 -0
155800 11974238.5900407 14792655.5268571 -6028.45336439193 -2108.40848440234 50 1.10040233541427 -0
155850 11671945.3785303 14686153.0852572 -6063.37784281106 -2151.95039533077 50 1.13257053631421 -0
155900 11367890.4345888 14577433.6540097 -6098.92457640653 -2197.10251215195 50 1.16633216619563 -0
155950 11062042.3625741 14466414.5044814 -6135.10478852979 -2243.95462827107 50 1.20179759234208 -0
156000 10754369.2208813 14353008.2546885 -6171.92906515012 -2292.60318028767 50 1.23908695129144 -0
156050 10444838.558461 14237122.5222425 -6209.40716329426 -2343.15185396659 50 1.27833119544843 -0
156100 10133417.4618054 14118659.5454091 -6247.54778281139 -2395.7122549251 50 1.31967327026729 -0
156150 9820072.61440603 13997515.7688576 -6286.35829455241 -2450.40465176555 50 1.36326944037724 -0
156200 9504770.37105943 13873581.390261 -6325.84441667992 -2507.35880035906 50 1.4092907858484 -0
156225 9346374.64412376 13810531.5824716 -6345.84207323861 -2536.72739762002 50 1.43326882464999 -0
156250 9187476.84985543 13746739.8633905 -6366.00982915774 -2566.71485903341 50 1.45792489308592 -0
156275 9028072.73456702 13682190.5216071 -6386.34775065673 -2597.34049663457 50 1.48328533244919 -0
156300 8868158.04524558 13616867.3531944 -6406.85571446274 -2628.62440591292 50 1.509377768592 -0
156325 8707728.53452925 13550753.6416486 -6427.5333883788 -2660.58750406089 50 1.53623118627088 -0
156350 8546779.96619177 13483832.1368468 -6448.38021005578 -2693.25157033896 50 1.5638760083871 -0
156375 8385308.12118198 13416085.032967 -6469.39536379654 -2726.63928868068 50 1.59234418047508 -0
156400 8223308.8042697 13347493.945315 -6490.57775520339 -2760.77429266877 50 1.62166926081775 -0
156425 8060777.85135457 13278039.8859942 -6511.9259834604 -2795.68121302005 50 1.65188651659622 -0
156450 7897711.13749972 13207703.2383564 -6533.43831102122 -2831.38572772453 50 1.68303302651147 -0
156475 7734104.58575837 13136463.7301645 -6555.11263044884 -2867.91461499098 50 1.71514779034807 -0
156500 7569954.17686782 13064300.405394 -6576.94642812806 -2905.29580915889 50 1.74827184598456 -0
156525 7405255.95989298 12991191.5945988 -6598.93674454183 -2943.55845974387 50 1.78244839439173 -0
156550 7240006.06390941 12917114.883759 -6621.08013077062 -2982.73299379096 50 1.81772293319918 -0
156575 7074200.71082499 12842047.0815277 -6643.3726008378 -3022.85118171708 50 1.85414339945144 -0
156600 6907836.22944918 12765964.1847849 -6665.80957948452 -3063.94620683046 50 1.89176032221872 -0
156625 6740909.07092983 12688841.3424067 -6688.38584491281 -3106.0527387207 50 1.93062698577245 -0
156650 6573415.82568945 12610652.8171483 -6711.09546598671 -3149.20701071826 50 1.97079960408371 -0
156675 6405353.24200671 12531371.945538 -6733.93173332628 -3193.44690162571 50 2.01233750745139 -0
156700 6236718.24640328 12450971.0956727 -6756.88708366863 -3238.81202192562 50 2.05530334211777 -0
156725 6067507.96601295 12369421.6227993 -6779.95301680212 -3285.34380467004 50 2.09976328378056 -0
156750 5897719.75312825 12286693.8225638 -6803.12000430481 -3333.08560125412 50 2.14578726596181 -0
156775 5727351.21213974 12202756.8818032 -6826.37738923428 -3382.0827822708 25 2.19344922424515 -0
156800 5556400.22910595 12117578.8267494 -6849.71327582289 -3432.38284363398 25 2.24282735744168 -0
156825 5384865.00421675 12031126.4685139 -6873.11440812875 -3484.03551814254 25 2.2940044067901 -0
156850 5212744.08744039 11943365.3457128 -6896.5660364777 -3537.09289263665 25 2.34706795433691 -0
156875 5040036.41767553 11854259.6640914 -6920.05177040355 -3591.60953086909 25 2.4021107416744 -0
156900 4866741.36576327 11763772.2330058 -6943.5534166516 -3647.64260217612 25 2.45923101023525 -0
156925 4692858.78175222 11671864.398614 -6967.05080065296 -3705.25201598244 25 2.51853286434824 -0
156950 4518389.04685154 11578495.9736313 -6990.52156970212 -3764.5005621115 25 2.58012665824542 -0
156975 4343333.13055352 11483625.1635078 -7013.94097587697 -3825.45405679117 25 2.64412940817061 -0
157000 4167692.6534587 11387208.488885 -7037.28163652607 -3888.18149414363 25 2.71066523066398 -0
157025 3991469.95639413 11289200.7042013 -7060.51326991194 -3952.75520282208 25 2.7798658079797 -0
157050 3814668.17647868 11189554.7123213 -7083.60240333916 -4019.25100730008 25 2.85187088141901 -0
157075 3637291.33085946 11088221.4750825 -7106.51205080999 -4087.7483931275 25 2.92682877311722 -6.36429966966348e-306
157100 3459344.40892158 10985149.9196692 -7129.20135693786 -4158.33067523026 25 3.00489693649061 -9.283965525925e-297
157125 3280833.47385903 10880286.8407541 -7151.62520350786 -4231.08516804357 25 3.08624253510589 -1.39376179912822e-287
157150 3101765.77458954 10773576.7983793 -7173.73377470346 -4306.10335591737 25 3.17104304915519 -2.14816135332832e-278
157175 2922149.86910064 10664962.0115937 -7195.47207661959 -4383.48106180751 25 3.2594869079678 -3.39013291238132e-269
157200 2741995.7604289 10554382.24792 -7216.77940625504 -4463.31861175218 25 3.35177414602891 -5.46228585893613e-260
157225 2561315.04660019 10441774.7087945 -7237.5887647241 -4545.72099201221 25 3.44811707875344 -8.95683499988505e-251
157250 2380121.08599612 10327073.9112096 -7257.82620895294 -4630.79799500798 25 3.54874099272294 -1.48949475725902e-241
157275 2198429.17976142 10210211.5658957 -7277.41013563632 -4718.66434928935 25 3.65388484316244 -2.50244580493714e-232
157300 2016256.77302843 10091116.4525144 -7296.25049073688 -4809.43982770302 25 3.76380194902643 -4.22971237028831e-223
157325 1833623.67690957 9969714.29249112 -7314.24789732469 -4903.24932664086 25 3.87876067307653 -7.15952741733419e-214
157350 1650552.31339373 9845927.62031732 -7331.2926941026 -5000.22290772805 25 3.99904507064474 -1.20754745965547e-204
157375 1467067.98547944 9719675.65438645 -7347.26387656901 -5100.49579149944 25 4.12495548624084 -2.01829304943988e-195
157400 1283199.1750828 9590874.16871678 -7362.02793247527 -5204.20829047009 25 4.25680907161096 -3.32287739336301e-186
157425 1098977.87146854 9459435.36725973 -7375.43756308874 -5311.50566647962 25 4.3949401920883 -5.35352631293059e-177
157450 914439.933164994 9325267.76290616 -7387.33028184543 -5422.53789422381 25 4.53970067987013 -8.37991595860462e-168
157475 729625.486529671 9188276.06379751 -7397.52688235347 -5537.45930942026 25 4.69145988294998 -1.26444711999201e-158
157500 544579.364324515 9048361.07013683 -7405.82976850753 -5656.42811602685 25 4.85060444654578 -1.82344255379571e-149
157525 359351.587824964 8905419.58539072 -7412.02114083841 -5779.60572228187 25 5.01753774968556 -2.48963617290815e-140
157550 173997.896109309 8759344.34659445 -7415.86103533785 -5907.15587001049 25 5.19267890282191 -3.18548314538941e-131
157575 -11419.6737676107 8610023.97943503 -7417.08521409724 -6039.24351560525 25 5.37646119263225 -3.77694432983209e-122
157600 -196832.152047419 8457342.98490996 -7415.40291146731 -6176.03341432649 25 5.5693298372479 -4.09931976397148e-113
157612.5 -289512.863854322 8379705.03660287 -7413.37312640574 -6246.24271268635 25 5.66931319404719 -1.301080863636e-108
157625 -382162.943429061 8301181.76562783 -7410.49444551019 -6317.68835203679 25 5.77173888889647 -4.01863799916641e-104
157637.5 -474771.501185039 8221757.59431503 -7406.72197916569 -6390.39001473107 25 5.87666437965188 -1.20566229759397e-99
157650 -567327.073215904 8141416.70150885 -7402.00871211603 -6464.36696086608 25 5.98414709091986 -3.50669973892418e-95
157662.5 -659817.594209491 8060143.02843784 -7396.30542087937 -6539.63793206964 25 6.09424421118969 -9.86765158883535e-91
157675 -752230.36932673 7977920.28584629 -7389.5605908034 -6616.22104572938 25 6.2070124638719 -2.68070069267026e-86
157687.5 -844552.045044029 7894731.96251148 -7381.72033325657 -6694.13367895014 25 6.32250784983755 -7.01517094647798e-82
157700 -936768.578964387 7810561.33527937 -7372.72830353666 -6773.39234149819 25 6.44078535890816 -1.76431946576449e-77
157712.5 -1028865.20861031 7725391.48076143 -7362.5256201732 -6854.0125369657 25 6.56189864760475 -4.2541683468248e-73
157725 -1120826.41922073 7639205.28884459 -7351.05078640528 -6936.00861136842 25 6.68589968033244 -9.80966413480346e-69
157737.5 -1212635.91058461 7551985.47817632 -7338.23961473337 -7019.39358837568 25 6.81283833105678 -2.15750349248149e-64
157750 -1304276.56295596 7463714.61379732 -7324.0251555716 -7104.17899036505 25 6.9427619424258 -4.51349762906103e-60
157762.5 -1395730.40210858 7374375.12710354 -7308.33763116806 -7190.37464449723 25 7.07571483921422 -8.95559526554545e-56
157775 -1486978.56360459 7283949.33833026 -7291.10437611377 -7277.98847302206 25 7.2117377929194 -1.68034064477759e-51
157787.5 -1578001.2563681 7192419.4817597 -7272.24978592728 -7367.02626705494 25 7.35086743433281 -2.97213842825828e-47
157800 -1668777.72567528 7099767.73386359 -7251.69527538075 -7457.49144311006 25 7.49313561095399 -4.93969345605496e-43
157812.5 -1759286.21569395 7005976.24460024 -7229.35924842497 -7549.38478174221 25 7.6385686862201 -7.68815425602463e-39
157825 -1849503.93173033 6911027.17209329 -7205.1570817738 -7642.70414773937 25 7.7871867777032 -1.11662353065359e-34
157837.5 -1939407.00236774 6814902.72092588 -7179.00112442228 -7737.44419142498 25 7.93900293169663 -1.5078681745852e-30
157850 -2028970.44171167 6717585.18428806 -7150.800715595 -7833.59603077719 25 8.0940222319856 -1.88598104090354e-26
157862.5 -2118168.11198856 6619056.99021841 -7120.46222384974 -7931.14691425673 25 8.25224084109357 -2.17624867500686e-22
157875 -2206972.6867808 6519300.75218031 -7087.88911029303 -8030.07986445898 25 8.41364497293451 -2.30722402015778e-18
157887.5 -2295355.61521916 6418299.32421063 -7052.982019094 -8130.37330297529 25 8.57820979660143 -2.23782071999713e-14
157900 -2383287.08749483 6316035.86087155 -7015.63889870655 -8232.00065716764 25 8.74589827200495 -1.97692156138018e-10
157912.5 -2470736.00209751 6212493.88222541 -6975.75515741937 -8334.92994993365 25 8.91665991926326 -1.58338118425457e-06
157925 -2557669.93523209 6107657.34403614 -6933.22385704222 -8439.12337397094 25 9.09042952510038 -0.0114431248429115
157937.5 -2644055.11291455 6001510.71338018 -6887.93594792354 -8544.53685158873 25 9.26712542593172 -74.254932105475
157943.75 -2687030.98867475 5947941.41910625 -6864.22362435431 -8597.68544385042 12.5 9.35651334779304 -5735.67319160681
157946.875 -2708462.78279773 5921031.9807731 -6852.09387299273 -8624.36672736048 6.25 9.40126848360432 -49869.2279678191
157950 -2729856.38030824 5894039.0573633 -6839.77641505333 -8651.11436509387 3.125 9.44457920013991 -430438.887637157
157951.5625 -2740538.66734174 5880511.22942126 -6833.54180782508 -8664.50650672243 3.125 9.46323956393886 -1261100.95924179
157953.125 -2751211.16640886 5866962.47531255 -6827.24509612052 -8677.89641654321 3.125 9.47437921710523 -3687895.32812181
157954.6875 -2761873.76140717 5853392.82271845 -6820.85675712757 -8691.2465760499 1.5625 9.46388000666645 -10764297.1022273
157956.25 -2772526.25412441 5839802.40401568 -6814.29149314267 -8704.4480133822 1.5625 9.39302581371589 -31357750.3862783
157957.03125 -2777848.59391563 5832999.52074114 -6810.87762674935 -8710.90982746918 1.5625 9.30875609438026 -53479657.6953266
157957.8125 -2783168.20881512 5826191.65568122 -6807.30260131545 -8717.18446371878 1.5625 9.16906365252103 -91156760.4954252
157958.59375 -2788484.93563304 5819379.00299798 -6803.4617698736 -8723.13736503172 0.78125 8.95906196815087 -155281042.297334
157959.375 -2793798.50339982 5812561.89553861 -6799.17747139968 -8728.53978970224 0.78125 8.70478263107713 -264320820.639271
157960.15625 -2799108.45826887 5805740.90177433 -6794.1484156467 -8733.00331700626 0.78125 8.61110509541296 -449521173.083457
157960.9375 -2804414.03650569 5798916.98996149 -6787.8644511988 -8735.86941549877 0.78125 9.43303552500048 -763560903.330319
157961.328125 -2807064.81088365 5795504.41651303 -6784.00193327346 -8736.38043755386 0.78125 10.6817997696974 -994556003.856382
157961.71875 -2809713.95024831 5792091.80540313 -6779.46381247808 -8736.02423631775 0.78125 12.8379042309866 -1294763453.20348
157962.109375 -2812361.15305872 5788679.54410021 -6774.04872969801 -8734.54016210899 0.78125 16.1618606604185 -1684516805.48764
157962.5 -2815006.02803055 5785268.13628086 -6767.49607992993 -8731.59065333478 0.78125 20.9229282717793 -2189861608.49688
157962.890625 -2817648.06784486 5781858.23597291 -6759.46924132215 -8726.73939557338 0.78125 27.4441884268831 -2843984199.61775
157963.28125 -2820286.61549052 5778450.6912961 -6749.53449698191 -8719.42384794205 0.390625 36.1452200594597 -3688875980.47604
157963.671875 -2822920.82140049 5775046.60020787 -6737.13484512053 -8708.92107502665 0.390625 47.5745007057982 -4777180457.91537
157964.0625 -2825549.58923686 5771647.38106605 -6721.55796302375 -8694.30590780559 0.390625 62.4366638395947 -6174082339.44312
157964.453125 -2828171.50793748 5768254.86114508 -6701.89786453153 -8674.40080657527 0.390625 81.6180928903204 -7958948485.69028
157964.84375 -2830784.76756567 5764871.38634735 -6677.01042170851 -8647.71761168031 0.390625 106.209473285151 -10226192359.4411
157965.234375 -2833387.05678436 5761499.95500317 -6645.46413363025 -8612.3929370728 0.390625 137.519273982005 -13084479930.3236
157965.625 -2835975.4406913 5758144.37748031 -6605.48962020265 -8566.12168229452 0.390625 177.067102935928 -16652916247.3323
157966.015625 -2838546.21971432 5754809.46079007 -6554.93464436729 -8506.09746782346 0.390625 226.539832128951 -21052293245.5793
157966.40625 -2841094.77381648 5751501.21277237 -6491.23630264653 -8428.97511055964 0.390625 287.686719943401 -26389008664.153
157966.796875 -2843615.40199719 5748227.05298134 -6411.42831937662 -8330.87849475837 0.390625 362.124615724496 -32729271255.5675
157967.1875 -2846101.17543369 5744996.00649444 -6312.20825672861 -8207.48623201231 0.390625 451.025526602456 -40062382273.4337
157967.578125 -2848543.83340515 5741818.84274921 -6190.0944994289 -8054.2342154566 0.390625 554.674408937187 -48255167651.4327
157967.96875 -2850933.76284441 5738708.10614861 -6041.70149777764 -7866.67257660521 0.390625 671.924799902169 -57005758752.2799
157968.359375 -2853260.11122264 5735677.97343398 -5864.14740018411 -7640.99607384309 0.390625 799.64913191193 -65813282937.2868
157968.75 -2855511.08214506 5732743.87297479 -5655.5748040592 -7374.72357428447 0.390625 932.367676418125 -73987119788.0888
157969.140625 -2857674.44578247 5729921.8233069 -5415.71303979521 -7067.43406231053 0.390625 1062.30302642308 -80718173308.6492
157969.53125 -2859738.25684691 5727227.49940507 -5146.35298760887 -6721.39135763924 0.390625 1180.07595832129 -85217616524.2251
157969.921875 -2861691.71468058 5724675.11097866 -4851.57301809607 -6341.84665667125 0.390625 1276.07618496364 -86895860023.9743
157970.1171875 -2862624.21689258 5723455.89741504 -4696.52077811295 -6141.93229831575 0.390625 1313.28184345415 -86587928842.694
157970.3125 -2863526.03993281 5722276.2558019 -4537.5821596884 -5936.84286593642 0.390625 1342.23641408443 -85521382628.654
157970.5078125 -2864396.52285961 5721137.06930672 -4375.77162059862 -5727.89784006596 0.390625 1362.44201369095 -83734873849.9822
157970.703125 -2865235.20756323 5720038.95710662 -4212.14646416999 -5516.47418303382 0.390625 1373.66461091377 -81291414981.5325
157970.8984375 -2866041.84403619 5718982.26719697 -4047.77504051637 -5303.96490281129 0.390625 1375.93819655581 -78273889232.9048
157971.09375 -2866816.38945646 5717967.07726971 -3883.70553203586 -5091.73830454378 0.390625 1369.55159265721 -74779372990.5904
157971.2890625 -2867559.00139208 5716993.20327282 -3720.93727279451 -4881.10047859189 0.390625 1355.02005388271 -70912913204.9395
157971.484375 -2868270.02578522 5716060.21480496 -3560.39619959647 -4673.26312034945 0.390625 1333.04529198636 -66781404498.5835
157971.6796875 -2868949.98063966 5715167.45615006 -3402.91554245844 -4469.31814153682 0.390625 1304.46839584757 -62488116960.9848
157971.875 -2869599.53649849 5714314.07154095 -3249.22231422822 -4270.21981960931 0.390625 1270.22027153122 -58128266801.3419
157972.265625 -2870810.76563329 5712721.17042601 -2955.53444757399 -3889.63762326776 0.390625 1188.60080231896 -49531676370.4994
157972.65625 -2871911.29164766 5711271.75087844 -2682.86191957669 -3536.17735695358 0.390625 1095.75225189364 -41502499393.7459
157973.046875 -2872909.73225211 5709954.67403627 -2433.03489372021 -3212.28428099131 0.390625 998.279913478608 -34339426208.3511
157973.2421875 -2873373.49519695 5709342.10545571 -2316.86766852776 -3061.67637769321 0.390625 949.479235598855 -31126048213.4346
157973.4375 -2873815.13531356 5708758.21791901 -2206.48374122571 -2918.5739170769 0.390625 901.329112458838 -28163573773.5339
157973.6328125 -2874235.77268838 5708201.5572979 -2101.77828527485 -2782.84588153115 0.390625 854.23127690057 -25448055832.7513
157973.828125 -2874636.50263715 5707670.70070586 -2002.60418798699 -2654.30560434015 0.390625 808.501082999387 -22970988218.4122
157974.0234375 -2875018.38841483 5707164.26610405 -1908.78179081737 -2532.72347036683 0.390625 764.376557685914 -20720645198.3715
157974.21875 -2875382.45571845 5706680.91956781 -1820.10749586304 -2417.83815152492 0.390625 722.028190345751 -18683203068.3167
157974.4140625 -2875729.68875608 5706219.38050756 -1736.36119459232 -2309.36631610063 0.390625 681.568788370977 -16843646625.3234
157974.609375 -2876061.0276532 5705778.42514071 -1657.31254253413 -2207.01083978134 0.390625 643.0629230497 -15186477032.2783
157974.8046875 -2876377.36697728 5705356.88849938 -1582.72614967813 -2110.46760680221 0.390625 606.535657165754 -13696245073.695
157975 -2876679.555178 5704953.66523738 -1512.36578449587 -2019.43102686252 0.390625 571.980379242456 -12357936769.0045
157975.1953125 -2876968.39476139 5704567.70947338 -1445.99770376239 -1933.59841254352 0.390625 539.365670365377 -11157238203.8326
157975.390625 -2877244.6430384 5704198.0338782 -1383.39322441461 -1852.67336765902 0.390625 508.641201630251 -10080704449.9318
157975.5859375 -2877509.01331095 5703843.70818483 -1324.33065067753 -1776.36833339212 0.390625 479.742708404749 -9115854461.49129
157975.78125 -2877762.17638023 5703503.85727215 -1268.59666216375 -1704.4064295331 0.390625 452.596116889839 -8251210481.27078
157975.9765625 -2878004.76228121 5703177.65894764 -1215.98725855403 -1636.52271518156 0.390625 427.120913672473 -7476297166.20953
157976.171875 -2878237.3621654 5702864.34153151 -1166.30834521973 -1572.46497877254 0.390625 403.232854134475 -6781612583.44898
157976.5625 -2878674.78588363 5702273.5000688 -1075.01672078978 -1454.88444389351 0.390625 359.874907017153 -5599491647.33902
157976.953125 -2879078.47449865 5701726.07254569 -993.373320295303 -1349.91061782282 0.390625 321.843739401355 -4646244565.26522
157977.34375 -2879451.95943646 5701217.44351883 -920.188254891785 -1255.99436614925 0.390625 288.495108754661 -3875017462.72214
157977.734375 -2879798.33658538 5700743.56477663 -854.41931506669 -1171.77786492145 0.390625 259.237938542779 -3248629423.91616
157978.125 -2880120.32132721 5700300.88400126 -795.158075935881 -1096.07682919613 0.390625 233.542035404822 -2737699497.3555
157978.515625 -2880420.29790974 5699886.28069097 -741.61508611727 -1027.86146222691 0.390625 210.939020088434 -2319052794.16937
157978.90625 -2880700.36306581 5699497.00949576 -693.105372040309 -966.237749995845 0.390625 191.019400467421 -1974411060.37794
157979.296875 -2880962.36414712 5699130.65063905 -649.034926043171 -910.429987804591 0.390625 173.427673770883 -1689340653.67381
157979.6875 -2881207.93222713 5698785.06685066 -608.888490214606 -859.764957865037 0.390625 157.856628582804 -1452419307.64086
157980.078125 -2881438.51070311 5698458.36613283 -572.218731591011 -813.657892066952 0.390625 144.04154061707 -1254582103.33814
157980.46875 -2881655.37993813 5698148.86966407 -538.636779719397 -771.60018943724 0.390625 131.754648593882 -1088610866.12326
157980.859375 -2881859.67845795 5697855.08417656 -507.804031376651 -733.148769710404 0.390625 120.800103584368 -948736661.587094
157981.25 -2882052.4211741 5697575.67819838 -479.42509704735 -697.916903703049 0.390625 111.009468060621 -830330641.557559
157981.640625 -2882234.51505272 5697309.46161708 -453.241755011563 -665.566348727259 0.78125 102.237772722147 -729663512.590825
157982.03125 -2882406.77259712 5697055.36808809 -429.027782264693 -635.800620876232 0.78125 94.3601019118829 -643718137.063984
157982.421875 -2882569.92346258 5696812.43987468 -406.584541174038 -608.359248039821 0.78125 87.2686602173805 -570043220.776165
157982.8125 -2882724.62447682 5696579.8147644 -385.737213245483 -583.012863314427 0.78125 80.8702660158719 -506638774.576692
157983.203125 -2882871.46830001 5696356.71475843 -366.331584561999 -559.559015330369 0.78125 75.0842174103841 -451866174.979085
157983.59375 -2883010.99092307 5696142.43627515 -348.231300214096 -537.818588403783 0.78125 69.8404791956876 -404377303.907395
157983.984375 -2883143.6781735 5695936.34164821 -331.315516785168 -517.632740543846 0.78125 65.0781443525409 -363058521.752441
157984.375 -2883269.97137185 5695737.85173246 -315.476892434074 -498.860280870756 0.78125 60.744129007786 -326986205.114978
157985.15625 -2883504.94727684 5695361.62425536 -286.659165604816 -465.065841394358 0.78125 53.1813619486317 -267631153.211958
157985.9375 -2883718.73147392 5695010.06564754 -261.129700569339 -435.580803859131 0.78125 46.8458693937083 -221543277.535404
157986.71875 -2883913.68232031 5694680.08710909 -238.36806173566 -409.718155071212 0.78125 41.5009067248914 -185345560.704592
157987.5 -2884091.79198152 5694369.08369824 -217.953111551953 -386.920842057295 0.78125 36.9618784650322 -156613046.103068
157988.28125 -2884254.75518429 5694074.844337 -199.541428416854 -366.733551076278 0.78125 33.0836122697287 -133581408.515187
157989.0625 -2884404.02324509 5693795.48107475 -182.850928526349 -348.781281939678 0.78125 29.7509888425453 -114951014.507093
157989.84375 -2884540.84687965 5693529.37303105 -167.648332102739 -332.752945758699 0.78125 26.8719885050546 -99753340.1086906
157990.625 -2884666.31039276 5693275.12161977 -153.739492311631 -318.388706009859 0.78125 24.3724898763615 -87258683.2502143
157991.40625 -2884781.35919156 5693031.51451313 -140.961872976072 -305.470131565057 0.78125 22.1923482630531 -76911594.188041
157992.1875 -2884886.822086 5692797.49642887 -129.178652030709 -293.812478978437 0.78125 20.2824159299609 -68285153.1781797
157992.96875 -2884983.42948858 5692572.14528407 -118.274064521753 -283.258599721083 0.78125 18.6022610128624 -61048223.0697094
157993.75 -2885071.8283637 5692354.65259976 -108.149697805406 -273.674096939114 1.5625 17.1184086638258 -54941740.1129017
157994.53125 -2885152.59458264 5692144.30729535 -98.7215235140165 -264.943450098537 1.5625 15.8029755203157 -49761371.8065014
157995.3125 -2885226.24319317 5691940.48220383 -89.9175035754453 -256.966894632069 1.5625 14.6326025728617 -45344708.2417578
157996.09375 -2885293.23700176 5691742.62278381 -81.6756465044537 -249.657894475082 1.5625 13.5876159880986 -41561714.399205
157996.875 -2885353.99378154 5691550.23761616 -73.9424191536498 -242.941083146989 1.5625 12.6513632078654 -38307550.8570227
157997.65625 -2885408.89235389 5691362.89035812 -66.6714408243826 -236.750577334436 1.5625 11.8096846299795 -35497130.577798
157998.4375 -2885458.27774119 5691180.19289433 -59.8224030288058 -231.028588288673 1.5625 11.0504907411681 -33060959.4768562
157999.21875 -2885502.46554904 5691001.7994758 -53.3601706532849 -225.724272578216 1.5625 10.3634216742064 -30941934.2819389
158000.78125 -2885576.38564008 5690656.72409207 -41.4770555293704 -216.194440034114 1.5625 9.17126381857523 -27474513.6973798
158002.34375 -2885632.7184315 5690325.57013045 -30.8187129894767 -207.860600829181 1.5625 8.17563921636772 -24804141.772429
158003.90625 -2885673.24908195 5690006.66092734 -21.2270690180995 -200.486207995881 1.5625 7.33346387068439 -22726029.7166395
158005.46875 -2885699.54331446 5689698.64919537 -12.5776567037214 -193.884157514894 1.5625 6.61234123159508 -21093046.4303276
158007.03125 -2885712.99284436 5689400.44848674 -4.77097655485863 -187.90615645304 1.5625 5.98786079227632 -19797549.6232365
158008.59375 -2885714.84910982 5689111.17907131 2.27395364751516 -182.43474278752 1.5625 5.44162153325499 -18759488.6845114
158010.15625 -2885706.24824171 5688830.12475144 8.62444153159923 -177.377158562377 1.5625 4.95974970214464 -17918478.8239337
158011.71875 -2885688.22945403 5688556.69816364 14.3377545549286 -172.660540997084 1.5625 4.5317673519013 -17228433.8756956
158013.28125 -2885661.74850973 5688290.41280778 19.4638288835968 -168.228071365768 1.5625 4.14972031122575 -16653871.3857787
158014.84375 -2885627.68753813 5688030.86050926 24.0472605244557 -164.035838887657 1.5625 3.80750527085715 -16167323.3340747
158016.40625 -2885586.86219608 5687777.69333355 28.1287373838145 -160.050255469317 3.125 3.50035396910933 -15747484.869707
