0 314159000 0 -1183.31851815833 199.39228817477 100 0.00403837820768556 -0
100 314040647.951221 19939.2283900519 -1183.7225081634 199.392275349601 200 0.00404142264057518 -0
300 313803822.580484 59817.6748988918 -1184.5314026103 199.392172574 400 0.00404752487383544 -0
700 313329685.891057 139574.454616665 -1186.15286171854 199.391656887735 800 0.00405978307361347 -0
1500 312379461.840876 299086.978199095 -1189.4105613216 199.389371769266 1600 0.0040845165347522 -0
3100 310471155.4097 618103.140425163 -1195.98590314642 199.379678722078 1600 0.00413486908944264 -0
4700 308552263.476477 937098.194539288 -1202.64276159357 199.362943596821 1600 0.00418643663496301 -0
6300 306622654.047725 1256060.66358705 -1209.38310653973 199.338902414735 1600 0.00423926179014852 -0
7900 304682191.923245 1574978.63875855 -1216.20897702334 199.307279228572 1600 0.00429338914641835 -0
9500 302730738.582924 1893839.75971584 -1223.12248444755 199.267785461846 1600 0.00434886538156487 -0
11100 300768152.068269 2212631.19382866 -1230.12581596802 199.220119204484 1600 0.00440573938143015 -0
12700 298794286.858356 2531339.6142462 -1237.22123807839 199.163964461521 1600 0.00446406237011018 -0
14300 296808993.739885 2849951.17672672 -1244.41110040723 199.098990351178 1600 0.00452388804938685 -0
15900 294812119.670977 3168451.49514094 -1251.69783974157 199.024850248312 1600 0.00458527274815392 -0
17500 292803507.638339 3486825.61555846 -1259.0839842931 198.941180868893 1600 0.00464827558267628 -0
19100 290782996.5074 3805057.98881895 -1266.57215822478 198.847601290735 1600 0.00471295862860285 -0
20700 288750420.864982 4123132.44148208 -1274.16508645692 198.743711905297 1600 0.00477938710574346 -0
22300 286705610.854047 4441032.14504142 -1281.86559977339 198.629093294835 1600 0.00484762957671979 -0
23900 284648392.000014 4758739.58327801 -1289.6766402507 198.503305028699 1600 0.00491775816071172 -0
25500 282578585.02812 5076236.51761876 -1297.60126703424 198.365884371924 1600 0.00498984876364378 -0
27100 280496005.671237 5393503.95035342 -1305.64266248862 198.21634489862 1600 0.00506398132629463 -0
28700 278400464.467542 5710522.0855515 -1313.8041387511 198.05417500192 1600 0.00514024009196612 -0
30300 276291766.547343 6027270.28750631 -1322.08914471998 197.878836291432 1600 0.00521871389552058 -0
31900 274169711.408363 6343727.03651826 -1330.50127351264 197.689761868204 1600 0.00529949647578741 -0
33500 272034092.678687 6659869.88181301 -1339.0442704312 197.486354466215 1600 0.00538268681355602 -0
35100 269884697.866532 6975675.39137111 -1347.72204147752 197.267984448245 1600 0.00546838949761394 -0
36700 267721308.095919 7291119.09842569 -1356.53866246289 197.03398764271 1600 0.00555671512156149 -0
38300 265543697.827267 7606175.44436209 -1365.49838876272 196.783663006627 1600 0.00564778071444048 -0
39900 263351634.561821 7920817.71772831 -1374.60566577099 196.516270098259 1600 0.00574171020855991 -0
41500 261144878.52876 8235017.98903735 -1383.86514011504 196.231026341208 1600 0.00583863494829149 -0
43100 258923182.3537 8548747.04101195 -1393.28167169723 195.927104059691 1600 0.005938694244049 -0
44700 256686290.707231 8861974.29388783 -1402.86034663707 195.603627262477 1600 0.0060420359761649 -0
46300 254433939.931964 9174667.72535363 -1412.60649119477 195.259668150375 1600 0.0061488172539446 -0
47900 252165857.64646 9486793.78466316 -1422.52568676608 194.894243319269 1600 0.00625920513582301 -0
49500 249881762.324243 9798317.30040844 -1432.62378604765 194.506309627442 1600 0.00637337741728176 -0
51100 247581362.845943 10109201.3813887 -1442.90693048325 194.09475969216 1600 0.00649152349402263 -0
52700 245264358.022414 10419407.3099514 -1453.38156911302 193.658416976314 1600 0.00661384530884896 -0
53500 244099531.606701 10574243.3402943 -1458.69280316726 193.430560437726 1600 0.00667663890990894 -0
54300 242930436.086421 10728894.4271048 -1464.05447896119 193.196030421222 1600 0.0067405583918064 -0
55100 241757030.748912 10883355.1643592 -1469.4674984925 192.954657937413 1600 0.006805633006485 -0
55900 240579274.150627 11037620.008688 -1474.93278711818 192.706268575343 1600 0.00687189300436981 -0
56700 239397124.098122 11191683.2749525 -1480.45129434901 192.450682287504 1600 0.00693936967669181 -0
57500 238210537.62841 11345539.131647 -1486.02399467776 192.187713164602 1600 0.00700809539996086 -0
58300 237019470.988631 11499181.5961152 -1491.65188844246 191.917169199535 1600 0.0070781036827144 -0
59100 235823879.615015 11652604.529574 -1497.3360027269 191.638852039945 1600 0.00714942921467786 -0
59900 234623718.111118 11805801.6319341 -1503.07739229996 191.352556728713 1600 0.00722210791848208 -0
60700 233418940.225279 11958766.4364084 -1508.87714059597 191.058071431706 1600 0.00729617700409295 -0
61500 232209498.827284 12111492.3038968 -1514.73636073819 190.755177152036 1600 0.0073716750261195 -0
62300 230995345.884193 12263972.4171372 -1520.65619660765 190.443647430052 1600 0.00744864194417798 -0
63100 229776432.435283 12416199.7746101 -1526.63782395982 190.123248028234 1600 0.00752711918650249 -0
63900 228552708.566094 12568167.1841851 -1532.68245159159 189.793736600078 1600 0.00760714971700585 -0
64700 227324123.381503 12719867.2564953 -1538.79132256143 189.454862342047 1600 0.0076887781060095 -0
65500 226090624.977815 12871292.3980271 -1544.96571546539 189.106365627547 1600 0.00777205060487675 -0
66300 224852160.413798 13022434.8039085 -1551.20694577223 188.747977621851 1600 0.00785701522480106 -0
67100 223608675.680635 13173286.4503822 -1557.51636722091 188.3794198768 1600 0.00794372182001964 -0
67900 222360115.670722 13323839.0869454 -1563.89537328375 188.000403904046 1600 0.00803222217574265 -0
68700 221106424.145276 13474084.2281394 -1570.3453986993 187.610630725484 1600 0.00812257010111032 -0
69500 219847543.700684 13624013.1449703 -1576.86792107851 187.209790399462 1600 0.00821482152751387 -0
70300 218583415.733536 13773616.8559396 -1583.46446258874 186.79756152122 1600 0.00830903461264194 -0
71100 217313980.404281 13922886.117665 -1590.13659171993 186.373610695922 1600 0.00840526985064216 -0
71900 216039176.59943 14071811.4150681 -1596.88592513775 185.93759198251 1600 0.00850359018881787 -0
72700 214758941.892248 14220382.9511045 -1603.71412962901 185.489146306478 1600 0.00860406115131315 -0
73500 213473212.501843 14368590.636011 -1610.62292414463 185.027900839535 1600 0.00870675097027543 -0
74300 212181923.250587 14516424.0760431 -1617.61408194619 184.553468343957 1600 0.00881173072502398 -0
75100 210885007.519767 14663872.5616726 -1624.68943286233 184.06544647926 1600 0.00891907448979581 -0
75900 209582397.203396 14810925.0552144 -1631.85086566167 183.563417068656 1600 0.00902885949068679 -0
76700 208274022.660067 14957570.1778504 -1639.10033054951 183.046945322552 1600 0.00914116627245752 -0
77500 206959812.662761 15103796.196013 -1646.43984179615 182.515579016124 1600 0.00925607887592876 -0
78300 205639694.346503 15249591.007092 -1653.87148050492 181.96884761777 800 0.00937368502675286 -0
79100 204313593.153731 15394942.1244228 -1661.39739752911 181.40626136501 800 0.00949407633641433 -0
79900 202981432.777282 15539836.6615137 -1669.01981654716 180.82731028408 800 0.00961734851638638 -0
80700 201643135.100846 15684261.3154648 -1676.74103730662 180.231463149197 800 0.00974360160645073 -0
81500 200298620.13675 15828202.3495284 -1684.5634390478 179.618166377124 800 0.00987294021827653 -0
82300 198947805.960937 15971645.5747579 -1692.48948411923 178.9868428523 800 0.0100054737954519 -0
83100 197590608.644957 16114576.3306878 -1700.5217217977 178.336890677395 800 0.010141316891268 -0
83900 196226942.184832 16256979.4649814 -1708.66279232687 177.667681843725 800 0.0102805894656752 -0
84700 194856718.426584 16398839.3119814 -1716.91543118936 176.978560815467 800 0.0104234172029581 -0
85500 193479846.988257 16540139.6700919 -1725.28247362865 176.268843021091 800 0.0105699318518245 -0
86300 192096235.178208 16680863.7779123 -1733.76685943817 175.537813244847 800 0.0107202715897562 -0
87100 190705787.909456 16820994.2890436 -1742.37163803671 174.784723910508 800 0.0108745814136523 -0
87900 189308407.609854 16960513.2454749 -1751.09997385061 174.008793248855 800 0.0110330135589824 -0
88700 187903994.127817 17099402.0494545 -1759.95515202498 173.209203339629 800 0.0111957279498901 -0
89500 186492444.633346 17237641.4337406 -1768.94058448816 172.385098017801 800 0.0113628926829224 -0
90300 185073653.514055 17375211.4301201 -1778.05981639574 171.535580633089 800 0.0115346845473262 -0
91100 183647512.26587 17512091.3360713 -1787.31653298246 170.659711650571 800 0.0117112895851535 -0
91900 182213909.378082 17648259.6794394 -1796.71456685326 169.756506079113 800 0.0118929036947416 -0
92700 180772730.212381 17783694.1809815 -1806.25790574716 168.824930713024 800 0.0120797332815063 -0
93500 179323856.875471 17918371.7146243 -1815.95070081092 167.863901170933 800 0.0122719959603951 -0
94300 177867168.084853 18052268.2652663 -1825.79727542255 166.87227871429 800 0.0124699213148077 -0
95100 176402539.027315 18185358.8839405 -1835.80213460886 165.848866826122 800 0.0126737517173049 -0
95900 174929841.209634 18317617.6401365 -1845.96997510492 164.792407528724 800 0.0128837432180071 -0
96700 173448942.300954 18449017.5710654 -1856.30569610814 163.701577416728 800 0.0131001665072255 -0
97500 171959705.966268 18579530.6276278 -1866.81441078472 162.574983379591 800 0.013323307959607 -0
98300 170461991.690371 18709127.616827 -1877.50145859165 161.411157984736 800 0.0135534707678853 -0
99100 168955654.591601 18837778.1403417 -1888.37241848394 160.20855448955 800 0.0137909761752649 -0
99900 167440545.224648 18965450.5289487 -1899.4331230836 158.965541446949 800 0.0140361648165057 -0
100700 165916509.371599 19092111.7724547 -1910.68967389457 157.680396865348 800 0.0142893981789636 -0
101500 164383387.820378 19217727.4447624 -1922.14845765663 156.351301879516 800 0.0145510601961822 -0
102300 162841016.129596 19342261.6236636 -1933.81616394103 154.976333883817 800 0.0148215589881575 -0
103100 161289224.37881 19465676.8049036 -1945.6998041011 153.553459073825 800 0.015101328764129 -0
103900 159727836.903022 19587933.8100249 -1957.80673170395 152.080524335951 800 0.0153908319057277 -0
104700 158156672.010199 19708991.6874372 -1970.14466458225 150.555248417601 800 0.0156905612505662 -0
105500 156575541.680459 19828807.6061129 -1982.72170866125 148.975212302271 800 0.0160010425989361 -0
106300 154984251.245418 19947336.7412351 -1995.5463837331 147.337848704766 800 0.0163228374692347 -0
107100 153382599.046085 20064532.1510592 -2008.62765137033 145.640430591209 800 0.0166565461311356 -0
107900 151770376.067491 20180344.6441652 -2021.97494519263 143.880058616524 800 0.0170028109494289 -0
108700 150147365.548092 20294722.6361869 -2035.59820372615 142.053647358353 800 0.0173623200759563 -0
109500 148513342.561756 20407611.9950015 -2049.50790612319 140.1579102106 800 0.0177358115322779 -0
110300 146868073.569931 20518955.8732475 -2063.71511104278 138.189342781787 800 0.0181240777317345 -0
110700 146041146.368684 20574029.7055613 -2070.93390158892 137.17658857989 800 0.0183240150855977 -0
111100 145211315.941271 20628694.5268861 -2078.23149902782 136.14420462311 800 0.0185279704965904 -0
111500 144378550.453437 20682942.3843384 -2085.609468185 135.091683167203 800 0.018736060639724 -0
111900 143542817.436077 20736765.1184847 -2093.06941876789 134.018499083666 800 0.0189484066339976 -0
112300 142704083.766948 20790154.3562391 -2100.61300705408 132.924109111672 800 0.0191651342524761 -0
112700 141862315.651686 20843101.5034542 -2108.24193765853 131.807951071035 800 0.0193863741442587 -0
113100 141017478.604108 20895597.7371895 -2115.95796538392 130.669443033821 800 0.0196122620691236 -0
113500 140169537.425751 20947633.9976393 -2123.76289715888 129.507982452052 800 0.0198429391456952 -0
113900 139318456.184619 20999200.979702 -2131.6585940693 128.322945238755 800 0.0200785521140428 -0
114300 138464198.193094 21050289.1241731 -2139.64697348764 127.11368479941 800 0.0203192536136913 -0
114700 137606725.984985 21100888.6085395 -2147.73001130645 125.87953101066 800 0.0205652024781001 -0
115100 136746001.291649 21150989.3373541 -2155.90974428167 124.619789142881 800 0.0208165640467495 -0
115500 135881985.01716 21200580.9321686 -2164.18827249262 123.333738722984 800 0.0210735104960651 -0
115900 135014637.21247 21249652.7209974 -2172.56776192532 122.020632333542 800 0.021336221190507 -0
116300 134143917.048501 21298193.727289 -2181.05044718673 120.679694344028 800 0.0216048830552612 -0
116700 133269782.788137 21346192.6583746 -2189.63863435781 119.310119569657 800 0.0218796909720837 -0
117100 132392191.757038 21393637.8933658 -2198.33470399384 117.911071852946 800 0.022160848199981 -0
117500 131511100.313222 21440517.4704677 -2207.14111428125 116.481682562744 800 0.022448566822545 -0
117900 130626463.815357 21486819.0736752 -2216.06040436058 115.021049005073 800 0.0227430682239173 -0
118300 129738236.589683 21532530.0188137 -2225.09519782613 113.528232739667 800 0.0230445835955249 -0
118700 128846371.895498 21577637.2388879 -2234.24820641365 112.002257795598 800 0.0233533544759117 -0
119100 127950821.889136 21622127.2686944 -2243.52223388796 110.44210877887 800 0.0236696333261925 -0
119500 127051537.586339 21665986.2286548 -2252.92018014367 108.846728864243 800 0.0239936841438783 -0
119900 126148468.822947 21709199.8078213 -2262.445045533 107.215017662944 800 0.0243257831180645 -0
120300 125241564.21381 21751753.2460026 -2272.0999354356 105.545828957203 800 0.0246662193292399 -0
120700 124330771.10982 21793631.3149554 -2281.88806508688 103.837968291799 800 0.0250152954972719 -0
121100 123416035.55296 21834818.2985826 -2291.81276468209 102.09019041196 800 0.0253733287814448 -0
121500 122497302.229247 21875297.9720738 -2301.87748477527 100.301196536036 800 0.0257406516367909 -0
121900 121574514.419457 21915053.5799192 -2312.08580199333 98.4696314503772 400 0.0261176127313449 -0
122300 120647613.947498 21954067.8127245 -2322.44142508747 96.5940804127096 400 0.0265045779293946 -0
122700 119716541.126291 21992322.7827458 -2332.94820134566 94.6730658491096 400 0.0269019313462831 -0
123100 118781234.701008 22029799.9980597 -2343.61012339222 92.7050438283134 400 0.0273100764808551 -0
123500 117841631.789509 22066480.3352753 -2354.43133640241 90.6884002956301 400 0.0277294374322374 -0
123900 116897667.819804 22102344.0106886 -2365.41614576234 88.6214470470839 400 0.0281604602083031 -0
124300 115949276.464358 22137370.5497715 -2376.56902520751 86.5024174226059 400 0.0286036141339076 -0
124700 114996389.57104 22171538.7548773 -2387.89462547542 84.3294616950957 400 0.0290593933678035 -0
125100 114038937.090498 22204826.6710376 -2399.39778351169 82.1006421299598 400 0.0295283185380536 -0
125500 113076846.999737 22237211.5497116 -2411.08353227183 79.813927687275 400 0.0300109385067843 -0
125900 112110045.22165 22268669.8103412 -2422.9571111651 77.4671883359997 400 0.0305078322762589 -0
126300 111138455.540229 22299176.9995466 -2435.023977191 75.0581889466255 400 0.0310196110495273 -0
126700 110161999.511182 22328707.7477907 -2447.28981682343 72.5845827252843 400 0.0315469204603401 -0
127100 109180596.367631 22357235.7233171 -2459.76055870291 70.0439041485683 400 0.0320904429886158 -0
127500 108194162.920563 22384733.5831552 -2472.44238720281 67.4335613541218 400 0.0326509005795583 -0
127900 107202613.453667 22411172.9209654 -2485.34175694193 64.7508279373742 400 0.0332290574865478 -0
128300 106205859.612163 22436524.2114735 -2498.46540832272 61.9928340995326 400 0.033825723360219 -0
128700 105203810.285198 22460756.7512261 -2511.82038418221 59.1565570860732 400 0.0344417566087224 -0
129100 104196371.481343 22483838.5953676 -2525.41404765157 56.238810848363 400 0.0350780680570867 -0
129500 103183446.196683 22505736.4901138 -2539.25410132955 53.2362348536269 400 0.0357356249369077 -0
129900 102164934.274963 22526415.8005666 -2553.34860788619 50.1452819601126 400 0.0364154552413446 -0
130300 101140732.259179 22545840.4334755 -2567.70601222497 46.9622052648888 400 0.0371186524846675 -0
130700 100110733.233972 22563972.7545161 -2582.33516534521 43.683043821065 400 0.0378463809104592 -0
131100 99074826.6581089 22580773.4996103 -2597.24535006164 40.3036071091803 400 0.0385998811981116 -0
131500 98032898.1862803 22596201.6797653 -2612.44630875498 36.8194581338621 400 0.0393804767235856 -0
131900 96984829.4793535 22610214.4788509 -2627.94827334653 33.2258950013572 400 0.04018958043765 -0
132300 95930498.0021608 22622767.1436796 -2643.76199771133 29.517930815913 400 0.0410287024331257 -0
132700 94869776.8077922 22633812.8656769 -2659.89879276851 25.6902717128984 400 0.0418994582822161 -0
133100 93802534.3072746 22643302.6533597 -2676.37056451527 21.7372928236138 400 0.0428035782360051 -0
133500 92728634.0233987 22651185.1947484 -2693.18985530165 17.6530119404993 400 0.043742917390912 -0
133900 91647934.3273333 22657406.7087425 -2710.36988867878 13.4310606213548 400 0.0447194669415819 -0
134300 90560288.156524 22661910.7843764 -2727.92461819317 9.06465243661658 400 0.0457353666567337 -0
134700 89465542.7122167 22664638.2067484 -2745.8687805455 4.54654802392103 400 0.0467929187342923 -0
135100 88363539.1347664 22665526.768269 -2764.2179535843 -0.130983431759874 400 0.0478946032152038 -0
135500 87254112.1546952 22664511.0637159 -2782.98861966459 -4.97620672728176 400 0.049043095162292 -0
135900 86137089.7172341 22661522.2673936 -2802.19823496982 -9.99796767629921 400 0.0502412838420752 -0
136300 85012292.5778336 22656487.8904839 -2821.86530547412 -15.2057452182152 400 0.0514922941845321 -0
136500 84446920.408325 22653179.8902729 -2831.87647694422 -17.8825396030018 400 0.0521386543202241 -0
136700 83879533.8657769 22649331.5164033 -2842.009470308 -20.6097092508145 400 0.0527995108395309 -0
136900 83310108.3224647 22644932.5556885 -2852.26693254659 -23.3886439098125 400 0.0534753318370451 -0
137100 82738618.613045 22639972.5118698 -2862.65159341808 -26.220784945608 400 0.0541666051997363 -0
137300 82165039.0176641 22634440.5950525 -2873.16626884537 -29.1076277670709 400 0.0548738396446883 -0
137500 81589343.2443721 22628325.7106436 -2883.81386447594 -32.0507243905958 400 0.0555975658219539 -0
137700 81011504.410807 22621616.447761 -2894.59737942375 -35.0516861521606 400 0.0563383374872984 -0
137900 80431495.0251109 22614301.067086 -2905.51991020457 -38.1121865772299 400 0.0570967327499988 -0
138100 79849286.9660394 22606367.4881237 -2916.58465487667 -41.2339644193512 400 0.0578733554013114 -0
138300 79264851.462221 22597803.2758395 -2927.79491739956 -44.4188268791477 400 0.0586688363296918 -0
138500 78678159.0705213 22588595.6266309 -2939.15411222477 -47.6686530163576 400 0.0594838350293877 -0
138700 78089179.6534656 22578731.3535979 -2950.66576913317 -50.9853973685883 400 0.0603190412095942 -0
138900 77497882.3556674 22568196.8710672 -2962.3335383348 -54.3710937915782 400 0.0611751765120031 -0
139100 76904235.5792093 22556978.1783248 -2974.16119584826 -57.8278595369811 400 0.0620529963452747 -0
139300 76308206.9579191 22545060.8425077 -2986.15264917801 -61.3578995850263 400 0.0629532918457268 -0
139500 75709763.3304778 22532429.9806027 -2998.31194330909 -64.9635112508763 400 0.0638768919743898 -0
139700 75108870.712297 22519070.2404944 -3010.64326704089 -68.6470890851103 400 0.0648246657615046 -0
139900 74505494.2660919 22504965.7810014 -3023.15095968254 -72.4111300905266 400 0.0657975247105792 -0
140100 73899598.2710781 22490100.2508368 -3035.83951813477 -76.2582392793939 400 0.0667964253752575 -0
140300 73291146.0907109 22474456.7664196 -3048.71360438501 -80.191135597413 400 0.0678223721235167 -0
140500 72680100.138882 22458017.8884631 -3061.77805344441 -84.2126582429933 400 0.0688764201051127 -0
140700 72066421.8444816 22440765.5972575 -3075.03788175806 -88.3257734130318 400 0.0699596784397398 -0
140900 71450071.6142289 22422681.2665569 -3088.49829612219 -92.5335815092331 400 0.0710733136450979 -0
141100 70831008.7936652 22403745.6359774 -3102.16470314478 -96.839324842148 400 0.0722185533259733 -0
141300 70209191.6261968 22383938.7817996 -3116.04271928944 -101.246395873592 400 0.0733966901475719 -0
141500 69584577.2100683 22363240.0860663 -3130.13818154533 -105.758346041945 400 0.0746090861187172 -0
141700 68957121.4531345 22341628.2038525 -3144.45715877001 -110.378895219096 200 0.0758571772131783 -0
141900 68326779.0252925 22319081.0285765 -3159.00596375597 -115.111941852522 200 0.077142478360348 -0
142100 67693503.3084238 22295575.6552085 -3173.79116607598 -119.96157385125 200 0.0784665888398088 -0
142300 67057246.3436844 22271088.3412238 -3188.81960576767 -124.932080280255 200 0.0798311981180267 -0
142500 66417958.7759683 22245594.4651285 -3204.09840792274 -130.027963934384 200 0.0812380921695766 -0
142700 65775589.7953572 22219068.4823779 -3219.63499825247 -135.25395487011 200 0.0826891603299732 -0
142900 65130087.0753528 22191483.8784842 -3235.43711970775 -140.6150249815 200 0.0841864027324367 -0
143100 64481396.7076726 22162813.1190976 -3251.5128502392 -146.116403715844 200 0.0857319383868416 -0
143300 63829463.1333722 22133027.5968209 -3267.87062179085 -151.763595034476 200 0.0873280139657767 -0
143500 63174229.0700363 22102097.5744984 -3284.51924063013 -157.562395735662 200 0.0889770133701867 -0
143700 62515635.4347619 22069992.124693 -3301.46790912663 -163.518915269172 200 0.0906814681556113 -0
143900 61853621.2626294 22036679.0650395 -3318.72624910324 -169.639597186429 200 0.0924440689097122 -0
144100 61188123.6203364 22002124.889131 -3336.30432689568 -175.931242386274 200 0.0942676776827739 -0
144300 60519077.514635 21966294.6925618 -3354.21268026993 -182.401034334526 200 0.0961553415853668 -0
144500 59846415.7951872 21929152.0937129 -3372.46234736267 -189.056566456062 200 0.0981103076816058 -0
144700 59170069.0514147 21890659.1488236 -3391.06489782651 -195.905871921363 200 0.100136039322701 -0
144900 58489965.5028822 21850776.2608455 -3410.03246638154 -202.9574560758 200 0.102236234084095 -0
145100 57806030.8827119 21809462.0815237 -3429.37778899534 -210.220331789838 200 0.104414843490792 -0
145300 57118188.3134783 21766673.40609 -3449.11424193845 -217.704058042359 200 0.106676094739959 -0
145500 56426358.1749825 21722365.0598877 -3469.25588398863 -225.418782088049 200 0.10902451465801 -0
145700 55730457.963245 21676489.7761715 -3489.81750208806 -233.375285604114 200 0.11146495616187 -0
145900 55030402.1399943 21628998.0642435 -3510.81466079165 -241.585035262214 200 0.114002627531572 -0
146100 54326101.9718552 21579838.0669908 -3532.26375588345 -250.060238229637 200 0.116643124844796 -0
146300 53617465.3583635 21528955.4067832 -3554.18207258175 -258.81390317046 200 0.119392467974318 -0
146500 52904396.6478404 21476293.0185674 -3576.58784880299 -267.859907394358 200 0.12225714060799 -0
146700 52186796.4400663 21421790.9688558 -3599.500344011 -277.213070889432 200 0.125244134819213 -0
146900 51464561.3745768 21365386.2591515 -3622.93991424169 -286.889238078087 200 0.128361000795798 -0
147100 50737583.9032821 21307012.6121712 -3646.92809396627 -296.905368254061 200 0.131615902428835 -0
147300 50005752.0459682 21246600.2390225 -3671.48768553894 -307.279635797082 200 0.135017679573243 -0
147500 49268949.1270806 21184075.5852568 -3696.64285707 -318.031541422965 200 0.138575917921549 -0
147700 48527053.4920139 21119361.0534502 -3722.41924967386 -329.182035915475 200 0.142301027585774 -0
147900 47779938.2009243 21052374.6996531 -3748.84409516612 -340.753658007224 200 0.146204331664255 -0
148100 47027470.6978588 20983029.9006897 -3775.94634542736 -352.770688336481 200 0.15029816628647 -0
148200 46649186.8199134 20947444.6458684 -3789.76104989032 -358.954337566345 200 0.152420692165406 -0
148300 46269512.4526814 20911234.9888356 -3803.75681480884 -365.259321706512 200 0.15459599388738 -0
148400 45888429.2828065 20874388.6170234 -3817.93780874813 -371.689245879915 200 0.156825951326723 -0
148500 45505918.5732773 20836892.850158 -3832.30833718997 -378.247860273003 200 0.159112531769461 -0
148600 45121961.1494465 20798734.6253878 -3846.87284836831 -384.939067532978 200 0.161457794942243 -0
148700 44736537.3844514 20759900.4816478 -3861.63593941036 -391.766930623248 200 0.163863898386938 -0
148800 44349627.1840037 20720376.5432154 -3876.60236280178 -398.73568117061 200 0.166333103208588 -0
148900 43961209.9705167 20680148.5024044 -3891.77703319636 -405.84972834047 200 0.16886778022697 -0
149000 43571264.6665321 20639201.6013444 -3907.16503459182 -413.113668279533 200 0.171470416564789 -0
149100 43179769.6774115 20597520.6127851 -3922.771627895 -420.532294168762 200 0.174143622708651 -0
149200 42786702.8732494 20555089.8198627 -3938.60225890137 -428.110606933185 200 0.176890140082359 -0
149300 42392041.5699674 20511892.9947613 -3954.6625667157 -435.853826659181 200 0.179712849175898 -0
149400 41995762.509543 20467913.3761941 -3970.95839264253 -443.767404774435 200 0.182614778277632 -0
149500 41597841.8393238 20423133.6456264 -3987.49578957757 -451.85703705069 200 0.185599112861948 -0
149600 41198255.0903772 20377535.9021539 -4004.28103193301 -460.128677494922 200 0.188669205689695 -0
149700 40796977.1548187 20331101.6359454 -4021.32062613282 -468.588553200618 200 0.191828587684575 -0
149800 40393982.2620608 20283811.7001487 -4038.62132171625 -477.243180237502 200 0.195080979655001 -0
149900 39989243.9539196 20235646.2811515 -4056.19012309128 -486.099380665466 200 0.198430304938116 -0
150000 39582735.0585109 20186584.8670819 -4074.03430198255 -495.164300766632 200 0.201880703050594 -0
150100 39174427.6628662 20136606.2144196 -4092.16141062213 -504.445430598559 200 0.205436544439763 -0
150200 38764293.0841891 20085688.3125818 -4110.57929573508 -513.950624981672 200 0.209102446438559 -0
150300 38352301.8396712 20033808.3463326 -4129.29611337605 -523.68812604519 200 0.212883290538936 -0
150400 37938423.6147805 19980942.6558556 -4148.32034467751 -533.666587468268 200 0.216784241110914 -0
150500 37522627.2299247 19927066.6943097 -4167.66081257542 -543.895100566964 100 0.220810765708463 -0
150600 37104880.6053921 19872154.9826788 -4187.32669958304 -554.383222393091 100 0.224968657119257 -0
150700 36685150.724458 19816181.061702 -4207.32756668984 -565.141006028326 100 0.229264057333133 -0
150800 36263403.5945427 19759117.4406572 -4227.67337346857 -576.17903327624 100 0.233703483624178 -0
150900 35839604.2062934 19700935.5427459 -4248.37449948045 -587.508449976618 100 0.238293856964088 -0
151000 35413716.4904583 19641605.6468057 -4269.4417670762 -599.141004190675 100 0.243042533010108 -0
151100 34985703.2724047 19581096.8250485 -4290.88646569846 -611.089087533074 100 0.247957335940031 -0
151200 34555526.2241283 19519376.8764963 -4312.72037780059 -623.365779957343 100 0.253046595439738 -0
151300 34123145.8135837 19456412.2557514 -4334.9558065061 -635.984898335841 100 0.25831918718642 -0
151400 33688521.2511578 19392167.9967035 -4357.60560514402 -648.96104921445 100 0.263784577213422 -0
151500 33251610.4330877 19326607.6307344 -4380.68320880683 -662.30968616626 100 0.269452870591546 -0
151600 32812369.8816171 19259693.0989387 -4404.20266809033 -676.047172218419 100 0.275334864917536 -0
151700 32370754.6816613 19191384.657826 -4428.17868518861 -690.190847882935 100 0.281442109164487 -0
151800 31926718.4137372 19121640.7779149 -4452.62665253205 -704.759105386533 100 0.287786968522375 -0
151900 31480213.0828948 19050418.0345672 -4477.56269417275 -719.771469767818 100 0.294382695941378 -0
152000 31031189.0433625 18977670.9903375 -4503.00371013924 -735.248687593466 100 0.301243511187994 -0
152100 30579594.9185993 18903352.0680359 -4528.9674240015 -751.212824140437 100 0.308384688336312 -0
152200 30125377.5164188 18827411.4136095 -4555.47243390788 -767.687370000312 100 0.315822652746824 -0
152300 29668481.7388241 18749796.7478478 -4582.53826737767 -784.697358186888 100 0.323575088735923 -0
152400 29208850.4861636 18670453.2058021 -4610.18544015709 -802.269492971967 100 0.331661059314453 -0
152500 28746424.5551832 18589323.1626776 -4638.43551947165 -820.432291839714 100 0.340101139577788 -0
152600 28281142.5305195 18506346.044809 -4667.31119203511 -839.216242141036 100 0.348917565568267 -0
152700 27812940.6691377 18421458.1241618 -4696.83633720358 -858.653974250314 100 0.358134400709825 -0
152800 27341752.7771799 18334592.2946079 -4727.03610569314 -878.780453282957 100 0.367777722242096 -0
152900 26867510.0786443 18245677.8280048 -4757.93700430977 -899.63319172985 100 0.377875830466567 -0
153000 26390141.0752714 18154640.1078547 -4789.56698717164 -921.252485711439 100 0.388459484071934 -0
153100 25909571.3969625 18061400.3380291 -4821.95555393366 -943.681677959029 100 0.399562165343697 -0
153200 25425723.6420023 17965875.2237121 -4855.13385555368 -966.967451104881 100 0.411220379701218 -0
153300 24938517.2063053 17867976.6213296 -4889.13480816475 -991.160155419093 100 0.423473994765025 -0
153400 24447868.1008449 17767611.1537856 -4923.99321563807 -1016.31417578631 100 0.436366625063917 -0
153500 23953688.756367 17664679.7868102 -4959.74590143295 -1042.48834348852 100 0.449946069577296 -0
153550 23705246.8489918 17612219.2818898 -4977.96969292475 -1055.97769595738 100 0.457009549888088 -0
153600 23455887.8143949 17559077.3615691 -4996.43185031685 -1069.74639925715 100 0.464264810614894 -0
153650 23205599.6040207 17505239.8393244 -5015.1376093796 -1083.80327368725 100 0.471719237341615 -0
153700 22954369.9036794 17450692.0783054 -5034.0923605864 -1098.15751525419 100 0.479380584097928 -0
153750 22702186.1256786 17395418.9720515 -5053.30165447778 -1112.81871583871 100 0.487256995950045 -0
153800 22449035.4006822 17339404.9241665 -5072.77120720739 -1127.79688466969 100 0.495357033236135 -0
153850 22194904.569287 17282633.8268857 -5092.50690627184 -1143.10247120404 100 0.503689697585129 -0
153900 21939780.1733084 17225089.0384607 -5112.51481642607 -1158.74638952055 100 0.512264459870954 -0
153950 21683648.4467661 17166753.3592851 -5132.80118578447 -1174.740044345 100 0.521091290268981 -0
154000 21426495.3065594 17107609.0066752 -5153.37245210718 -1191.09535883429 100 0.530180690597831 -0
154050 21168306.3428241 17047637.5882141 -5174.23524926943 -1207.82480425897 100 0.539543729147817 -0
154100 20909066.8089612 16986820.0735623 -5195.39641391015 -1224.94143173588 100 0.549192078217455 -0
154150 20648761.6113288 16925136.7646257 -5216.862992254 -1242.45890617696 100 0.559138054601917 -0
154200 20387375.2985889 16862567.2639676 -5238.64224709877 -1260.39154263526 100 0.569394663302252 -0
154250 20124892.050701 16799090.4413397 -5260.74166495708 -1278.75434524624 100 0.579975644752034 -0
154300 19861295.6675545 16734684.3981964 -5283.16896333801 -1297.5630489815 100 0.590895525889169 -0
154350 19596569.5572344 16669326.4300454 -5305.93209815049 -1316.83416445236 100 0.602169675435265 -0
154400 19330696.7239143 16602992.9864781 -5329.03927120526 -1336.58502602398 100 0.613814363783834 -0
154450 19063659.7553717 16535659.6287043 -5352.49893778716 -1356.83384352621 100 0.625846827942011 -0
154500 18795440.810125 16467300.9844054 -5376.31981426248 -1377.59975787542 100 0.638285342019274 -0
154550 18526021.6041886 16397890.6997018 -5400.51088567899 -1398.9029009532 100 0.651149293811347 -0
154600 18255383.3974501 16327401.3880118 -5425.08141330684 -1420.76446012266 50 0.664459268088985 -0
154650 17983506.9796733 16255804.5755601 -5450.04094205814 -1443.20674780184 50 0.678237137270608 -0
154700 17710372.6561342 16183070.6432719 -5475.3993077106 -1466.25327655746 50 0.692506160235752 -0
154750 17435960.232903 16109168.7647637 -5501.16664384582 -1489.92884023015 50 0.707291090124416 -0
154800 17160249.0017885 16034066.8401147 -5527.35338839573 -1514.25960165676 50 0.722618292066851 -0
154850 16883217.7249672 15957731.4250757 -5553.97028967033 -1539.27318761547 50 0.738515871900995 -0
154900 16604844.6193273 15880127.6553343 -5581.02841171598 -1564.99879168743 50 0.755013817062345 -0
154950 16325107.3405655 15801219.1654244 -5608.53913882549 -1591.46728580406 50 0.772144150975844 -0
155000 16043982.9670831 15720968.001823 -5636.51417898799 -1618.71134133478 50 0.789941102443969 -0
155050 15761447.9837419 15639334.5297346 -5664.96556602752 -1646.76556066502 50 0.808441291712399 -0
155100 15477478.265552 15556277.3330129 -5693.90566013316 -1675.6666203224 50 0.827683935108151 -0
155150 15192049.0613799 15471753.1066129 -5723.34714642899 -1705.45342682964 50 0.847711070388633 -0
155200 14905134.9777864 15385716.5409052 -5753.30303116761 -1736.16728659955 50 0.868567805218587 -0
155250 14616709.9631235 15298120.1971143 -5783.78663505475 -1767.85209134143 50 0.890302591510724 -0
155300 14326747.2920499 15208914.3730651 -5814.81158312169 -1800.55452062223 50 0.912967528731458 -0
155350 14035219.5506521 15118046.9583338 -5846.39179045511 -1834.3242634227 50 0.936618699693019 -0
155400 13742098.6223999 15025463.2778049 -5878.54144296601 -1869.21426075186 50 0.961316542836181 -0
155450 13447355.6752074 14931105.9225222 -5911.27497222728 -1905.28097163559 50 0.987126265564219 -0
155500 13150961.1499238 14834914.5666031 -5944.60702322851 -1942.58466508207 50 1.01411830383068 -0
155550 12852884.7506418 14736825.7688446 -5978.55241367989 -1981.18974095236 50 1.04236883392547 -0
155600 12553095.4372846 14636772.7574955 -6013.12608323859 -2021.16508303465 50 1.07196034326251 -0
155650 12251561.4210242 14534685.1964932 -6048.34303072039 -2062.58444804182 50 1.10298226796763 -0
155700 11948250.163186 14430488.9312658 -6084.21823698792 -2105.52689473158 50 1.13553170622121 -0
155750 11643128.3784239 14324105.7119781 -6120.76657075851 -2150.0772578946 50 1.16971421765394 -0
155800 11336162.0430987 14215452.8918457 -6158.00267403619 -2196.32667257864 50 1.20564472065864 -0
155850 11027316.4099761 14104443.0978568 -6195.94082322108 -2244.37315462625 50 1.24344850130603 -0
155900 10716556.030573 13990983.8709181 -6234.59476116222 -2294.322244413 50 1.28326234968201 -0
155950 10403844.7867443 13874977.2720729 -6273.97749446546 -2346.28772159484 50 1.32523584195447 -0
156000 10089145.9334132 13756319.4510245 -6314.10104920831 -2400.39239972391 50 1.36953278939087 -0
156050 9772422.15472366 13634900.1727251 -6354.97617680189 -2456.76901078691 50 1.41633287896031 -0
156075 9613289.11850163 13573118.6658354 -6375.69850599363 -2485.85372229792 50 1.44073254813865 -0
156100 9453635.63634451 13510602.2971896 -6396.61200001263 -2515.56119102864 50 1.46583353416327 -0
156125 9293456.91861652 13447335.2515513 -6417.71747490191 -2545.91125576337 50 1.49166363306884 -0
156150 9132748.15723972 13383301.2074744 -6439.01558707562 -2576.92458125122 50 1.5182520293613 -0
156175 8971504.5299101 13318483.3161376 -6460.50681501418 -2608.62269988805 50 1.54562937874883 -0
156200 8809721.20479305 13252864.1791075 -6482.19143917847 -2641.02805580953 50 1.57382789652106 -0
156225 8647393.34574515 13186425.8249676 -6504.06951996587 -2674.16405154662 50 1.60288145200288 -0
156250 8484516.11811351 13119149.6847463 -6526.14087351253 -2708.05509740413 50 1.63282566954399 -0
156275 8321084.69516924 13051016.5660763 -6548.40504512536 -2742.72666373302 50 1.66369803654171 -0
156300 8157094.26523718 12982006.6260074 -6570.8612801042 -2778.20533627753 50 1.69553801903523 -0
156325 7992540.03959046 12912099.3423965 -6593.50849168889 -2814.51887478903 50 1.7283871854521 -0
156350 7827417.26118536 12841273.4837886 -6616.34522583748 -2851.69627510962 50 1.76228933913452 -0
156375 7661721.21431965 12769507.0777006 -6639.36962250967 -2889.76783494029 50 1.79729066032299 -0
156400 7495447.23530627 12696777.3772119 -6662.57937309433 -2928.76522352018 50 1.83343985832861 -0
156425 7328590.72426368 12623060.8257621 -6685.97167357986 -2968.72155545561 50 1.87078833468303 -0
156450 7161147.1581347 12548333.0200484 -6709.54317302223 -3009.67146894969 50 1.90939035811674 -0
156475 6993112.10505756 12472568.6709097 -6733.28991681573 -3051.65120869539 50 1.94930325228255 -0
156500 6824481.24022583 12395741.5620768 -6757.20728421637 -3094.69871370661 50 1.99058759721073 -0
156525 6655250.36338841 12317824.5066623 -6781.28991950588 -3138.85371037324 50 2.03330744555731 -0
156550 6485415.41815686 12238789.3012562 -6805.53165611532 -3184.15781103603 50 2.07753055478502 -0
156575 6314972.51330558 12158606.6774842 -6829.92543294978 -3230.65461838672 50 2.12332863649917 -0
156600 6143917.94626994 12077246.2508807 -6854.46320206914 -3278.38983600539 25 2.17077762424629 -0
156625 5972248.22907025 11994676.4669175 -6879.1358267831 -3327.41138535221 25 2.21995796117279 -0
156650 5799960.11691393 11910864.5440247 -6903.93296911023 -3377.76952953179 25 2.27095490903122 -0
156675 5627050.63975622 11825776.4134286 -6928.84296542899 -3429.51700414588 25 2.32385888011402 -0
156700 5453517.13713073 11739376.655627 -6953.85268901343 -3482.70915554136 25 2.37876579378531 -0
156725 5279357.29659557 11651628.433313 -6978.94739799334 -3537.40408674588 25 2.43577745936931 -0
156750 5104569.19617938 11562493.4205508 -7004.11056710868 -3593.66281135893 25 2.49500198723597 -0
156775 4929151.35125495 11471931.7280027 -7029.32370143736 -3651.54941563154 25 2.5565542299965 -0
156800 4753102.76631586 11379901.8239999 -7054.56613006221 -3711.1312289192 25 2.620556255779 -0
156825 4576422.99218558 11286360.4512459 -7079.81477740449 -3772.47900262679 25 2.68713785559075 -0
156850 4399112.18924866 11191262.5389393 -7105.04390968552 -3835.66709767842 25 2.75643708678063 -0
156875 4221171.19736032 11094561.1101048 -7130.22485368059 -3900.77368043229 25 2.82860085458316 -0
156900 4042601.61316636 10996207.1839218 -7155.32568459916 -3967.8809268175 25 2.90378553364027 -1.06835914173899e-308
156925 3863405.87564815 10896149.672852 -7180.31087955708 -4037.07523428671 25 2.98215763124333 -2.16600659901391e-299
156950 3683587.36080175 10794335.274376 -7205.14093269903 -4108.44744094923 25 3.06389449379438 -4.56645297591703e-290
156975 3503150.48646347 10690708.3571713 -7229.77192757751 -4182.09305096145 25 3.14918505762646 -9.9850063264885e-281
157000 3322100.82841067 10585210.8415905 -7254.15506189729 -4258.11246489391 25 3.2382306448168 -2.25942909434837e-271
157025 3140445.24899543 10477782.0743351 -7278.23611918683 -4336.61121335179 25 3.33124580393194 -5.27785568838679e-262
157050 2958192.03971214 10368358.6972717 -7301.95488136126 -4417.70019157936 25 3.42845919471236 -1.26922581818805e-252
157075 2775351.07925863 10256874.5103998 -7325.24447549221 -4501.49589210825 25 3.53011451447308 -3.13280298975482e-243
157100 2591934.00882679 10143260.3290669 -7348.03064740124 -4588.12063168772 25 3.63647146239031 -7.91032853102611e-234
157125 2407954.42655182 10027443.8356298 -7370.23095394811 -4677.70276773189 25 3.74780673576885 -2.03577099822992e-224
157150 2223428.10326261 9909349.42589655 -7391.75386510127 -4770.37689829771 25 3.86441504972521 -5.31837553359935e-215
157175 2038373.22190856 9788898.05085164 -7412.49776606677 -4866.2840381245 25 3.98661016833761 -1.4041346169382e-205
157200 1852810.64329136 9666007.0543728 -7432.34984893356 -4965.57176147094 25 4.11472593103423 -3.72808803732269e-196
157225 1666764.20100402 9540590.00790916 -7451.18488249551 -5068.3943003185 25 4.24911725260893 -9.90066160430464e-187
157250 1480261.02877228 9412556.54340522 -7468.86384817371 -5174.91258390301 25 4.39016106852024 -2.61432724108344e-177
157275 1293331.92370332 9281812.18614506 -7485.23242934396 -5285.29420240879 25 4.53825718874655 -6.81916832318165e-168
157300 1106011.74927021 9148258.1896656 -7500.11934095074 -5399.71327392402 25 4.69382901308729 -1.74442527972671e-158
157325 918339.882190437 9011791.37546406 -7513.3344861659 -5518.35018931067 25 4.85732404800251 -4.34194667548564e-149
157350 730360.707685229 8872303.98092252 -7524.66692716788 -5641.39120438081 25 5.029214149398 -1.04242960818075e-139
157375 542124.167919242 8729683.51971298 -7533.8826580607 -5769.02784257725 25 5.2099953966493 -2.39101296770669e-130
157387.5 447926.660514705 8657161.91502103 -7537.6167278574 -5834.63061289022 25 5.30388170988312 -1.122027311206e-125
157400 353686.368745932 8583812.65991343 -7540.72216982888 -5901.45606403819 25 5.40018748007102 -5.18465625045786e-121
157412.5 259411.378855596 8509620.31474761 -7543.16212565171 -5969.52920125756 25 5.49898115403125 -2.3555329472092e-116
157425 165110.24982581 8434569.1265167 -7544.89779983145 -6038.87514900184 25 5.60033245595592 -1.05060069757468e-111
157437.5 70792.0381812667 8358643.02769592 -7545.88836498716 -6109.5190959306 25 5.70431230099042 -4.59261032768891e-107
157450 -23533.6760030288 8281825.63582095 -7546.09086384737 -6181.48623271751 25 5.8109926909221 -1.96433268993491e-102
157462.5 -117856.761849025 8204100.25389199 -7545.4601080782 -6254.80168198925 25 5.92044658983842 -8.20594411559485e-98
157475 -212166.509139297 8125449.87170671 -7543.94857411373 -6329.49041965455 25 6.03274777741183 -3.34185363328358e-93
157487.5 -306451.59846102 8045857.16823448 -7541.50629621585 -6405.57718682943 25 6.14797067725349 -1.32415856724518e-88
157500 -400700.069997362 7965304.51515464 -7538.08075705701 -6483.0863915087 25 6.26619015755064 -5.09440975639944e-84
157512.5 -494899.290937558 7883773.98169274 -7533.61677619584 -6562.04199907787 25 6.38748130096347 -1.8989524474526e-79
157525 -589035.921482104 7801247.34090007 -7528.05639690288 -6642.46741070316 25 6.51191914050941 -6.84260041191201e-75
157537.5 -683095.879425793 7717706.07753432 -7521.33877189356 -6724.3853285813 25 6.63957835790654 -2.37787602749552e-70
157550 -777064.303309024 7633131.39771237 -7513.40004863928 -6807.81760697682 25 6.77053294058749 -7.9495717179199e-66
157562.5 -870925.514136943 7547504.24051972 -7504.17325505562 -6892.7850879235 25 6.90485579333308 -2.55011453806733e-61
157575 -964662.975676889 7460805.29177561 -7493.58818651196 -6979.30742042038 25 7.04261830021749 -7.82815173453863e-57
157587.5 -1058259.25335738 7373015.00016752 -7481.57129526858 -7067.40286191297 25 7.18388983230856 -2.29302895883148e-52
157600 -1151695.97180687 7284113.59598452 -7468.04558362959 -7157.08806081982 25 7.32873719633638 -6.39028900141298e-48
157612.5 -1244953.77108771 7194081.11269382 -7452.93050230068 -7248.3778188456 25 7.47722401933939 -1.68904973048478e-43
157625 -1338012.26170105 7102897.41162154 -7436.14185566431 -7341.28483181812 25 7.629410064132 -4.22049843325425e-39
157637.5 -1430849.97846078 7010542.21001356 -7417.59171592936 -7435.81940780164 25 7.78535047032267 -9.93592958969319e-35
157650 -1523444.33336143 6916995.11276846 -7397.18834838018 -7531.98916127694 25 7.94509491556557 -2.19600893703758e-30
157662.5 -1615771.5675939 6822235.6481487 -7374.83615024009 -7629.79868224481 25 8.10868669176764 -4.53971732379897e-26
157675 -1707806.70289662 6726243.3077903 -7350.43560597722 -7729.24917920943 25 8.27616169112073 -8.74398497957578e-22
157687.5 -1799523.49246714 6628997.59134317 -7323.88326221444 -7830.33809513809 25 8.44754729710904 -1.56285534575312e-17
157700 -1890894.37170073 6530478.05608482 -7295.0717257577 -7933.05869568038 25 8.62286117608351 -2.58121192805066e-13
157712.5 -1981890.40906876 6430664.37185723 -7263.88968862653 -8037.39962917099 25 8.80210996562984 -3.9220426384584e-09
157725 -2072481.2575009 6329536.38168118 -7230.22198434979 -8143.3444582442 25 8.9852878568195 -5.45748285067772e-05
157737.5 -2162635.10669025 6227074.16840195 -7193.94968016882 -8250.87116325459 25 9.17237506487168 -0.692131908536769
157750 -2252318.63672222 6123258.12780754 -7154.95012869001 -8359.95152308587 12.5 9.36329463214416 -7960.5344457838
157753.125 -2274661.97894159 6097090.32199668 -7144.7587627995 -8387.45968717097 6.25 9.41125450021388 -81140.4485367748
157756.25 -2296973.18567215 6070836.4129425 -7134.38086107857 -8415.05487374371 3.125 9.45601101087491 -821679.59270843
157757.8125 -2308116.54667616 6057677.09517536 -7129.11047120349 -8428.8720559789 3.125 9.47122160172917 -2608313.57495614
157759.375 -2319251.61405572 6044496.19690048 -7123.7582069073 -8442.66986598085 1.5625 9.46690315028659 -8265850.71902134
157760.9375 -2330378.21034073 6031293.80711784 -7118.24607850642 -8456.35575453294 1.5625 9.40271018264614 -26149431.2188497
157761.71875 -2335938.22312894 6024684.6440148 -7115.36671639055 -8463.08130071605 1.5625 9.31804303508725 -46478310.2095276
157762.5 -2341495.93004195 6018070.28609824 -7112.3290991229 -8469.63783132753 1.5625 9.16849338855493 -82569489.3637165
157763.28125 -2347051.16734489 6011450.91332136 -7109.01982936328 -8475.8898246857 0.78125 8.92745502820228 -146602646.179219
157764.0625 -2352603.65181787 6004826.84853676 -7105.23817373471 -8481.59707110482 0.78125 8.60592047488142 -260116182.402909
157764.84375 -2358152.88884423 5998198.66774307 -7100.62916738923 -8486.33425985711 0.78125 8.42840423370204 -461114679.989747
157765.625 -2363698.01028623 5991567.39478985 -7094.56609863228 -8489.34954003823 0.78125 9.37322488132249 -816417993.884329
157766.015625 -2366468.58786478 5988251.12096146 -7090.67132268232 -8489.82960857226 0.78125 10.9352297209373 -1085636664.27173
157766.40625 -2369237.4893022 5984934.84429662 -7085.94523640965 -8489.31714191005 0.78125 13.6752781453092 -1442802564.28315
157766.796875 -2372004.3395038 5981619.01308037 -7080.11740668603 -8487.48683795154 0.78125 17.917755277136 -1916077634.99575
157767.1875 -2374768.64155949 5978304.22217702 -7072.83066145167 -8483.90878523403 0.390625 24.0194909896851 -2542229816.07636
157767.578125 -2377529.73786204 5974991.25993911 -7063.61437824495 -8478.01615542559 0.390625 32.4432558875893 -3368955718.25065
157767.96875 -2380286.75939183 5971681.16943498 -7051.85036839224 -8469.0639058599 0.390625 43.8138213672872 -4457594484.97458
157768.359375 -2383038.55999492 5968375.32785075 -7036.72992766281 -8456.0767408669 0.390625 58.9608662771323 -5886102571.79707
157768.75 -2385783.63195501 5965075.54856924 -7017.20085213663 -8437.78484616127 0.390625 78.9591137554823 -7751952855.12028
157769.140625 -2388519.99881444 5961784.21086184 -6991.90396413347 -8412.54679993332 0.390625 105.166903172509 -10174264714.3388
157769.53125 -2391245.08150793 5958504.42201855 -6959.10035711928 -8378.26106181266 0.390625 139.255518914752 -13293900108.3997
157769.921875 -2393955.53490335 5955240.21552214 -6916.59373368529 -8332.27125446563 0.390625 183.212740105529 -17269425282.0245
157770.3125 -2396647.05452274 5951996.78566299 -6861.65762084013 -8271.27698819415 0.390625 239.293145523336 -22265773803.3178
157770.703125 -2399314.15856998 5948780.75254884 -6790.98562266108 -8191.27212048337 0.390625 309.874745188384 -28431416521.0348
157771.09375 -2401949.95964148 5945600.44029526 -6700.6943832119 -8087.54631782326 0.390625 397.170204373821 -35859570696.362
157771.484375 -2404545.95465964 5942466.13404075 -6586.42211145367 -7954.80184524059 0.390625 502.740911504197 -44530895609.2233
157771.875 -2407091.8804941 5939390.25846408 -6443.57552993503 -7787.44982929617 0.390625 626.790844700433 -54241308263.1019
157772.265625 -2409575.70343053 5936387.39527282 -6267.77505166152 -7580.14685113264 0.390625 767.296644192152 -64530681000.7887
157772.65625 -2411983.82527398 5933474.03913203 -6055.51741085097 -7328.5960752536 0.390625 919.171253778141 -74644661021.4491
157772.8515625 -2413154.93742205 5932056.46434664 -5935.06473731664 -7185.41688671984 0.390625 996.821372555052 -79327073825.4669
157773.046875 -2414301.58403915 5930667.99693485 -5805.00446491437 -7030.55201242275 0.390625 1073.82777881394 -83573824246.7975
157773.2421875 -2415421.90307872 5929310.90273261 -5665.51663953541 -6864.20962677602 0.390625 1148.63846043773 -87243818369.5145
157773.4375 -2416514.08699763 5927987.3835097 -5516.98143432873 -6686.84019464851 0.390625 1219.59892034997 -90205109321.1347
157773.6328125 -2417576.42277509 5926699.52848667 -5359.98708212269 -6499.14641664973 0.390625 1285.02948460005 -92344388414.6407
157773.828125 -2418607.33248426 5925449.26511343 -5195.32734908512 -6302.08053439095 0.390625 1343.31487773114 -93575976610.1082
157774.0234375 -2419605.41225549 5924238.31172391 -5023.98750147532 -6096.82770086776 0.390625 1392.99821417396 -93849167836.6053
157774.21875 -2420569.46736896 5923068.13480912 -4847.11881222369 -5884.77544388907 0.390625 1432.86987588145 -93152885060.8705
157774.4140625 -2421498.54134203 5921939.91350213 -4666.00287104521 -5667.47072468058 0.390625 1462.0414995609 -91516932284.1532
157774.609375 -2422391.93723779 5920854.51343618 -4482.00810487229 -5446.56748240638 0.390625 1479.99670789088 -89009609663.603
157774.8046875 -2423249.22998246 5919812.47146169 -4296.54178475606 -5223.7686159267 0.1953125 1486.61312089794 -85732004065.8974
157775 -2424070.26916983 5918813.99187363 -4111.00123680856 -5000.76689867831 0.1953125 1482.15402949851 -81809751758.4735
157775.1953125 -2424855.17255987 5917858.95391843 -3926.72791899154 -4779.18926559866 0.1953125 1467.23211972137 -77383388140.2882
157775.390625 -2425604.31114963 5916946.92953482 -3744.96750409912 -4560.54828892844 0.390625 1442.75100664934 -72598494001.5334
157775.5859375 -2426318.28722762 5916077.2096345 -3566.83824167588 -4346.20361590369 0.390625 1409.83248125916 -67596722943.2193
157775.78125 -2426997.90716619 5915248.83680778 -3393.30883000721 -4137.33488349712 0.390625 1369.73804365492 -62508507480.9164
157775.9765625 -2427644.15084453 5914460.64216786 -3225.18599353674 -3934.92637120759 0.390625 1323.79260345866 -57447877726.3597
157776.3671875 -2428841.10396297 5912999.28694501 -2907.56435302467 -3552.43317364205 0.390625 1219.57022476437 -47767534973.6584
157776.7578125 -2429919.24888951 5911681.021417 -2617.23710859778 -3202.74042149954 0.390625 1106.77431543654 -39072845488.1736
157776.953125 -2430417.17592593 5911071.44865896 -2482.72379926753 -3040.71596871729 0.390625 1049.64320388258 -35177319358.9585
157777.1484375 -2430889.52514674 5910492.68459137 -2355.30830561475 -2887.24605792393 0.390625 993.060926495513 -31597905505.0862
157777.34375 -2431337.67329719 5909943.06932635 -2234.88048303183 -2742.20376492952 0.390625 937.627343952589 -28332466879.3799
157777.5390625 -2431762.96889728 5909420.97595099 -2121.26418010368 -2605.38165333659 0.390625 883.810723398316 -25371325211.0637
157777.734375 -2432166.72089603 5908924.82438139 -2014.23278674621 -2476.51059166966 0.390625 831.961391449291 -22699502428.7876
157777.9296875 -2432550.19018721 5908453.0917517 -1913.52295265122 -2355.2763750912 0.390625 782.327084785263 -20298594126.6228
157778.125 -2432914.58361472 5908004.31978499 -1818.84635597257 -2241.33400080706 0.390625 735.068648336113 -18148270941.1034
157778.3203125 -2433261.05008701 5907577.11960443 -1729.89954413483 -2134.31961891945 0.390625 690.275134257749 -16227434359.8603
157778.515625 -2433590.67843419 5907170.17442674 -1646.37196391336 -2033.86029669595 0.390625 647.977698329899 -14515070190.4247
157778.7109375 -2433904.49667065 5906782.24054562 -1567.95235490239 -1939.5818040372 0.390625 608.161962340134 -12990849455.4641
157778.90625 -2434203.47236274 5906412.14696823 -1494.33370810718 -1851.11466212386 0.390625 570.778712624059 -11635526278.3517
157779.1015625 -2434488.51384196 5906058.79401944 -1425.21699795123 -1768.09870580738 0.390625 535.752944674526 -10431178140.5489
157779.296875 -2434760.4720436 5905721.15118039 -1360.31388847869 -1690.18640174466 0.390625 502.991353122618 -9361327751.64307
157779.4921875 -2435020.14278896 5905398.25438209 -1299.34859847098 -1617.0451452468 0.390625 472.388417282462 -8410979034.0118
157779.6875 -2435268.26936334 5905089.20293379 -1242.05908968523 -1548.35873429548 0.390625 443.831255559329 -7566593220.52069
157779.8828125 -2435505.54527164 5904793.15622964 -1188.19772033727 -1483.82819267194 0.390625 417.203426201404 -6816025243.8247
157780.078125 -2435732.61707942 5904509.33034606 -1137.53148418798 -1423.17208795683 0.390625 392.387844065826 -6148435649.38948
157780.2734375 -2435950.08726845 5904236.99461623 -1089.84193529929 -1366.12646569878 0.390625 369.268968361802 -5554189218.36705
157780.46875 -2436158.51705366 5903975.46824676 -1044.92488031881 -1312.44449907289 0.390625 347.734398331254 -5024748277.3367
157780.859375 -2436550.31023864 5903482.35018317 -962.659790407306 -1214.26640502193 0.390625 308.990632476793 -4130984762.61034
157781.25 -2436911.76241495 5903025.4053042 -889.367156769326 -1126.98152390822 0.390625 275.354051158269 -3416859461.53839
157781.640625 -2437246.1422003 5902600.66440871 -823.86701414388 -1049.16146195185 0.390625 246.111975272254 -2843387033.25097
157782.03125 -2437556.29051133 5902204.67618905 -765.145718275451 -979.578467588185 0.390625 220.642241532192 -2380400492.82343
157782.421875 -2437844.6811809 5901834.43407536 -712.333895686952 -917.178971887566 0.390625 198.407819385696 -2004551643.50817
157782.8125 -2438113.47328653 5901487.3130361 -664.686171811724 -861.059216238822 0.390625 178.948566771438 -1697738516.55571
157783.203125 -2438364.55598701 5901161.01539238 -621.563121656645 -810.443522054876 0.390625 161.872034185704 -1445886962.93041
157783.59375 -2438599.58676001 5900853.52458121 -582.415527025192 -764.665317187351 0.390625 146.844384287183 -1238015074.38132
157783.984375 -2438820.02392486 5900563.06580951 -546.770830468119 -723.150795787967 0.390625 133.581974368914 -1065518333.04809
157784.375 -2439027.15427076 5900288.07261445 -514.221583187812 -685.404973319077 0.390625 121.843839144401 -921624594.223773
157784.765625 -2439222.11652346 5900027.15844872 -484.415650155035 -650.999855387737 0.390625 111.42513421572 -800978629.478533
157785.15625 -2439405.92129018 5899779.09252112 -457.047934531154 -619.564436244182 0.390625 102.151505282771 -699325038.81959
157785.546875 -2439579.46803206 5899542.77923015 -431.853399223995 -590.776260783593 0.78125 93.8743018319655 -613265692.245641
157785.9375 -2439743.55953125 5899317.24062785 -408.601186661251 -564.35431127235 0.78125 86.4665361365924 -540073625.100187
157786.328125 -2439898.91424688 5899101.60143788 -387.089663311115 -540.053010261269 0.78125 79.8194862648898 -477549742.95787
157786.71875 -2440046.17689129 5898895.0762278 -367.142240247013 -517.657160721145 0.78125 73.839847819398 -423912057.238609
157787.109375 -2440185.92750443 5898696.9583999 -348.603843736366 -496.977671597977 0.78125 68.4473488634099 -377709709.934619
157787.5 -2440318.68925899 5898506.61071956 -331.337929870966 -477.847941026444 0.78125 63.5727533969536 -337755950.741962
157787.890625 -2440444.93519091 5898323.45714562 -315.223954554997 -460.120790225094 0.78125 59.1561894660552 -303075657.478088
157788.28125 -2440565.09401832 5898146.97576568 -300.1552248751 -443.66585878922 0.78125 55.1457478474461 -272864060.310652
157789.0625 -2440788.67321448 5897812.17667616 -272.785285083723 -414.122328441862 0.78125 48.1685403432893 -223290720.977625
157789.84375 -2440992.14619018 5897498.90702947 -248.588469924915 -388.434278836218 0.78125 42.3448593218989 -184922466.092145
157790.625 -2441177.78516094 5897204.40828505 -227.054172069977 -365.975422895508 0.78125 37.4475102543505 -154867627.082315
157791.40625 -2441347.50390594 5896926.36199772 -207.771163211768 -346.240256865536 0.78125 33.3005457646917 -131062763.697539
157792.1875 -2441502.92636117 5896662.80644176 -190.405497790319 -328.817225679896 0.78125 29.7664104983686 -112014669.244133
157792.96875 -2441645.44019904 5896412.07147104 -174.683885016528 -313.368522671977 0.78125 26.7365854031457 -96628531.0149119
157793.75 -2441776.23905867 5896172.7271683 -160.381057060777 -299.614740737316 0.78125 24.1247150284073 -84091733.2885831
157794.53125 -2441896.35611639 5895943.54301722 -147.310084935738 -287.323104555861 0.78125 21.861512276689 -73794153.9732204
157795.3125 -2442006.69098925 5895723.45517574 -135.314888650855 -276.29837057157 0.78125 19.8909470854931 -65272749.7068202
157796.09375 -2442108.0314609 5895511.54003882 -124.264395337155 -266.375732193832 0.78125 18.167370966009 -58172533.2334367
157796.875 -2442201.07115346 5895306.99272314 -114.047945673039 -257.415245266644 0.78125 16.6533297758481 -52218761.2592295
157797.65625 -2442286.42399942 5895109.109433 -104.571653654361 -249.297415688955 1.5625 15.317887003518 -47196885.7500477
157798.4375 -2442364.63616862 5894917.27290868 -95.7555001836143 -241.919682445762 1.5625 14.1353288754911 -42937945.7786232
157799.21875 -2442436.19595615 5894730.94033956 -87.5309957620508 -235.193595702275 1.5625 13.084157276581 -39307815.2060026
157800 -2442501.54202499 5894549.63326111 -79.8392877317152 -229.04253825921 1.5625 12.1463012097092 -36199212.3771944
157800.78125 -2442561.07031176 5894372.92905828 -72.6296171886893 -223.39987460335 1.5625 11.3064953147866 -33525708.4186209
157801.5625 -2442615.1398394 5894200.45377773 -65.8580527889485 -218.207438547937 1.5625 10.5517868790293 -31217195.6809189
157802.34375 -2442664.07762997 5894031.87601224 -59.48644525371 -213.414290541579 1.5625 9.87114222511457 -29216432.7122304
157803.90625 -2442747.7304448 5893705.26951414 -47.8143470768287 -204.852252095078 1.5625 8.69566736629302 -25958196.9322349
157805.46875 -2442814.14858861 5893391.12768166 -37.3941318685129 -197.415836693792 1.5625 7.71956675052885 -23463396.798678
157807.03125 -2442865.15016864 5893087.88084052 -28.0562675631476 -190.872454521775 1.5625 6.89803958340954 -21531409.6325088
157808.59375 -2442902.31839058 5892794.28190452 -19.6677602460887 -185.039641651872 1.5625 6.1977375212482 -20019326.3913611
157810.15625 -2442927.05079448 5892509.33713956 -12.1225927508725 -179.773992761201 1.5625 5.5937716691704 -18823392.8086361
157811.71875 -2442940.5956245 5892232.25188297 -5.33467767192492 -174.962909829275 1.5625 5.0675426781137 -17866995.952907
157813.28125 -2442944.07868495 5891962.38753983 0.76736718709541 -170.518303025225 1.5625 4.60512990556894 -17092739.6908179
157814.84375 -2442938.52313886 5891699.22728292 6.24409291670475 -166.371672232578 1.5625 4.1960763433379 -16457121.7978701
