0 314159000 0 -1169.28789893349 269.751384440745 100 0.00403837820768556 -0
100 314042051.013204 26975.1378658288 -1169.69188713296 269.751367090143 200 0.00404138651498195 -0
300 313808031.767879 80925.3997021282 -1170.50076709844 269.751228052397 400 0.00404741617149409 -0
700 313339507.345257 188825.770103378 -1172.12215341947 269.750530446555 800 0.00405952790557176 -0
1500 312400507.975206 404625.109705526 -1175.37952936696 269.747439463807 1600 0.0040839631056983 -0
3100 310514652.168084 836211.771887164 -1181.95348870947 269.734330340393 1600 0.00413369715490668 -0
4700 308618213.88384 1267769.89030912 -1188.60793925625 269.711702301143 1600 0.00418461556272331 -0
6300 306711062.814767 1699283.95483474 -1195.34479397988 269.679202949286 1600 0.00423675927548843 -0
7900 304793065.54005 2130737.87899733 -1202.16603177884 269.636464130665 1600 0.00429017110570891 -0
9500 302864085.417909 2562114.97410995 -1209.07370047036 269.583101076779 1600 0.00434489583797812 -0
11100 300923982.472827 2993397.92196009 -1216.06991995233 269.518711492196 1600 0.00440098034211467 -0
12700 298972613.27757 3424568.74599685 -1223.1568855458 269.442874582094 1600 0.00445847369409598 -0
14300 297009830.829707 3855608.78091135 -1230.3368715305 269.355150015345 1600 0.00451742730541534 -0
15900 295035484.422315 4286498.64050312 -1237.61223488667 269.255076818142 1600 0.00457789506154946 -0
17500 293049419.508513 4717218.18371719 -1244.98541925773 269.142172192712 1600 0.00463993347028778 -0
19100 291051477.559478 5147746.47872721 -1252.45895914941 269.015930255182 1600 0.00470360182074614 -0
20700 289041495.915537 5578061.7649302 -1260.03548438229 268.875820686113 1600 0.0047689623539661 -0
22300 287019307.629923 6008141.41270768 -1267.71772481615 268.721287286624 1600 0.00483608044608866 -0
23900 284984741.304736 6437961.88079588 -1275.50851536599 268.551746432367 1600 0.00490502480518831 -0
25500 282937620.918638 6867498.67109501 -1283.4108013314 268.366585416869 1600 0.00497586768296069 -0
27100 280877765.645751 7296726.28073326 -1291.42764406291 268.165160674974 1600 0.00504868510257764 -0
28700 278804989.6652 7725618.15118568 -1299.56222699063 267.946795876194 1600 0.00512355710415644 -0
30300 276719101.960706 8154146.61423091 -1307.81786204336 267.7107798768 1600 0.00520056800943933 -0
31900 274619906.109576 8582282.83451017 -1316.19799648839 267.456364518361 1600 0.00527980670744562 -0
33500 272507200.060387 9009996.7484322 -1324.70622022505 267.182762259236 1600 0.0053613669630448 -0
35100 270380775.898616 9437256.99914503 -1333.34627356849 266.889143624102 1600 0.00544534775060709 -0
36700 268240419.599398 9864030.86727063 -1342.12205556299 266.574634455136 1600 0.00553185361512182 -0
38300 266085910.766532 10290284.1970709 -1351.03763286835 266.238312946696 1600 0.00562099506343553 -0
39900 263917022.356772 10715981.3176824 -1360.09724926677 265.879206443484 1600 0.00571288898855744 -0
41500 261733520.388384 11141084.959025 -1369.30533584239 265.496287979999 1600 0.00580765913031096 -0
43100 259535163.632837 11565556.1619495 -1378.66652189071 265.088472536708 1600 0.00590543657598512 -0
44700 257321703.288411 11989354.1821512 -1388.18564662093 264.654612985651 1600 0.00600636030506248 -0
46300 255092882.634406 12412436.3873282 -1397.86777172051 264.193495695175 1600 0.00611057778257859 -0
47900 252848436.664501 12834758.1470112 -1407.71819485849 263.703835760061 1600 0.00621824560621078 -0
49500 250588091.69771 13256272.7144384 -1417.74246421193 263.184271819446 1600 0.00632953021280947 -0
51100 248311564.965206 13676931.0997807 -1427.94639410889 262.633360420608 1600 0.00644460865078572 -0
52700 246018564.17116 14096681.9339553 -1438.33608189134 262.0495698817 1600 0.00656366942556626 -0
54300 243708787.025547 14515471.322184 -1448.91792611248 261.431273600967 1600 0.00668691342623792 -0
55100 242547510.000688 14724487.9027776 -1454.28299360322 261.108649756141 1600 0.00675017054854214 -0
55900 241381920.746622 14933242.6863497 -1459.69864619496 260.776742753776 1600 0.00681455494254815 -0
56700 240211978.439342 15141728.153506 -1465.16577743949 260.435319209146 1600 0.00688009567166417 -0
57500 239037641.53093 15349936.5951928 -1470.68530369573 260.084138310342 1600 0.00694682278259971 -0
58300 237858867.731 15557860.106639 -1476.25816489311 259.722951526426 1600 0.00701476734664106 -0
59100 236675613.987533 15765490.5810596 -1481.88532532667 259.351502301817 1600 0.00708396150300018 -0
59900 235487836.467054 15972819.7031093 -1487.56777448531 258.969525736172 1600 0.00715443850435815 -0
60700 234295490.534129 16179838.9420733 -1493.30652791516 258.576748248941 1600 0.00722623276473302 -0
61500 233098530.73017 16386539.5447834 -1499.1026281194 258.172887227742 1600 0.0072993799098104 -0
62300 231896910.751488 16592912.5282468 -1504.95714549686 257.757650659634 1600 0.00737391682988458 -0
63100 230690583.426594 16798948.6719716 -1510.87117932098 257.330736744333 1600 0.0074498817355683 -0
63900 229479500.692691 17004638.5099761 -1516.84585876146 256.891833488308 1600 0.00752731421644 -0
64700 228263613.571334 17209972.3224652 -1522.88234395077 256.440618278669 1600 0.00760625530280938 -0
65500 227042872.143216 17414940.1271572 -1528.98182709783 255.97675743566 1600 0.00768674753079476 -0
66300 225817225.522048 17619531.6702441 -1535.14553365133 255.499905742499 1600 0.00776883501091948 -0
67100 224586621.827482 17823736.4169657 -1541.37472351557 255.009705951223 1600 0.00785256350044943 -0
67900 223351008.157042 18027543.5417785 -1547.67069232124 254.505788263091 1600 0.00793798047970998 -0
68700 222110330.557017 18230941.9180986 -1554.03477275456 253.987769782027 1600 0.00802513523263765 -0
69500 220864533.992261 18433920.1075956 -1560.46833594769 253.455253939452 1600 0.00811407893184113 -0
70300 219613562.314865 18636466.3490143 -1566.97279293383 252.907829888737 1600 0.00820486472846603 -0
71100 218357358.231624 18838568.5464995 -1573.54959617082 252.345071867419 1600 0.00829754784718048 -0
71900 217095863.27027 19040214.257397 -1580.20024113675 251.766538525152 1600 0.00839218568662191 -0
72700 215829017.744388 19241390.6795022 -1586.92626800201 251.171772215222 1600 0.00848883792567209 -0
73500 214556760.716968 19442084.6377269 -1593.72926338193 250.560298247336 1600 0.00858756663595492 -0
74300 213279029.962522 19642282.5701518 -1600.61086217472 249.931624099174 1600 0.00868843640098291 -0
75100 211995761.92769 19841970.5134309 -1607.57274948973 249.285238584039 1600 0.00879151444241097 -0
75900 210706891.690268 20041134.0875118 -1614.61666267129 248.620610971753 1600 0.00889687075389301 -0
76700 209412352.916578 20239758.4796328 -1621.74439342386 247.937190059678 1600 0.0090045782430759 -0
77500 208112077.817094 20437828.4275552 -1628.95779004446 247.234403190583 1600 0.00911471288230893 -0
78300 206805997.100237 20635328.2019887 -1636.25875976897 246.511655213743 1600 0.00922735386869362 -0
79100 205494039.924246 20832241.5881604 -1643.64927123925 245.768327385445 1600 0.00934258379415038 -0
79900 204176133.847023 21028551.8664795 -1651.13135709846 245.003776204735 800 0.00946048882623447 -0
80700 202852204.77385 21224241.7922427 -1658.70711672259 244.217332179926 800 0.00958115890049526 -0
81500 201522176.90286 21419293.574324 -1666.37871909683 243.408298521027 800 0.00970468792524026 -0
82300 200185972.66815 21613688.8527862 -1674.14840584591 242.575949752866 800 0.00983117399963858 -0
83100 198843512.680404 21807408.6753506 -1682.01849442827 241.719530243247 800 0.00996071964617991 -0
83900 197494715.664885 22000433.4726519 -1689.99138150475 240.838252640024 800 0.0100934320585935 -0
84700 196139498.396672 22192743.0322051 -1698.06954649316 239.931296210465 800 0.0102294233664291 -0
85500 194777775.63296 22384316.4710017 -1706.25555532108 238.997805075716 800 0.0103688109176098 -0
86300 193409460.042287 22575132.2066497 -1714.55206439008 238.036886332568 800 0.010511717580383 -0
87100 192034462.130488 22765167.9269627 -1722.96182476566 237.047608054076 800 0.0106582720662289 -0
87900 190652690.163213 22954400.5578975 -1731.48768660835 236.028997159815 800 0.0108086092754255 -0
88700 189264050.084792 23142806.2297338 -1740.13260386257 234.980037145784 800 0.0109628706671318 -0
89500 187868445.43324 23330360.2413765 -1748.89963922125 233.899665663063 800 0.0111212046560227 -0
90300 186465777.251176 23517037.0226578 -1757.79196938562 232.786771933365 800 0.0112837670377049 -0
91100 185055943.992405 23702810.0945015 -1766.81289064132 231.640193988528 800 0.0114507214453575 -0
91900 183638841.423913 23887652.026804 -1775.96582477346 230.458715719845 800 0.0116222398402794 -0
92700 182214362.522974 24071534.3938734 -1785.25432534556 229.241063721779 800 0.0117985030392899 -0
93500 180782397.369094 24254427.7272567 -1794.68208436905 227.985903913199 800 0.0119797012822231 -0
94300 179342833.03044 24436301.4657671 -1804.25293939256 226.691837917637 800 0.0121660348430844 -0
95100 177895553.444429 24617123.9025144 -1813.97088104271 225.357399182331 800 0.0123577146888025 -0
95900 176440439.292084 24796862.1287171 -1823.84006105083 223.981048813814 800 0.0125549631899164 -0
96700 174977367.865772 24975481.9740631 -1833.86480080325 222.561171105643 800 0.0127580148879935 -0
97500 173506212.92987 25152947.9433591 -1844.04960045617 221.096068731433 800 0.0129671173250813 -0
98300 172026844.573901 25329223.149192 -1854.39914865979 219.583957573648 800 0.0131825319410688 -0
99100 170539129.057634 25504269.240296 -1864.91833294061 218.022961155577 800 0.0134045350454698 -0
99900 169042928.647591 25678046.3252953 -1875.61225079543 216.411104640576 800 0.0136334188708614 -0
100700 167538101.444382 25850512.8914598 -1886.48622155558 214.746308358873 800 0.0138694927160177 -0
101500 166024501.200216 26021625.7180786 -1897.54579908564 213.026380818029 800 0.0141130841876913 -0
102300 164501977.125892 26191339.7840197 -1908.79678538702 211.249011148412 800 0.0143645405510205 -0
103100 162970373.686525 26359608.1690017 -1920.24524518416 209.41176092976 800 0.0146242301997056 -0
103900 161429530.385185 26526381.9480601 -1931.89752157816 207.51205533892 800 0.0148925442584083 -0
104700 159879281.533541 26691610.0786379 -1943.76025286216 205.547173552151 800 0.0151698983313248 -0
105500 158319456.008571 26855239.2796753 -1955.84039060176 203.514238327796 800 0.0154567344125714 -0
106300 156749876.994255 27017213.9020109 -1968.145219095 201.410204686583 800 0.0157535229759548 -0
107100 155170361.707103 27177475.7893351 -1980.68237633841 199.23184759712 800 0.0160607652638916 -0
107900 153580721.10427 27335964.1288606 -1993.45987663924 196.975748563177 800 0.0163789957977546 -0
108700 151980759.572867 27492615.2907847 -2006.48613502932 194.638280996891 800 0.0167087851347911 -0
109500 150370274.598964 27647362.6555217 -2019.76999365313 192.215594247836 800 0.0170507429000527 -0
110300 148749056.414628 27800136.4275735 -2033.32075032211 189.703596141759 800 0.017405521125556 -0
111100 147116887.621182 27950863.4347796 -2047.14818944918 187.097933864294 800 0.0177738179332445 -0
111900 145473542.786689 28099466.9115521 -2061.26261560212 184.393973003884 800 0.0181563816033447 -0
112700 143818788.015448 28245866.2645389 -2075.67488994261 181.586774543902 800 0.018554015075512 -0
113100 142987056.384044 28318213.1005299 -2082.9962761695 180.142828307188 800 0.0187587500685315 -0
113500 142152380.48704 28389976.8189561 -2090.39646984797 178.671069566951 800 0.0189675809369051 -0
113900 141314728.496379 28461146.1526618 -2097.87700338636 177.170783592267 800 0.0191806257321247 -0
114300 140474067.962515 28531709.5437815 -2105.43945205926 175.641231397455 800 0.0193980069590394 -0
114700 139630365.796961 28601655.1338332 -2113.08543557512 174.081648709701 800 0.0196198517839952 -0
115100 138783588.254189 28670970.7533885 -2120.81661971482 172.491244883581 800 0.0198462922546057 -0
115500 137933700.912856 28739643.9112967 -2128.63471804494 170.869201759287 800 0.020077465531911 -0
115900 137080668.656342 28807661.7834415 -2136.54149371 169.214672461108 800 0.0203135141357389 -0
116300 136224455.65254 28875011.2010031 -2144.53876130776 167.526780132499 800 0.0205545862041447 -0
116700 135365025.332888 28941678.638202 -2152.6283888524 165.804616603794 800 0.0208008357678713 -0
117100 134502340.370595 29007650.1994958 -2160.81229983037 164.047240988348 800 0.0210524230408433 -0
117500 133636362.658023 29072911.6061983 -2169.09247535413 162.253678202584 800 0.0213095147277885 -0
117900 132767053.283189 29137448.182492 -2177.47095641948 160.422917405084 800 0.0215722843501644 -0
118300 131894372.505343 29201244.8407982 -2185.94984627221 158.553910349526 800 0.02184091259166 -0
118700 131018279.729575 29264286.0664704 -2194.53131289065 156.645569645862 800 0.0221155876646443 -0
119100 130138733.480404 29326555.901773 -2203.21759159067 154.696766923716 800 0.0223965056990447 -0
119500 129255691.374304 29388037.9291046 -2212.01098776043 152.70633089154 800 0.0226838711552547 -0
119900 128369110.091101 29448715.2534227 -2220.91387973275 150.673045284561 800 0.0229778972628049 -0
120300 127478945.344198 29508570.4838246 -2229.92872180301 148.595646694 800 0.0232788064866733 -0
120700 126585151.849562 29567585.7142345 -2239.05804740183 146.472822269504 800 0.0235868310232666 -0
121100 125687683.293409 29625742.5031451 -2248.3044724316 144.30320728604 800 0.0239022133282752 -0
121500 124786492.298516 29683021.8523569 -2257.67069877731 142.08538256586 800 0.0242252066787945 -0
121900 123881530.389095 29739404.1846559 -2267.15951800228 139.817871745343 800 0.0245560757723072 -0
122300 122972747.954156 29794869.3203654 -2276.77381524064 137.499138375748 800 0.0248950973653494 -0
122700 122060094.209257 29849396.4527021 -2286.51657329889 135.127582845957 800 0.025242560954929 -0
123100 121143517.156584 29902964.1218645 -2296.39087698013 132.701539114358 800 0.0255987695060388 -0
123500 120222963.543247 29955550.1877733 -2306.39991764524 130.219271235893 800 0.025964040228903 -0
123900 119298378.817701 30007131.8013785 -2316.54699802664 127.678969669166 800 0.0263387054099308 -0
124300 118369707.084192 30057685.3744439 -2326.83553731128 125.078747347164 400 0.0267231133007061 -0
124700 117436891.055109 30107186.5477082 -2337.26907651085 122.41663549379 400 0.0271176290697526 -0
125100 116499872.001133 30155610.15732 -2347.85128413862 119.690579166783 400 0.0275226358222476 -0
125500 115558589.699041 30202930.1994309 -2358.58596221383 116.898432505959 400 0.0279385356933543 -0
125900 114612982.37705 30249119.7928255 -2369.47705261617 114.037953663776 400 0.0283657510213804 -0
126300 113662986.65754 30294151.1394559 -2380.52864381481 111.106799393182 400 0.0288047256075719 -0
126700 112708537.497 30337995.4827382 -2391.74497799824 108.102519265419 400 0.0292559260700199 -0
127100 111749568.12305 30380623.0634572 -2403.1304586336 105.022549487936 400 0.0297198432998943 -0
127500 110786009.968338 30422003.0731134 -2414.68965848624 101.864206289774 400 0.0301969940290447 -0
127900 109817792.601137 30462103.6045306 -2426.4273281331 98.6246788387183 400 0.030687922518922 -0
128300 108844843.652427 30500891.5995315 -2438.3484050063 95.3010216511082 400 0.031193202381798 -0
128700 107867088.739254 30538332.793468 -2450.45802300609 91.8901464513918 400 0.0317134385463973 -0
129100 106884451.384115 30574391.6563776 -2462.76152272645 88.3888134343526 400 0.0322492693813316 -0
129500 105896852.930128 30609031.3305165 -2475.26446233955 84.7936218782467 400 0.0328013689911494 -0
129900 104904212.451708 30642213.5639995 -2487.97262919005 81.1010000519153 400 0.0333704497014125 -0
130300 103906446.660451 30673898.6402499 -2500.89205215449 77.3071943531568 400 0.0339572647510009 -0
130700 102903469.805912 30704045.3029412 -2514.02901482602 73.4082576091941 400 0.0345626112118606 -0
131100 101895193.570934 30732610.676077 -2527.39006959038 69.4000364628736 400 0.0351873331586743 -0
131500 100881526.96116 30759550.1788305 -2540.98205266514 65.2781577601746 400 0.0358323251134852 -0
131900 99862376.1883169 30784817.434722 -2554.81210018076 61.0380138455867 400 0.0364985357931871 -0
132300 98837644.5468474 30808364.1746805 -2568.88766538996 56.6747466617856 400 0.0371869721910465 -0
132700 97807232.2834189 30830140.1334866 -2583.21653709971 52.1832305386685 400 0.03789870402711 -0
133100 96771036.4587953 30850092.9390471 -2597.80685942976 47.5580535440092 400 0.0386348686065285 -0
133500 95728950.801522 30868167.9939001 -2612.66715301158 42.7934972535741 400 0.0393966761295792 -0
133900 94680865.552823 30884308.3482849 -2627.80633775333 37.8835147822603 400 0.0401854155025648 -0
134300 93626667.3020554 30898454.5640476 -2643.23375730877 32.8217068994108 400 0.0410024607049304 -0
134700 92566238.8120109 30910544.5685776 -2658.95920540261 27.6012960306224 400 0.0418492777749671 -0
135100 91499458.8332877 30920513.4978848 -2674.99295418032 22.2150979247081 400 0.0427274324845176 -0
135500 90426201.9068874 30928293.5278368 -2691.34578476834 16.6554907376076 400 0.0436385987823193 -0
135900 89346338.1541112 30933813.692466 -2708.0290202504 10.9143812544356 400 0.0445845680962118 -0
136300 88259733.0527454 30936999.6881424 -2725.05456128789 4.98316793595047 400 0.0455672595966245 -0
136700 87166247.1984278 30937773.6622713 -2742.43492463738 -1.14729956416712 400 0.0465887315378187 -0
137100 86065736.0499814 30936053.9850262 -2760.18328484623 -7.4867648105318 400 0.0476511938096053 -0
137500 84958049.6573828 30931755.0024573 -2778.31351943936 -14.0456133775081 400 0.0487570218510804 -0
137900 83843032.3709002 30924786.7691235 -2796.84025794552 -20.8349265329468 400 0.0499087720997732 -0
138300 82720522.5297882 30915054.7581761 -2815.77893515231 -27.8665403957519 400 0.0511091991750309 -0
138700 81590352.1287648 30902459.5465764 -2835.1458490245 -35.1531112291163 400 0.0523612750241299 -0
139100 80452346.4603063 30886896.4728446 -2854.95822377239 -42.7081876242251 400 0.0536682102943032 -0
139300 79880348.8780832 30877967.7575302 -2865.03711160486 -46.5909128341981 400 0.0543433246338142 -0
139500 79306323.7305436 30868255.2643747 -2875.23427861208 -50.5462904342911 400 0.055033478234637 -0
139700 78730247.1185111 30857744.2659229 -2885.55216998109 -54.5763019931745 400 0.0557391506772999 -0
139900 78152094.6466212 30846419.6312214 -2895.99330284765 -58.6830014609938 400 0.0564608414791422 -0
140100 77571841.4086602 30834265.8110129 -2906.56026903653 -62.8685185000502 400 0.0571990711182113 -0
140300 76989461.9723428 30821266.8222448 -2917.25573792945 -67.1350620009128 400 0.0579543821198871 -0
140500 76404930.3635024 30807406.231856 -2928.08245946791 -71.4849237961066 400 0.0587273402107047 -0
140700 75818220.0496673 30792667.1397993 -2939.0432672982 -75.9204825844334 400 0.0595185355442123 -0
140900 75229303.9229929 30777032.1612574 -2950.14108206663 -80.4442080799802 400 0.0603285840040996 -0
141100 74638154.2825187 30760483.4080051 -2961.37891487339 -85.0586654009488 400 0.0611581285902642 -0
141300 74044742.8157185 30743002.4688682 -2972.75987089407 -89.7665197146134 400 0.0620078408939619 -0
141500 73449040.5793084 30724570.3892266 -2984.28715317832 -94.5705411559935 400 0.0628784226687051 -0
141700 72851017.9792767 30705167.6495047 -2995.96406663595 -99.4736100392182 400 0.0637706075041424 -0
141900 72250644.7500966 30684774.1425885 -3007.79402222134 -104.478722382076 400 0.064685162610782 -0
142100 71647889.9330818 30663369.1501047 -3019.78054132756 -109.588995765897 400 0.0656228907241004 -0
142300 71042721.8538404 30640931.3174923 -3031.9272604029 -114.807675554719 400 0.0665846321373363 -0
142500 70435108.0987833 30617438.6277922 -3044.23793580263 -120.138141499664 400 0.0675712668730947 -0
142700 69825015.4906366 30592868.3740749 -3056.71644889035 -125.583914756598 400 0.0685837170047984 -0
142900 69212410.0629081 30567197.1304218 -3069.36681140379 -131.148665347522 400 0.0696229491400254 -0
143100 68597257.0332524 30540400.7213656 -3082.19317110123 -136.836220098714 400 0.0706899770788798 -0
143300 67979520.7756777 30512454.1896936 -3095.19981770569 -142.65057109147 400 0.0717858646617603 -0
143500 67359164.791532 30483331.7625061 -3108.39118916518 -148.595884664429 400 0.0729117288222433 -0
143700 66736151.6792046 30453006.8154152 -3121.77187824875 -154.676511009839 400 0.0740687428622836 -0
143900 66110443.1024727 30421451.8347621 -3135.34663949939 -160.896994409919 400 0.0752581399685904 -0
144100 65481999.7574195 30388638.3777177 -3149.1203965661 -167.262084163565 400 0.0764812169908628 -0
144300 64850781.3378467 30354537.0301254 -3163.09824993949 -173.776746258235 200 0.0777393385045984 -0
144500 64216746.4990973 30319117.3619298 -3177.28548511658 -180.446175846834 200 0.0790339411834424 -0
144700 63579852.8201994 30282347.8800234 -3191.68758122253 -187.275810594991 200 0.0803665385085488 -0
144900 62940056.7642388 30244195.978332 -3206.31022011902 -194.271344970214 200 0.0817387258452173 -0
145100 62297313.6368572 30204627.8849407 -3221.15929603112 -201.43874555122 200 0.0831521859201729 -0
145300 61651577.5427717 30163608.6060497 -3236.24092572678 -208.784267443189 200 0.0846086947363288 -0
145500 61002801.3401991 30121101.8665279 -3251.56145928569 -216.314471893061 200 0.0861101279657448 -0
145700 60350936.593065 30077070.0468158 -3267.1274914968 -224.036245208207 200 0.0876584678658283 -0
145900 59695933.520866 30031474.1159039 -3282.94587392686 -231.956819092043 200 0.0892558107686841 -0
146100 59037740.9460488 29984273.560093 -3299.02372770535 -240.083792521635 200 0.0909043751989583 -0
146300 58376306.238755 29935426.3072128 -3315.36845707457 -248.425155305013 200 0.0926065106816464 -0
146500 57711575.2587766 29884888.6459486 -3331.98776375731 -256.989313470132 200 0.0943647073082055 -0
146700 57043492.2945503 29832615.1398935 -3348.88966219845 -265.785116653262 200 0.0961816061370662 -0
146900 56371999.9990118 29778558.5359072 -3366.08249574086 -274.821887672347 200 0.0980600105133724 -0
147100 55697039.3221157 29722669.6663251 -3383.57495380075 -284.109454490691 200 0.10000289840265 -0
147300 55018549.4398152 29664897.3445167 -3401.37609011208 -293.658184798648 200 0.102013435844274 -0
147500 54336467.6792789 29605188.2532452 -3419.49534211522 -303.479023465984 200 0.104094991643253 -0
147700 53650729.4401098 29543486.8252261 -3437.94255157002 -313.583533145731 200 0.106251153433215 -0
147900 52961268.1113113 29479735.115224 -3456.72798647993 -323.983938342061 200 0.108485745259796 -0
148100 52268014.98373 29413872.6629617 -3475.86236441945 -334.693173290445 200 0.11080284685222 -0
148300 51570899.1576843 29345836.3460386 -3495.35687736418 -345.724934038804 200 0.113206814772065 -0
148500 50869847.4454684 29275560.2219783 -3515.22321812949 -357.093735164076 200 0.115702305652437 -0
148700 50164784.2683974 29202975.3584282 -3535.47360853126 -368.814971610465 200 0.118294301768469 -0
148900 49455631.5480392 29128009.6504351 -3556.12082938931 -380.904986194532 200 0.120988139211922 -0
149100 48742308.5912496 29050587.6236023 -3577.17825250266 -393.381143389221 200 0.123789538979144 -0
149300 48024731.968605 28970630.221806 -3598.6598747328 -406.261910075255 200 0.126704641323738 -0
149500 47302815.3857946 28888054.5779996 -3620.58035433996 -419.566944035402 200 0.129740043773806 -0
149700 46576469.5475083 28802773.766474 -3642.95504972456 -433.317191066776 200 0.132902843269727 -0
149900 45845602.0133217 28714696.5347518 -3665.80006073399 -447.534991700456 200 0.136200682943382 -0
150100 45110117.0450502 28623727.0130846 -3689.13227270115 -462.244198648768 200 0.139641804135196 -0
150300 44369915.4450073 28529764.3992835 -3712.96940338739 -477.470306251342 200 0.143235104333072 -0
150500 43624894.3845692 28432702.6163419 -3737.33005300612 -493.240593364849 200 0.146990201819684 -0
150700 42874947.2224123 28332429.9400007 -3762.23375750544 -509.584281342069 200 0.150917507934146 -0
150900 42119963.3117529 28228828.593054 -3787.70104528646 -526.532708978364 200 0.155028307994304 -0
151100 41359827.7958855 28121774.3027924 -3813.75349752795 -544.119526573296 200 0.159334852090459 -0
151200 40977791.0889995 28066911.5744851 -3827.00620799854 -553.163531952058 200 0.16156564497239 -0
151300 40594421.3912463 28011135.8174656 -3840.4138122707 -562.380911560237 200 0.163850457155675 -0
151400 40209703.0627444 27954429.4480324 -3853.97933326559 -571.776621815792 200 0.166191138808985 -0
151500 39823620.1574134 27896774.3774437 -3867.70587242657 -581.355808572125 200 0.168589621944341 -0
151600 39436156.4150051 27838151.9925248 -3881.59661206459 -591.123816187565 200 0.171047924853254 -0
151700 39047295.2528965 27778543.1353427 -3895.65481776761 -601.086197116462 200 0.173568156827493 -0
151800 38657019.7576392 27717928.0818936 -3909.88384087393 -611.248722056907 200 0.176152523185547 -0
151900 38265312.6762581 27656286.5197468 -3924.28712100889 -621.617390692754 200 0.178803330627669 -0
152000 37872156.4072932 27593597.5245826 -3938.86818868412 -632.19844307055 200 0.181522992944284 -0
152100 37477532.9915782 27529839.5355592 -3953.63066795808 -642.998371655113 200 0.184314037104686 -0
152200 37081424.1027509 27464990.3294379 -3968.57827915591 -654.023934110966 200 0.18717910975528 -0
152300 36683811.0374874 27399026.9933922 -3983.71484164614 -665.282166860579 200 0.190120984159139 -0
152400 36284674.7054573 27331925.8964193 -3999.04427667111 -676.780399474417 200 0.193142567611486 -0
152500 35883995.6189923 27263662.6592692 -4014.57061022696 -688.526269952271 200 0.196246909368757 -0
152600 35481753.8824653 27194212.1227981 -4030.2979759881 -700.527740960173 200 0.199437209132262 -0
152700 35077929.1813744 27123548.3146474 -4046.23061827019 -712.793117092485 200 0.202716826131217 -0
152800 34672500.7711295 27051644.4141424 -4062.37289502398 -725.331063234519 200 0.206089288853953 -0
152900 34265447.465538 26978472.7152962 -4078.72928085109 -738.150624107363 200 0.209558305480657 -0
153000 33856747.6249885 26904004.587796 -4095.30437003127 -751.261245083487 200 0.213127775075931 -0
153100 33446379.1443317 26828210.4358411 -4112.10287954809 -764.672794369216 200 0.216801799604958 -0
153200 33034319.4404592 26751059.6546892 -4129.12965209862 -778.395586658493 200 0.220584696843101 -0
153300 32620545.4395829 26672520.5847596 -4146.38965906909 -792.440408371333 200 0.224481014255477 -0
153400 32205033.5642197 26592560.4631279 -4163.88800345634 -806.818544600379 200 0.228495543930428 -0
153500 31787759.7198875 26511145.3722356 -4181.62992271085 -821.541807899829 200 0.232633338659039 -0
153600 31368699.2815219 26428240.1856215 -4199.62079147336 -836.62256906302 100 0.236899729261951 -0
153700 30947827.0796258 26343808.5104711 -4217.86612417259 -852.073790048099 100 0.241300343274803 -0
153800 30525117.3861685 26257812.6267571 -4236.37157744614 -867.909059225739 100 0.245841125114861 -0
153900 30100543.9002519 26170213.4227323 -4255.14295234071 -884.142629138773 100 0.250528357863866 -0
154000 29674079.7335715 26080970.3265117 -4274.18619624063 -900.789456981247 100 0.255368686816017 -0
154100 29245697.3956993 25990041.2334621 -4293.50740446601 -917.865248023745 100 0.260369144955456 -0
154200 28815368.7792264 25897382.4290908 -4313.11282147209 -935.386502233258 100 0.265537180544882 -0
154300 28383065.1448097 25802948.507102 -4333.00884157104 -953.370564359491 100 0.27088068702617 -0
154400 27948757.1061728 25706692.2822583 -4353.20200908508 -971.835677785619 100 0.276408035455357 -0
154500 27512414.6151251 25608564.6976562 -4373.69901782547 -990.801042470388 100 0.282128109718458 -0
154600 27074006.9466718 25508514.7259875 -4394.50670977561 -1010.28687734044 100 0.288050344801452 -0
154700 26633502.6843007 25406489.2643224 -4415.63207283747 -1030.31448752713 100 0.294184768418008 -0
154800 26190869.705548 25302433.02191 -4437.08223747864 -1050.90633688135 100 0.30054204633235 -0
154900 25746075.1679624 25196288.4004418 -4458.86447209189 -1072.08612624353 100 0.307133531752707 -0
155000 25299085.4956063 25087995.366181 -4480.98617684954 -1093.87887799396 100 0.313971319213484 -0
155100 24849866.366257 24977491.3132971 -4503.45487580099 -1116.31102746281 100 0.32106830341244 -0
155200 24398382.6994981 24864710.917691 -4526.27820692184 -1139.41052183811 100 0.328438243523239 -0
155300 23944598.6459228 24749585.9805249 -4549.46390977695 -1163.20692727699 100 0.336095833564828 -0
155400 23488477.577705 24632045.2605996 -4573.01981040621 -1187.73154499848 100 0.344056779477956 -0
155500 23029982.0808407 24512014.2946369 -4596.95380297908 -1213.01753721878 100 0.35233788363691 -0
155600 22569073.9494062 24389415.2044377 -4621.27382769089 -1239.1000638808 100 0.360957137612488 -0
155700 22105714.18224 24264166.4897841 -4645.98784428884 -1266.01643123149 100 0.369933824101642 -0
155800 21639862.98252 24136182.8058426 -4671.10380051585 -1293.80625341381 100 0.37928862905183 -0
155900 21171479.760784 24005374.723705 -4696.62959464353 -1322.51162836573 100 0.38904376513565 -0
156000 20700523.1420322 23871648.4725641 -4722.57303112877 -1352.17732945931 100 0.399223107875901 -0
156100 20226950.9776544 23734905.6618737 -4748.94176826782 -1382.85101446853 100 0.409852345885201 -0
156200 19750720.3630456 23595042.9816721 -4775.74325653249 -1414.58345362817 100 0.42095914687038 -0
156300 19271787.6619163 23451951.879065 -4802.98466605085 -1447.42877873867 100 0.432573341263019 -0
156400 18790108.5384728 23305518.2086561 -4830.67280143232 -1481.44475548571 100 0.444727125577283 -0
156500 18305637.9988323 23155621.8544857 -4858.81400182724 -1516.69308138019 100 0.457455287868316 -0
156600 17818330.4432736 23002136.3207843 -4887.41402374479 -1553.23971198581 100 0.470795457973287 -0
156700 17328139.7311864 22844928.2885675 -4916.47790371904 -1591.15521839045 100 0.484788385567427 -0
156800 16835019.2609017 22683857.1347862 -4946.00979739832 -1630.51517919407 100 0.499478249464266 -0
156850 16587345.7008727 22601826.8178323 -4960.95226139548 -1650.7619225445 100 0.507099360032424 -0
156900 16338922.0669531 22518774.410338 -4976.01279102014 -1671.40061061078 100 0.514913002040438 -0
156950 16089742.450916 22434680.0403514 -4991.19156873322 -1692.44229751906 100 0.522925822127528 -0
157000 15839800.937787 22349523.2732508 -5006.4886805172 -1713.89843878728 100 0.531144753160648 -0
157050 15589091.6108922 22263283.091243 -5021.90410679667 -1735.78090870108 100 0.539577028747782 -0
157100 15337608.5573788 22175937.871974 -5037.43771260577 -1758.10201853146 100 0.548230198579133 -0
157150 15085345.8742468 22087465.3662053 -5053.08923693847 -1780.87453563629 100 0.557112144646911 -0
157200 14832297.6749361 21997842.6745131 -5068.8582812122 -1804.11170348986 100 0.566231098397521 -0
157250 14578458.0965134 21907046.2229617 -5084.74429676856 -1827.82726268639 100 0.57559565887326 -0
157300 14323821.3075102 21815051.7377007 -5100.7465713287 -1852.03547296519 100 0.585214811904008 -0
157350 14068381.5164657 21721834.2184354 -5116.86421431262 -1876.75113630733 100 0.595097950413043 -0
157400 13812132.9812344 21627367.9107139 -5133.0961409242 -1901.98962115511 100 0.605254895904828 -0
157450 13555070.0191227 21531626.276974 -5149.44105489424 -1927.7668878076 100 0.615695921206545 -0
157500 13297187.017924 21434581.96629 -5165.89742976417 -1954.0995150471 100 0.62643177453915 -0
157550 13038478.4479288 21336206.7827565 -5182.46348858211 -1981.00472805286 100 0.63747370499793 -0
157600 12778938.8749929 21236471.6524422 -5199.13718187144 -2008.50042765965 100 0.648833489526792 -0
157650 12518562.9747529 21135346.588847 -5215.91616371858 -2036.60522102009 100 0.660523461474843 -0
157700 12257345.5480883 21032800.6567892 -5232.79776581286 -2065.33845372998 100 0.672556540828222 -0
157750 11995281.5379366 20928801.9346483 -5249.77896925546 -2094.72024347673 100 0.684946266214523 -0
157800 11732366.0475777 20823317.4748866 -5266.8563739375 -2124.77151527049 100 0.697706828781423 -0
157850 11468594.3605141 20716313.2627682 -5284.02616526837 -2155.51403831709 100 0.710853108055326 -0
157900 11203961.9620872 20607754.1731919 -5301.28407801504 -2186.97046459042 100 0.724400709889764 -0
157950 10938464.5629781 20497603.9255523 -5318.62535699026 -2219.16436915949 100 0.738366006616844 -0
158000 10672098.1247592 20385825.0365392 -5336.04471430313 -2252.12029232209 100 0.75276617951816 -0
158050 10404858.8876754 20272378.7707843 -5353.53628285815 -2285.86378359237 50 0.767619263734016 -0
158100 10136743.4008517 20157225.0892612 -5371.0935657594 -2320.42144758324 50 0.782944195731329 -0
158150 9867748.55514022 20040322.5953436 -5388.70938124372 -2355.82099181664 50 0.798760863451067 -0
158200 9597871.61884115 19921628.4784235 -5406.37580273169 -2392.09127648454 50 0.815090159255045 -0
158250 9327110.27655231 19801098.4549933 -5424.08409354566 -2429.26236617042 50 0.831954035789103 -0
158300 9055462.67142645 19678686.7070921 -5441.82463580225 -2467.36558352553 50 0.849375564874669 -0
158350 8782927.45114063 19554345.8180205 -5459.58685293989 -2506.43356487429 50 0.867378999532828 -0
158400 8509503.8179105 19428026.7052271 -5477.35912529172 -2546.50031769975 50 0.885989839233782 -0
158450 8235191.5829132 19299678.5502757 -5495.12869805895 -2587.60127993091 50 0.905234898449137 -0
158500 7959991.22551599 19169248.7258057 -5512.88158098017 -2629.77338091915 50 0.925142378563843 -0
158550 7683903.95774509 19036682.719404 -5530.60243892703 -2673.05510394921 50 0.945741943177866 -0
158600 7406931.79446872 18901924.0543174 -5548.27447258662 -2717.48655008023 50 0.967064796793393 -0
158650 7129077.6298129 18764914.2069447 -5565.87928831537 -2763.10950305298 50 0.989143766840014 -0
158700 6850345.32037582 18625592.5210643 -5583.39675616723 -2809.96749492883 50 1.01201338893615 -0
158750 6570739.7758588 18483896.1187698 -5600.80485501252 -2858.10587204224 50 1.03570999521775 -0
158800 6290267.05778839 18339759.8081097 -5618.07950356989 -2907.5718607498 50 1.06027180548234 -0
158850 6008934.48706546 18193115.9874596 -5635.19437607588 -2958.41463234215 50 1.08573902079529 -0
158900 5726750.76114328 18043894.5466836 -5652.12070121249 -3010.68536634811 50 1.11215391908112 -0
158950 5443726.08170864 17892022.7651908 -5668.82704280457 -3064.4373112992 50 1.13956095207324 -0
159000 5159872.29381691 17737425.2070398 -5685.27906068741 -3119.72584183415 50 1.16800684281381 -0
159050 4875203.03751495 17580023.6133066 -5701.43925003031 -3176.60851080213 50 1.19754068267791 -0
159100 4589733.91307422 17419736.7920053 -5717.26665728842 -3235.1450947664 50 1.22821402663427 -0
159150 4303482.66105089 17256480.5059376 -5732.71657084343 -3295.39763100964 50 1.2600809851424 -0
159200 4016469.35848898 17090167.3589502 -5747.74018428912 -3357.43044379433 50 1.29319831071333 -0
159250 3728716.63268748 16920706.6812024 -5762.28423022413 -3421.31015722702 50 1.32762547671832 -0
159300 3440249.89406116 16748004.4141891 -5776.29058233839 -3487.10569160875 50 1.36342474550601 -0
159350 3151097.58973678 16571962.996434 -5789.69582352936 -3554.88823961454 50 1.40066122226909 -0
159400 2861291.4796403 16392481.2509663 -5802.43077777013 -3624.73121802576 50 1.43940289037422 -0
159450 2570866.9369437 16209454.2759233 -5814.42000348548 -3696.71019002942 50 1.47972062301492 -0
159500 2279863.27485033 16022773.3398939 -5825.58124629209 -3770.90275228799 50 1.5216881650517 -0
159550 1988324.10180048 15832325.7839261 -5835.82484914323 -3847.38838006315 50 1.5653820777454 -0
159600 1696297.70727007 15637994.9324872 -5845.05311821276 -3926.24822263595 50 1.61088163775116 -0
159650 1403837.48040842 15439660.0160783 -5853.1596432877 -4007.56484009669 50 1.65826868020047 -0
159700 1111002.36380817 15237196.1086857 -5860.0285720493 -4091.42187127303 50 1.70762737394007 -0
159750 817857.344711536 15030474.083797 -5865.53383845452 -4177.90362112191 50 1.75904391500193 -0
159800 524473.985920338 14819360.5933345 -5869.53834653458 -4267.09455433093 50 1.81260612213845 -0
159850 230930.998576683 14603718.0745602 -5871.89311236801 -4359.07868016758 50 1.86840291576723 -0
159900 -62685.1412008123 14383404.7908037 -5872.43636883344 -4453.93881179949 50 1.92652365894126 -0
159950 -356279.530127005 14158274.9127466 -5870.99264008628 -4551.75568141953 50 1.9870573360191 -0
160000 -649748.128725757 13928178.6479809 -5867.37179562692 -4652.60689059866 50 2.05009154161058 -0
160050 -942977.004770914 13692962.4276316 -5861.36809743845 -4756.56567343478 50 2.11571124920312 -0
160100 -1235841.52927323 13452469.1600027 -5852.7592580815 -4863.69944837744 50 2.18399732576789 -0
160125 -1382095.07985777 13330193.6588907 -5847.40369588036 -4918.47602653412 50 2.21916396999908 -0
160150 -1528205.52605698 13206538.5624244 -5841.30553298961 -4974.06813319957 50 2.25502475580785 -0
160175 -1674153.89488376 13081483.4059739 -5834.43193506251 -5030.48176658213 50 2.29158779182332 -0
160200 -1819920.37764432 12955007.583898 -5826.74887634023 -5087.72219694439 50 2.32886053594607 -0
160225 -1965484.29989515 12827090.3686965 -5818.2211194468 -5145.79388947863 50 2.36684970870173 -0
160250 -2110824.09092738 12697710.9321538 -5808.8121978536 -5204.70042206524 50 2.40556119987423 -0
160275 -2255917.2528508 12566848.368605 -5798.48440146531 -5264.44439773905 50 2.44499996812171 -0
160300 -2400740.32936167 12434481.7204577 -5787.19876582247 -5325.02735170587 50 2.48516993329568 -0
160325 -2545268.87429131 12300590.006108 -5774.91506546062 -5386.44965277349 50 2.52607386120891 -0
160350 -2689477.42004673 12165152.2503919 -5761.59181201271 -5448.71039908856 50 2.5677132406297 -0
160375 -2833339.44606973 12028147.5177153 -5747.18625768995 -5511.80730810438 50 2.61008815232125 -0
160400 -2976827.34745722 11889554.9480068 -5731.65440482526 -5575.73660074417 50 2.65319712999589 -0
160425 -3119912.40390356 11749353.7956395 -5714.95102221342 -5640.49287977223 50 2.69703701311653 -0
160475 -3404753.34116058 11464043.588083 -5677.84272713667 -5772.45594759584 50 2.78688744218234 -0
160525 -3687609.04547426 11172054.8986701 -5635.47597847314 -5907.61599295253 50 2.87957416758333 -0
160575 -3968206.59585729 10873230.6025495 -5587.44813054373 -6045.85789617919 50 2.97499405266001 -3.16397755259092e-300
160625 -4246252.55249029 10567420.2953282 -5533.34151342117 -6187.02713739502 50 3.07300005643068 -4.73355346214128e-289
160675 -4521432.27852732 10254482.3879324 -5472.72650546126 -6330.92477268633 50 3.17339484008833 -3.81607612308368e-278
160700 -4657843.05731956 10095299.3209762 -5439.8418045234 -6403.82115539051 50 3.22441097833715 -8.46476727646689e-273
160725 -4793409.43941126 9934286.45622754 -5405.16558277301 -6477.30229061734 50 3.27592416121118 -1.57952439510464e-267
160750 -4928085.94805886 9771429.66287737 -5368.64276041561 -6551.32852919784 50 3.32789263090798 -2.46356577293656e-262
160775 -5061825.7317742 9606715.84763428 -5330.21847419131 -6625.85649412532 50 3.38027025781402 -3.19065052449856e-257
160800 -5194580.57256321 9440133.04974668 -5289.83830689109 -6700.83893577928 50 3.43300635305566 -3.40848786156619e-252
160825 -5326300.90016612 9271670.53953567 -5247.44853802785 -6776.22459622668 50 3.48604549352519 -2.98293372486581e-247
160850 -5456935.81283248 9101318.92018259 -5202.99641599776 -6851.95808495336 50 3.53932736288319 -2.12373883637281e-242
160875 -5586433.1051704 8929070.23245413 -5156.43045184455 -6927.97976856922 50 3.59278661234205 -1.22140060453298e-237
160900 -5714739.30360857 8754918.06198196 -5107.70073447823 -7004.2256772086 50 3.64635274531816 -5.6336478323901e-233
160925 -5841799.71000267 8578857.64864377 -5056.7592668993 -7080.62743050828 50 3.69995003029462 -2.06883613099993e-228
160950 -5967558.4539021 8400885.99751879 -5003.56032263905 -7157.11218618094 50 3.75349744644687 -6.00423239373977e-224
160975 -6091958.55396861 8221001.99081423 -4948.06082124688 -7233.60261430539 25 3.80690866674029 -1.36690742038239e-219
161000 -6214941.98900419 8039206.50007971 -4890.22072123842 -7310.01690051848 25 3.86009208329599 -2.42268444600703e-215
161025 -6336449.77900019 7855502.49794736 -4830.00342846599 -7386.26878130834 25 3.91295087982367 -3.31767371201219e-211
161050 -6456422.07656267 7669895.16855531 -4767.37621739186 -7462.26761456649 25 3.96538315582507 -3.48366443237641e-207
161075 -6574798.26900002 7482392.01573475 -4702.31066223982 -7537.9184884488 25 4.01728210706147 -2.78344571698999e-203
161100 -6691517.09127635 7293002.96796646 -4634.78307448063 -7613.12237141399 25 4.06853626644152 -1.67938460131276e-199
161125 -6806516.74993946 7101740.47904412 -4564.7749425831 -7687.77630604648 25 4.11902980900821 -7.59317550925623e-196
161150 -6919735.0580236 6908619.62332091 -4492.27336944577 -7761.77364892145 25 4.16864292407632 -2.55331415926415e-192
161175 -7031109.58080668 6713658.18436444 -4417.27150242943 -7835.0043583297 25 4.21725225678834 -6.33753940411263e-189
161200 -7140577.79216847 6516876.73580629 -4339.76895045405 -7907.35533114647 25 4.2647314204141 -1.15249010110682e-185
161225 -7248077.24115315 6318298.71314802 -4259.77218222115 -7978.71078950094 25 4.31095157962141 -1.52428199367937e-182
161250 -7353545.72818641 6117950.47527778 -4177.29489929379 -8048.95271718704 25 4.35578210369993 -1.4557083174255e-179
161275 -7456921.49023772 5915861.35446285 -4092.35837752857 -8117.96134495578 25 4.39909128734393 -9.96787990992652e-177
161300 -7558143.39405373 5712063.69361603 -4004.99177022612 -8185.61568295807 25 4.44074713511479 -4.86037423525704e-174
161325 -7657151.13642274 5506592.86968827 -3915.23236636538 -8251.79409767647 25 4.48061820413995 -1.67643424665475e-171
161350 -7753885.45026564 5299487.3021187 -3823.12579742824 -8316.37492971551 25 4.51857449799999 -4.06414135502155e-169
161375 -7848288.3151899 5090788.44537619 -3728.72618661651 -8379.23714783361 25 4.55448840315268 -6.88252958673881e-167
161400 -7940303.17099354 4880540.76475444 -3632.0962347217 -8440.26103362105 25 4.58823565769109 -8.09438057517432e-165
161425 -8029875.13246991 4668791.69473418 -3533.30723753452 -8499.32889028686 25 4.61969634078716 -6.57466945087504e-163
161450 -8116951.20374608 4455591.57940064 -3432.43903047235 -8556.3257681418 25 4.64875586988659 -3.66917182630675e-161
161475 -8201480.49029088 4240993.59459995 -3329.57985705378 -8611.14019858626 25 4.67530599165219 -1.40015606516248e-159
161500 -8283414.40665799 4025053.65173092 -3224.82615894506 -8663.66492776155 25 4.69924575185355 -3.63731814098383e-158
161525 -8362706.87798752 3807830.28329672 -3118.28228652448 -8713.7976405285 25 4.72048242891877 -6.40687430752068e-157
161550 -8439314.5332795 3589384.51057824 -3010.06013023117 -8761.44166512521 25 4.73893241573821 -7.62474365043491e-156
161575 -8513196.8884767 3369779.69403418 -2900.27867435344 -8806.506648746 25 4.75452203456977 -6.11182692103778e-155
161600 -8584316.51745318 3149081.36727597 -2789.06347633212 -8848.90919439179 25 4.76718827055562 -3.29110714626845e-154
161625 -8652639.20909965 2927357.0557031 -2676.54607606693 -8888.57344967697 25 4.77687941042221 -1.18797847381147e-153
161650 -8718134.10882614 2704676.08111061 -2562.86334107777 -8925.43163883869 25 4.78355557438463 -2.86984329644142e-153
161675 -8780773.84296487 2481109.35379048 -2448.15675464609 -8959.42452997517 25 4.78718913108148 -4.63446254328193e-153
161700 -8840534.62474892 2256729.15383556 -2332.57165520404 -8990.50183052331 25 4.78776498748197 -4.99993593867358e-153
161725 -8897396.34076162 2031608.90351563 -2216.2564362153 -9018.62250514957 25 4.78528074807289 -3.60338720766158e-153
161750 -8951342.61699287 1805822.93272441 -2099.36171656865 -9043.75501154118 25 4.77974674017809 -1.73548921407109e-153
161775 -9002360.86389638 1579446.23959183 -1982.03949205989 -9065.87745101034 25 4.77118590490862 -5.59119895228138e-154
161800 -9050442.30011089 1352554.24841409 -1864.44227885171 -9084.97763232182 25 4.7596335559028 -1.20667347595129e-154
161825 -9095581.95478182 1125222.56707506 -1746.72225986617 -9101.05304868094 25 4.74513701060784 -1.74793324340884e-155
161850 -9137778.64869191 897526.746114861 -1629.03044488122 -9114.11076932925 25 4.7277551012971 -1.70361976550002e-156
161875 -9177034.95467396 669542.0415473 -1511.51585467968 -9124.16724864762 25 4.70755757523432 -1.1204796941923e-157
161900 -9213357.1380299 441343.183437816 -1394.32473895421 -9131.24805701988 25 4.68462439532408 -4.98988969725039e-159
161925 -9246755.07791262 213004.152132057 -1277.59983682854 -9135.38753892908 25 4.65904495417588 -1.51042538073062e-160
161950 -9277242.17083657 -15402.0361254024 -1161.47968784584 -9136.62840481456 25 4.63091721571856 -3.12089844141149e-162
161975 -9304835.21766498 -243803.532617055 -1046.09800013241 -9135.02126408663 25 4.60034679931508 -4.42240136929434e-164
162000 -9329554.29557418 -472129.847251739 -931.58308120888 -9130.62410736361 25 4.56744602173596 -4.3194286818323e-166
162025 -9351422.61661628 -700312.026173571 -818.057335628535 -9123.50174645446 25 4.53233291236674 -2.92368270575617e-168
162050 -9370466.37458929 -928282.814933519 -705.636832313793 -9113.72522085961 25 4.49513021667263 -1.37930288458181e-170
162075 -9386714.58197982 -1155976.80649693 -594.430943171375 -9101.3711796103 25 4.45596440225812 -4.56285123831882e-173
162100 -9400198.89876675 -1383330.57357943 -484.542053328938 -9086.52124712466 25 4.41496468088609 -1.06512952498843e-175
162125 -9410953.45486895 -1610282.78501704 -376.065342178519 -9069.26138144688 25 4.3722620586108 -1.76607348312976e-178
162150 -9419014.66798558 -1836774.30607992 -269.08863335891 -9049.68123277438 25 4.32798842478664 -2.09412644999087e-181
162175 -9424421.05851947 -2062748.28282987 -163.692310878088 -9027.87350959304 25 4.28227568919664 -1.78820533914594e-184
162200 -9427213.06319359 -2288150.2107962 -59.9492977804218 -9003.93335905781 25 4.23525497495493 -1.10753691888266e-187
162225 -9427432.84887237 -2512927.98840127 42.0749068913596 -8977.95776750261 25 4.18705587322748 -5.01179652330886e-191
162250 -9425124.1279865 -2737031.95570425 142.322137600659 -8950.04498616424 25 4.13780576423167 -1.66932970407295e-194
162275 -9420331.97683623 -2960414.91914839 240.741423419471 -8920.29398638571 25 4.08762920745604 -4.12347834181974e-198
162300 -9413102.65791628 -3183032.16309367 337.28880609616 -8888.80394774556 25 4.03664740262177 -7.61110590732613e-202
162325 -9403483.44727012 -3404841.44899262 431.927120566999 -8855.67378176216 25 3.98497772161045 -1.05780142246213e-205
162350 -9391522.46774357 -3625803.00312386 524.625743388216 -8821.0016930604 25 3.93273331042794 -1.11545952761632e-209
162375 -9377268.52887266 -3845879.49383606 615.360314464527 -8784.88477917746 25 3.88002275927251 -8.99332046908202e-214
162400 -9360770.9740076 -4065035.99927612 704.112437264816 -8747.41866953255 25 3.82694983793215 -5.58624979676169e-218
162425 -9342079.5351486 -4283239.96658114 790.869362460723 -8708.69720350124 25 3.77361329305007 -2.69375848008501e-222
162450 -9321244.19584944 -4500461.16350547 875.62365961406 -8668.81214702122 25 3.72010670326494 -1.01605791600251e-226
162475 -9298315.06243325 -4716671.6234345 958.372881188184 -8627.85294671509 50 3.66651838784348 -3.02034314344893e-231
162500 -9273342.24366301 -4931845.58470631 1039.11922277981 -8585.90652014677 50 3.61293136416679 -7.12846039378202e-236
162525 -9246375.73891663 -5145959.42512426 1117.8691830729 -8543.05708052845 50 3.55942334929505 -1.34561928325701e-240
162550 -9217465.33483382 -5358991.592498 1194.63322661568 -8499.38599396183 50 3.50606680080251 -2.04634089568938e-245
162575 -9186660.51032987 -5570922.53200062 1269.42545212443 -8454.97166712464 50 3.45292899213238 -2.52498059664742e-250
162600 -9154010.34980801 -5781734.61107569 1342.26326863052 -8409.88946319732 50 3.4000721178527 -2.54569400214974e-255
162625 -9119563.4643496 -5991412.04257177 1413.16708141706 -8364.21164375742 50 3.34755342438678 -2.11160070571692e-260
162650 -9083367.92061637 -6199940.80672499 1482.15998934174 -8318.00733434602 50 3.29542536203074 -1.45079775479907e-265
162675 -9045471.1771639 -6407308.57255292 1549.26749481774 -8271.34251142459 50 3.2437357543441 -8.3111995599044e-271
162725 -8964760.55192867 -6818519.75749708 1677.93868192289 -8176.87953906447 50 3.14184117283262 -1.62233762410752e-281
162775 -8877797.10929004 -7224977.74734972 1799.42259220528 -8081.28819731382 50 3.0421669308372 -1.65104826883871e-292
162825 -8784933.68524867 -7626636.74802205 1913.98346618962 -7984.98555130062 50 2.94494880928332 -9.1872527635558e-304
162875 -8686509.48828268 -8023470.65129365 2021.90112532088 -7888.34237017477 50 2.85036775762475 -0
162925 -8582849.46839184 -8415470.78365534 2123.46520165971 -7791.68574093768 50 2.75855645204415 -0
162975 -8474263.95212844 -8802643.79465871 2218.97025874074 -7695.30200780804 50 2.66960559122361 -0
163025 -8361048.50069096 -9185009.69725439 2308.71173574958 -7599.43989056611 50 2.58356980477261 -0
163050 -8302792.88191006 -9374399.44431918 2351.51286704893 -7551.77265791753 50 2.54165362336604 -0
163075 -8243483.95191135 -9562600.06600239 2392.98263609758 -7504.31366532845 50 2.50047309637629 -0
163100 -8183154.54624237 -9749617.04607955 2433.15685315093 -7457.08483299863 50 2.46002724897265 -0
163125 -8121836.6107186 -9935456.39409432 2472.07087713545 -7410.10631780224 50 2.42031378094993 -0
163150 -8059561.21337883 -10120124.6024374 2509.75956311866 -7363.39660584745 50 2.38132919270837 -0
163175 -7996358.55766314 -10303628.6057081 2546.25721693259 -7316.9726025085 50 2.34306890338631 -0
163200 -7932257.99664189 -10485975.7422934 2581.59755637684 -7270.84971971634 50 2.30552736135376 -0
163225 -7867288.04813806 -10667173.7180923 2615.81367845424 -7225.04196034258 50 2.26869814731016 -0
163250 -7801476.41059882 -10847230.5723134 2648.9380321198 -7179.56199955486 50 2.23257407025726 -0
163275 -7734849.9795845 -11026154.6452662 2681.00239605264 -7134.42126305999 50 2.19714725663821 -0
163325 -7599256.40718605 -11380639.1342099 2742.07481623166 -7045.19736575316 50 2.12835100213737 -0
163375 -7460707.0922019 -11730698.823631 2799.27119154164 -6957.43945835054 50 2.06223573055201 -0
163425 -7319390.06902961 -12076408.4153034 2852.82031447932 -6871.20121440118 50 1.99872153646211 -0
163475 -7175482.22081337 -12417844.9478015 2902.93944440653 -6786.52274119887 50 1.93772409718084 -0
163525 -7029149.85465741 -12755087.162942 2949.83438783972 -6703.43233894105 50 1.87915620993878 -0
163575 -6880549.26970865 -13088214.9556216 2993.69969823076 -6621.94807930141 50 1.82292906837837 -0
163625 -6729827.31286514 -13417308.8983164 3034.71896683337 -6542.07921537003 50 1.76895331262173 -0
163675 -6577121.91816528 -13742449.8321262 3073.06518103692 -6463.82743574121 50 1.71713988410096 -0
163725 -6422562.62698681 -14063718.5169004 3108.90113071747 -6387.1879757855 50 1.66740071316963 -0
163775 -6266271.08706492 -14381195.3336247 3142.37984674502 -6312.15059898453 50 1.61964926439405 -0
163825 -6108361.52905359 -14694960.0328869 3173.64505884548 -6238.70046076032 50 1.57380096144666 -0
163875 -5948941.21992757 -15005091.523844 3202.83166260224 -6166.81886659047 50 1.52977351075275 -0
163925 -5788110.89297748 -15311667.6986833 3230.06618754936 -6096.48393544123 50 1.48748714050595 -0
163975 -5625965.15450634 -15614765.2881024 3255.46726011193 -6027.67117872833 50 1.44686476938038 -0
164025 -5462592.86760976 -15914459.7438228 3279.14605663824 -5960.35400417067 50 1.40783211722773 -0
164075 -5298077.51362805 -16210825.1445977 3301.20674298878 -5894.50415306442 50 1.37031776824537 -0
164125 -5132497.53200973 -16503934.1225812 3321.74689814064 -5830.09207869537 50 1.33425319552168 -0
164175 -4965926.63943216 -16793857.8072932 3340.85792006713 -5767.08727283826 50 1.29957275449018 -0
164225 -4798434.12909525 -17080665.7847425 3358.62541279437 -5705.45854657223 50 1.26621365163312 -0
164275 -4630085.15114626 -17364426.0695657 3375.12955404477 -5645.17427097555 50 1.23411589375047 -0
164325 -4460940.97521231 -17645205.0883023 3390.44544327592 -5586.20258265202 50 1.2032222222314 -0
164375 -4291059.23601925 -17923067.6721598 3404.64343023161 -5528.51155848519 50 1.17347803601499 -0
164425 -4120494.16306323 -18198077.0578287 3417.78942435572 -5472.06936351357 50 1.14483130628861 -0
164475 -3949296.79527938 -18470294.8950925 3429.94518559422 -5416.84437536696 50 1.11723248543169 -0
164525 -3777515.18162232 -18739781.2601371 3441.16859723629 -5362.80528829813 50 1.09063441225508 -0
164575 -3605194.56843843 -19006594.6736083 3451.51392153255 -5309.92119948121 50 1.06499221520168 -0
164625 -3432377.57447125 -19270792.1225902 3461.0320388846 -5258.16167992582 50 1.04026321485033 -0
164675 -3259104.354301 -19532429.0857883 3469.77067143165 -5207.49683206876 50 1.01640682679492 -0
164725 -3085412.75097742 -19791559.5612976 3477.77459187299 -5157.89733585164 50 0.993384465744568 -0
164775 -2911338.43856303 -20048236.0964193 3485.08581836275 -5109.33448486783 50 0.97115945150344 -0
164825 -2736915.05526276 -20302509.8190671 3491.74379630062 -5061.78021396447 50 0.949696917333079 -0
164875 -2562174.32777479 -20554430.4703643 3497.78556782041 -5015.20711951008 50 0.928963721072085 -0
164925 -2387146.18745839 -20804046.4380938 3503.24592975143 -4969.58847338501 50 0.9089283592825 -0
164975 -2211858.87887627 -21051404.7907107 3508.15758079551 -4924.89823161666 50 0.889560884606226 -0
165025 -2036339.06123286 -21296551.3116682 3512.55125862882 -4881.11103846259 50 0.870832826444782 -0
165075 -1860611.90319531 -21539530.5338506 3516.45586760127 -4838.20222664087 50 0.852717115019264 -0
165125 -1684701.17155116 -21780385.7739325 3519.89859767016 -4796.14781431526 50 0.835188008822105 -0
165175 -1508629.31412601 -22019159.1665187 3522.90503516801 -4754.92449936322 50 0.818221025436412 -0
165225 -1332417.53735502 -22255891.6979381 3525.49926596851 -4714.50965138452 50 0.801792875670555 -0
165275 -1156085.87887514 -22490623.239591 3527.70397157965 -4674.88130184695 50 0.785881400934032 -0
165325 -979653.275479087 -22723392.5807635 3529.54051865888 -4636.01813271221 50 0.770465513764301 -0
165375 -803137.626748311 -22954237.460842 3531.0290424129 -4597.89946383814 50 0.755525141402264 -0
165425 -626555.854659816 -23183194.600872 3532.18852431358 -4560.50523941261 100 0.741041172305673 -0
165475 -449923.959440843 -23410299.73442 3533.03686453207 -4523.81601363875 100 0.726995405484178 -0
165525 -273257.071926035 -23635587.6377039 3533.5909494653 -4487.81293585997 100 0.713370502536579 -0
165575 -96569.5026536705 -23859092.1589699 3533.86671470305 -4452.47773528627 100 0.700149942269496 -0
165625 80125.2120792636 -24080846.2470979 3533.87920375896 -4417.7927054596 100 0.687317977776914 -0
165675 256814.266998954 -24300881.9794269 3533.64262286599 -4383.74068857542 100 0.674859595861367 -0
165725 433485.547283876 -24519230.5887944 3533.17039211508 -4350.30505975984 100 0.662760478679872 -0
165775 610127.590464853 -24735922.4897904 3532.47519319593 -4317.46971138612 100 0.651006967500659 -0
165825 786729.550632251 -24950987.3042302 3531.5690139798 -4285.21903750074 100 0.639586028460267 -0
165875 963281.16479803 -25164453.8858516 3530.46319016703 -4253.53791841768 100 0.628485220214446 -0
165925 1139772.72127112 -25376350.3442482 3529.16844420561 -4222.41170552921 100 0.617692663380437 -0
165975 1316195.02991454 -25586704.0680482 3527.69492167218 -4191.82620637303 100 0.607197011672477 -0
166025 1492539.3941618 -25795541.7473547 3526.05222529283 -4161.76766998757 100 0.596987424636752 -0
166075 1668797.58467885 -26002889.395461 3524.24944676816 -4132.22277258115 100 0.587053541896413 -0
166125 1844961.81456556 -26208772.3698578 3522.29519655499 -4103.17860353483 100 0.577385458821592 -0
166175 2021024.71599813 -26413215.3925488 3520.19763174608 -4074.62265175394 100 0.567973703543689 -0
166225 2196979.3182208 -26616242.5696939 3517.96448217892 -4046.54279237933 100 0.558809215237329 -0
166275 2372819.02680111 -26817877.4105956 3515.603074895 -4018.92727386549 100 0.549883323597498 -0
166325 2548537.60406941 -27018142.8460498 3513.12035706229 -3991.76470543012 100 0.541187729443268 -0
166375 2724129.15066818 -27217061.2460781 3510.52291746556 -3965.04404487673 100 0.53271448638332 -0
166425 2899588.0881421 -27414654.43706 3507.81700666125 -3938.75458679007 100 0.524455983482058 -0
166475 3074909.14250442 -27610943.7182848 3505.00855588724 -3912.88595110196 100 0.516404928868642 -0
166525 3250087.32871934 -27805949.8779409 3502.10319481068 -3887.4280720241 100 0.508554334234471 -0
166575 3425117.93604452 -27999693.2085603 3499.1062681917 -3862.37118734263 100 0.50089750016789 -0
166675 3774718.86020739 -28383470.1634821 3492.85776580356 -3813.42280841889 100 0.486139678062508 -0
166775 4123679.20719954 -28762427.5645656 3486.30068027169 -3765.96840350947 100 0.472083136139632 -0
166875 4471969.84655249 -29136711.3661484 3479.46899332006 -3719.93979220738 100 0.458683355905512 -0
166975 4819564.87952039 -29506460.9041696 3472.39341729784 -3675.27274144099 100 0.445899278839862 -0
167075 5166441.32933494 -29871809.2775727 3465.10173227136 -3631.90670204036 100 0.433692993964734 -0
167175 5512578.86322807 -30232883.7043 3457.6190851167 -3589.78456381244 100 0.422029457002382 -0
167275 5857959.54266044 -30589805.8536718 3449.96825526808 -3548.85242796567 100 0.410876237652992 -0
167375 6202567.5986284 -30942692.1568281 3442.16989116423 -3509.05939574513 100 0.400203291924668 -0
167475 6546389.22929894 -31291654.0967975 3434.24272090841 -3470.35737217499 100 0.389982756802484 -0
167575 6889412.41755052 -31636798.4796521 3426.20374020285 -3432.70088385138 100 0.380188764855929 -0
167675 7231626.76628391 -31978227.6881024 3418.06838022747 -3396.04690978153 100 0.370797276659443 -0
167775 7573023.3496164 -32316039.9187875 3409.85065779376 -3360.35472432165 100 0.361785929143381 -0
167875 7913594.57829131 -32650329.4044283 3401.5633098127 -3325.58575132353 100 0.353133898206462 -0
167975 8253334.07782528 -32981186.6219193 3393.21791386195 -3291.70342865778 100 0.344821774109051 -0
168075 8592236.57808333 -33308698.4873605 3384.82499641803 -3258.67308233843 100 0.336831448332569 -0
168175 8930297.81311847 -33632948.53895 3376.39413012836 -3226.46180952766 100 0.329146010736613 -0
168275 9267514.43024138 -33954017.1085949 3367.93402133242 -3195.03836975237 100 0.32174965597444 -0
168375 9603883.90739972 -34271981.4830265 3359.45258889655 -3164.37308371329 100 0.31462759824135 -0
168475 9939404.47804609 -34586916.0551533 3350.95703530136 -3134.43773911422 100 0.307765993531133 -0
168575 10274075.0627624 -34898892.4663254 3342.45391081067 -3105.20550298253 100 0.301151868664681 -0
168675 10607895.2069861 -35207979.7401349 3333.9491714547 -3076.65083999302 100 0.294773056433514 -0
168775 10940865.0242527 -35514244.4083297 3325.44823147637 -3048.74943634478 100 0.288618136270676 -0
168875 11272985.1444305 -35817750.629376 3316.95601081554 -3021.47812877624 100 0.282676379923154 -0
168975 11604256.6664768 -36118560.3001623 3308.47697814163 -2994.81483833589 100 0.276937701654758 -0
169075 11934681.1152944 -36416733.1613039 3300.01518988789 -2968.73850855615 100 0.271392612556998 -0
169175 12264260.4023084 -36712326.8964712 3291.57432569064 -2943.22904770579 100 0.266032178588742 -0
169275 12592996.7894218 -37005397.2261345 3283.15772059284 -2918.26727482168 100 0.260847982003831 -0
169375 12920892.8560442 -37295997.9960899 3274.76839433222 -2893.83486924416 100 0.255832085860088 -0
169475 13247951.4689147 -37584181.2611023 3266.40907799987 -2869.91432340198 100 0.250977001333664 -0
169575 13574175.7544701 -37869997.3639801 3258.08223832505 -2846.48889861261 100 0.246275657589877 -0
169675 13899569.0735332 -38153495.0103722 3249.79009981464 -2823.54258368202 100 0.241721373986 -0
169775 14224134.9981153 -38434721.339555 3241.53466495223 -2801.06005610476 100 0.237307834403235 -0
169875 14547877.2901504 -38713721.9914637 3233.31773264024 -2779.02664568061 100 0.233029063524503 -0
169975 14870799.8819919 -38990541.1701971 3225.14091505017 -2757.42830037826 100 0.228879404892139 -0
170075 15192906.8585214 -39265221.7042158 3217.0056530287 -2736.25155428939 200 0.224853500595203 -0
170175 15514202.4407314 -39537805.103434 3208.91323019317 -2715.48349752861 200 0.220946272450126 -0
170275 15834690.970657 -39808331.6133924 3200.86478583601 -2695.11174794559 200 0.217152904551022 -0
170375 16154376.8975431 -40076840.2666886 3192.86132674629 -2675.12442452588 200 0.213468827077305 -0
170475 16473264.7651437 -40343368.9318263 3184.9037380459 -2655.51012236601 200 0.209889701256487 -0
170575 16791359.2000592 -40607954.3596374 3176.99279312811 -2636.25788911733 200 0.206411405389178 -0
170675 17108664.9010264 -40870632.2274165 3169.12916277817 -2617.35720280057 200 0.203030021851617 -0
170775 17425186.6290818 -41131437.1809027 3161.31342354774 -2598.79795090039 200 0.199741824998549 -0
170875 17740929.1985286 -41390402.8742309 3153.5460654483 -2580.57041065603 200 0.196543269896004 -0
170975 18055897.4686416 -41647562.0079682 3145.82749902232 -2562.66523047002 200 0.193430981819659 -0
171075 18370096.3360491 -41902946.3653453 3138.15806184587 -2545.07341236267 200 0.19040174645998 -0
171175 18683530.7277403 -42156586.8467813 3130.538024511 -2527.78629540527 200 0.187452500780385 -0
171275 18996205.5946457 -42408513.5027994 3122.96759613198 -2510.79554006972 200 0.184580324479159 -0
171375 19308125.9057461 -42658755.5654202 3115.44692941543 -2494.09311343658 200 0.181782432010042 -0
171475 19619296.642669 -42907341.4781168 3107.97612533088 -2477.67127520783 200 0.179056165120091 -0
171575 19929722.7947326 -43154298.9244091 3100.55523741469 -2461.52256447427 200 0.176398985866873 -0
171675 20239409.3544039 -43399654.8551708 3093.18427573767 -2445.63978719084 200 0.173808470080117 -0
171775 20548361.3131371 -43643435.5147178 3085.86321056397 -2430.01600431667 200 0.171282301235777 -0
171875 20856583.6575646 -43885666.4657411 3078.59197572622 -2414.64452057937 200 0.168818264713033 -0
171975 21164081.366011 -44126372.613147 3071.37047173991 -2399.5188738258 200 0.166414242407107 -0
172075 21470859.4053073 -44365578.2268593 3064.19856867806 -2384.63282492441 200 0.164068207672886 -0
172175 21776922.7278814 -44603306.9636389 3057.07610882508 -2369.98034818619 200 0.161778220576335 -0
172275 22082276.2691028 -44839581.8879689 3050.00290912765 -2355.5556222738 200 0.159542423432437 -0
172375 22386924.9448642 -45074425.4920547 3042.97876345829 -2341.35302157013 200 0.157359036610051 -0
172575 22994127.2531779 -45539905.9610205 3029.0767067113 -2313.59262313006 200 0.153142742228933 -0
172775 23598568.511674 -45999917.5710506 3015.36790367348 -2286.65776081264 200 0.149116517178256 -0
