0 314159000 0 -1182.24386513738 205.668284733034 100 0.00403837820768556 -0
100 314040755.416528 20566.828032425 -1182.64785500416 205.668271504194 200 0.00404141987356984 -0
300 313804144.976515 61700.4735027345 -1183.45674834185 205.668165493903 400 0.00404751654774557 -0
700 313330438.14976 143967.647577755 -1185.0782018748 205.667633578978 800 0.00405976352828774 -0
1500 312381073.836148 308500.927280592 -1188.3358766853 205.665276563028 1600 0.00408447414042757 -0
3100 310474486.974925 637558.32227096 -1194.91111259705 205.655278671551 1600 0.00413477930347758 -0
4700 308557314.843415 966593.945501661 -1201.56778654487 205.63801752054 1600 0.00418629709677572 -0
6300 306629425.577352 1295595.95974776 -1208.30786401899 205.613221098984 1600 0.0042390700094712 -0
7900 304690684.11297 1624552.08279871 -1215.13337942018 205.580605076214 1600 0.00429314249499072 -0
9500 302740952.074219 1953449.56720917 -1222.04643924628 205.539872122537 1600 0.00434856108420919 -0
11100 300780087.654743 2282275.17892744 -1229.0492254623 205.490711185109 1600 0.00440537450645476 -0
12700 298807945.494303 2611015.17472722 -1236.14399906687 205.432796715588 1600 0.00446363381898345 -0
14300 296824376.549334 2939655.27836254 -1243.33310386872 205.365787845808 1600 0.00452339254561793 -0
15900 294829227.957275 3268180.65535953 -1250.61897048806 205.289327507385 1600 0.00458470682531001 -0
17500 292822342.894312 3596575.88635164 -1258.00412059901 205.203041490776 1600 0.00464763557145938 -0
19100 290803560.426129 3924824.9388578 -1265.4911714305 205.106537438911 1600 0.00471224064290108 -0
20700 288772715.351232 4252911.1373945 -1273.08284054451 204.999403770073 1600 0.00477858702756311 -0
22300 286729638.036398 4580817.13180399 -1280.78195091233 204.88120852419 1600 0.00484674303989486 -0
23900 284674154.243746 4908524.86367107 -1288.59143631108 204.751498126139 1600 0.00491678053327645 -0
25500 282606084.948907 5236015.53069018 -1296.51434706478 204.609796059081 1600 0.00498877512874198 -0
27100 280525246.149705 5563269.54883275 -1304.55385615656 204.455601440125 1600 0.00506280646148555 -0
28700 278431448.664749 5890266.51215189 -1312.71326574072 204.288387489888 1600 0.00513895844677165 -0
30300 276324497.921268 6216985.15004742 -1320.99601408614 204.107599886672 1600 0.00521731956704135 -0
31900 274204193.731462 6543403.28179847 -1329.40568298552 203.912654995038 1600 0.00529798318219609 -0
33500 272070330.056601 6869497.76815391 -1337.94600566797 203.702937957509 1600 0.00538104786525446 -0
35100 269922694.758042 7195244.45975181 -1346.62087525602 203.477800636979 1600 0.0054666177658164 -0
36700 267761069.334242 7520618.14211825 -1355.43435381241 203.236559396105 1600 0.00555480300403853 -0
38300 265585228.642791 7845592.47697273 -1364.39068202586 202.978492698467 1600 0.00564572009812705 -0
39900 263394940.606406 8170139.93954173 -1373.49428959041 202.702838514702 1600 0.00573949242869555 -0
41500 261189965.901722 8494231.75155379 -1382.74980633797 202.408791514934 1600 0.00583625074372098 -0
43100 258970057.62962 8817837.8095578 -1392.16207419007 202.09550002677 1600 0.00593613370826567 -0
44700 256734960.965737 9140926.60817138 -1401.73616000131 201.762062735842 1600 0.00603928850362756 -0
46300 254484412.789654 9463465.15782725 -1411.47736937471 201.407525103202 1600 0.00614587148113957 -0
47900 252218141.291146 9785418.89654198 -1421.39126153766 201.03087547095 1600 0.00625604887647547 -0
49500 249935865.551717 10106751.5951833 -1431.4836653765 200.631040824136 1600 0.00636999759104355 -0
51100 247637295.099478 10427425.255658 -1441.76069673869 200.206882173143 1600 0.0064879060478748 -0
52700 245322129.435257 10747400.0013813 -1452.22877712318 199.757189516481 1600 0.00660997513035617 -0
53500 244158226.627193 10907112.2772802 -1457.53655593412 199.522369049701 1600 0.0066726363410691 -0
54300 242990057.527527 11066633.9593109 -1462.89465389273 199.280676339179 1600 0.0067364192132431 -0
55100 241817581.523289 11225959.4805396 -1468.3039689259 199.031937628291 1600 0.00680135283775023 -0
55900 240640757.273942 11385083.1328158 -1473.76542216189 198.775973595401 1600 0.00686746729660334 -0
56700 239459542.692504 11543999.0622322 -1479.27995871764 198.51259913359 1600 0.00693479370488834 -0
57500 238273894.926028 11702701.2644055 -1484.8485485193 198.241623119905 1600 0.00700336425482071 -0
58300 237083770.335424 11861183.5795675 -1490.47218715746 197.962848173578 1600 0.00707321226205194 -0
59100 235889124.474564 12019439.6874578 -1496.15189677917 197.67607040256 1600 0.00714437221436003 -0
59900 234689912.068671 12177463.1020102 -1501.88872701834 197.381079137733 1600 0.00721687982286728 -0
60700 233486086.991946 12335247.1658195 -1507.68375596665 197.077656654088 1600 0.00729077207593869 -0
61500 232277602.244396 12492785.0443813 -1513.53809118705 196.765577878118 1600 0.00736608729592457 -0
62300 231064409.927837 12650069.7200908 -1519.45287077209 196.444610080635 1600 0.00744286519892273 -0
63100 229846461.221034 12807093.985991 -1525.42926444949 196.11451255415 1600 0.00752114695774798 -0
63900 228623706.35393 12963850.4392547 -1531.46847473735 195.77503627391 1600 0.00760097526830972 -0
64700 227396094.58094 13120331.4743904 -1537.57173815184 195.425923541622 1600 0.00768239441961329 -0
65500 226163574.153245 13276529.2761537 -1543.74032647013 195.066907610826 1600 0.00776545036761599 -0
66300 224926092.290063 13432435.8121534 -1549.97554805155 194.697712292804 1600 0.00785019081318581 -0
67100 223683595.148831 13588042.825133 -1556.27874922034 194.318051541841 1600 0.00793666528442896 -0
67900 222436027.794262 13743341.8249115 -1562.65131571324 193.927629018572 1600 0.00802492522367234 -0
68700 221183334.166212 13898324.0799667 -1569.09467419575 193.526137630046 1600 0.00811502407940844 -0
69500 219925457.046304 14052980.6086399 -1575.61029385082 193.113259045059 1600 0.00820701740353331 -0
70300 218662338.023257 14207302.1699426 -1582.19968804419 192.68866318319 1600 0.00830096295423382 -0
71100 217393917.456845 14361279.2539436 -1588.86441607078 192.252007675859 1600 0.0083969208049077 -0
71900 216120134.440424 14514902.0717132 -1595.60608498694 191.80293729762 1600 0.00849495345952966 -0
72700 214840926.761967 14668160.5447994 -1602.42635153343 191.341083365745 1600 0.00859512597490954 -0
73500 213556230.863506 14821044.294211 -1609.32692415477 190.866063106035 1600 0.00869750609032376 -0
74300 212265981.798936 14973542.6288785 -1616.30956512054 190.377478982603 1600 0.00880216436503976 -0
75100 210970113.190065 15125644.5335643 -1623.37609275491 189.874917989256 1600 0.00890917432429541 -0
75900 209668557.180843 15277338.6561893 -1630.52838378095 189.35795089986 1600 0.00901861261434093 -0
76700 208361244.389664 15428613.2945424 -1637.76837578693 188.826131474905 1600 0.00913055916720133 -0
77500 207048103.859644 15579456.3823374 -1645.09806982207 188.278995621282 1600 0.00924509737587183 -0
78300 205729063.00677 15729855.4745768 -1652.51953312999 187.716060501984 800 0.00936231428071899 -0
79100 204404047.5658 15879797.7321833 -1660.03490202857 187.136823592268 800 0.00948230076792568 -0
79900 203072981.533803 16029269.905853 -1667.64638494568 186.540761678456 800 0.00960515178089011 -0
80700 201735787.111199 16178258.3190836 -1675.35626562087 185.927329795285 800 0.00973096654556821 -0
81500 200392384.640173 16326748.8503257 -1683.16690648388 185.295960097374 800 0.00985984881083507 -0
82300 199042692.540306 16474726.9142045 -1691.08075222171 184.646060659989 800 0.00999190710503688 -0
83100 197686627.241278 16622177.4417512 -1699.10033354693 183.977014203897 800 0.0101272550100092 -0
83900 196324103.11247 16769084.8595825 -1707.22827118078 183.288176738653 800 0.0102660114539533 -0
84700 194955032.389285 16915433.0679598 -1715.46728006576 182.578876118172 800 0.0104083010246897 -0
85500 193579325.096004 17061205.4176557 -1723.82017382366 181.848410501908 800 0.0105542543049476 -0
86300 192196888.964979 17206384.6855493 -1732.28986947608 181.096046714375 800 0.0107040082315061 -0
87100 190807629.351923 17350953.0488659 -1740.87939244615 180.321018495096 800 0.0108577064801726 -0
87900 189411449.147096 17494892.0579697 -1749.59188186137 179.522524630352 800 0.0110154998787751 -0
88700 188008248.682108 17638182.6076119 -1758.4305961795 178.699726957332 800 0.0111775468505559 -0
89500 186597925.632094 17780804.9065273 -1767.39891916116 177.851748230395 800 0.0113440138905878 -0
90300 185180374.912954 17922738.4452655 -1776.50036621453 176.977669838225 800 0.0115150760780923 -0
91100 183755488.573372 18063961.9621314 -1785.73859114044 176.076529359583 800 0.0116909176278314 -0
91900 182323155.681256 18204453.4071023 -1795.11739330779 175.147317944197 800 0.0118717324840629 -0
92700 180883262.20426 18344189.9035741 -1804.64072529255 174.188977504038 800 0.0120577249609092 -0
93500 179435690.884001 18483147.7077793 -1814.31270101626 173.200397698764 800 0.0122491104333921 -0
94300 177980321.103545 18621302.1657058 -1824.13760442326 172.18041269756 800 0.0124461160838295 -0
95100 176517028.747731 18758627.6673288 -1834.11989873953 171.127797697758 800 0.0126489817087958 -0
95900 175045686.055827 18895097.5979533 -1844.26423636011 170.041265178697 800 0.0128579605924065 -0
96700 173566161.466021 19030684.2864456 -1854.57546941621 168.919460867021 800 0.0130733204523201 -0
97500 172078319.451158 19165358.9501136 -1865.05866107842 167.760959387174 800 0.013295344465558 -0
98300 170582020.345127 19299091.6359716 -1875.71909765758 166.564259568057 800 0.0135243323820435 -0
99100 169077120.159219 19431851.1581022 -1886.56230157105 165.327779373732 800 0.013760601734659 -0
99900 167563470.387747 19563605.0308011 -1897.59404524883 164.049850422569 800 0.014004489155639 -0
100700 166040917.802135 19694319.3971589 -1908.82036606157 162.728712055331 800 0.0142563518102655 -0
101500 164509304.232626 19823958.9527028 -1920.24758236081 161.362504908296 800 0.0145165689601357 -0
102300 162968466.33668 19952486.8636833 -1931.88231073122 159.949263942548 800 0.0147855436697501 -0
103100 161418235.353055 20079864.6795475 -1943.73148456514 158.486910875008 800 0.0150637046718525 -0
103900 159858436.840447 20206052.2390994 -1955.80237408137 156.9732459504 800 0.0153515084088641 -0
104700 158288890.399502 20331007.5697904 -1968.10260792365 155.40593898624 800 0.0156494412699427 -0
105500 156709409.376869 20454686.779531 -1980.64019648882 153.782519614768 800 0.0159580220456943 -0
106300 155119800.549835 20577043.9403461 -1993.42355715171 152.100366636514 800 0.0162778046254224 -0
107100 153519863.789967 20698030.9631266 -2006.46154157258 150.356696389677 800 0.0166093809650882 -0
107900 151909391.704006 20817597.4626469 -2019.76346529436 148.548550027475 800 0.0169533843579264 -0
108700 150288169.250088 20935690.6119278 -2033.33913986128 146.672779581901 800 0.017310493044014 -0
109500 148655973.327179 21052254.9849197 -2047.19890771782 144.726032676592 800 0.017681434200117 -0
110300 147012572.335382 21167232.3863648 -2061.35368017851 142.704735733467 800 0.0180669883569538 -0
110700 146186595.12443 21224106.9844973 -2068.5452685753 141.664949260903 800 0.018265505010145 -0
111100 145357725.704471 21280561.6675445 -2075.81497879258 140.605075497599 800 0.0184679942977837 -0
111500 144525932.519627 21336588.2976768 -2083.16435377655 139.524596997703 800 0.0186745710622809 -0
111900 143691183.388095 21392178.5265831 -2090.59498047936 138.422978677338 800 0.018885354499986 -0
112300 142853445.484216 21447323.7882657 -2098.10849150472 137.299667059134 800 0.0191004683660249 -0
112700 142012685.319874 21502015.2915258 -2105.70656683009 136.154089477609 800 0.0193200411906741 -0
113100 141168868.725189 21556244.0121219 -2113.39093560928 134.985653242996 800 0.019544206508031 -0
113500 140321960.828471 21610000.6845858 -2121.16337806033 133.793744760963 800 0.0197731030977963 -0
113900 139471926.0354 21663275.7936772 -2129.02572744323 132.577728605499 800 0.0200068752410448 -0
114300 138618728.007402 21716059.5654569 -2136.97987213274 131.336946541994 800 0.0202456729909314 -0
114700 137762329.639169 21768341.9579593 -2145.02775779175 130.070716497409 800 0.0204896524593497 -0
115100 136902693.03529 21820112.6514421 -2153.171389651 128.778331474114 800 0.020738976120641 -0
115500 136039779.485955 21871361.0381889 -2161.41283490141 127.459058403799 800 0.0209938131335388 -0
115900 135173549.441667 21922076.2118414 -2169.75422520571 126.112136937534 800 0.0212543396826268 -0
116300 134303962.486931 21972246.9562337 -2178.19775933643 124.736778167806 800 0.0215207393406928 -0
116700 133430977.312864 22021861.7337013 -2186.74570594792 123.332163278009 800 0.0217932034534716 -0
117100 132554551.688659 22070908.6728347 -2195.40040649053 121.897442114546 800 0.022071931548394 -0
117500 131674642.431865 22119375.5556453 -2204.16427827568 120.4317316763 800 0.0223571317690903 -0
117900 130791205.377394 22167249.8041094 -2213.03981770124 118.934114515844 800 0.0226490213375468 -0
118300 129904195.345225 22214518.4660548 -2222.02960364716 117.403637046314 800 0.0229478270459698 -0
118700 129013566.10669 22261168.2003492 -2231.13630105217 115.839307747359 800 0.0232537857805895 -0
119100 128119270.349312 22307185.2613505 -2240.36266468321 114.240095263092 800 0.0235671450798293 -0
119500 127221259.640082 22352555.4825726 -2249.71154310984 112.604926384367 800 0.0238881637294733 -0
119900 126319484.387107 22397264.2595206 -2259.18588289714 110.932683907069 800 0.0242171123977016 -0
120300 125413893.799537 22441296.531642 -2268.78873303153 109.222204357443 800 0.0245542743131135 -0
120700 124504435.845667 22484636.7633404 -2278.52324959482 107.472275574708 800 0.0248999459891428 -0
121100 123591057.209121 22527268.9239922 -2288.39270070338 105.681634140394 800 0.025254437998576 -0
121500 122673703.243006 22569176.4669015 -2298.40047173039 103.848962642922 800 0.025618075802226 -0
121900 121752317.921911 22610342.307127 -2308.55007083061 101.972886764959 800 0.0259912006361911 -0
122300 120826843.791639 22650748.7981053 -2318.84513478863 100.051972180003 400 0.0263741704625431 -0
122700 119897221.916526 22690377.7069928 -2329.28943521351 98.0847212434117 400 0.0267673609887498 -0
123100 118963391.824212 22729210.1886398 -2339.88688510415 96.0695694618257 400 0.0271711667616457 -0
123500 118025291.447707 22767226.7581054 -2350.64154581221 94.0048817234255 400 0.0275860023423306 -0
123900 117082857.064584 22804407.2616134 -2361.55763443139 91.8889482698941 400 0.0280123035690015 -0
124300 116136023.23313 22840730.845842 -2372.63953164433 89.7199803891637 400 0.0284505289154209 -0
124700 115184722.725261 22876175.925431 -2383.89179006126 87.4961058060718 400 0.0289011609534993 -0
125100 114228886.455996 22910720.1485804 -2395.31914308728 85.2153637458792 400 0.0293647079293337 -0
125500 113268443.409268 22944340.3606048 -2406.92651435849 82.8756996431989 400 0.0298417054630062 -0
125900 112303320.559845 22977012.5652954 -2418.71902779086 80.4749594662146 400 0.0303327183835242 -0
126300 111333442.791102 23008711.883929 -2430.70201828952 78.0108836231061 400 0.0308383427114842 -0
126700 110358732.808361 23039412.5117502 -2442.88104317058 75.4811004143002 400 0.0313592078033907 -0
127100 109379111.047516 23069087.6717377 -2455.26189435246 72.8831189904956 400 0.0318959786730709 -0
127500 108394495.57862 23097709.5654463 -2467.85061137891 70.2143217723169 400 0.0324493585073211 -0
127900 107404802.004076 23125249.3207022 -2480.65349534196 67.4719562828798 400 0.0330200913948313 -0
128300 106409943.351077 23151676.9359045 -2493.67712377933 64.6531263394414 400 0.0336089652895778 -0
128700 105409829.957869 23176961.2206657 -2506.92836662847 61.7547825445831 400 0.034216815232301 -0
129100 104404369.353415 23201069.7324973 -2520.41440332704 58.7737120109573 400 0.0348445268564193 -0
129500 103393466.129967 23223968.7092204 -2534.14274115895 55.7065272464218 400 0.0354930402078298 -0
129900 102377021.808033 23245622.9967483 -2548.12123495501 52.5496541182776 400 0.0361633539115523 -0
130300 101354934.693177 23265995.9718568 -2562.35810826829 49.2993188061936 400 0.0368565297221626 -0
130700 100327099.724029 23285049.4595156 -2576.86197615702 45.9515336430967 400 0.037573697499489 -0
131100 99293408.3108358 23302743.6443163 -2591.64186972174 42.5020817316599 400 0.0383160606562087 -0
131500 98253748.1638196 23319036.9754801 -2606.70726255905 38.9465002108313 400 0.0390849021298752 -0
131900 97208003.110544 23333886.0648807 -2622.06809931213 35.2800620318962 400 0.0398815909386427 -0
132300 96156052.9014051 23347245.5774517 -2637.73482651782 31.4977560865694 400 0.0407075893876738 -0
132700 95097773.0022893 23359068.1132879 -2653.7184259727 27.5942655102723 400 0.0415644610020795 -0
133100 94033034.3733391 23369304.0806697 -2670.03045086548 23.5639439616942 400 0.0424538792724336 -0
133500 92961703.2326678 23377901.5591574 -2686.6830649519 19.4007896545237 400 0.0433776373106554 -0
133900 91883640.8037451 23384806.1518079 -2703.68908508054 15.0984168883774 400 0.0443376585276315 -0
134300 90798703.0450441 23389960.8254553 -2721.06202741444 10.6500247928291 400 0.0453360084596686 -0
134700 89706740.3603986 23393305.7378793 -2738.81615773563 6.04836296036149 400 0.0463749078891143 -0
135100 88607597.2883491 23394778.0505438 -2756.96654626673 1.28569360016505 400 0.0474567474257067 -0
135500 87501112.1685766 23394311.7254322 -2775.52912749833 -3.64625020598696 400 0.0485841037399706 -0
135900 86387116.7833141 23391837.304327 -2794.52076557302 -8.75631062326892 400 0.0497597576689185 -0
136300 85265435.9713902 23387281.6686768 -2813.95932584791 -14.0539561043581 400 0.0509867144482466 -0
136700 84135887.2122962 23380567.7779603 -2833.86375333961 -19.5493379759281 400 0.0522682263650976 -0
136900 83568103.1928282 23376376.2696325 -2843.99690385006 -22.3745543956021 400 0.0529305305844871 -0
137100 82998280.1773097 23371614.3841577 -2854.25415884567 -25.2533532863336 400 0.0536078181725614 -0
137300 82426393.0750817 23366271.2569379 -2864.63822986618 -28.1872247701958 400 0.0543005769825246 -0
137500 81852416.2447125 23360335.7198153 -2875.15191366914 -31.1777147507428 400 0.0550093156621982 -0
137700 81276323.4766064 23353796.2896544 -2885.79809573332 -34.2264275547042 400 0.0557345647529203 -0
137900 80698087.9748948 23346641.1563807 -2896.57975394056 -37.3350287256035 400 0.0564768778579362 -0
138100 80117682.3385714 23338858.1704441 -2907.49996244689 -40.5052479796124 400 0.0572368328854079 -0
138300 79535078.5418335 23330434.8296751 -2918.56189575441 -43.7388823347615 400 0.0580150333716058 -0
138500 78950247.9135884 23321358.2654954 -2929.76883299665 -47.0377994255069 400 0.0588121098903207 -0
138700 78363161.1160793 23311615.2284476 -2941.12416245049 -50.4039410156171 400 0.0596287215550546 -0
138900 77773788.1225858 23301192.0729996 -2952.63138628917 -53.8393267233857 400 0.0604655576211212 -0
139100 77182098.194148 23290074.7415831 -2964.29412559167 -57.3460579743274 400 0.0613233391954158 -0
139300 76588059.8552616 23278248.7478162 -2976.11612562503 -60.9263221977573 400 0.0622028210623027 -0
139500 75991640.8684886 23265699.1588616 -2988.10126141747 -64.5823972850278 400 0.0631047936348324 -0
139700 75392808.2079213 23252410.5768651 -3000.25354364119 -68.3166563286911 400 0.0640300850413333 -0
139900 74791528.0314383 23238367.1194161 -3012.57712482582 -72.1315726634986 400 0.064979563358351 -0
140100 74187765.6516827 23223552.3989691 -3025.07630592432 -76.0297252319467 400 0.0659541390019248 -0
140300 73581485.5056891 23207949.5011555 -3037.75554325555 -80.0138042990588 400 0.0669547672903184 -0
140500 72972651.1230834 23191540.9619178 -3050.61945584913 -84.0866175432627 400 0.0679824511925693 -0
140700 72361225.0927701 23174308.743383 -3063.67283322069 -88.2510965526145 400 0.0690382442785994 -0
140900 71747169.0280197 23156234.2083961 -3076.92064360734 -92.5103037582526 400 0.070123253888162 -0
141100 71130443.5298602 23137298.0936184 -3090.36804269628 -96.8674398398696 400 0.0712386445375966 -0
141300 70511008.1486703 23117480.4810951 -3104.02038288159 -101.325851641189 400 0.0723856415852537 -0
141500 69888821.3438654 23096760.7681857 -3117.88322308764 -105.88904063698 400 0.0735655351785458 -0
141700 69263840.4415592 23075117.6357414 -3131.96233920032 -110.56067199705 400 0.0747796845079268 -0
141900 68636021.5900739 23052529.0144064 -3146.26373515134 -115.344584297002 200 0.0760295223957047 -0
142100 68005319.7131649 23028972.0489078 -3160.79365470437 -120.244799930341 200 0.077316560250509 -0
142300 67371688.4608129 23004423.0601876 -3175.55859399611 -125.26553628185 200 0.078642393421489 -0
142500 66735080.1574285 22978857.5052191 -3190.56531489021 -130.411217728106 200 0.0800087069899679 -0
142700 66095445.7472987 22952249.934334 -3205.82085920699 -135.686488537567 200 0.0814172820403644 -0
142900 65452734.7370943 22924573.9458728 -3221.33256389772 -141.096226750074 200 0.0828700024567843 -0
143100 64806895.1352424 22895802.1379552 -3237.10807723834 -146.645559123748 200 0.0843688622968455 -0
143300 64157873.3879507 22865906.0571446 -3253.15537612462 -152.339877246499 200 0.0859159738001116 -0
143500 63505614.3116557 22834856.1437669 -3269.48278455828 -158.184854919566 200 0.0875135760950583 -0
143700 62850061.0216464 22802621.6736138 -3286.09899342226 -164.186466932038 200 0.0891640446759033 -0
143900 62191154.856595 22769170.6957424 -3303.01308165247 -170.351009358178 200 0.0908699017289958 -0
144100 61528835.2987038 22734469.9660509 -3320.2345389242 -176.685121523866 200 0.0926338273979499 -0
144300 60863039.8891533 22698484.8762799 -3337.77328998255 -183.195809804814 200 0.0944586720874689 -0
144500 60193704.1385071 22661179.3780569 -3355.63972075949 -189.890473437532 200 0.0963474699180448 -0
144700 59520761.4317024 22622515.9015601 -3373.84470643445 -196.776932544846 200 0.0983034534576515 -0
144900 58844142.9272197 22582455.2683375 -3392.39964161125 -203.863458601204 200 0.100330069872451 -0
145100 58163777.4499897 22540956.5977676 -3411.31647280247 -211.158807589598 200 0.1024309986567 -0
145300 57479591.3775546 22497977.2065972 -3430.60773343192 -218.672256132151 200 0.10461017112286 -0
145500 56791508.5189594 22453472.5009289 -3450.28658158894 -226.413640910681 200 0.106871791856783 -0
145700 56099449.9857937 22407395.8599664 -3470.36684079284 -234.393401732683 200 0.109220362370298 -0
145900 55403334.0547578 22359698.5107496 -3490.86304405474 -242.622628642756 200 0.111660707215155 -0
146100 54703076.0210593 22310329.393025 -3511.79048155528 -251.113113530515 200 0.114198002858797 -0
146300 53998588.0418838 22259235.0133037 -3533.16525229314 -259.877406744476 200 0.116837809664666 -0
146500 53289778.9691062 22206359.2870479 -3555.00432009953 -268.928879288511 200 0.119586107368772 -0
146700 52576554.170326 22151643.3678066 -3577.3255744595 -278.281791254685 200 0.122449334501188 -0
146900 51858815.3372172 22095025.4619796 -3600.14789663314 -287.951367235365 200 0.125434432267518 -0
147100 51136460.2800786 22036440.6277319 -3623.49123162806 -297.9538795604 200 0.128548893482909 -0
147300 50409382.7073531 21975820.5563988 -3647.37666664181 -308.306740324479 200 0.131800817241952 -0
147500 49677471.9887553 21913093.3345156 -3671.82651666833 -319.028603308289 200 0.13519897011448 -0
147700 48940612.9004957 21848183.1843698 -3696.86441804981 -330.139477058415 200 0.138752854782748 -0
147900 48198685.350929 21781010.1807025 -3722.51543085359 -341.660850579272 200 0.142472787183763 -0
148100 47451564.0847618 21711489.9408719 -3748.80615106733 -353.615833310803 200 0.146369983396061 -0
148300 46699118.3637475 21639533.2854349 -3775.76483373519 -366.029311324518 200 0.15045665771877 -0
148400 46320856.3933377 21602612.030721 -3789.50397737083 -372.416291315688 200 0.152575166104168 -0
148500 45941211.6215072 21565045.8656421 -3803.42152829944 -378.928121968727 200 0.15474613363968 -0
148600 45560166.005551 21526822.1217503 -3817.52154751902 -385.568494939373 200 0.156971419711835 -0
148700 45177701.0901296 21487927.754107 -3831.80822762562 -392.34124959143 200 0.159252969683937 -0
148800 44793797.9938349 21448349.3261419 -3846.28589833412 -399.250380481303 200 0.161592819812058 -0
148900 44408437.3951909 21408072.9937404 -3860.95903228237 -406.30004530296 200 0.163993102496694 -0
149000 44021599.5180583 21367084.4885121 -3875.83225113597 -413.494573326731 200 0.166456051896768 -0
149100 43633264.116414 21325369.1001894 -3890.910332012 -420.838474368139 200 0.168984009935135 -0
149200 43243410.45847 21282911.658101 -3906.19821424121 -428.336448326015 200 0.171579432727385 -0
149300 42852017.3100994 21239696.5116612 -3921.70100648989 -435.99339533254 200 0.174244897468713 -0
149400 42459062.9175312 21195707.5098121 -3937.42399426352 -443.814426561504 200 0.176983109816907 -0
149500 42064524.9892736 21150927.9793493 -3953.37264781665 -451.804875745136 200 0.17979691181309 -0
149600 41668380.6772266 21105340.7020593 -3969.55263049456 -459.970311454308 200 0.182689290385877 -0
149700 41270606.5569361 21058927.8905867 -3985.96980753442 -468.316550201813 200 0.185663386489038 -0
149800 40871178.6069449 21011671.1629492 -4002.63025535568 -476.849670433792 200 0.188722504927666 -0
149900 40470072.1871882 20963551.515604 -4019.54027137147 -485.576027480357 200 0.191870124933347 -0
150000 40067262.0163805 20914549.2949698 -4036.70638435521 -494.502269542987 200 0.195109911554874 -0
150100 39662722.1483372 20864644.1672934 -4054.13536539926 -503.635354803564 200 0.198445727937846 -0
150200 39256425.947168 20813815.0867464 -4071.83423950496 -512.982569747896 200 0.201881648574025 -0
150300 38848346.0612791 20762040.261624 -4089.81029784662 -522.551548805498 200 0.205421973609762 -0
150400 38438454.3961129 20709297.1185097 -4108.07111075514 -532.350295417212 200 0.20907124431221 -0
150500 38026722.085551 20655562.2642567 -4126.6245414703 -542.387204653224 200 0.21283425980258 -0
150600 37613119.4619019 20600811.4456247 -4145.47876071477 -552.671087516153 200 0.216716095177525 -0
150700 37197616.0243877 20545019.5063953 -4164.64226214681 -563.211197077421 100 0.220722121152937 -0
150800 36780180.4060392 20488160.3417761 -4184.12387875297 -574.017256610191 100 0.224858025379394 -0
150900 36360780.3389011 20430206.8498843 -4203.9328002471 -585.099489898957 100 0.229129835595189 -0
151000 35939382.6174454 20371130.8800813 -4224.07859154698 -596.468653924641 100 0.233543944801763 -0
151100 35515953.0600794 20310903.1779121 -4244.57121240543 -608.136074145069 100 0.238107138667684 -0
151200 35090456.4686288 20249493.3263765 -4265.42103827906 -620.113682614212 100 0.242826625391348 -0
151300 34662856.5856697 20186869.6832347 -4286.63888252402 -632.414059209979 100 0.247710068279846 -0
151400 34233116.0495696 20122999.3140234 -4308.2360200155 -645.050476269979 100 0.252765621332322 -0
151500 33801196.3470914 20057847.9204232 -4330.2242122951 -658.036946968027 100 0.258001968151237 -0
151600 33367057.7634014 19991379.7635868 -4352.61573435851 -671.388277801752 100 0.263428364544823 -0
151700 32930659.3293119 19923557.5819955 -4375.42340320497 -685.120125604049 100 0.269054685229513 -0
151800 32491958.7655748 19854342.5033694 -4398.66060827911 -699.249059539072 100 0.27489147509299 -0
151900 32050912.4240311 19783693.950108 -4422.34134394647 -713.792628597692 100 0.280950005537853 -0
152000 31607475.2254046 19711569.5376814 -4446.48024415442 -728.769435168926 100 0.287242336493887 -0
152100 31161600.5935131 19637924.9653355 -4471.09261944247 -744.199215333684 100 0.293781384764921 -0
152200 30713240.3856549 19562713.8984006 -4496.19449647769 -760.102926606791 100 0.300580999466024 -0
152300 30262344.8189065 19485887.8414205 -4521.80266030468 -776.502843943889 100 0.307656045410158 -0
152400 29808862.3920518 19407396.0012291 -4547.93469951291 -793.422664933434 100 0.31502249542286 -0
152500 29352739.8028395 19327185.1390065 -4574.60905453886 -810.887625212538 100 0.322697532701633 -0
152600 28893921.8602443 19245199.4102337 -4601.84506933503 -828.924625281343 100 0.330699664497029 -0
152700 28432351.391382 19161380.191341 -4629.66304665321 -847.56237004677 100 0.339048848578606 -0
152800 27967969.1427052 19075665.8917038 -4658.08430720441 -866.831522606324 100 0.347766634165948 -0
152900 27500713.6750774 18987991.7494769 -4687.13125297259 -886.764873990073 100 0.356876319258304 -0
153000 27030521.2522961 18898289.6095771 -4716.82743497315 -907.397530818839 100 0.366403126593005 -0
153100 26557325.7226052 18806487.681911 -4747.19762575956 -928.767123114657 100 0.376374400810943 -0
153200 26081058.3927063 18712510.2777101 -4778.26789699076 -950.914034822539 100 0.38681982981694 -0
153300 25601647.893747 18616277.5215569 -4810.06570237803 -973.881659978637 100 0.397771693806068 -0
153400 25119020.0387323 18517705.0363738 -4842.61996632987 -997.716687898891 100 0.409265145998634 -0
153500 24633097.6707732 18416703.5982819 -4875.96117860567 -1022.46942127594 100 0.421338529804736 -0
153600 24143800.501558 18313178.7578212 -4910.12149527006 -1048.19413167479 100 0.434033737946297 -0
153700 23651044.9394014 18207030.4235367 -4945.13484620558 -1074.94945762677 100 0.447396620027612 -0
153800 23154743.906206 18098152.403379 -4981.03704938719 -1102.79885135774 100 0.461477446198481 -0
153850 22905235.625042 18042654.7844655 -4999.33320963159 -1117.15509106053 100 0.468804135111733 -0
153900 22654806.6426192 17986431.8986517 -5017.86593202828 -1131.81108115548 100 0.476331435941053 -0
153950 22403445.0048286 17929468.5220813 -5036.64027993325 -1146.77634118915 100 0.484067123607609 -0
154000 22151138.5008626 17871748.9448346 -5055.66145865601 -1162.06079767565 100 0.492019362668172 -0
154050 21897874.6560086 17813256.9500393 -5074.93481982358 -1177.67480597495 100 0.500196731272839 -0
154100 21643640.7242218 17753975.7918517 -5094.4658658393 -1193.62917358788 100 0.508608246868859 -0
154150 21388423.6804734 17693888.1722358 -5114.26025443028 -1209.9351849751 100 0.517263393797744 -0
154200 21132210.212869 17632976.2164608 -5134.32380327548 -1226.60462801661 100 0.526172152946944 -0
154250 20874986.7145333 17571221.4472323 -5154.66249470476 -1243.6498222385 100 0.535345033632934 -0
154300 20616739.2752597 17508604.757365 -5175.2824804565 -1261.0836489448 100 0.544793107909868 -0
154350 20357453.6729193 17445106.3808975 -5196.19008647903 -1278.91958340476 100 0.554528047517114 -0
154400 20097115.3646298 17380705.8625443 -5217.3918177581 -1297.17172925921 100 0.564562163700263 -0
154450 19835709.4776834 17315382.0253667 -5238.89436314855 -1315.85485532458 100 0.574908450163873 -0
154500 19573220.8002321 17249112.9365411 -5260.70460018484 -1334.98443498985 100 0.585580629440528 -0
154550 19309633.7717353 17181875.8710865 -5282.82959983958 -1354.57668841924 100 0.596593202990135 -0
154600 19044932.4731699 17113647.273409 -5305.27663119407 -1374.64862779413 100 0.607961505376053 -0
154650 18779100.6170113 17044402.7165009 -5328.05316597811 -1395.21810584922 100 0.619701762901183 -0
154700 18512121.536991 16974116.8586263 -5351.16688292878 -1416.30386798257 100 0.631831157127939 -0
154750 18243978.177642 16902763.3973047 -5374.62567190915 -1437.92560824641 100 0.644367893751645 -0
154800 17974653.0836458 16830315.0203918 -5398.43763771764 -1460.10402955517 100 0.657331277348081 -0
154850 17704128.3889986 16756743.354036 -5422.6111035069 -1482.86090848078 50 0.670741792573192 -0
154900 17432385.8060177 16682018.9072727 -5447.15461371732 -1506.21916504202 50 0.6846211924574 -0
154950 17159406.6142161 16606111.0129951 -5472.07693641427 -1530.20293793564 50 0.698992594509292 -0
155000 16885171.6490778 16528987.7650165 -5497.38706489948 -1554.83766570282 50 0.71388058542496 -0
155050 16609661.2907733 16450615.9509153 -5523.09421844544 -1580.1501743751 50 0.729311335290993 -0
155100 16332855.4528643 16370960.9803232 -5549.20784197622 -1606.16877220058 50 0.745312722272747 -0
155150 16054733.5710553 16289986.8082867 -5575.73760448887 -1632.92335211445 50 0.761914468896465 -0
155200 15775274.5920595 16207655.8532952 -5602.69339597509 -1660.44550268804 50 0.779148291166156 -0
155250 15494456.9626629 16123928.9095343 -5630.0853225627 -1688.76862836996 50 0.797048061906018 -0
155300 15212258.6190818 16038765.0528754 -5657.92369954959 -1717.92807992041 50 0.815649989889133 -0
155350 14928656.9767297 15952121.5400683 -5686.21904194781 -1747.96129603877 50 0.834992816506138 -0
155400 14643628.920528 15863953.7005495 -5714.98205209109 -1778.90795729518 50 0.855118031946963 -0
155450 14357150.7959208 15774214.8202215 -5744.22360378359 -1810.81015360072 50 0.876070113118525 -0
155500 14069198.4007807 15682856.0164909 -5773.95472237893 -1843.71256658998 50 0.897896785805962 -0
155550 13779746.9784275 15589826.1037837 -5804.18656007396 -1877.66266844656 50 0.920649313909951 -0
155600 13488771.2120192 15495071.4486732 -5834.93036557922 -1912.71093887741 50 0.944382818964099 -0
155650 13196245.2206196 15398535.8136654 -5866.19744718234 -1948.91110214027 50 0.969156633561317 -0
155700 12902142.557302 15300160.188589 -5897.99912804986 -1986.32038625077 50 0.995034692805081 -0
155750 12606436.2097097 15199882.6084207 -5930.34669240982 -2024.99980674669 50 1.02208596846004 -0
155800 12309098.6035677 15097637.9562539 -5963.25132101712 -2065.01447766967 50 1.05038495111799 -0
155850 12010101.6097282 14993357.7499768 -5996.72401401869 -2106.43395274266 50 1.08001218643293 -0
155900 11709416.5554326 14886969.9110674 -6030.77549899599 -2149.33260008089 50 1.11105487232804 -0
155950 11407014.2405966 14778398.5137385 -6065.41612155844 -2193.79001417798 50 1.14360752505583 -0
156000 11102864.9600648 14667563.5124636 -6100.6557153793 -2239.89146936516 50 1.17777272312114 -0
156050 10796938.5329531 14554380.4456979 -6136.5034479891 -2287.72841945386 50 1.21366193937924 -0
156100 10489204.3403974 14438760.1133522 -6172.96763795157 -2337.39904884946 50 1.25139647312553 -0
156150 10179631.3732645 14320608.2253028 -6210.05553821852 -2389.00888107151 50 1.29110849573176 -0
156200 9868188.2916685 14199825.0179029 -6247.77307946474 -2442.67145134219 50 1.33294222539346 -0
156250 9554843.49847198 14076304.8351092 -6286.12456600411 -2498.50905071601 50 1.37705524887537 -0
156300 9239565.22935759 13949935.6704408 -6325.1123154408 -2556.65355012811 50 1.42362001082631 -0
156325 9081191.09580754 13885645.8589633 -6344.84486619004 -2586.6349392632 50 1.44788015461275 -0
156350 8922321.66253848 13820598.6654801 -6364.73623145709 -2617.24731369196 50 1.47282549434322 -0
156375 8762952.96465556 13754778.0719475 -6384.7859389298 -2648.51027468095 50 1.49848254849888 -0
156400 8603081.05177009 13688167.5605113 -6404.99329702807 -2680.44421195971 50 1.52487911998085 -0
156425 8442701.99374362 13620750.0933249 -6425.35737360939 -2713.07034167209 50 1.55204436965429 -0
156450 8281811.88698802 13552508.0913937 -6445.87697275083 -2746.41074637736 50 1.58000889465594 -0
156475 8120406.86137197 13483423.4123919 -6466.55060942667 -2780.48841721599 50 1.6088048117992 -0
156500 7958483.08778877 13413477.3273973 -6487.37648188299 -2815.32729836065 50 1.63846584643487 -0
156525 7796036.78644594 13342650.496485 -6508.3524414907 -2850.95233387851 50 1.66902742715101 -0
156550 7633064.23594242 13270922.9431179 -6529.47595983615 -2887.38951713678 50 1.70052678672256 -0
156575 7469561.78320579 13198274.0272687 -6550.7440927845 -2924.66594288899 50 1.73300306974977 -0
156600 7305525.85436878 13124682.417205 -6572.15344122374 -2962.80986218459 50 1.76649744745503 -0
156625 7140952.96667194 13050126.0598648 -6593.70010816752 -3001.85074025021 50 1.80105324013903 -0
156650 6975839.741488 12974582.1497461 -6615.37965186191 -3041.81931749487 50 1.83671604783127 -0
156675 6810182.91857243 12898027.0962306 -6637.18703450452 -3082.74767379614 50 1.87353388970381 -0
156700 6643979.37165542 12820436.4892581 -6659.11656614376 -3124.66929622718 50 1.91155735285413 -0
156725 6477226.12550155 12741785.0632624 -6681.16184328125 -3167.61915038703 50 1.9508397510995 -0
156750 6309920.37457593 12662046.6592776 -6703.31568165013 -3211.63375549714 50 1.99143729446332 -0
156775 6142059.50346986 12581194.1851179 -6725.57004258723 -3256.75126342669 50 2.03340927007233 -0
156800 5973641.10925376 12499199.5735312 -6747.9159523553 -3303.01154180562 50 2.07681823522108 -0
156825 5804663.02594252 12416033.7382224 -6770.34341370387 -3350.45626137915 50 2.12173022339751 -0
156850 5635123.35127709 12331666.5276378 -6792.84130888188 -3399.12898774776 50 2.16821496409836 -0
156875 5465020.47604636 12246066.6764001 -6815.39729323181 -3449.07527762385 25 2.2163461172948 -0
156900 5294353.11619706 12159201.7542792 -6837.9976784025 -3500.34277971749 25 2.26620152343647 -0
156925 5123120.34800395 12071038.1125824 -6860.62730411566 -3552.98134033913 25 2.31786346990212 -0
156950 4951321.64660112 11981540.8278442 -6883.26939730761 -3607.04311377515 25 2.37141897481699 -0
156975 4778956.92820598 11890673.642698 -6905.9054173427 -3662.58267745036 25 2.42696008915655 -0
157000 4606026.59640194 11798398.9038077 -6928.51488585632 -3719.65715183951 25 2.48458421803961 -0
157025 4432531.5928835 11704677.4967449 -6951.07519963288 -3778.32632502383 25 2.54439446207733 -0
157050 4258473.4531097 11609468.7776944 -6973.56142475586 -3838.65278170685 25 2.60649997958141 -0
157075 4083854.367358 11512730.5018824 -6995.94607008204 -3900.70203640262 25 2.67101637033864 -0
157100 3908677.24772186 11414418.7486267 -7018.19883788895 -3964.54267038523 25 2.73806608152046 -0
157125 3732945.80165206 11314487.8429217 -7040.28634932245 -4030.24647183629 25 2.80777883610589 -0
157150 3556664.61270369 11212890.2734876 -7062.17184202872 -4097.88857844263 25 2.88029208393951 -1.61362554657095e-311
157175 3379839.22921986 11109576.6072334 -7083.81483709139 -4167.54762147149 25 2.95575147520903 -1.74230945844418e-302
157200 3202476.2617582 11004495.4001128 -7105.17077210934 -4239.30587007948 25 3.03431135568881 -2.13047325154239e-293
157225 3024583.49014956 10897593.1043853 -7126.19059694383 -4313.24937428456 25 3.11613528253422 -2.66524578840209e-284
157250 2846169.98116886 10788813.972339 -7146.82032833583 -4389.46810463662 25 3.20139655869806 -3.40207740287833e-275
157275 2667246.21789746 10678099.9565888 -7167.00055924729 -4468.05608615087 25 3.2902787831406 -4.41797853355134e-266
157300 2487824.24196453 10565390.6071278 -7186.66591841643 -4549.11152350373 25 3.3829764128787 -5.81814015505283e-257
157325 2307917.80997231 10450622.9653961 -7205.74447524235 -4632.7369138171 25 3.47969533151668 -7.74294608357893e-248
157350 2127542.56553718 10333731.4557301 -7224.15708473389 -4719.03914255467 25 3.58065341716463 -1.03736232296103e-238
157375 1946716.22851447 10214647.7746815 -7241.81666688388 -4808.12955710088 25 3.68608110050783 -1.39330342484822e-229
157400 1765458.80312077 10093300.7788428 -7258.62741447495 -4900.1240114637 25 3.79622190116155 -1.86756400004402e-220
157425 1583792.80682101 9969616.37199659 -7274.48392300732 -4995.14287420766 25 3.91133292723078 -2.48578480334853e-211
157450 1401743.52200913 9843517.39262329 -7289.27023618801 -5093.31099015132 25 4.03168531908084 -3.26781689854535e-202
157475 1219339.27267666 9714923.50305953 -7302.85880026919 -5194.75758451659 25 4.15756461357908 -4.21786632809484e-193
157500 1036611.72843251 9583751.08191067 -7315.10932051553 -5299.61609605717 25 4.28927099933907 -5.31094164437828e-184
157525 853596.23840268 9449913.12168613 -7325.86751327552 -5408.02392317638 25 4.42711942661391 -6.47804455448053e-175
157550 670332.197696955 9313319.13406319 -7334.9637476042 -5520.12206412803 25 4.57143952725343 -7.59600144631935e-166
157575 486863.449271078 9173875.06569782 -7342.21157123038 -5636.054629032 25 4.72257529035178 -8.49122795515491e-157
157600 303238.72412747 9031483.22810516 -7347.40611700087 -5755.96819758941 25 4.88088442764813 -8.96706210767226e-148
157625 119512.122871099 8886042.24583844 -7350.32238791829 -5880.0109920168 25 5.04673734918053 -8.85767105934393e-139
157650 -64256.3583491333 8737447.02801747 -7350.71342170362 -6008.3318298153 25 5.22051565392517 -8.0963408097059e-130
157675 -248000.254552329 8585588.76920913 -7348.30833968936 -6141.07881555351 25 5.40261002201211 -6.7678293688883e-121
157700 -431646.008511852 8430354.98675623 -7342.81029005784 -6278.39772491109 25 5.59341737450139 -5.10785363680106e-112
157725 -615112.29476934 8271629.60289813 -7333.8943023123 -6420.43002789519 25 5.7933371436702 -3.43241724372336e-103
157750 -798309.289158868 8109293.08143593 -7321.20507878675 -6567.31049157195 25 6.00276647154166 -2.02276134635718e-94
157762.5 -889776.215646925 8026732.3916492 -7313.32563045538 -6642.60836691336 25 6.11116923382417 -4.65071439090502e-90
157775 -981137.882645475 7943222.63024476 -7304.3547604853 -6719.16429604459 25 6.2220941275756 -1.02826553585838e-85
157787.5 -1072380.31267413 7858747.98560731 -7294.23853622807 -6796.99186391574 25 6.33558719469653 -2.18126241805245e-81
157800 -1163488.83974482 7773292.48281423 -7282.92071842241 -6876.10359176337 25 6.45169290864716 -4.42886157190072e-77
157812.5 -1254448.08013504 7686839.99781771 -7270.34269868336 -6956.51079347197 25 6.57045383519789 -8.58576352025393e-73
157825 -1345241.90240188 7599374.27349574 -7256.44344068389 -7038.22342009692 25 6.69191025857426 -1.58505532798807e-68
157837.5 -1435853.39668884 7510878.93772382 -7241.1594259961 -7121.2498919149 25 6.81609977059007 -2.77918902580607e-64
157850 -1526264.84339043 7421337.5236273 -7224.42460567961 -7205.5969173828 25 6.94305682033847 -4.61510074654139e-60
157862.5 -1616457.68125377 7330733.49218153 -7206.17035883559 -7291.26929841224 25 7.07281222201781 -7.23711089560349e-56
157875 -1706412.47501267 7239050.25733466 -7186.32545948475 -7378.26972140644 25 7.20539261851466 -1.06844048045633e-51
157887.5 -1796108.88266749 7146271.213834 -7164.81605327686 -7466.59853356136 25 7.34081989845876 -1.48034746667585e-47
157900 -1885525.62254388 7052379.76794299 -7141.56564569688 -7556.2535040059 25 7.47911056461311 -1.91857088467196e-43
157912.5 -1974640.44028543 6957359.37124049 -7116.49510359817 -7647.22956945049 25 7.62027505167671 -2.31797876768064e-39
157925 -2063430.07595908 6861193.55769742 -7089.52267206435 -7739.51856413087 25 7.76431699187048 -2.60146201031578e-35
157937.5 -2151870.23147838 6763865.98422769 -7060.56400877745 -7833.10893397892 25 7.91123242705917 -2.70210349025912e-31
157950 -2239935.53857792 6665360.4749102 -7029.53223824691 -7927.98543512754 25 8.06100896664864 -2.58763254902592e-27
157962.5 -2327599.52760286 6565661.06907583 -6996.3380284307 -8024.12881706536 25 8.21362489110185 -2.27560793666081e-23
157975 -2414834.59741014 6464752.07344817 -6960.88969245021 -8121.51549100288 25 8.36904820165333 -1.83021363839304e-19
157987.5 -2501611.98671283 6362618.11851789 -6923.09331826191 -8220.11718429794 25 8.52723561768534 -1.34050107199637e-15
158000 -2587901.74723567 6259244.21931794 -6882.85292929355 -8319.90058211812 25 8.68813152427442 -8.90185340129861e-12
158012.5 -2673672.71908834 6154615.84074986 -6840.07067917563 -8420.82695789342 25 8.85166687363685 -5.33535261305057e-08
158025 -2758892.50880275 6048718.96758944 -6794.6470837909 -8522.85179453674 25 9.01775804560817 -0.000287257211103957
158037.5 -2843527.47052118 5941540.17927233 -6746.48129390324 -8625.92439886473 25 9.18630566730303 -1.38259036557293
158050 -2927542.69078938 5833066.72962224 -6695.47134987845 -8729.98743180692 12.5 9.35716583716979 -5919.0839288824
158053.125 -2948445.44763906 5805744.65443412 -6682.26207548937 -8756.15008417154 6.25 9.40004787250952 -46982.5093216074
158056.25 -2969306.63273103 5778340.73567954 -6668.86426668824 -8782.36595910933 3.125 9.44176893556727 -370052.098087259
158059.375 -2990125.63448625 5750854.83505488 -6655.25755712863 -8808.60913153722 3.125 9.47360977990885 -2891969.32194514
158060.9375 -3000519.08694475 5737081.14856852 -6648.34521766518 -8821.70056664943 1.5625 9.47204622622275 -8060583.655013
158062.5 -3010901.64335302 5723287.07392149 -6641.29554680438 -8834.6858999822 1.5625 9.43069128593891 -22420985.8961157
158063.28125 -3016088.74758935 5716382.47071053 -6637.67694916408 -8841.08237918174 1.5625 9.37824249634476 -37364110.1037465
158064.0625 -3021272.98542089 5709472.91529842 -6633.94935767834 -8847.35256919349 1.5625 9.28896832549507 -62231780.8964717
158064.84375 -3026454.24870413 5702558.53713841 -6630.04850944393 -8853.41039108118 1.5625 9.14804013988363 -103588152.215602
158065.625 -3031632.36393692 5695639.55329504 -6625.86780247674 -8859.11285970225 0.78125 8.94918145049309 -172313671.910166
158066.40625 -3036807.04924605 5688716.32629598 -6621.23055363661 -8864.2226743796 0.78125 8.73698075944979 -286414046.892188
158067.1875 -3041977.84325078 5681789.45993546 -6615.84426733486 -8868.34646992422 0.78125 8.74432562576421 -475616056.02232
158067.96875 -3047143.9876477 5674859.95761117 -6609.22551418038 -8870.83324709662 0.78125 9.71323120794568 -788821445.369996
158068.359375 -3049724.95276149 5671394.70198056 -6605.22187871504 -8871.14987763535 0.78125 11.0035824748964 -1015257091.79244
158068.75 -3052304.23394732 5667929.48328944 -6600.57721747566 -8870.60822660329 0.78125 13.1321721873616 -1306021706.75196
158069.140625 -3054881.54688596 5664464.68260477 -6595.11042936482 -8868.96372210003 0.78125 16.3251069148344 -1679012122.05459
158069.53125 -3057456.52705013 5661000.78934994 -6588.5899415733 -8865.90342186806 0.78125 20.8183960335775 -2156874456.9587
158069.921875 -3060028.70744795 5657538.4314654 -6580.72020183482 -8861.02765286621 0.78125 26.8920771613692 -2768119335.85311
158070.3125 -3062597.49047042 5654078.41358693 -6571.1249049371 -8853.8271917441 0.78125 34.9032439709169 -3548404072.94371
158070.703125 -3065162.11245682 5650621.76513572 -6559.32638956995 -8843.65520817664 0.390625 45.3117866778972 -4541939194.12758
158071.09375 -3067721.59937954 5647169.80050833 -6544.72070004991 -8829.6932679052 0.390625 58.7018370171315 -5802915062.3319
158071.484375 -3070274.71188524 5643724.19378581 -6526.54800363072 -8810.91095320867 0.390625 75.8014462004507 -7396742744.95545
158071.875 -3072819.87788223 5640287.07045476 -6503.85848374966 -8786.01923567643 0.390625 97.4998623129729 -9400745082.15444
158072.265625 -3075355.11105329 5636861.11838891 -6475.47463087243 -8753.41881801806 0.390625 124.858568992441 -11903702965.4853
158072.65625 -3077877.91427608 5633449.71953504 -6439.95220917284 -8711.14649924497 0.390625 159.108876412275 -15003351504.7033
158073.046875 -3080385.16821019 5630057.10202908 -6395.54430228709 -8656.82550360968 0.390625 201.624903211869 -18800553989.8359
158073.4375 -3082873.00759806 5626688.50937452 -6340.17591987023 -8587.62990491793 0.390625 253.856371407625 -23388546705.471
158073.828125 -3085336.69151244 5623350.37831634 -6271.44070058808 -8500.27881207417 0.390625 317.201811320291 -28835551023.4085
158074.21875 -3087770.47918932 5620050.50969214 -6186.63588340571 -8391.08233528961 0.390625 392.802036530985 -35159567840.6528
158074.609375 -3090167.53023993 5616798.20678579 -6082.85575045904 -8256.06692244749 0.390625 481.24046181028 -42295848466.9746
158075 -3092519.85628065 5613604.34442677 -5957.16478177015 -8091.20919789381 0.390625 582.156855462772 -50060914496.5458
158075.390625 -3094818.35849969 5610481.32177821 -5806.86610158671 -7892.79990390568 0.390625 693.819352328261 -58122113953.4671
158075.78125 -3097052.98894467 5607442.84712253 -5629.86424239004 -7657.93718700201 0.390625 812.754253097432 -65987246289.2775
158076.171875 -3099213.06755545 5604503.5105504 -5425.09159151264 -7385.1081870632 0.390625 933.587772082881 -73031380471.2284
158076.5625 -3101287.76754363 5601678.1266533 -5192.92897773153 -7074.76481061612 0.390625 1049.27275169676 -78572730486.441
158076.953125 -3103266.74732625 5598980.87599677 -4935.51620307409 -6729.75197957652 0.390625 1151.8123933397 -81993130683.2182
158077.34375 -3105140.86358056 5596424.33363904 -4656.83946972859 -6355.43388822539 0.390625 1233.43343370936 -82874904949.3465
158077.5390625 -3106036.24046312 5595202.08346709 -4511.23171022407 -6159.5898609978 0.390625 1264.36958109341 -82315764293.7586
158077.734375 -3106902.86117989 5594018.52616318 -4362.51845492539 -5959.41177535323 0.390625 1287.94962910537 -81107594197.3136
158077.9296875 -3107740.20386725 5592874.39326499 -4211.57318347964 -5756.08571477377 0.390625 1303.83724273241 -79289956587.6016
158078.125 -3108547.92020283 5591770.1805095 -4059.29539753309 -5550.83464694473 0.390625 1311.9074832783 -76920641698.0427
158078.3203125 -3109325.83809156 5590706.1438888 -3906.58610595243 -5344.8850662443 0.390625 1312.24579663372 -74071949013.926
158078.515625 -3110073.95962493 5589682.30214361 -3754.32417317767 -5139.43475092273 0.390625 1305.13479922474 -70826240054.0369
158078.7109375 -3110792.45461395 5588698.44529672 -3603.34484561015 -4935.62343076707 0.390625 1291.03065212958 -67271213730.5455
158078.90625 -3111481.65022894 5587754.14851039 -3454.42150766679 -4734.50780639145 0.390625 1270.53169225862 -63495339393.9379
158079.1015625 -3112142.01745227 5586848.790314 -3308.25137835615 -4537.04189985567 0.390625 1244.34245257405 -59583810486.2565
158079.296875 -3112774.1551531 5585981.57410585 -3165.44549071423 -4344.06321568853 0.390625 1213.23623624768 -55615272790.8599
158079.6875 -3113956.67141921 5584357.64839363 -2891.9091440313 -3974.29220033994 0.390625 1139.49729355684 -47775745254.6799
158080.078125 -3115035.87165152 5582873.41201419 -2636.85382371921 -3629.38913317196 0.390625 1055.60886110781 -40407489083.2372
158080.46875 -3116019.3407653 5581518.64219941 -2401.93747526349 -3311.66608915612 0.390625 967.138866891887 -33772213570.8353
158080.6640625 -3116477.670928 5580886.43738314 -2292.22487704865 -3163.27686171533 0.390625 922.620167370851 -30770632636.312
158080.859375 -3116915.0762411 5580282.53354443 -2187.65843212793 -3021.85335879253 0.390625 878.521868114117 -27986982007.2885
158081.0546875 -3117332.55537212 5579705.57840663 -2088.16525328803 -2887.3019304114 0.390625 835.205716777859 -25419748124.0494
158081.25 -3117731.0889604 5579154.24318939 -1993.63498607368 -2759.4774827161 0.390625 792.962611128012 -23063341724.7878
158081.4453125 -3118111.63307676 5578627.23159898 -1903.92764608127 -2638.19413752373 0.390625 752.019003021193 -20909175345.1146
158081.640625 -3118475.11413751 5578123.2868395 -1818.88065798977 -2523.23481781846 0.390625 712.544097272289 -18946587376.3522
158081.8359375 -3118822.42510998 5577641.19686418 -1738.31503780789 -2414.35967656101 0.390625 674.657315836722 -17163608572.5227
158082.03125 -3119154.42284112 5577179.7980947 -1662.04071291637 -2311.31335880643 0.390625 638.435633710143 -15547578187.0723
158082.2265625 -3119471.92634337 5576737.9778329 -1589.86101266988 -2213.83113948889 0.390625 603.920513396669 -14085623845.4895
158082.421875 -3119775.71588117 5576314.67557748 -1521.57638771294 -2121.64401418871 0.390625 571.124265184452 -12765022789.951
158082.6171875 -3120066.5327145 5575908.88344073 -1456.98743117487 -2034.48284100303 0.390625 540.035739838571 -11573463209.7875
158082.8125 -3120345.07937079 5575519.64584024 -1395.89728191939 -1952.08164152143 0.390625 510.625319968747 -10499223812.4853
158083.0078125 -3120612.02033247 5575146.05861905 -1338.11349118021 -1874.1801707726 0.390625 482.849218793673 -9531288244.44236
158083.203125 -3120867.9830432 5574787.26772653 -1283.44943103161 -1800.52586232841 0.390625 456.653123329027 -8659408922.32338
158083.59375 -3121349.30588199 5574110.89919301 -1182.7689247906 -1664.99495143313 0.390625 408.748784336969 -7166798148.47399
158083.984375 -3121793.37766839 5573484.64212544 -1092.51051205219 -1543.66558155727 0.390625 366.369926508533 -5955120745.3452
158084.375 -3122204.02793313 5572903.2767886 -1011.45922870516 -1434.88934194742 0.390625 328.950180569293 -4969778798.19329
158084.765625 -3122584.63728773 5572362.19278806 -938.531020607044 -1337.19415149996 0.390625 295.936205016632 -4166412050.8538
158085.15625 -3122938.18755971 5571857.32146273 -872.766807811191 -1249.27663242241 0.390625 266.808940308056 -3509303558.82595
158085.546875 -3123267.30883468 5571385.07233005 -813.322989771013 -1169.98954263173 0.390625 241.094272526449 -2969856023.82291
158085.9375 -3123574.32242995 5570942.27494591 -759.46036999955 -1098.32697672474 0.390625 218.366895683687 -2525242391.32729
158086.328125 -3123861.27944443 5570526.12669116 -710.532740164256 -1033.40903896282 0.390625 198.250021490446 -2157262879.26145
158086.71875 -3124129.9949083 5570134.14647512 -665.975856984344 -974.467000045381 0.390625 180.412721530526 -1851403624.05381
158087.109375 -3124382.07777242 5569764.13404709 -625.297209705362 -920.829490346288 0.390625 164.566064636789 -1596075377.04577
158087.5 -3124618.95708727 5569414.13445324 -588.066761130938 -871.909987744574 0.390625 150.45878050929 -1382005103.96253
158087.890625 -3124841.90476513 5569082.4071137 -553.908712941979 -827.195676273607 0.390625 137.872889776296 -1201753477.36444
158088.28125 -3125052.05532212 5568767.3989878 -522.494268634589 -786.237644885236 0.390625 126.619549908609 -1049333980.99148
158088.671875 -3125250.42297734 5568467.72132012 -493.53532550894 -748.642337322185 0.390625 116.535244520487 -919912968.639329
158089.0625 -3125437.91645529 5568182.12950077 -466.779007582196 -714.064136462471 0.78125 107.478368037737 -809573679.023513
158089.453125 -3125615.35180154 5567909.50562131 -442.002945330295 -682.198957590395 0.78125 99.3262126547188 -715130513.149493
158089.84375 -3125783.46348542 5567648.84335641 -419.011210087254 -652.778727060439 0.78125 91.9723391057942 -633982695.279792
158090.234375 -3125942.9140283 5567399.23484836 -397.630817113703 -625.566630770722 0.78125 85.3242997847103 -563998752.616344
158090.625 -3126094.30236408 5567159.8593145 -377.708719527156 -600.353027642324 0.78125 79.3016773692216 -503425109.290209
158091.015625 -3126238.17111003 5566929.97313645 -359.109224101043 -576.951935028065 0.78125 73.8344012447428 -450813564.416191
158091.40625 -3126375.01290058 5566708.90122394 -341.711768600048 -555.198004557056 0.78125 68.8613056884453 -404963580.899837
158091.796875 -3126505.27591482 5566496.02947583 -325.409008402532 -534.943917768198 0.78125 64.3288967346635 -364876214.061964
158092.578125 -3126747.66442262 5566092.69631601 -295.71461804627 -498.422991033319 0.78125 56.404351518793 -298787358.725196
158093.359375 -3126968.2023281 5565716.04952999 -269.374370095725 -466.493194995887 0.78125 49.7498443011416 -247354419.222494
158094.140625 -3127169.29774938 5565362.79458847 -245.863324449974 -438.431611352006 0.78125 44.1238078040047 -206882286.376808
158094.921875 -3127352.98886862 5565030.14687753 -224.755357398773 -413.650281146517 0.78125 39.3370296762039 -174706346.433901
158095.703125 -3127521.01249473 5564715.73804535 -205.702014456621 -391.667352554375 0.78125 35.2401166743855 -148880795.79254
158096.484375 -3127674.85815864 5564417.54209253 -188.416371681059 -372.08505087828 0.78125 31.7141918122037 -127967759.987748
158097.265625 -3127815.81112694 5564133.81659256 -172.660624145759 -354.57272903449 0.78125 28.6639434270462 -110892731.583088
158098.046875 -3127944.98686183 5563863.05559529 -158.236467591462 -338.853728199243 0.78125 26.0123943754162 -96844213.0204821
158098.828125 -3128063.35882836 5563603.95161948 -144.977588508984 -324.695116776196 0.78125 23.6969371281937 -85203201.1950059
158099.609375 -3128171.78108908 5563355.36476769 -132.74375737469 -311.899619734496 0.78125 21.6663067718918 -75493066.2237908
158100.390625 -3128271.00678448 5563116.29746192 -121.416149631602 -300.299226949808 0.78125 19.8782537783553 -67343533.2005927
158101.171875 -3128361.70334372 5562885.87364483 -110.893613543382 -289.750097765549 1.5625 18.2977425750078 -60464527.2441256
158101.953125 -3128444.46507874 5562663.32155199 -101.089673299526 -280.128473212286 1.5625 16.8955479825825 -54626991.6002185
158102.734375 -3128519.82367057 5562447.9593571 -91.9301068198717 -271.327376816518 1.5625 15.6471547896193 -49648686.5732176
158103.515625 -3128588.25694696 5562239.18314267 -83.3509756265822 -263.253936528838 1.5625 14.5318898216518 -45383581.4141505
158104.296875 -3128650.19626586 5562036.45676333 -75.2970125021027 -255.82719887167 1.5625 13.5322334492271 -41713862.4428758
158105.078125 -3128706.03275478 5561839.30325774 -67.7202939928124 -248.976335431506 1.5625 12.6332704026258 -38543863.321784
158105.859375 -3128756.12260538 5561647.29753452 -60.5791409918388 -242.639163807343 1.5625 11.8222493234921 -35795419.6483406
158106.640625 -3128800.79158341 5561460.06011111 -53.8372029730697 -236.760921891834 1.5625 11.0882276097922 -33404287.6115711
158108.203125 -3128875.040411 5561098.56873794 -41.4277317930805 -226.19332800027 1.5625 9.81478150366526 -29490514.4203383
158109.765625 -3128930.91025843 5560752.5180328 -30.2813537854292 -216.949001745645 1.5625 8.75186710657242 -26475436.2332168
158111.328125 -3128970.24169826 5560420.04835928 -20.234539239148 -208.771687048466 1.5625 7.85358716954521 -24128715.9086302
158112.890625 -3128994.6484699 5560099.65751384 -11.1587638976418 -201.457936296443 1.5625 7.08525213089724 -22284970.2019797
158114.453125 -3129005.56489558 5559790.12752137 -2.95162329146169 -194.84576181526 1.5625 6.42057542745822 -20823290.5246009
158116.015625 -3129004.28123876 5559490.46679897 4.46983463825818 -188.806140427738 1.5625 5.83962869562249 -19653810.8762612
158117.578125 -3128991.96997872 5559199.8639437 11.1741496677102 -183.236513735014 1.5625 5.3273110036169 -18708748.5090715
158119.140625 -3128969.7052098 5558917.65050787 17.2192651357492 -178.05570510794 1.5625 4.87217848532511 -17936334.2565161
158120.703125 -3128938.47684496 5558643.27087448 22.6554023853952 -173.199861113368 1.5625 4.46553728323839 -17296637.5359189
158122.265625 -3128899.20092566 5558376.25785329 27.5271997267292 -168.619151444334 1.5625 4.1007368345756 -16758648.3375562
158123.828125 -3128852.72706006 5558116.21296238 31.8752720531594 -164.275047031678 1.5625 3.77262084014844 -16298200.8461212
158125.390625 -3128799.8437952 5557862.79059368 35.7373142512413 -160.138053656139 3.125 3.47710525879602 -15896464.9460048
