0 314159000 0 -1178.58969411392 225.668635234191 100 0.00403837820768556 -0
100 314041120.833646 22566.8630396681 -1178.99368351044 225.668620718937 200 0.00404141046487691 -0
300 313805241.228246 67700.5774942564 -1179.8025730765 225.668504400485 400 0.00404748823657876 -0
700 313332996.074879 157967.878174998 -1181.42400765197 225.66792076991 800 0.00405969706920886 -0
1500 312386555.146205 338501.307224861 -1184.68159816301 225.665334648994 1600 0.00408432999247053 -0
3100 310485815.38404 699558.110390303 -1191.25647396559 225.654365440045 1600 0.00413447403106068 -0
4700 308574491.139564 1060591.02735941 -1197.91252064241 225.635428412949 1600 0.00418582269097645 -0
6300 306652450.987763 1421587.07342066 -1204.65168880305 225.608226136507 1600 0.00423841802236448 -0
7900 304719560.328606 1782532.77732974 -1211.47599711766 225.572447756893 1600 0.0042923040115986 -0
9500 302775681.275665 2143414.15924973 -1218.38753544797 225.527768260343 1600 0.00434752669236703 -0
11100 300820672.539587 2504216.70747329 -1225.38846815775 225.473847687468 1600 0.00440413426441617 -0
12700 298854389.306113 2864925.3538467 -1232.48103761513 225.410330295461 1600 0.00446217722056904 -0
14300 296876683.108333 3225524.44780898 -1239.66756789988 225.336843664175 1600 0.00452170848269359 -0
15900 294887401.69284 3585997.72895296 -1246.95046873044 225.252997741635 1600 0.00458278354735964 -0
17500 292886388.879406 3946328.29800752 -1254.33223962597 225.15838382422 1600 0.00464546064199309 -0
19100 290873484.413807 4306498.58613244 -1261.81547432065 225.052573466229 1600 0.00470980089241375 -0
20700 288848523.813369 4666490.32240822 -1269.40286544834 224.935117313136 1600 0.00477586850272929 -0
22300 286811338.204787 5026284.49939396 -1277.09720951768 224.805543852255 1600 0.00484373094865301 -0
23900 284761754.153738 5385861.3366157 -1284.9014121992 224.663358073965 1600 0.00491345918541952 -0
25500 282699593.485774 5745200.24183616 -1292.81849394797 224.508040035975 1600 0.00498512787159059 -0
27100 280624673.097925 6104279.76994439 -1300.85159598742 224.339043322409 1600 0.00505881561017461 -0
28700 278536804.76043 6463077.57928974 -1309.00398668218 224.155793388642 1600 0.00513460520863025 -0
30300 276435794.907931 6821570.38526969 -1317.2790683304 223.957685781971 1600 0.00521258395948868 -0
31900 274321444.419448 7179733.91096409 -1325.68038440883 223.744084227149 1600 0.00529284394351182 -0
33500 272193548.386374 7537542.83459035 -1334.21162730675 223.514318564762 1600 0.00537548235750978 -0
35100 270051895.867677 7894970.73353334 -1342.8766465887 223.267682529133 1600 0.00546060186917041 -0
36700 267896269.631432 8251990.02468206 -1351.67945782935 223.003431351077 1600 0.00554831100151274 -0
38300 265726445.881727 8608571.90077973 -1360.62425206823 222.720779169288 1600 0.00563872454986681 -0
39900 263542193.969912 8964686.26246728 -1369.71540593676 222.418896232378 1600 0.0057319640346097 -0
41500 261343276.089064 9320301.64566936 -1378.95749251497 222.096905871655 1600 0.00582815819325735 -0
43100 259129446.950463 9675385.14393896 -1388.35529298134 221.753881222547 1600 0.00592744351592903 -0
44700 256900453.440745 10029902.3253389 -1397.91380912559 221.388841670084 1600 0.00602996482867383 -0
46300 254656034.258291 10383817.1433972 -1407.63827680123 221.000748991107 1600 0.00613587592968404 -0
47900 252395919.527283 10737091.8416278 -1417.53418040311 220.588503162726 1600 0.00624534028402867 -0
49500 250119830.387724 11089686.8510545 -1427.60726846398 220.150937802994 1600 0.00635853178323181 -0
51100 247827478.559523 11441560.6801217 -1437.86357047427 219.686815205779 1600 0.0064756355768093 -0
52700 245518565.87863 11792669.7963073 -1448.30941504083 219.194820927238 1600 0.00659684898377678 -0
53500 244357803.218549 11967923.3939107 -1453.60548005912 218.937938717566 1600 0.00665906202630954 -0
54300 243192783.802886 12142968.4986724 -1458.95144951228 218.673557876296 1600 0.00672238249317575 -0
55100 242023467.355897 12317799.036636 -1464.34820760618 218.401489793791 1600 0.00678683893371503 -0
55900 240849812.885457 12492408.7805704 -1469.79666121809 218.121539854666 1600 0.00685246086382313 -0
56700 239671778.664614 12666791.3450716 -1475.29774065983 217.833507201541 1600 0.00691927880657572 -0
57500 238489322.21253 12840940.1814709 -1480.8524004727 217.537184487644 1600 0.00698732433489626 -0
58300 237302400.274767 13014848.5725403 -1486.46162025598 217.232357617644 1600 0.00705663011638794 -0
59100 236110968.8029 13188509.626986 -1492.12640553055 216.918805476052 1600 0.00712722996045776 -0
59900 234914982.933415 13361916.2737194 -1497.84778863945 216.596299642514 1600 0.00719915886786968 -0
60700 233714396.965887 13535061.2558946 -1503.62682968729 216.264604093223 1600 0.00727245308287284 -0
61500 232509164.340376 13707937.1247013 -1509.46461752054 215.923474887681 1600 0.00734715014806112 -0
62300 231299237.614028 13880536.2329012 -1515.36227075072 215.57265983996 1600 0.0074232889621312 -0
63100 230084568.43684 14052850.7280945 -1521.32093882288 215.211898173554 1600 0.00750090984071776 -0
63900 228865107.526549 14224872.5457036 -1527.3418031317 214.840920158878 1600 0.00758005458049734 -0
64700 227640804.642609 14396593.40166 -1533.42607818768 214.45944673238 1600 0.00766076652676592 -0
65500 226411608.559214 14568004.7847779 -1539.57501283634 214.067189096172 1600 0.00774309064470997 -0
66300 225177467.037327 14739097.9487995 -1545.78989153299 213.663848297013 1600 0.00782707359460679 -0
67100 223938326.795657 14909863.9040958 -1552.07203567641 213.249114783401 1600 0.00791276381120705 -0
67900 222694133.480557 15080293.4090025 -1558.42280500448 212.822667939421 1600 0.00800021158757129 -0
68700 221444831.634766 15250376.9607741 -1564.8435990554 212.38417559394 1600 0.00808946916365219 -0
69500 220190364.664967 15420104.7861347 -1571.33585869795 211.933293503597 1600 0.00818059081993641 -0
70300 218930674.808082 15589466.8314042 -1577.90106773495 211.469664807964 1600 0.00827363297648373 -0
71100 217665703.096262 15758452.7521768 -1584.54075458398 210.992919455102 1600 0.00836865429772673 -0
71900 216395389.320491 15927051.9025276 -1591.25649403979 210.502673595637 1600 0.00846571580342268 -0
72700 215119671.992753 16095253.3237215 -1598.04990912329 209.998528943324 1600 0.00856488098617953 -0
73500 213838488.306684 16263045.7323956 -1604.92267302205 209.480072099919 1600 0.00866621593601117 -0
74300 212551774.096623 16430417.5081872 -1611.87651112791 208.946873842028 1600 0.00876978947241341 -0
75100 211259463.795008 16597356.6807752 -1618.91320317738 208.398488367397 1600 0.00887567328449128 -0
75900 209961490.388001 16763850.9163009 -1626.03458550116 207.834452497966 1600 0.00898394207971138 -0
76700 208657785.36928 16929887.5031334 -1633.24255338933 207.254284836731 1600 0.00909467374189987 -0
77500 207348278.69188 17095453.3369408 -1640.53906357943 206.657484875303 1600 0.00920794949915785 -0
78300 206032898.717998 17260534.9050267 -1647.92613687515 206.043532048749 800 0.00932385410242197 -0
79100 204711572.16665 17425118.2698883 -1655.40586090358 205.411884734072 800 0.00944247601545928 -0
79900 203384224.059057 17589189.0519495 -1662.98039302016 204.761979188359 800 0.00956390761715266 -0
80700 202050777.661646 17752732.4114183 -1670.65196337058 204.093228422338 800 0.00968824541700639 -0
81500 200711154.426545 17915733.029217 -1678.42287811986 203.405021004718 800 0.00981559028488263 -0
82300 199365273.929411 18078175.086925 -1686.29552285961 202.696719792296 800 0.00994604769606778 -0
83100 198013053.804463 18240042.2456755 -1694.27236620522 201.96766058043 800 0.0100797279928654 -0
83900 196654409.676562 18401317.623938 -1702.35596359563 201.217150667972 800 0.0102167466640196 -0
84700 195289255.090154 18561983.7741167 -1710.54896130951 200.444467330309 800 0.0103572246433909 -0
85500 193917501.43492 18722022.6578882 -1718.8541007125 199.648856193558 800 0.0105012886294368 -0
86300 192539057.867925 18881415.6201967 -1727.27422275151 198.829529502398 800 0.0106490714271925 -0
87100 191153831.232065 19040143.3618178 -1735.8122727134 197.985664273328 800 0.0108007123146077 -0
87900 189761725.9706 19198185.910397 -1744.47130526654 197.116400324443 800 0.0109563574352685 -0
88700 188362644.037535 19355522.5898579 -1753.25448980562 196.22083817198 800 0.0111161602197301 -0
89500 186956484.803585 19512131.9880727 -1762.16511612153 195.298036783033 800 0.0112802818378998 -0
90300 185543144.957484 19667991.9226719 -1771.20660041995 194.347011172835 800 0.0114488916851512 -0
91100 184122518.402315 19823079.4048666 -1780.38249171462 193.366729833938 800 0.0116221679051136 -0
91900 182694496.146577 19977370.6011415 -1789.6964786231 192.356111983425 800 0.0118002979523781 -0
92700 181258966.189637 20130840.7926683 -1799.15239659556 191.314024612966 800 0.0119834791986904 -0
93500 179815813.401223 20283464.3322751 -1808.75423560973 190.23927932505 800 0.0121719195865678 -0
94300 178364919.394553 20435214.5987923 -1818.50614836809 189.130628937133 800 0.0123658383346872 -0
95100 176906162.392699 20586063.948583 -1828.41245903675 187.98676383358 800 0.0125654666998502 -0
95900 175439417.087729 20735983.664047 -1838.47767256899 186.806308043328 800 0.0127710488008434 -0
96700 173964554.492134 20884943.8988684 -1848.70648466045 185.587815018891 800 0.0129828425100869 -0
97500 172481441.782034 21032913.6197588 -1859.1037923875 184.329763089894 800 0.0132011204196127 -0
98300 170989942.131564 21179860.5444229 -1869.67470558505 183.030550561456 800 0.0134261708886353 -0
99100 169489914.537859 21325751.0754504 -1880.42455902566 181.688490424688 800 0.0136582991808006 -0
99900 167981213.635943 21470550.2298084 -1891.35892546786 180.301804643012 800 0.0138978287001143 -0
100700 166463689.502804 21614221.5635809 -1902.48362964807 178.868617974115 800 0.0141451023355983 -0
101500 164937187.449884 21756727.0915648 -1913.80476329859 177.386951282915 800 0.0144004839258951 -0
102300 163401547.803098 21898027.2012962 -1925.32870128179 175.854714295968 800 0.014664359856381 -0
103100 161856605.669483 22038080.561039 -1937.0621189406 174.26969774213 800 0.0149371408028558 -0
103900 160302190.689426 22176844.0212205 -1949.01201077551 172.629564817977 800 0.0152192636376062 -0
104700 158738126.773395 22314272.5087455 -1961.18571057031 170.931841909336 800 0.0155111935155952 -0
105500 157164231.821939 22450318.9135661 -1973.59091310169 169.173908492181 800 0.0158134261607697 -0
106300 155580317.427632 22584933.9668149 -1986.2356975829 167.352986126979 800 0.0161264903750383 -0
107100 153986188.557523 22718066.1097393 -1999.12855300834 165.466126450091 800 0.0164509507953988 -0
107900 152381643.214482 22849661.3525927 -2012.27840558468 163.510198053989 800 0.0167874109280592 -0
108700 150766472.075705 22979663.1225443 -2025.69464845549 161.481872134439 800 0.0171365164922649 -0
109500 149140458.106435 23108012.099569 -2039.38717395057 159.377606767297 800 0.0174989591110003 -0
110300 147503376.146799 23234646.0391596 -2053.36640861838 157.193629659794 800 0.0178754803908844 -0
111100 145854992.469404 23359499.5805709 -2067.64335133124 154.92591920078 800 0.0182668764395387 -0
111500 145026486.988021 23421237.3738675 -2074.89706698423 153.759333949806 800 0.0184684174102551 -0
111900 144195064.305057 23482504.0391387 -2082.2296147864 152.570183611549 800 0.0186740028756389 -0
112300 143360692.578116 23543290.4345076 -2089.64254966078 151.357885731091 800 0.0188837499995609 -0
112700 142523339.334038 23603587.1811662 -2097.13747077764 150.12183796789 800 0.0190977803948102 -0
113100 141682971.450869 23663384.6552515 -2104.71602320427 148.861417243055 800 0.019316220332642 -0
113500 140839555.139165 23722672.9793726 -2112.37989963113 147.575978842384 800 0.0195392009641402 -0
113900 139993055.922581 23781442.0137694 -2120.13084217848 146.264855472471 800 0.0197668585541673 -0
114300 139143438.617723 23839681.3470838 -2127.97064428798 144.927356266981 800 0.0199993347287406 -0
114700 138290667.313228 23897380.286723 -2135.90115270408 143.562765740006 800 0.0202367767367327 -0
115100 137434705.34803 23954527.8487933 -2143.92426955034 142.170342683171 800 0.0204793377268642 -0
115500 136575515.288778 24011112.7475801 -2152.04195450596 140.749319002947 800 0.0207271770410324 -0
115900 135713058.906358 24067123.3845514 -2160.25622708856 139.298898494329 800 0.0209804605251005 -0
116300 134847297.151484 24122547.8368561 -2168.56916904914 137.818255546798 800 0.0212393608583612 -0
116700 133978190.129307 24177373.8452916 -2176.98292688605 136.306533778153 800 0.0215040579029841 -0
117100 133105697.072992 24231588.8017087 -2185.4997144849 134.762844591474 800 0.0217747390748629 -0
117500 132229776.31621 24285179.7358239 -2194.12181589206 133.186265650118 800 0.0220515997373929 -0
117900 131350385.2645 24338133.3014038 -2202.85158822972 131.575839265273 800 0.0223348436198348 -0
118300 130467480.365427 24390435.7617864 -2211.69146476135 129.93057069014 800 0.0226246832620568 -0
118700 129581017.07749 24442072.9747001 -2220.64395811663 128.249426314394 800 0.0229213404875997 -0
119100 128690949.837697 24493030.3763398 -2229.71166368598 126.531331752031 800 0.0232250469071693 -0
119500 127797232.027758 24543292.9646549 -2238.89726319518 124.775169815185 800 0.0235360444548465 -0
119900 126899815.938799 24592845.2818037 -2248.20352847173 122.9797783659 800 0.0238545859594945 -0
120300 125998652.734538 24641671.3957214 -2257.63332541511 121.143948037187 800 0.024180935754067 -0
120700 125093692.412823 24689754.8807502 -2267.18961818419 119.266419813976 800 0.0245153703257529 -0
121100 124184883.765456 24737078.7972707 -2276.87547361606 117.345882463817 800 0.024858179010156 -0
121500 123272174.336194 24783625.670275 -2286.69406589157 115.380969806301 800 0.0252096647329978 -0
121900 122355510.376837 24829377.4668125 -2296.64868146413 113.370257809274 800 0.0255701448031443 -0
122300 121434836.801284 24874315.5722376 -2306.74272426943 111.312261498867 800 0.0259399517611102 -0
122700 120510097.137451 24918420.7651819 -2316.97972123543 109.205431669256 400 0.0263194342875772 -0
123100 119581233.47692 24961673.1911676 -2327.36332811327 107.048151376832 400 0.0267089581768905 -0
123500 118648186.422182 25004052.3347734 -2337.89733565153 104.838732202094 400 0.0271089073809677 -0
123900 117710895.031346 25045536.9902541 -2348.58567613798 102.57541026111 400 0.0275196851295773 -0
124300 116769296.760151 25086105.2305133 -2359.43243033517 100.256341946718 400 0.0279417151335205 -0
124700 115823327.401113 25125734.3743137 -2370.44183483825 97.8795993778505 400 0.0283754428778949 -0
125100 114872921.019654 25164400.9516052 -2381.61828988571 95.4431655333398 400 0.0288213370133293 -0
125500 113918009.886995 25202080.6668394 -2392.96636765659 92.9449290443691 400 0.0292798908538749 -0
125900 112958524.409637 25238748.3601276 -2404.49082109051 90.3826786172709 400 0.029751623991121 -0
126300 111994393.055199 25274377.9660895 -2416.19659326991 87.7540970556609 400 0.0302370840350896 -0
126700 111025542.274384 25308942.4702246 -2428.08882740749 85.0567548478868 400 0.030736848493566 -0
127100 110051896.418822 25342413.8626256 -2440.17287748579 82.288103282424 400 0.0312515268027508 -0
127500 109073377.65452 25374763.0888364 -2452.45431959982 79.4454670501302 400 0.0317817625235018 -0
127900 108089905.870618 25405959.9976418 -2464.93896405863 76.526036288127 400 0.0323282357189754 -0
128300 107101398.583152 25435973.285554 -2477.63286830658 73.5268580154606 400 0.0328916655312173 -0
128700 106107770.833468 25464770.4377427 -2490.54235073104 70.4448269055329 400 0.0334728129762007 -0
129100 105108935.080921 25492317.6651322 -2503.67400542938 67.2766753345329 400 0.0340724839790084 -0
129500 104104801.089472 25518579.8373614 -2517.03471801544 64.0189626386395 400 0.0346915326733367 -0
129900 103095275.807731 25543520.411276 -2530.63168255297 60.6680635055334 400 0.0353308649922937 -0
130300 102080263.241985 25567101.3545912 -2544.47241971279 57.2201554176268 400 0.0359914425806351 -0
130700 101059664.321708 25589283.0643261 -2558.56479625968 53.6712050552829 400 0.0366742870621698 -0
131100 100033376.756988 25610024.2795755 -2572.91704598591 50.0169535580031 400 0.0373804847001375 -0
131500 99001294.8872633 25629281.9881384 -2587.53779222036 46.2529005299491 400 0.0381111914929982 -0
131900 97963309.520728 25647011.3264764 -2602.43607205578 42.3742866630451 400 0.038867638753344 -0
132300 96919307.7636683 25663165.4724225 -2617.62136245147 38.3760748360548 400 0.0396511392236677 -0
132700 95869172.8389573 25677695.529998 -2633.10360838587 34.2529295311847 400 0.0404630937896043 -0
133100 94812783.8928467 25690550.4056299 -2648.89325325256 29.9991943906409 400 0.0413049988591459 -0
133500 93750015.7891154 25701676.6749872 -2665.00127171419 25.6088677137921 400 0.0421784544853801 -0
133900 92680738.8895459 25711018.4395661 -2681.43920525345 21.075575670777 400 0.0430851733207075 -0
134300 91604818.8195972 25718517.1720633 -2698.21920068696 16.3925429800357 400 0.0440269905024898 -0
134700 90522116.2180303 25724111.5494655 -2715.35405193896 11.5525607647898 400 0.0450058745839305 -0
135100 89432486.4691176 25727737.2726646 -2732.85724540649 6.54795126626735 400 0.0460239396400277 -0
135500 88335779.4159274 25729326.8712695 -2750.74300928723 1.37052904866831 400 0.0470834586970406 -0
135900 87231839.0530152 25728809.4921299 -2769.02636728621 -3.98844171843327 400 0.0481868786555498 -0
136300 86120503.1966805 25726110.6699114 -2787.72319716895 -9.53829437148768 400 0.0493368369024151 -0
136700 85001603.1307458 25721152.0778582 -2806.85029468686 -15.2890117952946 400 0.0505361798364162 -0
137100 83874963.2255936 25713851.2566529 -2826.42544346809 -21.251284009828 400 0.0517879835669089 -0
137300 83308683.9583261 25709295.5394117 -2836.38688327154 -24.3153027194066 400 0.0524345879727652 -0
137500 82740400.5278899 25704121.3189845 -2846.46749153967 -27.4365720018373 400 0.0530955770854983 -0
137700 82170088.8482497 25698316.9897217 -2856.66980435449 -30.6166565716797 400 0.0537714108050017 -0
137900 81597724.3184585 25691870.6273267 -2866.99643525688 -33.8571786182128 400 0.0544625682581222 -0
138100 81023281.8068589 25684769.9770962 -2877.4500783349 -37.1598204729564 400 0.0551695487942482 -0
138300 80446735.6346525 25677002.4416133 -2888.03351146434 -40.5263274273814 400 0.0558928730425314 -0
138500 79868059.5588048 25668555.0678595 -2898.74959971037 -43.9585107107783 400 0.056633084035195 -0
138700 79287226.7542534 25659414.5337163 -2909.60129889993 -47.458250639019 400 0.0573907484017454 -0
138900 78704209.7953827 25649567.1338171 -2920.59165937491 -51.0274999457762 400 0.0581664576393062 -0
139100 78118980.6367306 25638998.7647144 -2931.72382993729 -54.66828730867 400 0.0589608294647377 -0
139300 77531510.5928842 25627694.9093219 -2943.00106199767 -58.3827210837955 400 0.0597745092546813 -0
139500 76941770.3175261 25615640.6205859 -2954.42671393993 -62.1729932631561 400 0.0606081715802008 -0
139700 76349729.7815837 25602820.5043433 -2966.00425571527 -66.0413836706986 400 0.0614625218432701 -0
139900 75755358.2504366 25589218.7013145 -2977.7372736801 -69.9902644139222 400 0.0623382980229956 -0
140100 75158624.2601299 25574818.8681783 -2989.62947569321 -74.0221046094283 400 0.0632362725401563 -0
140300 74559495.5925415 25559604.1576736 -3001.68469648871 -78.1394754023033 400 0.0641572542494216 -0
140500 73957939.2494451 25543557.1976659 -3013.90690334264 -82.3450553008964 400 0.0651020905694468 -0
140700 73353921.4254097 25526660.0691124 -3026.30020205227 -86.6416358503804 400 0.0660716697619869 -0
140900 72747407.4794692 25508894.2828581 -3038.86884324881 -91.0321276704933 400 0.067066923372196 -0
141100 72138361.9054956 25490240.7551838 -3051.61722906551 -95.5195668850527 400 0.0680888288434215 -0
141300 71526748.3011998 25470679.7820282 -3064.54992018512 -100.107121973258 400 0.0691384123210584 -0
141500 70912529.3356839 25450191.0117936 -3077.67164329244 -104.798101075446 400 0.0702167516614269 -0
141700 70295666.7154594 25428753.4166428 -3090.98729895961 -109.595959788907 400 0.0713249796631778 -0
141900 69676121.1488429 25406345.2621843 -3104.50196999425 -114.504309492565 400 0.0724642875404445 -0
142100 69053852.3086334 25382944.0754365 -3118.22093028266 -119.526926242919 400 0.0736359286588664 -0
142300 68428818.7929683 25358526.610951 -3132.14965416314 -124.667760287528 400 0.07484122255772 -0
142500 67800978.0842484 25333068.8149686 -3146.29382636737 -129.930946246711 200 0.0760815592837541 -0
142700 67170286.5060153 25306545.7874661 -3160.65935257067 -135.320814018888 200 0.0773584040649504 -0
142900 66536699.1776531 25278931.7419454 -3175.25237059581 -140.841900470357 200 0.0786733023553598 -0
143100 65900169.9667803 25250199.962801 -3190.07926231838 -146.498961976178 200 0.0800278852854432 -0
143300 65260651.4391871 25220322.7600874 -3205.14666632618 -152.296987885409 200 0.0814238755560061 -0
143500 64618094.8061591 25189271.421495 -3220.46149138948 -158.241214991235 200 0.0828630938179252 -0
143700 63972449.8690223 25157016.1613235 -3236.03093080391 -164.337143094638 200 0.0843474655844696 -0
143900 63323664.9607253 25123526.0662263 -3251.86247767338 -170.590551759342 200 0.0858790287281953 -0
144100 62671686.8842663 25088769.0374743 -3267.96394120639 -177.007518365838 200 0.0874599416202135 -0
144300 62016460.8477515 25052711.7294707 -3284.34346410554 -183.594437583637 200 0.0890924919761964 -0
144500 61357930.3958601 25015319.4842175 -3301.00954113768 -190.358042393504 200 0.0907791064808847 -0
144700 60696037.3374689 24976556.2614115 -3317.97103898004 -197.305426805674 200 0.0925223612712335 -0
144900 60030721.6691713 24936384.5638126 -3335.2372174465 -204.444070435895 200 0.0943249933678024 -0
145100 59361921.4944041 24894765.3574973 -3352.81775220826 -211.781865119121 200 0.0961899131547393 -0
145300 58689572.9378698 24851657.9865689 -3370.72275913394 -219.327143760798 200 0.0981202180209056 -0
145500 58013610.0549185 24807020.0818547 -3388.96282038632 -227.088711648431 200 0.10011920728857 -0
145700 57333964.7355209 24760807.4630755 -3407.54901242628 -235.075880471836 200 0.102190398571914 -0
145900 56650566.602438 24712974.0339165 -3426.49293608958 -243.298505329523 200 0.104337545725661 -0
146100 55963342.9031514 24663471.6693729 -3445.80674891862 -251.767025031638 200 0.106564658564787 -0
146300 55272218.3950863 24612250.0946769 -3465.50319994972 -260.492506047292 200 0.108876024559954 -0
146500 54577115.2236128 24559256.7550382 -3485.59566717741 -269.486690486696 200 0.111276232740506 -0
146700 53877952.7922665 24504436.6753491 -3506.09819793966 -278.762048557037 200 0.113770200068133 -0
146900 53174647.6245779 24447732.3089093 -3527.02555249423 -288.331835986425 200 0.116363200580394 -0
147100 52467113.2168425 24389083.3741247 -3548.39325108464 -298.21015697364 200 0.119060897644961 -0
147300 51755259.881102 24328426.67801 -3570.21762482653 -308.4120332941 200 0.121869379713725 -0
147500 51038994.5775348 24265695.9251977 -3592.51587078127 -318.953480275929 200 0.12479520002192 -0
147700 50318220.7353812 24200821.5109964 -3615.30611162399 -329.851590456176 200 0.127845420742594 -0
147900 49592838.0614365 24133730.2968753 -3638.60746035868 -341.124625838139 200 0.131027662182778 -0
148100 48862742.3350562 24064345.3665508 -3662.44009058395 -352.792119799024 200 0.134350157696554 -0
148300 48127825.1885058 23992585.7606273 -3686.82531287054 -364.874989845919 200 0.137821815094373 -0
148500 47387973.871373 23918366.1874901 -3711.78565787634 -377.39566259085 200 0.141452285450398 -0
148700 46643070.9976252 23841596.7078519 -3737.34496689764 -390.378212517034 200 0.145252040353864 -0
148900 45892994.2737491 23762182.3900183 -3763.52849063735 -403.848516343617 200 0.149232458820929 -0
149100 45137616.2062426 23680022.9325501 -3790.3629970643 -417.834425071571 200 0.153405925285519 -0
149200 44757897.8279737 23637880.8629418 -3804.03317744756 -425.030021377782 200 0.155569223529611 -0
149300 44376803.7864998 23595012.2505034 -3817.87688933524 -432.36595610972 200 0.157785940328244 -0
149400 43994316.5382896 23551402.856426 -3831.89795979797 -439.84635521141 200 0.160057958220006 -0
149500 43610418.1511927 23507038.0211892 -3846.10033491048 -447.475508303052 200 0.162387246086644 -0
149600 43225090.2923052 23461902.6477867 -3860.48808448453 -455.257876883704 200 0.164775864039938 -0
149700 42838314.2153492 23415981.1841082 -3875.06540702857 -463.198103031897 200 0.167225968638236 -0
149800 42450070.7475456 23369257.6044241 -3889.83663494623 -471.301018639786 200 0.169739818458502 -0
149900 42060340.2759542 23321715.3899187 -3904.80623998728 -479.571655219308 200 0.172319780052066 -0
150000 41669102.7332555 23273337.5082129 -3919.97883896466 -488.015254322053 200 0.174968334314809 -0
150100 41276337.5829467 23224106.3918113 -3935.35919975271 -496.637278618056 200 0.177688083305307 -0
150200 40882023.8039236 23174003.9154079 -3950.95224758227 -505.443423682527 200 0.180481757547602 -0
150300 40486139.8744169 23123011.3719743 -3966.76307164929 -514.439630543779 200 0.183352223858633 -0
150400 40088663.755252 23071109.4475531 -3982.79693205479 -523.632099050184 200 0.186302493744213 -0
150500 39689572.8723964 23018278.1946715 -3999.05926709483 -533.027302119097 200 0.189335732411545 -0
150600 39288844.0987609 22964497.0042821 -4015.55570092051 -542.632000936213 200 0.192455268450981 -0
150700 38886453.7352147 22909744.576134 -4032.292051589 -552.453261179988 200 0.195664604244808 -0
150800 38482377.4907747 22853998.8874667 -4049.2743395281 -562.498470352479 200 0.198967427166588 -0
150900 38076590.461928 22797237.1599115 -4066.50879643789 -572.775356305406 200 0.202367621640888 -0
151000 37669067.1110394 22739435.824477 -4084.00187465465 -583.292007058458 200 0.205869282140314 -0
151100 37259781.2438003 22680570.4844834 -4101.7602570035 -594.05689201593 200 0.209476727204592 -0
151200 36848705.985665 22620615.8763009 -4119.79086716797 -605.07888469782 200 0.213194514575202 -0
151300 36435813.7572242 22559545.8277336 -4138.10088060601 -616.367287112618 200 0.217027457548847 -0
151400 36021076.2484576 22497333.2138783 -4156.69773604392 -627.931855911348 200 0.220980642663958 -0
151500 35604464.3918071 22433949.9102726 -4175.58914758103 -639.782830476087 100 0.225059448846663 -0
151600 35185948.3340077 22369366.7431309 -4194.7831174401 -651.930963111363 100 0.229269568156346 -0
151700 34765497.406609 22303553.4364475 -4214.28794939989 -664.387551523744 100 0.233617028286298 -0
151800 34343080.0951183 22236478.5557299 -4234.11226294826 -677.16447379373 100 0.238108216992215 -0
151900 33918664.0066909 22168109.4481004 -4254.26500819605 -690.274226065034 100 0.242749908640769 -0
152000 33492215.836288 22098412.1784828 -4274.75548159366 -703.729963199783 100 0.247549293092313 -0
152100 33063701.3312225 22027351.4615641 -4295.59334249394 -717.545542674319 100 0.252514007156538 -0
152200 32633085.2540036 21954890.5891919 -4316.78863060674 -731.735572019622 100 0.257652168887784 -0
152300 32200331.3433891 21880991.3528367 -4338.35178439177 -746.315460143207 100 0.262972415018294 -0
152400 31765402.2735503 21805613.9607126 -4360.29366043775 -761.301472906241 100 0.268483941863521 -0
152500 31328259.6112468 21728716.94911 -4382.62555387659 -776.710793371063 100 0.274196550074213 -0
152600 30888863.770907 21650257.0874518 -4405.35921988199 -792.56158718096 100 0.280120693656255 -0
152700 30447173.9675016 21570189.276533 -4428.50689630151 -808.873073586645 100 0.286267533731821 -0
152800 30003148.1670954 21488466.4393519 -4452.08132747049 -825.665602693265 100 0.292648997575486 -0
152900 29556743.0349575 21405039.4038798 -4476.09578925441 -842.960739568922 100 0.299277843527538 -0
153000 29107913.8811027 21319856.7770462 -4500.56411536308 -860.781355931733 100 0.306167732465273 -0
153100 28656614.6031371 21232864.809144 -4525.50072497574 -879.151730218696 100 0.313333306603184 -0
153200 28202797.626274 21144007.2477713 -4550.92065170955 -898.097656937682 100 0.320790276496434 -0
153300 27746413.8403852 21053225.1803327 -4576.83957395481 -917.646566315343 100 0.328555517241209 -0
153400 27287412.5339486 20960456.8640128 -4603.27384658867 -937.827655380946 100 0.336647175002968 -0
153500 26825741.3247577 20865637.5420185 -4630.24053406258 -958.672031771329 100 0.345084785162525 -0
153600 26361346.0872523 20768699.244743 -4657.75744483863 -980.212871708309 100 0.35388940355383 -0
153700 25894170.8763421 20669570.5743579 -4685.84316712251 -1002.4855937903 100 0.363083752480881 -0
153800 25424157.8475942 20568176.4711569 -4714.51710580704 -1025.52805045853 100 0.372692383449521 -0
153900 24951247.1736722 20464437.9597842 -4743.79952049617 -1049.38073924985 100 0.382741858839322 -0
154000 24475376.9569248 20358271.873248 -4773.71156442366 -1074.087036238 100 0.393260955078933 -0
154100 23996483.1380498 20249590.552369 -4804.27532401085 -1099.69345440011 100 0.404280890284173 -0
154200 23514499.400783 20138301.5180168 -4835.5138587186 -1126.24993003292 100 0.415835579782896 -0
154300 23029357.072606 20024307.1131561 -4867.4512407372 -1153.81014079236 100 0.427961923497351 -0
154400 22540985.0215182 19907504.1113387 -4900.1125939169 -1182.43185945273 100 0.44070012979961 -0
154500 22049309.5489837 19787783.2878409 -4933.52413116505 -1212.17734808966 100 0.454094081218083 -0
154600 21554254.2792565 19665028.9491393 -4967.71318931266 -1243.11379810105 100 0.468191748277012 -0
154650 21305434.5929731 19602476.1623113 -4985.10814654861 -1259.05109870783 100 0.475520697998928 -0
154700 21055740.0453718 19539118.4157739 -5002.70826016455 -1275.31382228929 100 0.483045658827192 -0
154750 20805160.2852912 19474939.1896967 -5020.51727631301 -1291.91198298469 100 0.490773996313195 -0
154800 20553684.7723895 19409921.4533428 -5038.53901614427 -1308.85600632395 100 0.498713431494723 -0
154850 20301302.7733843 19344047.6439777 -5056.77737615833 -1326.15675030272 100 0.506872061805738 -0
154900 20048003.3582809 19277299.6446923 -5075.23632837597 -1343.8255277462 100 0.515258383433711 -0
154950 19793775.3965955 19209658.7610739 -5093.91992030153 -1361.87413005269 100 0.523881315239518 -0
155000 19538607.5535873 19141105.6966531 -5112.83227464641 -1380.31485241549 100 0.532750224365165 -0
155050 19282488.2865109 19071620.5270513 -5131.9775887786 -1399.1605206294 100 0.541874953665922 -0
155100 19025405.8409029 19001182.6727446 -5151.36013385898 -1418.42451959678 100 0.551265851115857 -0
155150 18767348.2469221 18929770.8703587 -5170.98425362032 -1438.12082365762 100 0.560933801349424 -0
155200 18508303.315759 18857363.1423977 -5190.85436273909 -1458.26402887817 100 0.57089025951685 -0
155250 18248258.6361394 18783936.7653073 -5210.97494474426 -1478.86938744386 100 0.581147287647604 -0
155300 17987201.5709447 18709468.2357625 -5231.35054939965 -1499.95284431464 100 0.591717593734599 -0
155350 17725119.2539777 18633933.2350617 -5251.98578948875 -1521.53107631371 100 0.602614573771924 -0
155400 17461998.5869064 18557306.5915022 -5272.88533692153 -1543.6215338357 100 0.613852357001257 -0
155450 17197826.2364203 18479562.2406012 -5294.05391807266 -1566.2424853757 100 0.625445854646765 -0
155500 16932588.6316419 18400673.1830139 -5315.49630824853 -1589.41306509826 100 0.637410812445586 -0
155550 16666271.9618387 18320611.4399934 -5337.21732516767 -1613.15332368424 100 0.649763867311205 -0
155600 16398862.1744887 18239348.0062207 -5359.22182132358 -1637.48428271415 100 0.662522608500502 -0
155650 16130344.9737582 18156852.7998212 -5381.51467508235 -1662.4279928694 100 0.675705643692344 -0
155700 15860705.8194606 18073094.6093691 -5404.10078034772 -1688.00759625765 100 0.689332670426779 -0
155750 15589929.9265713 17988041.037666 -5426.9850346042 -1714.24739319563 50 0.703424553399542 -0
155800 15318002.2653848 17901658.4420614 -5450.17232512373 -1741.17291381264 50 0.718003408157401 -0
155850 15044907.5624137 17813911.871064 -5473.66751309269 -1768.81099487048 50 0.733092691796217 -0
155900 14770630.3021376 17724764.9969728 -5497.47541538313 -1797.18986223139 50 0.748717301326423 -0
155950 14495154.7297299 17634180.0442341 -5521.6007836549 -1826.33921944455 50 0.764903680440394 -0
156000 14218464.8549027 17542117.7132054 -5546.04828043259 -1856.29034296456 50 0.781679935493989 -0
156050 13940544.4570327 17448537.0989809 -5570.82245175208 -1887.07618456244 50 0.799075961601117 -0
156100 13661377.0917488 17353395.6049047 -5595.92769591566 -1918.73148154056 50 0.817123579836758 -0
156150 13380946.0991914 17256648.8503629 -5621.36822783043 -1951.29287541952 50 0.835856686651458 -0
156200 13099234.6141764 17158250.5724164 -5647.14803833056 -1984.79903982609 50 0.855311416720352 -0
156250 12816225.5785332 17058152.5207914 -5673.27084779978 -2019.29081837824 50 0.875526320583643 -0
156300 12531901.7559199 16956304.345708 -5699.74005331245 -2054.81137343678 50 0.89654255858477 -0
156350 12246245.7494617 16852653.4779809 -5726.55866839936 -2091.40634667214 50 0.91840411277914 -0
156400 11959240.0226069 16747145.0007737 -5753.7292544151 -2129.1240324819 50 0.941158018672017 -0
156450 11670866.923648 16639721.5123385 -5781.25384233395 -2168.01556538814 50 0.964854618851374 -0
156500 11381108.7144203 16530322.9790107 -5809.13384362886 -2208.13512264529 50 0.989547840812279 -0
156550 11089947.6037608 16418886.5776652 -5837.3699486879 -2249.54014339859 50 1.01529550152645 -0
156600 10797365.7863955 16305346.526771 -5865.96201099126 -2292.29156585044 50 1.04215964159641 -0
156650 10503345.4880139 16189633.9051045 -5894.90891500353 -2336.4540840172 50 1.07020689215131 -0
156700 10207869.0174063 16071676.4570997 -5924.20842542427 -2382.09642579167 50 1.09950887799318 -0
156750 9910918.82665914 15951398.3837245 -5953.85701507823 -2429.29165416562 50 1.13014266089207 -0
156800 9612477.58055498 15828720.1176753 -5983.8496683054 -2478.11749361141 50 1.16219122735732 -0
156850 9312528.23648959 15703558.0815791 -6014.17965622111 -2528.6566837694 50 1.19574402568404 -0
156900 9011054.13641577 15575824.4277817 -6044.8382796452 -2580.99736273584 50 1.23089755758874 -0
156950 8708039.11254864 15445426.75818 -6075.81457483332 -2635.2334823891 50 1.26775603030822 -0
157000 8403467.60883026 15312267.8224342 -6107.0949763659 -2691.46525832538 50 1.30643207563811 -0
157050 8097324.8204552 15176245.1927629 -6138.6629306422 -2749.79965708864 50 1.3470475430307 -0
157100 7789596.85411255 15037250.9133854 -6170.49845236589 -2810.35092346244 50 1.38973437454651 -0
157150 7480270.91201036 14895171.1225407 -6202.57761516772 -2873.24115062851 50 1.4346355701504 -0
157200 7169335.50322698 14749885.6448684 -6234.87196606031 -2938.60089596551 50 1.48190625253984 -0
157250 6856780.68648994 14601267.5518028 -6267.34785172369 -3006.56984513579 50 1.53171484136359 -0
157275 6699893.38505124 14525667.1467922 -6283.64174288389 -3041.57909374565 50 1.5576274335477 -0
157300 6542598.34914559 14449182.6874406 -6299.96564264655 -3077.29752680057 50 1.58424434729932 -0
157325 6384894.9029939 14371796.1911601 -6316.31351687419 -3113.74549926249 50 1.61159097252872 -0
157350 6226782.52775673 14293489.1576179 -6332.67883877781 -3150.94408015104 50 1.63969379686596 -0
157375 6068260.87429268 14214242.5505507 -6349.05455312443 -3188.9150794824 50 1.66858045812575 -0
157400 5909329.77684446 14134036.7788935 -6365.4330377683 -3227.68107605298 50 1.69827979925009 -0
157425 5749989.2677225 14052851.6772046 -6381.80606229711 -3267.26544605598 50 1.72882192581008 -0
157450 5590239.59306061 13970666.4853641 -6398.16474356822 -3307.69239251141 50 1.76023826614357 -0
157475 5430081.22972474 13887459.8275274 -6414.49949789223 -3348.98697548048 50 1.7925616341984 -0
157500 5269514.90346168 13803209.6903137 -6430.79998960196 -3391.17514302498 50 1.82582629514224 -0
157525 5108541.60838171 13717893.4002114 -6447.05507572456 -3434.28376285947 50 1.86006803378858 -0
157550 4947162.62787627 13631487.6001849 -6463.25274645263 -3478.34065462966 50 1.89532422587394 -0
157575 4785379.55707971 13543968.2254671 -6479.38006108673 -3523.37462273297 50 1.93163391220318 -0
157600 4623194.32699281 13455310.478525 -6495.42307909659 -3569.41548957816 50 1.96903787565765 -0
157625 4460609.23039467 13365488.8031913 -6511.36678592193 -3616.49412915746 50 2.00757872103341 -0
157650 4297626.9496795 13274476.8579525 -6527.19501310541 -3664.64250077865 50 2.04730095764382 -0
157675 4134250.58676558 13182247.4883947 -6542.89035232035 -3713.89368277393 50 2.0882510845807 -0
157700 3970483.69523454 13088772.6988087 -6558.43406282448 -3764.28190596763 50 2.13047767848049 -0
157725 3806330.31487178 12994023.6229648 -6573.80597183765 -3815.84258664416 50 2.17403148358446 -0
157750 3641795.00879143 12897970.4940716 -6588.98436730733 -3868.6123587118 50 2.21896550381437 -0
157775 3476882.90334316 12800582.6139451 -6603.94588248932 -3922.62910470472 50 2.26533509650403 -0
157800 3311599.73101322 12701828.3214221 -6618.66537173482 -3977.93198520501 50 2.31319806733257 -0
157825 3145951.87654734 12601674.9600614 -6633.11577683672 -4034.5614661972 50 2.36261476589299 -0
157850 2979946.42654005 12500088.8451943 -6647.26798325066 -4092.55934378865 25 2.41364818119852 -0
157875 2813591.22275265 12397035.2303956 -6661.09066546813 -4151.96876563895 25 2.46636403627532 -0
157900 2646894.91944017 12292478.2734684 -6674.55012078246 -4212.83424833883 25 2.5208308808106 -0
157925 2479867.04498761 12186381.0020539 -6687.61009065378 -4275.20168986228 25 2.57712018061595 -0
157950 2312518.06817563 12078705.279002 -6700.23156884701 -4339.11837608336 25 2.63530640242262 -0
157975 2144859.4694169 11969411.7676645 -6712.37259549011 -4404.63298019911 25 2.69546709224313 -0
158000 1976903.81732622 11858459.8973061 -6723.98803617893 -4471.79555373034 25 2.75768294520764 -0
158025 1808664.85100904 11745807.82886 -6735.0293452427 -4540.65750758085 25 2.82203786440663 -0
158050 1640157.56847558 11631412.4213001 -6745.44431228368 -4611.27158142036 25 2.88861900583795 -1.56327285515695e-310
158075 1471398.32160977 11515229.1989445 -6755.17679111823 -4683.69179941428 25 2.95751680605836 -2.81381609694544e-302
158100 1302404.9181433 11397212.3200596 -6764.16641027934 -4757.97341005291 25 3.02882498856975 -5.07395251465502e-294
158125 1133196.73110589 11277314.5471932 -6772.34826429692 -4834.17280753016 25 3.10264054431935 -8.91641922153676e-286
158150 963794.81624123 11155487.2197343 -6779.65258505783 -4912.34743178561 25 3.17906368095322 -1.52055915677087e-277
158175 794222.037894063 11031680.2292705 -6786.00439266977 -4992.55564395095 25 3.25819773462321 -2.50517330327758e-269
158200 624503.203886318 10905841.9984065 -6791.32312541987 -5074.85657353133 25 3.34014903720097 -3.96840625769165e-261
158225 454665.209907855 10777919.4637968 -6795.52224863961 -5159.30993320095 25 3.42502673068872 -6.01342004757301e-253
158250 284737.193948581 10647858.0642626 -6798.50884257423 -5245.97579660159 25 3.51294251942848 -8.66939931734906e-245
158275 114750.70129187 10515601.7349777 -6800.18316972025 -5334.91433400107 25 3.60401034939204 -1.18221299959667e-236
158300 -55260.1394278521 10381092.9088495 -6800.43822255358 -5426.18550009942 25 3.69834600237985 -1.51548272253219e-228
158325 -225258.428630493 10244272.526368 -6799.15925314162 -5519.84866766645 25 3.7960665913677 -1.81420110434259e-220
158350 -395204.296231569 10105080.0553623 -6796.22328683409 -5615.96220006283 25 3.89728994152186 -2.01390868639883e-212
158375 -565054.689757494 9963453.52228702 -6791.49862308224 -5714.58295504743 25 4.00213383956777 -2.05756239001362e-204
158400 -734763.149861769 9819329.55685714 -6784.8443274683 -5815.76571162119 25 4.1107151322685 -1.91933137650101e-196
158425 -904279.573086002 9672643.45206618 -6776.10972026348 -5919.56251102208 25 4.22314865278223 -1.62079595760189e-188
158450 -1073549.96186047 9523329.24185057 -6765.13386830098 -6026.02190239424 25 4.33954595167694 -1.2278499895172e-180
158475 -1242516.1619297 9371319.79890742 -6751.74508868034 -6135.18808314204 25 4.46001380745896 -8.26425120103364e-173
158500 -1411115.58762592 9216546.95542775 -6735.76047483894 -6247.09992359327 25 4.58465248972349 -4.89144002845401e-165
158525 -1579280.93570542 9058941.64976939 -6716.98545786263 -6361.78986539193 25 4.71355374659333 -2.51822905056792e-157
158550 -1746939.88881697 8898434.10235835 -6695.21341858299 -6479.28268309296 25 4.84679848715291 -1.11463013819226e-149
158575 -1914014.81009777 8734954.02436656 -6670.22536903816 -6599.59409882651 25 4.98445412933049 -4.18968800792652e-142
158600 -2080422.43089786 8568430.86295756 -6641.78972526083 -6722.72924074428 25 5.12657158440832 -1.31995091290541e-134
158625 -2246073.53422941 8398794.08710774 -6609.66219708572 -6848.68093737981 25 5.2731818513864 -3.43736592510337e-127
158650 -2410872.63722924 8225973.51818198 -6573.58582470302 -6977.42784219365 25 5.4242921981925 -7.29113252614993e-120
158675 -2574717.676719 8049899.70955045 -6533.29119595061 -7108.93238559597 25 5.57988191268811 -1.24023520142478e-112
158700 -2737499.70285209 7870504.3795521 -6488.49688272534 -7243.13855582254 25 5.73989761509841 -1.66421155951324e-105
158725 -2899102.58685059 7687720.90201206 -6438.91013923511 -7379.96951537431 25 5.90424813547571 -1.73129178457092e-98
158750 -3059402.74995475 7501484.85827129 -6384.2279088778 -7519.32506650515 25 6.07279897569915 -1.37103520720966e-91
158775 -3218268.92192303 7311734.65424777 -6324.13819001246 -7661.07898763295 25 6.24536639591706 -8.10763538395395e-85
158800 -3375561.93871032 7118412.20537923 -6258.32181338699 -7805.07627269783 25 6.42171119078358 -3.50869761743328e-78
158825 -3531134.59028812 6921463.69135028 -6186.45468501411 -7951.13031747861 25 6.60153225171327 -1.08800667262982e-71
158850 -3684831.53090709 6720840.38123782 -6108.2105472571 -8099.02011069198 25 6.78446004781013 -2.36468267220598e-65
158875 -3836489.26538072 6516499.52807267 -6023.26430712276 -8248.48750318686 25 6.97005019987287 -3.52043369759928e-59
158900 -3985936.22611175 6308405.32977439 -5931.29597351544 -8399.23464537663 25 7.15777736815398 -3.5054901883404e-53
158925 -4132992.9564921 6096529.95094332 -5831.99523371061 -8550.92170065556 25 7.34702972386512 -2.27783543827286e-47
158950 -4277472.41686918 5880854.59708027 -5725.06668281172 -8703.16496007446 25 7.53710432441339 -9.41638573876601e-42
158975 -4419180.42935085 5661370.62946445 -5610.23569783364 -8855.53549983222 25 7.72720375964069 -2.41277615526283e-36
158987.5 -4488932.65430409 5550200.77322114 -5549.77823921875 -8931.62192206382 25 7.82198731487007 -1.01235379903322e-33
159000 -4557916.27724458 5438080.70521773 -5487.25491990899 -9007.55853651166 25 7.91643447631706 -3.73136336393467e-31
159012.5 -4626105.31289921 5325012.7106128 -5422.64023208699 -9083.27886489247 25 8.01041859802291 -1.20406898664901e-28
159025 -4693473.47318579 5210999.92300245 -5355.91127388893 -9158.7136448321 25 8.1038072162137 -3.39004630508539e-26
159037.5 -4759994.20128708 5096046.35883151 -5287.04798994285 -9233.79089545252 25 8.19646220960827 -8.29941971614361e-24
159050 -4825640.70875119 4980156.95086244 -5216.03341481578 -9308.43600274286 25 8.28824000956367 -1.76073179624787e-21
159062.5 -4890386.01564483 4863337.58044786 -5142.85391770177 -9382.57182579557 25 8.37899186290431 -3.22595625560222e-19
159075 -4954202.99376326 4745595.10833942 -5067.49944649784 -9456.11882487021 25 8.46856414993568 -5.08702280379994e-17
159087.5 -5017064.41287687 4626937.40375538 -4989.96376923537 -9528.99521210103 25 8.55679875971363 -6.880750019206e-15
159100 -5078942.98996781 4507373.37141916 -4910.24471066436 -9601.11712548949 25 8.64353352412647 -7.95630959101091e-13
159112.5 -5139811.44138132 4386912.97627517 -4828.34438163164 -9672.39882661898 25 8.72860271174581 -7.83865544405207e-11
159125 -5199642.53778639 4265567.26558374 -4744.26939875644 -9742.75292229697 25 8.81183758171787 -6.55831758091727e-09
159137.5 -5258409.16180815 4143348.38809608 -4658.03109179243 -9812.09061007005 25 8.89306699720061 -4.64463467057431e-07
159150 -5316084.36816128 4020269.6100127 -4569.64569597894 -9880.32194727204 25 8.97211809701324 -2.77542952468985e-05
159162.5 -5372641.44607972 3896345.32743495 -4479.13452663134 -9947.35614295761 25 9.04881702325751 -0.00139497819035827
159175 -5428053.98380336 3771591.07502913 -4386.52413320475 -10013.1018717448 25 9.12298970161561 -0.0587941127854089
159187.5 -5482295.93484784 3646023.53063758 -4291.8464300671 -10077.46760819 12.5 9.19446266685457 -2.071741666391
159200 -5535341.68574714 3519660.51559585 -4195.13880057521 -10140.3619782397 12.5 9.26306384139983 -60.8580772588653
159212.5 -5587166.12485874 3392520.99070446 -4096.44415419402 -10201.6940816423 25 9.3286213759393 -1486.17714100374
159225 -5637744.71039015 3264625.05139603 -3995.81058607156 -10261.372887979 12.5 9.3909273070234 -30090.4428904957
159231.25 -5662559.30751203 3200400.02422907 -3944.78219103509 -10290.5613850833 12.5 9.42070018857617 -126105.589776205
159237.5 -5687053.51177229 3135993.98884487 -3893.2850482599 -10319.2908503585 6.25 9.44919418150834 -503821.104458752
159240.625 -5699179.55021757 3103724.01466713 -3867.35969594139 -10333.4709621925 6.25 9.46268846755626 -989050.707512039
159243.75 -5711224.38396733 3071409.93768286 -3841.31337062002 -10347.5141238896 6.25 9.47534794641702 -1918307.48299765
159246.875 -5723187.62672475 3039052.2149804 -3815.14007830668 -10361.3997061741 6.25 9.48668547559444 -3675838.96007397
159250 -5735068.86522731 3006651.39129173 -3788.8279851872 -10375.0906205634 3.125 9.49589155406274 -6958442.39641089
159253.125 -5746867.63447475 2974208.16911155 -3762.35481997661 -10388.5201254437 3.125 9.5017277723905 -13012450.1878848
159256.25 -5758583.37380881 2941723.53406847 -3735.67992803049 -10401.5687926936 3.125 9.50263281503257 -24036076.4388142
159259.375 -5770215.35017185 2909198.97596936 -3708.7307464325 -10414.0248972474 3.125 9.49777765210272 -43850744.7862395
159260.9375 -5775999.62015781 2892922.41883071 -3695.1165897604 -10419.9236511848 3.125 9.49405269581265 -58950891.0259893
159262.5 -5781762.5259513 2876636.87306034 -3681.38014944224 -10425.5173682824 3.125 9.4914395667932 -78999718.2166459
159264.0625 -5787503.85370731 2860342.88206358 -3667.49091682019 -10430.7165443764 3.125 9.49361779437415 -105527691.478454
159265.625 -5793223.33499201 2844041.14966565 -3653.40914373743 -10435.4041828256 3.125 9.50774169607155 -140505285.955366
159267.1875 -5798920.63040363 2827732.58897981 -3639.08325853911 -10439.4279223027 1.5625 9.54699667161136 -186456796.301695
159268.75 -5804595.30866556 2811418.38511317 -3624.44663340383 -10442.5901286547 1.5625 9.63465689505741 -246598211.27939
159270.3125 -5810246.82007587 2795100.07522594 -3609.41356993575 -10444.6355130558 1.5625 9.81006416867221 -325001558.496208
159271.875 -5815874.46297901 2778779.65018583 -3593.8743567726 -10445.2357867679 1.5625 10.1363564187293 -426786664.952509
159273.4375 -5821477.34169087 2762459.68285405 -3577.68924700852 -10443.9708298957 1.5625 10.7081874190281 -558338441.743358
159275 -5827054.31407436 2746143.48885758 -3560.68121114554 -10440.3058576635 1.5625 11.6553932865138 -727542827.787732
159276.5625 -5832603.9267583 2729835.3264617 -3542.62735325406 -10433.5641442021 1.5625 13.1382597196377 -944026378.491991
159278.125 -5838124.33586588 2713540.64271206 -3523.24894900095 -10422.8950572844 1.5625 15.3353758582674 -1219371834.12642
159279.6875 -5843613.21114754 2697266.37313553 -3502.20019518609 -10407.2375343888 1.5625 18.432734624103 -1567263343.38598
159281.25 -5849067.62171031 2681021.30161989 -3479.0559791945 -10385.2797804588 1.5625 22.6220611818709 -2003489015.9957
159282.8125 -5854483.90226519 2664816.4851229 -3453.29931710126 -10355.4170021976 1.5625 28.1067820562541 -2545694773.33954
159284.375 -5859857.50019432 2648665.74389543 -3424.309606642 -10315.7105345825 1.5625 35.1077630118854 -3212744200.0265
159285.9375 -5865182.80603751 2632586.21106484 -3391.35352267555 -10263.8538637287 1.5625 43.862403912844 -4023501440.52623
159287.5 -5870452.97350653 2616598.92473434 -3353.58124520915 -10197.153822984 1.5625 54.6141303506931 -4994833828.23899
159289.0625 -5875659.74009443 2600729.43034042 -3310.03168596709 -10112.5384586842 1.5625 67.5909703839891 -6138655695.50364
159290.625 -5880793.26581213 2585008.34053182 -3259.65128752642 -10006.6061979562 1.5625 82.9723845257371 -7457945632.6525
159292.1875 -5885842.01520029 2569471.77517086 -3201.33146114431 -9875.73294087655 1.5625 100.844422298397 -8941913399.65409
159293.75 -5890792.71548434 2554161.57825001 -3133.96926431534 -9716.25284058375 1.5625 121.145576968222 -10560900213.8736
159294.53125 -5893226.68939028 2546605.98656269 -3096.57489975888 -9624.69155550271 1.5625 132.133342120698 -11405511123.1599
159295.3125 -5895630.429579 2539125.18760485 -3056.55381627855 -9524.72261718502 1.5625 143.60967389004 -12262137321.6712
159296.09375 -5898001.84606879 2531725.8857742 -3013.81217501745 -9416.00704878134 1.5625 155.501290886511 -13120282357.8031
159296.875 -5900338.78331109 2524415.02754117 -2968.27664785986 -9298.26632680285 1.5625 167.71724347559 -13968016268.3864
159297.65625 -5902639.03781288 2517199.74904445 -2919.89849660399 -9171.29561799721 1.5625 180.149023919198 -14792189105.4554
159298.4375 -5904900.37889172 2510087.31344779 -2868.65748122859 -9034.97665503629 1.5625 192.671475908554 -15578744266.7497
159299.21875 -5907120.57235216 2503085.03858214 -2814.56539534441 -8889.2896188841 0.78125 205.144597663453 -16313129052.5261
159300 -5909297.40670867 2496200.21591504 -2757.66901338905 -8734.32334272206 0.78125 217.416281155885 -16980790588.7552
159300.78125 -5911428.72141108 2489440.02243036 -2698.05223513471 -8570.28314362474 0.78125 229.325962854819 -17567735253.8426
159301.5625 -5913512.43636706 2482811.42752994 -2635.83723153559 -8397.49563384241 0.78125 240.70908351858 -18061120247.18
159302.34375 -5915546.58191645 2476321.09753764 -2571.18443319164 -8216.40996895917 1.5625 251.402173608327 -18449838380.8109
159303.125 -5917529.32830869 2469975.30074973 -2504.29125797945 -8027.59515425549 1.5625 261.248306558027 -18725052976.6355
159303.90625 -5919459.01368026 2463779.81619095 -2435.38954452187 -7831.73324460141 1.5625 270.102604886107 -18880640021.1244
159304.6875 -5921334.16953391 2457739.84926857 -2364.74173762505 -7629.60852086682 1.5625 277.837453439079 -18913499992.7607
159306.25 -5924916.11358557 2446143.9879902 -2219.38012373736 -7210.12874989046 1.5625 289.551172712738 -18614514743.6451
159307.8125 -5928268.00731535 2435215.39067478 -2070.70978224527 -6776.85250134246 1.5625 295.862397646336 -17865374055.2758
159309.375 -5931386.7178338 2424969.25747919 -1921.3371380262 -6337.93643306916 1.5625 296.69858075299 -16744488356.4909
159310.9375 -5934273.12639526 2415408.12276067 -1773.76049119191 -5901.32910979582 1.5625 292.416500339825 -15355888265.2842
159312.5 -5936931.8141907 2406522.65019495 -1630.19206485808 -5474.192399177 3.125 283.709416790334 -13811147950.1585
159313.28125 -5938178.07411856 2402327.49978261 -1560.49292714189 -5266.09366820187 1.5625 277.973327203486 -13013156663.5549
159314.0625 -5939370.51258484 2398293.2068762 -1492.43707344232 -5062.49224166213 1.5625 271.476943171402 -12213553630.3177
159314.84375 -5940510.4750475 2394416.04707861 -1426.17738079995 -4863.9127534945 1.5625 264.342983295108 -11422223610.2996
159315.625 -5941599.41495073 2390691.92158775 -1361.83756670905 -4670.78936651386 1.5625 256.691486301646 -10647549396.6278
159316.40625 -5942638.87137755 2387116.4268553 -1299.51339930047 -4483.46872056538 0.78125 248.6371480743 -9896399613.88758
159317.1875 -5943630.44786348 2383684.92122334 -1239.27443427472 -4302.21464438462 0.78125 240.287273171033 -9174180709.81036
159317.96875 -5944575.79272497 2380392.58733861 -1181.16613239055 -4127.21417964014 0.78125 231.740320715534 -8484936958.18804
159318.75 -5945476.58114621 2377234.48948749 -1125.21222181909 -3958.58449191209 0.78125 223.084994355935 -7831482929.97677
159319.53125 -5946334.49916759 2374205.62531099 -1071.41718565245 -3796.38028821881 0.78125 214.399806492505 -7215554591.69032
159320.3125 -5947151.229633 2371300.97163443 -1019.76877388054 -3640.60141655815 0.78125 205.753037028365 -6637967497.13983
159321.09375 -5947928.44008226 2368515.5243769 -970.240459187558 -3491.20038329581 0.78125 197.20300473377 -6098773066.86905
159321.875 -5948667.77251965 2365844.33268819 -922.79377540626 -3348.08958403371 0.78125 188.798572952034 -5597406413.1522
159322.65625 -5949370.83494898 2363282.52759876 -877.380495323635 -3211.14809921275 0.78125 180.579818892686 -5132821379.42756
159323.4375 -5950039.19453771 2360825.34556433 -833.944620103089 -3080.22795487768 0.78125 172.578805486997 -4703610320.11874
159324.21875 -5950674.37225666 2358468.14734845 -792.424165580215 -2955.15979061409 0.78125 164.820405375111 -4308107615.25198
159325 -5951277.83883416 2356206.43271723 -752.752741071763 -2835.7579103835 0.78125 157.323137076992 -3944477006.90095
159325.78125 -5951851.01186354 2354035.85142939 -714.860924266392 -2721.82471816726 0.78125 150.099983101936 -3610783602.174
159326.5625 -5952395.25390799 2351952.2109947 -678.677441509212 -2613.15455971146 0.78125 143.15916829762 -3305051865.76785
159327.34375 -5952911.87145573 2349951.48165218 -644.130166673803 -2509.53700517214 0.78125 136.504883949199 -3025311182.72715
159328.125 -5953402.11458967 2348029.79898814 -611.146954172703 -2410.75961609717 0.78125 130.137948999454 -2769630664.83021
159328.90625 -5953867.17724848 2346183.46457831 -579.656322812896 -2316.61024492535 0.78125 124.056404347395 -2536144850.45854
159329.6875 -5954308.19796921 2344408.9449999 -549.588007447247 -2226.87891693054 0.78125 118.256039638879 -2323071848.03451
159330.46875 -5954726.26101464 2342702.86952035 -520.873394956609 -2141.35934407078 0.78125 112.730854452329 -2128725328.337
159331.25 -5955122.39780118 2341062.02673162 -493.445860227498 -2059.85011817426 0.78125 107.473457477623 -1951521604.53143
159332.03125 -5955497.58855499 2339483.36036302 -467.241016633223 -1982.1556278378 0.78125 102.475408348945 -1789982867.05136
159332.8125 -5955852.76413467 2337963.96447221 -442.196894210478 -1908.0867397452 0.78125 97.7275073674162 -1642737474.50531
159333.59375 -5956188.80796885 2336501.07818396 -418.254057345137 -1837.46128115008 0.78125 93.2200385605797 -1508518048.28462
159334.375 -5956506.55806553 2335092.08011871 -395.355672409653 -1770.10435624247 0.78125 88.9429714771521 -1386157981.14455
159335.15625 -5956806.80905768 2333734.48262951 -373.447534477757 -1705.84852519431 0.78125 84.886126887772 -1274586850.09604
159335.9375 -5957090.3142564 2332425.92594436 -352.478061010659 -1644.53387096414 1.5625 81.0393112210429 -1172825121.42483
159336.71875 -5957357.78768843 2331164.17229304 -332.398259280598 -1586.00797550423 1.5625 77.3924241581737 -1079978449.55701
159337.5 -5957609.90609984 2329947.10008183 -313.161673280275 -1530.12582388725 1.5625 73.935543373119 -995231800.270336
159338.28125 -5957847.31091191 2328772.6981661 -294.72431496206 -1476.74965206858 1.5625 70.6589899664528 -917843570.693875
159339.0625 -5958070.61011845 2327639.06025943 -277.044583855321 -1425.74875151989 1.5625 67.5533777153911 -847139831.806227
159339.84375 -5958280.38011688 2326544.37950858 -260.083178417673 -1376.99924179578 1.5625 64.6096488614822 -782508782.016415
159340.625 -5958477.16746781 2325486.94325558 -243.803001878137 -1330.38382020712 1.5625 61.8190987894725 -723395471.317717
159341.40625 -5958661.49057958 2324465.12800186 -228.169064818214 -1285.79149614747 1.5625 59.1733916159934 -669296832.986659
159342.1875 -5958833.84131607 2323477.3945839 -213.148386301508 -1243.11731622661 1.5625 56.6645684087319 -619757042.664848
159342.96875 -5958994.68652714 2322522.28356552 -198.709894994774 -1202.26208518213 1.5625 54.2850494928956 -574363211.833879
159343.75 -5959144.46950226 2321598.41084857 -184.824331414555 -1163.13208654021 1.5625 52.0276320712799 -532741413.304784
159344.53125 -5959283.61134841 2320704.46350087 -171.464152176043 -1125.63880615717 1.5625 49.8854841839068 -494553029.654087
159345.3125 -5959412.51229426 2319839.19579824 -158.603436907309 -1089.69866107293 1.5625 47.8521358607203 -459491410.955385
159346.09375 -5959531.55292279 2319001.42547565 -146.217798316149 -1055.23273552564 1.5625 45.9214681728876 -427278825.188655
159346.875 -5959641.09533502 2318190.03018131 -134.284295752852 -1022.16652549714 1.5625 44.0877007628321 -397663682.977463
159347.65625 -5959741.48424762 2317403.94412678 -122.781352495221 -990.429692765672 1.5625 42.3453783262237 -370418017.483908
159348.4375 -5959833.04802746 2316642.15492515 -111.6886768879 -959.955829121973 1.5625 40.6893564293451 -345335200.149139
159349.21875 -5959916.09966597 2315903.70060944 -100.987187392729 -930.682231146828 1.5625 39.1147869701133 -322227873.31028
159350 -5959990.9376966 2315187.66682271 -90.658941547271 -902.549685740755 1.5625 37.6171035279662 -300926081.399673
159351.5625 -5960117.09989826 2313819.42579071 -71.0557069758338 -849.487143544169 1.5625 34.8354504407516 -263136332.213359
159353.125 -5960213.6653083 2312530.97234605 -52.7557554436431 -800.356825306045 1.5625 32.3129522712175 -230894217.173244
159354.6875 -5960282.58346891 2311316.4548515 -35.6501766351833 -754.791256627145 1.5625 30.0217718718806 -203314276.672934
159356.25 -5960325.6438456 2310170.56488113 -19.642726046789 -712.461809299725 1.5625 27.9372704760066 -179663220.252761
159357.8125 -5960344.4944641 2309088.48008804 -4.64837963180939 -673.074231011233 1.5625 26.0376338190906 -159332250.338187
159359.375 -5960340.65842876 2308065.81363575 9.40793613373887 -636.364705345171 1.5625 24.3035349314858 -141814600.546527
159360.9375 -5960315.5485802 2307098.56940593 22.5924593145084 -602.096389472207 1.5625 22.7178329978934 -126687294.237445
159362.5 -5960270.48051878 2306183.10227591 34.9635724054573 -570.056378780075 1.5625 21.2653064967754 -113596313.813196
159364.0625 -5960206.68419057 2305316.08283673 46.572665560517 -540.053050859629 1.5625 19.9324182102522 -102244525.106813
159365.625 -5960125.31420424 2304494.46599354 57.4649003372405 -511.913745042321 1.5625 18.7071094314168 -92381827.6070097
159367.1875 -5960027.45902204 2303715.46295584 67.6798897478941 -485.482737616346 1.5625 17.5786206512146 -83797104.2290946
159368.75 -5959914.14914413 2302976.51618411 77.2523090144731 -460.619476651898 1.5625 16.5373360847182 -76311627.6914294
159370.3125 -5959786.36438412 2302275.27691315 86.2124500313879 -437.197043877771 1.5625 15.5746495310187 -69773647.7538749
159371.875 -5959645.04031471 2301609.5849207 94.5867311260764 -415.100814193588 1.5625 14.6828492095254 -64053937.607939
159373.4375 -5959491.07394489 2300977.45025367 102.39817224211 -394.227286155914 1.5625 13.8550193523463 -59042121.0894447
159375 -5959325.32867621 2300377.03666408 109.666844115662 -374.483059167943 1.5625 13.0849564446228 -54643637.1832524
159376.5625 -5959148.63857274 2299806.64654319 116.410298344755 -355.783935188325 1.5625 12.3670980907702 -50777226.1930879
159378.125 -5958961.81197063 2299264.70717514 122.64398344661 -338.054124634353 1.5625 11.6964625507571 -47372844.3123118
159379.6875 -5958765.63444631 2298749.75816233 128.381650069411 -321.225537880572 1.5625 11.0685970505309 -44369931.2398504
159381.25 -5958560.87115917 2298260.43990194 133.635746506971 -305.237145442112 1.5625 10.4795330415524 -41715969.8017061
159382.8125 -5958348.26858418 2297795.48301861 138.417803625479 -290.03439167277 1.5625 9.92574668479504 -39365287.9505995
159384.375 -5958128.55565322 2297353.69868014 142.738806347908 -275.568648674808 1.5625 9.40412298082428 -37278062.5750038
159385.9375 -5957902.44432921 2296933.96974253 146.609547074737 -261.796699157352 1.5625 8.91192217037485 -35419491.7005236
159387.5 -5957670.62964613 2296535.24268646 150.040954983206 -248.680239206106 1.5625 8.44674729189986 -33759107.2823645
159389.0625 -5957433.78925783 2296156.52031965 153.044394173064 -236.185394311713 3.125 8.00651209602474 -32270205.1811014
159390.625 -5957192.58255018 2295796.85522793 155.631923226201 -224.28224448099 3.125 7.58940886385923 -30929372.3585882
159392.1875 -5956947.6493825 2295455.3439625 157.81650899522 -212.944356723078 3.125 7.19387603022966 -29716094.0674547
159393.75 -5956699.60853493 2295131.12195165 159.6121883537 -202.148325534967 3.125 6.81856584186432 -28612426.0452305
159395.3125 -5956449.05594685 2294823.35912263 161.034173189035 -191.87332407143 3.125 6.46231255195285 -27602718.6413203
159396.875 -5956196.56283751 2294531.25621365 162.098895994296 -182.100670343329 3.125 6.12410183802024 -26673381.5423654
159398.4375 -5955942.6738021 2294254.04174852 162.823995859181 -172.813413939208 3.125 5.80304221110587 -25812679.4189626
159400 -5955687.90497488 2293990.969637 163.228247271136 -163.995949340479 3.125 5.49833915513148 -25010550.4498285
159401.5625 -5955432.7423452 2293741.31735463 163.331436695974 -155.633661880763 3.125 5.20927260525318 -24258441.3021077
159403.125 -5955177.64030249 2293504.38464661 163.154194197129 -147.712611817497 3.125 4.9351781653874 -23549153.7350846
159404.6875 -5954923.02047369 2293279.49269261 162.717789188229 -140.219260919864 3.125 4.67543221070213 -22876699.5001786
159406.25 -5954669.2709012 2293065.98366354 162.043900657618 -133.140244551146 3.125 4.42944075808314 -22236161.5711922
159407.8125 -5954416.74559261 2292863.22059787 161.154372781441 -126.462190580358 3.125 4.19663175244957 -21623560.8953461
159409.375 -5954165.76445667 2292670.58752448 160.070966745609 -120.171584749513 3.125 3.97645023773219 -21035728.7601491
159410.9375 -5953916.61362341 2292487.48976079 158.815118880821 -114.254680492761 3.125 3.76835577615102 -20470185.4998149
159412.5 -5953669.54613124 2292313.35431922 157.407713983749 -108.697449772905 3.125 3.57182145234235 -19925026.6177646
159414.0625 -5953424.78295164 2292147.63036133 155.868881090604 -103.485570358115 3.125 3.38633384241413 -19398817.5041796
159415.625 -5953182.51431168 2291989.78964686 154.217817141286 -98.6044441589207 3.125 3.21139342540623 -18890497.8237342
159417.1875 -5952942.90126788 2291839.3269336 152.472642075774 -94.039240798068 3.125 3.04651504438043 -18399296.3947095
159418.75 -5952706.07748072 2291695.76029335 150.650287075087 -89.7749604768239 3.125 2.89122816418274 -17924657.035941
159420.3125 -5952472.15113765 2291558.63131838 148.766416005873 -85.7965103891254 3.125 2.74507680386149 -17466175.4786484
159421.875 -5952241.20697383 2291427.50520134 146.835378726846 -82.0887893617456 3.125 2.60761912998989 -17023547.0727688
