0 314159000 0 -1178.29857466537 227.18377790141 100 0.00403837820768556 -0
100 314041149.945592 22718.3773031421 -1178.70256402442 227.183763288703 200 0.00404140971530974 -0
300 313805328.564114 68155.1202066351 -1179.51145329002 227.183646189358 400 0.00404748598110988 -0
700 313333199.858923 159028.476924406 -1181.1328863552 227.183058641143 800 0.00405969177465961 -0
1500 312386991.829641 340774.010180412 -1184.39047015052 227.180455165363 1600 0.00408431850897003 -0
3100 310486717.892486 704254.954303752 -1190.96531726601 227.169412383896 1600 0.00413444971264397 -0
4700 308575859.535788 1067711.85208082 -1197.62131397535 227.15034842952 1600 0.0041857849007755 -0
6300 306654285.369522 1431131.63191182 -1204.36040970495 227.122963956793 1600 0.00423836608866777 -0
7900 304721860.83059 1794500.7325359 -1211.18462187431 227.086946115133 1600 0.00429223722562932 -0
9500 302778448.071554 2157805.08083593 -1218.09603902267 227.041967807213 1600 0.00434744430589654 -0
11100 300823905.84423 2521030.06841822 -1225.09682411482 226.987686898693 1600 0.00440403548719881 -0
12700 298858089.377827 2884160.52688641 -1232.18921803822 226.923745375586 1600 0.00446206121758285 -0
14300 296880850.251345 3247180.70172262 -1239.3755433049 226.849768445169 1600 0.00452157437117011 -0
15900 294892036.259867 3610074.22468189 -1246.65820797257 226.765363576012 1600 0.00458263039358414 -0
17500 292891491.27439 3972824.08459882 -1254.03970980034 226.670119472316 1600 0.004645287457855 -0
19100 290879055.094818 4335412.59649712 -1261.52264065613 226.563604977264 1600 0.00470960663168472 -0
20700 288854563.295678 4697821.36888391 -1269.10969119397 226.445367899642 1600 0.00477565205704412 -0
22300 286817847.064131 5060031.26910104 -1276.80365582111 226.314933757445 1600 0.0048434911431662 -0
23900 284768733.029785 5422022.38659532 -1284.60743797645 226.171804431554 1600 0.00491319477410731 -0
25500 282707043.085804 5783773.99395755 -1292.52405574387 226.015456721961 1600 0.00498483753216504 -0
27100 280632594.200743 6145264.50556827 -1300.55664782586 225.84534079825 1600 0.00505849793857286 -0
28700 278545198.220525 6506471.43367348 -1308.70847990544 225.660878535246 1600 0.0051342587130381 -0
30300 276444661.659904 6867371.34169913 -1316.98295142652 225.461461723846 1600 0.005212207053853 -0
31900 274330785.482726 7227939.79459566 -1325.38360282598 225.246450146039 1600 0.00529243494049141 -0
33500 272203364.87023 7588151.30598606 -1333.91412325357 225.015169501998 1600 0.00537503946080854 -0
35100 270062188.976585 7947979.28187005 -1342.57835881928 224.766909175905 1600 0.00546012316519038 -0
36700 267907040.670776 8307395.96061483 -1351.3803214115 224.500919825738 1600 0.00554779445025732 -0
38300 265737696.263898 8666372.34893797 -1360.32419813358 224.216410780737 1600 0.00563816797501623 -0
39900 263553925.220815 9024878.15356038 -1369.41436141087 223.912547228492 1600 0.00573136511268185 -0
41500 261355489.855083 9382881.70817721 -1378.6553798258 223.58844717164 1600 0.0058275144417564 -0
43100 259142145.005904 9740349.89536047 -1388.05202974392 223.243178131985 1600 0.00592675228037252 -0
44700 256913637.695805 10097248.0629699 -1397.60930780064 222.875753577347 1600 0.0060292232683754 -0
46300 254669706.767598 10453539.9346068 -1407.33244432519 222.48512904369 1600 0.00613508100215378 -0
47900 252410082.499053 10809187.5135997 -1417.22691778688 222.070197921906 1600 0.00624448872783524 -0
49500 250134486.193582 11164150.9799574 -1427.29847035715 221.629786875113 1600 0.00635762009915084 -0
51100 247842629.745058 11518388.5796693 -1437.55312469142 221.162650848237 1600 0.00647466000705923 -0
52700 245534215.174735 11871856.5056672 -1447.99720204608 220.667467627156 1600 0.00659580548911751 -0
53500 244373702.655244 12048287.558592 -1453.29233618322 220.408922578231 1600 0.00665798295967971 -0
54300 243208934.137964 12224508.7696769 -1458.63734185763 220.142831899588 1600 0.00672126672761466 -0
55100 242039869.373902 12400514.0269278 -1464.03310219006 219.869005878221 1600 0.00678568529952578 -0
55900 240866467.398564 12576297.0641804 -1469.48052293089 219.587248763039 1600 0.00685126814663871 -0
56700 239688686.513552 12751851.4561755 -1474.98053322136 219.297358527464 1600 0.00691804574532257 -0
57500 238506484.267537 12927170.6134399 -1480.53408638658 218.999126620833 1600 0.00698604961964898 -0
58300 237319817.436579 13102247.7769642 -1486.14216076183 218.692337707971 1600 0.0070553123861084 -0
59100 236128642.003783 13277076.012666 -1491.80576055401 218.376769396294 1600 0.00712586780061158 -0
59900 234932913.13824 13451648.2056313 -1497.52591673982 218.052191949733 1600 0.00719775080791223 -0
60700 233732585.173239 13625957.0541202 -1503.30368800276 217.718367988722 1600 0.00727099759359664 -0
61500 232527611.58372 13799995.0633274 -1509.14016171074 217.375052175483 1600 0.00734564563879586 -0
62300 231317944.96291 13973754.5388846 -1515.03645493658 217.021990883727 1600 0.00742173377778682 -0
63100 230103536.998148 14147227.580092 -1520.99371552355 216.6589218519 1600 0.00749930225866049 -0
63900 228884338.445816 14320406.0728654 -1527.0131231984 216.28557381899 1600 0.00757839280724791 -0
64700 227660299.105378 14493281.6823856 -1533.09589073436 215.901666141871 1600 0.00765904869450812 -0
65500 226431367.792458 14665845.8454321 -1539.2432651668 215.506908393097 1600 0.00774131480759708 -0
66300 225197492.310922 14838089.762389 -1545.4565290645 215.100999937957 1600 0.00782523772485231 -0
67100 223958619.423929 15010004.3889017 -1551.73700185936 214.683629489552 1600 0.00791086579494533 -0
67900 222714694.823885 15181580.4271703 -1558.08604123811 214.254474640546 1600 0.00799824922047223 -0
68700 221465663.101261 15352808.3168571 -1564.50504459905 213.813201370149 1600 0.00808744014627324 -0
69500 220211467.712218 15523678.2255904 -1570.99545057792 213.359463524815 1600 0.00817849275279378 -0
70300 218952050.944983 15694180.0390409 -1577.55874064637 212.892902270985 1600 0.00827146335482304 -0
71100 217687353.884918 15864303.3505494 -1584.19644078766 212.413145518126 1600 0.0083664105059721 -0
71900 216417316.378207 16034037.4502795 -1590.91012325353 211.919807310166 1600 0.00846339510928127 -0
72700 215141876.994116 16203371.3138711 -1597.70140840746 211.412487183292 1600 0.00856248053437698 -0
73500 213860972.985735 16372293.5905648 -1604.57196665898 210.890769487925 1600 0.00866373274163106 -0
74300 212574540.249132 16540792.5907701 -1611.52352049478 210.354222672532 1600 0.00876722041381195 -0
75100 211282513.280848 16708856.2730437 -1618.55784661213 209.80239852674 1600 0.00887301509575584 -0
75900 209984825.133638 16876472.2304449 -1625.676778161 209.234831381048 1600 0.00898119134262895 -0
76700 208681407.370375 17043627.6762334 -1632.88220710135 208.6510372602 1600 0.00909182687739855 -0
77500 207372190.016018 17210309.4288693 -1640.1760866829 208.050512987068 1600 0.00920500275818148 -0
78300 206057101.507544 17376503.8962757 -1647.56043405472 207.432735233648 800 0.00932080355619437 -0
79100 204736068.641739 17542197.0593198 -1655.03733301309 206.7971595155 800 0.00943931754509098 -0
79900 203409016.520735 17707374.4544656 -1662.60893689614 206.143219125655 800 0.00956063690253859 -0
80700 202075868.495165 17872021.1555474 -1670.27747163493 205.470324003722 800 0.00968485792495867 -0
81500 200736546.104813 18036121.7546124 -1678.04523897087 204.777859535548 800 0.0098120812564374 -0
82300 199390969.016619 18199660.3417727 -1685.91461985057 204.065185278418 800 0.0099424121328995 -0
83100 198039054.959897 18362620.4840057 -1693.88807800965 203.331633606361 800 0.010075960642736 -0
83900 196680719.658602 18524985.202838 -1701.96816375837 202.576508269661 800 0.010212842005183 -0
84700 195315876.760484 18686736.9508387 -1710.15751798245 201.799082862197 800 0.0103531768678661 -0
85500 193944437.762953 18847857.5868495 -1718.45887637395 200.998599189636 800 0.0104970916250543 -0
86300 192566311.935459 19008328.3498654 -1726.87507390803 200.174265530964 800 0.01064471875831 -0
87100 191181406.238186 19168129.8314799 -1735.40904958274 199.325254785108 800 0.0107961972013809 -0
87900 189789625.236849 19327241.9467992 -1744.06385144033 198.450702493734 800 0.0109516727313504 -0
88700 188390871.013346 19485643.9037208 -1752.84264189022 197.54970473045 800 0.0111112983882624 -0
89500 186985043.072031 19643314.1704674 -1761.74870335542 196.62131584579 800 0.0112752349256435 -0
90300 185572038.241327 19800230.4412547 -1770.78544426591 195.664546056367 800 0.0114436512945894 -0
91100 184151750.570403 19956369.5999641 -1779.95640542458 194.678358865486 800 0.011616725164342 -0
91900 182724071.220592 20111707.6816802 -1789.26526677361 193.661668301348 800 0.0117946434825796 -0
92700 181288888.351238 20266219.8319406 -1798.71585459159 192.613335957611 800 0.0119776030789696 -0
93500 179846086.999586 20419880.2635335 -1808.31214915407 191.532167819636 800 0.0121658113158948 -0
94300 178395548.954362 20572662.2106651 -1818.05829289372 190.416910858118 800 0.0123594867906772 -0
95100 176937152.6226 20724537.880301 -1827.95859909901 189.266249369958 800 0.012558860094071 -0
95900 175470772.889291 20875478.4004735 -1838.01756119419 188.078801044265 800 0.012764174630312 -0
96700 173996280.969349 21025453.7653223 -1848.23986264731 186.853112729113 800 0.0129756875045788 -0
97500 172513544.251391 21174432.776621 -1858.63038755727 185.587655872152 800 0.0131936704843614 -0
98300 171022426.132755 21322382.9815151 -1869.19423197592 184.280821605435 800 0.0134184110419554 -0
99100 169522785.845146 21469270.6061755 -1879.93671602657 182.930915441638 800 0.0136502134861096 -0
99900 168014478.270242 21615060.4850407 -1890.86339688617 181.53615154538 800 0.0138894001917698 -0
100700 166497353.744552 21759715.9852937 -1901.98008270536 180.094646539425 800 0.0141363129378948 -0
101500 164971257.852733 21903198.9261823 -1913.29284754774 178.604412801115 800 0.014391314364487 -0
102300 163436031.208512 22045469.4927569 -1924.80804743826 177.06335119944 800 0.0146547895613069 -0
103100 161891509.222305 22186486.1435556 -1936.5323376197 175.469243217532 800 0.0149271478022377 -0
103900 160337521.8545 22326205.5117214 -1948.47269112674 173.819742399081 800 0.0152088244409784 -0
104700 158773893.35332 22464582.2989835 -1960.63641879882 172.112365050012 800 0.0155002829856849 -0
105500 157200441.976056 22601569.1618766 -1973.03119086573 170.344480118674 800 0.015802017372398 -0
106300 155616979.692351 22737116.5895076 -1985.665060255 168.513298168632 800 0.0161145544596325 -0
107100 154023311.868093 22871172.7721054 -1998.54648778635 166.615859347708 800 0.0164384567694058 -0
107900 152419236.928345 23003683.4595098 -2011.68436943734 164.649020245039 800 0.0167743255033162 -0
108700 150804545.997556 23134591.8086599 -2025.0880658852 162.609439514398 800 0.0171228038661142 -0
109500 149179022.51516 23263838.2190435 -2038.76743455416 160.493562126492 800 0.0174845807336227 -0
110300 147542441.824449 23391360.154948 -2052.732864424 158.297602095252 800 0.0178603947069653 -0
111100 145894570.732398 23517091.9532253 -2066.99531388704 156.017523502719 800 0.0182510386009599 -0
111500 145066325.96346 23579265.1249757 -2074.24151123238 154.84460508642 800 0.0184521855607624 -0
111900 144235167.037819 23640964.615108 -2081.56635197342 153.64901962442 800 0.0186573644214001 -0
112300 143401062.189773 23702181.240569 -2088.97138502649 152.430182689589 800 0.018866691839031 -0
112700 142563979.025307 23762905.5805765 -2096.45820331565 151.187489926102 800 0.0190802888938139 -0
113100 141723884.504161 23823127.9684789 -2104.02844541098 149.920316195954 800 0.0192982812980103 -0
113500 140880744.921236 23882838.4832642 -2111.68379724242 148.62801468127 800 0.0195207996158007 -0
113900 140034525.88729 23942026.9407004 -2119.42599389342 147.309915939693 800 0.0197479794955853 -0
114300 139185192.308904 24000682.884089 -2127.25682147889 145.965326909985 800 0.0199799619155967 -0
114700 138332708.367683 24058795.5746095 -2135.17811911205 144.593529864736 800 0.0202168934437155 -0
115100 137477037.498645 24116353.9812341 -2143.19178096532 143.193781306868 800 0.0204589265124466 -0
115500 136618142.367766 24173346.7701899 -2151.29975843065 141.765310806395 800 0.0207062197100895 -0
115900 135755984.848649 24229762.2939414 -2159.50406238489 140.307319773617 800 0.0209589380892156 -0
116300 134890525.998253 24285588.5796712 -2167.80676556655 138.818980164655 800 0.0212172534936536 -0
116700 134021726.031657 24340813.3172268 -2176.21000507022 137.299433114945 800 0.0214813449052806 -0
117100 133149544.295795 24395423.8465066 -2184.71598496585 135.747787495952 800 0.0217513988120178 -0
117500 132273939.242122 24449407.144252 -2193.32697905028 134.163118390025 800 0.0220276095985461 -0
117900 131394868.398151 24502749.8102122 -2202.04533373901 132.544465477933 800 0.0223101799613802 -0
118300 130512288.337798 24555438.0526458 -2210.87347110675 130.890831333168 800 0.0225993213500737 -0
118700 129626154.650491 24607457.6731203 -2219.81389208598 129.201179616685 800 0.0228952544364774 -0
119100 128736421.90895 24658794.0505681 -2228.86917983329 127.474433165208 800 0.0231982096141348 -0
119500 127843043.635604 24709432.1245561 -2238.0420032741 125.709471965713 800 0.023508427530075 -0
119900 126945972.267539 24759356.3777199 -2247.33512083694 123.905131008101 800 0.0238261596514595 -0
120300 126045159.119913 24808550.8173147 -2256.75138438966 122.060198007411 800 0.0241516688697513 -0
120700 125140554.347763 24856998.955826 -2266.29374339039 120.173410986231 800 0.0244852301453109 -0
121100 124232106.906101 24904683.7905845 -2275.96524926748 118.243455707195 800 0.024827131195579 -0
121500 123319764.508202 24951587.7823222 -2285.76906004348 116.268962944571 800 0.0251776732302923 -0
121900 122403473.582009 24997692.8326025 -2295.70844521938 114.248505583082 800 0.0255371717374882 -0
122300 121483179.224509 25042980.2600537 -2305.78679093679 112.18059553101 800 0.025905957324401 -0
122700 120558825.154002 25087430.7753275 -2316.00760543689 110.063680433583 400 0.0262843766177316 -0
123100 119630353.660114 25131024.4547017 -2326.37452483669 107.896140171373 400 0.0266727932281907 -0
123500 118697705.551436 25173740.7122348 -2336.89131924457 105.676283127121 400 0.0270715887846835 -0
123900 117760820.100642 25215558.2703797 -2347.56189923918 103.402342202889 400 0.0274811640440155 -0
124300 116819634.986946 25256455.1289499 -2358.39032273736 101.07247056783 400 0.0279019400825691 -0
124700 115874086.235717 25296408.5323278 -2369.38080227917 98.6847371150633 400 0.028334359577036 -0
125100 114924108.155105 25335394.9347938 -2380.5377127605 96.2371216041416 400 0.0287788881819886 -0
125500 113969633.269469 25373389.9638452 -2391.86559964597 93.7275094634018 400 0.0292360160128602 -0
125900 113010592.249422 25410368.3813631 -2403.36918769817 91.1536862240722 400 0.0297062592437705 -0
126300 112046913.838276 25446304.0424746 -2415.0533902619 88.513331555296 400 0.0301901618306062 -0
126700 111078524.774652 25481169.851943 -2426.92331914596 85.8040128662545 400 0.0306882973708492 -0
127100 110105349.71101 25514937.7179074 -2438.98429514838 83.0231784382488 400 0.0312012711128558 -0
127500 109127311.127837 25547578.5027726 -2451.24185927557 80.1681500459124 400 0.0317297221286495 -0
127900 108144329.243194 25579061.9710395 -2463.70178470999 77.2361150226158 400 0.0322743256658063 -0
128300 107156321.917317 25609356.7338413 -2476.37008958654 74.2241177205492 400 0.0328357956957216 -0
128700 106163204.551941 25638430.1899341 -2489.25305064303 71.1290503108525 400 0.0334148876774654 -0
129100 105164889.983965 25666248.4628659 -2502.35721781647 67.9476428634555 400 0.03401240155859 -0
129500 104161288.373091 25692776.3340213 -2515.68942986395 64.6764526398896 400 0.0346291850366942 -0
129900 103152307.082984 25717977.1712154 -2529.25683109436 61.3118525251703 400 0.0352661371082934 -0
130300 102137850.555507 25741812.8524732 -2543.0668893056 57.8500185167998 400 0.0359242119346579 -0
130700 101117820.177521 25764243.6846023 -2557.12741503184 54.2869161798931 400 0.036604423057804 -0
131100 100092114.139705 25785228.316123 -2571.4465822154 50.6182859672467 400 0.0373078480038225 -0
131500 99060627.2868034 25804723.6440818 -2586.03295042996 46.8396272916776 400 0.0380356333152692 -0
131900 98023250.9586499 25822684.7142233 -2600.89548879488 42.9461812249843 400 0.0387890000595244 -0
132300 96979872.8212594 25839064.6139434 -2616.04360173525 38.9329116831953 400 0.0395692498659248 -0
132700 95930376.6872221 25853814.357389 -2631.48715675852 34.7944849411235 400 0.0403777715512226 -0
133100 94874642.3245503 25866882.7619992 -2647.23651443756 30.5252473003417 400 0.0412160484006519 -0
133500 93812545.2530571 25878216.3157128 -2663.30256081058 26.1192007131907 400 0.0420856661807451 -0
133900 92743956.5272519 25887759.0339799 -2679.69674243202 21.5699761409176 400 0.0429883219702355 -0
134300 91668742.504644 25895452.3056217 -2696.43110433493 16.8708043960534 400 0.0439258339071198 -0
134700 90586764.5982292 25901234.7264791 -2713.51833119561 12.0144841871058 400 0.0449001519635137 -0
135100 89497879.0118183 25905041.9196657 -2730.97179202512 6.99334704691824 400 0.0459133698756134 -0
135500 88401936.456723 25906806.3411104 -2748.80558875073 1.79921878384009 400 0.0469677383742707 -0
135900 87298781.8481636 25906457.0689176 -2767.03460909466 -3.57662295374511 400 0.0480656798828336 -0
136300 86188253.9795919 25903919.5748991 -2785.67458420682 -9.143495465085 400 0.0492098048735467 -0
136700 85070185.1729243 25899115.4764331 -2804.74215156576 -14.9113626673656 400 0.0504029301025947 -0
137100 83944400.9024663 25891962.2665797 -2824.2549237269 -20.8908922543712 400 0.0516480989775929 -0
137500 82810719.39006 25882373.0201203 -2844.23156357181 -27.093519036708 400 0.0529486043509289 -0
137700 82240858.2726339 25876636.4325737 -2854.39997336141 -30.2822941589164 400 0.053620711675507 -0
137900 81668951.168653 25870256.0728602 -2864.69186679431 -33.5315152563419 400 0.0543080140790843 -0
138100 81094973.1161062 25863219.6850338 -2875.10991019129 -36.8428600363401 400 0.0550110052235822 -0
138300 80518898.6115121 25855514.6713949 -2885.6568524809 -40.2180688018076 400 0.0557301997426611 -0
138500 79940701.5930657 25847128.0796793 -2896.33552853977 -43.6589474024362 400 0.0564661343452144 -0
138700 79360355.423101 25838046.5896398 -2907.1488626998 -47.1673703547776 400 0.0572193689882854 -0
138900 78777832.8698346 25828256.4989856 -2918.09987243228 -50.7452841425073 400 0.0579904881245012 -0
139100 78193106.088354 25817743.7086432 -2929.19167221946 -54.394710709157 400 0.0587801020295462 -0
139300 77606146.6008115 25806493.7072977 -2940.42747762492 -58.1177511565568 400 0.0595888482156654 -0
139500 77016925.2757839 25794491.5551738 -2951.81060957502 -61.9165896632751 400 0.0604173929377004 -0
139700 76425412.3067525 25781721.8670084 -2963.34449886446 -65.7934976384923 400 0.0612664327987273 -0
139900 75831577.18966 25768168.7941685 -2975.03269089975 -69.7508381279968 400 0.0621366964629796 -0
140100 75235388.6994922 25753816.0058613 -2986.87885069592 -73.7910704903564 400 0.0630289464844222 -0
140300 74636814.8658345 25738646.6693793 -2998.88676814218 -77.9167553628118 400 0.0639439812600868 -0
140500 74035822.9473471 25722643.4293229 -3011.0603635541 -82.1305599380756 400 0.064882637118104 -0
140700 73432379.4050988 25705788.3857337 -3023.40369353075 -86.4352635750063 400 0.0658457905512712 -0
140900 72826449.8746979 25688063.0710706 -3035.92095713678 -90.83376376809 400 0.0668343606079965 -0
141100 72217999.1371523 25669448.4259538 -3048.61650243089 -95.329082502815 400 0.0678493114535626 -0
141300 71606991.088387 25649924.7735966 -3061.49483336397 -99.9243730263863 400 0.0688916551158738 -0
141500 70993388.7073433 25629471.7928393 -3074.56061707162 -104.622927065825 400 0.0699624544312001 -0
141700 70377154.0225778 25608068.4896911 -3087.8186915881 -109.428182528359 400 0.0710628262069268 -0
141900 69758248.077274 25585693.1672814 -3101.2740740107 -114.343731722153 400 0.0721939446199778 -0
142100 69136630.8925732 25562323.3941109 -3114.93196914574 -119.373330138902 400 0.0733570448714196 -0
142300 68512261.4291256 25537935.9704862 -3128.79777867023 -124.520905843659 400 0.074553427119801 -0
142500 67885097.5467544 25512506.8930124 -3142.87711084565 -129.790569521461 200 0.0757844607180601 -0
142700 67255095.9621181 25486011.3170052 -3157.17579082365 -135.186625235058 200 0.0770515887813655 -0
142900 66622212.2042499 25458423.5166759 -3171.69987158639 -140.713581953191 200 0.0783563331160918 -0
143100 65986400.5678409 25429716.8429288 -3186.45564556838 -146.376165914646 200 0.0797002995432856 -0
143300 65347614.0641271 25399863.6785953 -3201.44965701004 -152.179333899694 200 0.0810851836535192 -0
143500 64705804.3692274 25368835.3909169 -3216.68871509803 -158.12828748761 200 0.0825127770339807 -0
143700 64060921.769771 25336602.2810715 -3232.17990795191 -164.22848838689 200 0.0839849740130958 -0
143900 63412915.1056359 25303133.5305178 -3247.93061752206 -170.485674933584 200 0.085503778972955 -0
144100 62761731.7096124 25268397.1439147 -3263.9485354694 -176.905879862966 200 0.0870713142854301 -0
144300 62107317.3437855 25232359.8883497 -3280.241680104 -183.495449470769 200 0.0886898289341741 -0
144500 61449616.132416 25194987.2285849 -3296.81841446646 -190.261064292496 200 0.0903617078918207 -0
144700 60788570.4910852 25156243.2580048 -3313.68746564383 -197.209761443038 200 0.09208948232974 -0
144900 60124121.0518428 25116090.6249155 -3330.8579454202 -204.348958774336 200 0.0938758407468093 -0
145100 59456206.5840835 25074490.4538176 -3348.33937237165 -211.686481026129 200 0.0957236411139649 -0
145300 58784763.9108496 25031402.2612327 -3366.14169552551 -219.230588164374 200 0.0976359241430088 -0
145500 58109727.820235 24986783.8656259 -3384.27531971553 -226.990006123958 200 0.099615927801446 -0
145700 57431030.9715358 24940591.2909197 -3402.75113277735 -234.973960197146 200 0.101667103210289 -0
145900 56748603.7957656 24892778.6630428 -3421.58053474273 -243.192211337344 200 0.103793132079053 -0
146100 56062374.3901173 24843298.0989022 -3440.7754692069 -251.655095679592 200 0.105997945851937 -0
146300 55372268.4059179 24792099.5871019 -3460.34845706095 -260.373567615327 200 0.108285746761818 -0
146500 54678208.9295839 24739130.8596594 -3480.31263280044 -269.359246800054 200 0.110661031014675 -0
146700 53980116.3560368 24684337.2538932 -3500.68178364361 -278.624469519323 200 0.113128614356898 -0
146900 53277908.2539939 24627661.5635609 -3521.47039171648 -288.182344891809 200 0.115693660312389 -0
147100 52571499.2224916 24569043.8782296 -3542.69367958943 -298.046816449335 200 0.118361711416044 -0
147300 51860800.7379394 24508421.4097413 -3564.36765948018 -308.232729703545 200 0.121138723816214 -0
147500 51145720.9909395 24445728.3045106 -3586.50918647202 -318.755906389265 200 0.124031105672018 -0
147700 50426164.7120281 24380895.4402409 -3609.13601613412 -329.633226166844 200 0.127045759833369 -0
147900 49702032.985417 24313850.2054814 -3632.26686697363 -340.882716672257 200 0.130190131363749 -0
148100 48973223.0497234 24244516.2602564 -3655.92148819689 -352.523652926723 200 0.1334722605501 -0
148300 48239628.0845714 24172813.2757816 -3680.12073331116 -364.576667260032 200 0.136900842142928 -0
148500 47501136.9818408 24098656.6510356 -3704.88664015859 -377.06387106716 200 0.140485291685623 -0
148700 46757634.1002123 24021957.2036732 -3730.2425180426 -390.00898991021 200 0.144235819928473 -0
148900 46008999.0015159 23942620.8324403 -3756.21304268312 -403.437513702284 200 0.148163516483897 -0
149100 45255106.1672392 23860548.1478807 -3782.82435982401 -417.37686397263 200 0.152280444070134 -0
149200 44876147.4109244 23818453.0840926 -3796.37891572391 -424.547241932899 200 0.154413931090672 -0
149300 44495824.6933276 23775634.0676458 -3810.10419840677 -431.856580513617 200 0.156599744917443 -0
149400 44114120.7560212 23732077.0008937 -3824.00394167145 -439.308937401787 200 0.158839716751146 -0
149500 43731017.9614815 23687767.3724944 -3838.08199437311 -446.908530113741 200 0.161135761178358 -0
149600 43346498.2813588 23642690.2410329 -3852.34232495386 -454.659743946467 200 0.163489880856288 -0
149700 42960543.2842828 23596830.2178268 -3866.78902618785 -462.567140407995 200 0.165904171511176 -0
149800 42573134.1231833 23550171.4488618 -3881.42632015252 -470.635466160793 200 0.168380827274736 -0
149900 42184251.5221009 23502697.5958062 -3896.25856343822 -478.869662514909 200 0.170922146385253 -0
150000 41793875.7624653 23454391.8160477 -3911.29025260932 -487.27487551061 200 0.173530537282279 -0
150100 41401986.6688134 23405236.7416897 -3926.52602993069 -495.856466633589 200 0.176208525126564 -0
150200 41008563.5939216 23355214.4574428 -3941.97068937407 -504.620024209439 200 0.178958758779688 -0
150300 40613585.4033226 23304306.4773413 -3957.62918291995 -513.571375528041 200 0.181784018281119 -0
150400 40217030.4591761 23252493.7202074 -3973.5066271714 -522.716599752906 200 0.184687222863901 -0
150500 39818876.6034628 23199756.4837844 -3989.60831029726 -532.062041675242 200 0.187671439554113 -0
150600 39419101.1404657 23146074.4174478 -4005.93969932296 -541.614326377795 200 0.190739892403538 -0
150700 39017680.8185051 23091426.4934025 -4022.50644778884 -551.380374879282 200 0.193895972409772 -0
150800 38614591.8108878 23035790.9762638 -4039.31440379616 -561.367420836546 200 0.197143248183308 -0
150900 38209809.6960319 22979145.3909107 -4056.36961846309 -571.583028388609 200 0.200485477427003 -0
151000 37803309.4367244 22921466.4884948 -4073.67835481337 -582.035111234471 200 0.203926619299906 -0
151100 37395065.3584672 22862730.2104748 -4091.24709712236 -592.731953045028 200 0.207470847744685 -0
151200 36985051.1268645 22802911.65054 -4109.08256074598 -603.682229318899 200 0.211122565865997 -0
151300 36573239.7240025 22741985.0142688 -4127.1917024599 -614.895030802332 200 0.214886421456216 -0
151400 36159603.4237677 22679923.5763641 -4145.58173133742 -626.379888604921 200 0.218767323775005 -0
151500 35744113.7660499 22616699.6352842 -4164.26012019631 -638.146801155595 200 0.222770461700517 -0
151600 35326741.5297708 22552284.4650811 -4183.23461764619 -650.206263157567 100 0.226901323382673 -0
151700 34907456.7046756 22486648.2642351 -4202.5132607696 -662.569296716653 100 0.231165717543077 -0
151800 34486228.4618244 22419760.1012609 -4222.10438847164 -675.247484834913 100 0.23556979658209 -0
151900 34063025.122713 22351587.8568364 -4242.01665553427 -688.253007481102 100 0.240120081671401 -0
152000 33637814.1269519 22282098.1621865 -4262.25904741328 -701.598680471186 100 0.244823490030578 -0
152100 33210561.9984265 22211256.3334281 -4282.84089581682 -715.297997416486 100 0.249687364608706 -0
152200 32781234.3098591 22139026.3015544 -4303.77189510621 -729.365175024237 100 0.254719506417834 -0
152300 32349795.6456873 22065370.5377086 -4325.06211956043 -743.815202065748 100 0.259928209793818 -0
152400 31916209.563172 21990249.9733641 -4346.72204154688 -758.663892361509 100 0.26532230089289 -0
152500 31480438.5516402 21913623.9149876 -4368.76255064123 -773.927942170894 100 0.270911179769377 -0
152600 31042443.9897671 21835449.9527269 -4391.19497373957 -789.624992417169 100 0.276704866422088 -0
152700 30602186.1007956 21755683.8626132 -4414.03109620551 -805.773696227027 100 0.282714051244807 -0
152800 30159623.9055876 21674279.5017235 -4437.2831840936 -822.393792318526 100 0.288950150370898 -0
152900 29714715.1733972 21591188.6956852 -4460.96400748854 -839.506184833051 100 0.295425366464272 -0
153000 29267416.3702528 21506361.1178496 -4485.08686499615 -857.133030276723 100 0.302152755580161 -0
153100 28817682.6048317 21419744.159384 -4509.66560941763 -875.29783231576 100 0.309146300800638 -0
153200 28365467.5717061 21331282.7894582 -4534.71467463173 -894.025545260011 100 0.316420993443288 -0
153300 27910723.4918406 21240919.4046084 -4560.24910370068 -913.342687170784 100 0.323992922748945 -0
153400 27453401.0502172 21148593.6662672 -4586.28457820404 -933.277463645152 100 0.331879375078059 -0
153500 26993449.3304661 21054242.3253317 -4612.83744878897 -953.859903461174 100 0.340098943788059 -0
153600 26530815.746382 20957799.0325189 -4639.92476690563 -975.122007419543 100 0.348671651129056 -0
153700 26065445.9702096 20859194.1331162 -4667.56431767093 -997.097911890043 100 0.35761908368637 -0
153800 25597283.8575899 20758354.4445704 -4695.77465377134 -1019.82406876931 100 0.36696454312025 -0
153900 25126271.3690699 20655203.0151817 -4724.57513027423 -1043.33944378387 100 0.376733214211215 -0
154000 24652348.4880922 20549658.8619599 -4753.98594016532 -1067.68573533431 100 0.386952352520359 -0
154100 24175453.1354056 20441636.6854654 -4784.02815036466 -1092.90761637779 100 0.397651494325461 -0
154200 23695521.0798629 20331046.5591946 -4814.72373789102 -1119.05300219508 100 0.408862691905477 -0
154300 23212485.8456125 20217793.5907594 -4846.09562574203 -1146.17334729099 100 0.42062077772922 -0
154400 22726278.6157391 20101777.5517683 -4878.16771792814 -1174.32397514489 100 0.432963661672648 -0
154500 22236828.1324726 19982892.4729143 -4910.96493293672 -1203.56444507123 100 0.445932666059875 -0
154600 21744060.5941666 19861026.2003204 -4944.51323470029 -1233.95896108238 100 0.459572904116143 -0
154650 21496409.144737 19798938.2583128 -4961.57744951904 -1249.61043141095 100 0.466659974509843 -0
154700 21247899.5493289 19736059.9086103 -4978.83965988097 -1265.57682836475 100 0.473933708362988 -0
154750 20998521.8196829 19672375.1678517 -4996.30341661979 -1281.86769590655 100 0.481401011208494 -0
154800 20748265.7882632 19607867.5659073 -5013.97234001122 -1298.49296395553 100 0.489069116592596 -0
154850 20497121.1047784 19542520.1260999 -5031.85012004299 -1315.46296784329 100 0.496945605057488 -0
154900 20245077.2326922 19476315.3444231 -5049.9405165166 -1332.78846894004 100 0.505038424416491 -0
154950 19992123.4457344 19409235.1676977 -5068.24735895589 -1350.48067653239 100 0.5133559114227 -0
155000 19738248.8244218 19341260.9706019 -5086.77454629463 -1368.5512710405 100 0.521906814940942 -0
155050 19483442.2526002 19272373.5315038 -5105.52604631166 -1387.01242866928 100 0.5307003207426 -0
155100 19227692.4140224 19202553.0070246 -5124.50589477848 -1405.87684759594 100 0.539746078053536 -0
155150 18970987.7889769 19131778.9052508 -5143.71819427947 -1425.15777580423 100 0.549054227997095 -0
155200 18713316.6509839 19060030.0575121 -5163.16711266033 -1444.86904068493 100 0.558635434087077 -0
155250 18454667.0635801 18987284.5886311 -5182.85688105459 -1465.02508053159 100 0.568500914939757 -0
155300 18195026.8772132 18913519.8855491 -5202.79179143186 -1485.6409780712 100 0.578662479389675 -0
155350 17934383.7262729 18838712.5642211 -5222.97619360433 -1506.73249618117 100 0.589132564211146 -0
155400 17672725.0262857 18762838.4346662 -5243.41449162031 -1528.31611595626 100 0.599924274666447 -0
155450 17410037.971308 18685872.4640534 -5264.11113946431 -1550.40907730321 100 0.611051428122568 -0
155500 17146309.5315525 18607788.7376894 -5285.07063597315 -1573.02942225544 100 0.622528601001602 -0
155550 16881526.4512914 18528560.4177693 -5306.29751886623 -1596.19604121686 100 0.634371179355397 -0
155600 16615675.2470818 18448159.6997363 -5327.79635777464 -1619.92872236136 100 0.646595413383363 -0
155650 16348742.2063674 18366557.7660879 -5349.57174613957 -1644.24820443444 100 0.659218476243651 -0
155700 16080713.3865174 18283724.737452 -5371.62829183336 -1669.17623322435 100 0.672258527542523 -0
155750 15811574.6143687 18199629.6207403 -5393.97060633767 -1694.73562199371 100 0.685734781925131 -0
155800 15541311.4863498 18114240.2541759 -5416.60329229167 -1720.9503161879 50 0.699667583233475 -0
155850 15269909.3692717 18027523.2489709 -5439.53092919876 -1747.84546276433 50 0.714078484744488 -0
155900 14997353.4018851 17939443.9274142 -5462.75805705207 -1775.44748451722 50 0.728990336053594 -0
155950 14723628.4973139 17849966.2571098 -5486.28915760755 -1803.78415980573 50 0.74442737722725 -0
156000 14448719.3464895 17759052.7810846 -5510.12863299704 -1832.88470812962 50 0.760415340912604 -0
156050 14172610.4227288 17666664.5434613 -5534.28078133225 -1862.77988203644 50 0.776981563164273 -0
156100 13895285.9876151 17572761.0103663 -5558.7497689035 -1893.50206588754 50 0.794155103828095 -0
156150 13616730.0983637 17477299.9857164 -5583.53959852279 -1925.08538205781 50 0.811966877410622 -0
156200 13336926.6168769 17380237.5214966 -5608.65407349904 -1957.56580519552 50 0.830449795461985 -0
156250 13055859.2207215 17281527.8221093 -5634.09675666222 -1990.98128522521 50 0.849638921609853 -0
156300 12773511.416293 17181123.1423394 -5659.87092377197 -2025.37187983801 50 0.869571640504672 -0
156350 12489866.5544644 17078973.6784406 -5685.97951055243 -2060.7798972804 50 0.890287842072775 -0
156400 12204907.8490616 16975027.4518077 -5712.42505248811 -2097.25005032508 50 0.911830122625683 -0
156450 11918618.3985493 16869230.1846493 -5739.20961639151 -2134.82962238608 50 0.934244004542712 -0
156500 11630981.2113678 16761525.1670308 -5766.33472261084 -2173.56864682526 50 0.957578176431818 -0
156550 11341979.2354203 16651853.114598 -5793.80125658218 -2213.52010058831 50 0.981884755882119 -0
156600 11051595.3922789 16540152.0162359 -5821.60936824031 -2254.74011340707 50 1.00721957715323 -0
156650 10759812.6167596 16426356.9708495 -5849.75835758336 -2297.28819390884 50 1.03364250640319 -0
156700 10466613.9026041 16310400.0123874 -5878.24654443298 -2341.22747408479 50 1.06121778734106 -0
156750 10171982.3551164 16192209.92215 -5907.07112013744 -2386.62497368596 50 1.09001442050401 -0
156800 9875901.25171754 16071712.0273447 -5936.22797862505 -2433.55188623697 50 1.12010657970445 -0
156850 9578354.1115263 15948827.9847632 -5965.71152381955 -2482.08388848219 50 1.15157406957223 -0
156900 9279324.77523039 15823475.5483594 -5995.5144499704 -2532.30147520494 50 1.18450282853144 -0
156950 8978797.4967 15695568.3194102 -6025.62749091728 -2584.29032148422 50 1.21898548200205 -0
157000 8676757.04800927 15565015.4778318 -6056.03913368692 -2638.14167457005 50 1.25512195110266 -0
157050 8373188.83977883 15431721.4931145 -6086.7352910983 -2693.95277766324 50 1.2930201226504 -0
157100 8068079.05903946 15295585.8132214 -6117.69892720995 -2751.82732796832 50 1.33279658680284 -0
157150 7761414.82714891 15156502.529678 -6148.90962846223 -2811.87597143912 50 1.37457744925696 -0
157200 7453184.38067942 15014360.0169559 -6180.34311222405 -2874.21683663965 50 1.41849922549891 -0
157250 7143377.27864013 14869040.5441365 -6211.97066312027 -2938.97611007916 50 1.46470982516687 -0
157300 6831984.63991798 14720419.8567248 -6243.75848596213 -3006.28865522188 50 1.51336963511865 -0
157325 6675691.46166915 14644830.8340828 -6259.70036861226 -3040.94708469057 50 1.53867181728065 -0
157350 6518999.41543729 14568366.726318 -6275.66696230198 -3076.29867704058 50 1.56465271025582 -0
157375 6361907.95751508 14491009.9607154 -6291.65226463003 -3112.36303426963 50 1.591336421088 -0
157400 6204416.70015828 14412742.4661178 -6307.64979547319 -3149.16043379261 50 1.61874808141039 -0
157425 6046525.42394965 14333545.6557323 -6323.65256291162 -3186.71185329777 50 1.64691389538536 -0
157450 5888234.09104569 14253400.409304 -6339.65302665173 -3225.03899634119 50 1.67586118983682 -0
157475 5729542.85937104 14172287.0546429 -6355.64305875554 -3264.16431866426 50 1.70561846664068 -0
157500 5570452.09783045 14090185.3484819 -6371.61390147044 -3304.11105521135 50 1.73621545743369 -0
157525 5410962.40261356 14007074.4566528 -6387.5561219376 -3344.90324781615 50 1.76768318069388 -0
157550 5251074.61467341 13922932.9335612 -6403.45956354016 -3386.56577351483 50 1.80005400123724 -0
157575 5090789.83846598 13837738.7009463 -6419.3132936343 -3429.12437343266 50 1.83336169216344 -0
157600 4930109.46204446 13751469.0259123 -6435.10554738659 -3472.60568217653 50 1.86764149926984 -0
157625 4769035.17860935 13664100.4982196 -6450.82366742064 -3517.03725765035 50 1.90293020793543 -0
157650 4607569.00962307 13575609.0068262 -6466.45403895366 -3562.44761119154 50 1.93926621245492 -0
157675 4445713.32960614 13485969.7156727 -6481.98202008038 -3608.86623790592 50 1.97668958777807 -0
157700 4283470.8927406 13395157.0387084 -6497.39186683704 -3656.32364705381 50 2.01524216357782 -0
157725 4120844.86141628 13303144.6141589 -6512.66665265172 -3704.85139231227 50 2.05496760053417 -0
157750 3957838.83686523 13209905.27804 -6527.78818176026 -3754.482101706 50 2.09591146867645 -0
157775 3794456.89204092 13115411.0369313 -6542.73689613799 -3805.24950696306 50 2.13812132757445 -0
157800 3630703.60691009 13019633.0400249 -6557.49177546764 -3857.18847200903 50 2.18164680810675 -0
157825 3466584.1063378 12922541.5504763 -6572.03022963338 -3910.33502026559 50 2.22653969546202 -0
157850 3302104.10075912 12824105.9160921 -6586.32798319866 -3964.7263603641 50 2.27285401294308 -0
157875 3137269.92984502 12724294.5393988 -6600.35895129408 -4020.40090982292 50 2.32064610604353 -0
157900 2972088.60938475 12623074.8471511 -6614.09510630899 -4077.39831616541 50 2.36997472614916 -0
157925 2806567.8816225 12520413.2593494 -6627.50633474913 -4135.75947487533 50 2.42090111308002 -0
157950 2640716.26930242 12416275.1578564 -6640.56028359183 -4195.52654349419 25 2.47348907552977 -0
157975 2474543.1336933 12310624.8547167 -6653.22219544197 -4256.74295106166 25 2.5278050682748 -0
158000 2308058.73688189 12203425.5603084 -6665.45473176611 -4319.45340198223 25 2.58391826481188 -0
158025 2141274.30864205 12094639.3514785 -6677.21778346101 -4383.70387326905 25 2.64190062383637 -0
158050 1974202.11820594 11984227.1398421 -6688.46826799751 -4449.541603966 25 2.70182694768901 -0
158075 1806855.55128239 11872148.6404585 -6699.15991237289 -4517.01507538107 25 2.76377493057195 -0
158100 1639249.19268683 11758362.3411311 -6709.24302110793 -4586.17398057529 25 2.82782519396005 -0
158125 1471398.91496608 11642825.4726241 -6718.66422854042 -4657.06918134007 25 2.89406130620435 -7.04482335027655e-310
158150 1303321.97341954 11525493.9801302 -6727.36623469924 -4729.75265066 25 2.96256978283487 -1.1069337854029e-301
158175 1135037.10793582 11406322.4963828 -6735.28752409651 -4804.27739839536 25 3.03344006351357 -1.69679549565027e-293
158200 966564.652079206 11285264.3168614 -6742.36206685356 -4880.69737762771 25 3.10676446095691 -2.5242300710127e-285
158225 797926.64987391 11162271.37761 -6748.51900168705 -4959.06736878965 25 3.18263807643448 -3.62862877773162e-277
158250 629146.980744007 11037294.2362631 -6753.68230043004 -5039.44283834678 25 3.26115867564853 -5.01729533291142e-269
158275 460251.493072715 10910282.0569602 -6757.7704139579 -5121.87976841244 25 3.34242651790123 -6.64015960159785e-261
158300 291268.146845026 10781182.5999245 -6760.69589964002 -5206.43445325568 25 3.42654413045663 -8.36754004367702e-253
158325 122227.165830783 10649942.2165898 -6762.3650307561 -5293.16325820905 25 3.51361601889781 -9.98407565472194e-245
158350 -46838.8002504483 10516505.8512751 -6762.67738871329 -5382.12233599789 25 3.60374830306304 -1.12132467621257e-236
158375 -215894.503168185 10380817.0505408 -6761.52543939115 -5473.36729499942 25 3.6970482668199 -1.17794088134688e-228
158400 -384901.91284944 10242817.9815005 -6758.7940955428 -5566.95281340431 25 3.79362380850605 -1.1496389868995e-220
158425 -553820.022959684 10102449.4605239 -6754.36026790928 -5662.93219270346 25 3.89358277734237 -1.03498460870169e-212
158450 -722604.645156379 9959650.99393394 -6748.09240858103 -5761.35684337066 25 3.99703217952567 -8.52961002607002e-205
158475 -891208.191876128 9814360.83248924 -6739.85005118676 -5862.27569507394 25 4.10407723606382 -6.38298546494781e-197
158500 -1059579.44764608 9666516.04163887 -6729.48335372843 -5965.73452324696 25 4.21482027276877 -4.30001728358567e-189
158525 -1227663.32907337 9516052.58974783 -6716.83265133561 -6071.77518341505 25 4.32935942123098 -2.58394636730473e-181
158550 -1395400.6338689 9362905.45671019 -6701.7280279059 -6180.4347443361 25 4.4477871081436 -1.37160454849876e-173
158575 -1562727.77950974 9207008.76559357 -6683.98891755359 -6291.74451082987 25 4.57018830913143 -6.36514232886207e-166
158600 -1729576.53244486 9048295.94018682 -6663.42374902264 -6405.72892718937 25 4.69663854240647 -2.55414523346515e-158
158625 -1895873.72910883 8886699.89154742 -6639.82964874803 -6522.40435236358 25 4.82720157729013 -8.75941075988342e-151
158650 -2061540.99043477 8722153.23685811 -6612.99222107267 -6641.77769875774 25 4.96192683312903 -2.53585819751704e-143
158675 -2226494.43205896 8554588.55409308 -6582.68542723795 -6763.84492761415 25 5.10084644564663 -6.11655082783036e-136
158700 -2390644.37299147 8383938.6761503 -6548.67158813551 -6888.58939562894 25 5.24397198063009 -1.21226982508357e-128
158725 -2553895.04619638 8210137.02821168 -6510.70153938468 -7015.98004985776 25 5.39129077941401 -1.94553437295514e-121
158750 -2716144.31528515 8033118.01212786 -6468.51497099874 -7145.96947121009 25 5.54276192730382 -2.48946511733374e-114
158775 -2877283.40237984 7852817.44156614 -6421.84098759978 -7278.49177107931 25 5.69831184533688 -2.49871024750577e-107
158800 -3037196.63314633 7669173.03148118 -6370.39892866129 -7413.46035105948 25 5.85782951808957 -1.93379169418661e-100
158825 -3195761.20602481 7482124.94513865 -6313.89949136666 -7550.76554240567 25 6.02116138608589 -1.13330880679582e-93
158850 -3352846.99378106 7291616.40140683 -6252.0462010694 -7690.27215002937 25 6.18810595118861 -4.93524006945432e-87
158875 -3508316.3866462 7097594.34429393 -6184.53727565208 -7831.81693546486 25 6.35840816750572 -1.5656029802583e-80
158900 -3662024.18747043 6900010.17571163 -6111.06792985276 -7975.20608441541 25 6.53175371900023 -3.54387704138245e-74
158925 -3813817.57044462 6698820.55115029 -6031.33316333479 -8120.2127171066 25 6.70776331806649 -5.60190453721501e-68
158950 -3963536.11598206 6493988.23632445 -5945.03107132973 -8266.5745135271 25 6.88598719637067 -6.04683533993461e-62
158975 -4111011.93522835 6285483.02086279 -5851.8667084592 -8413.9915403371 25 7.06589999928612 -4.35500789772158e-56
159000 -4256069.89828948 6073282.6827603 -5751.5565242181 -8562.12438117868 25 7.24689633669119 -2.04330935947503e-50
159025 -4398527.98053315 5857373.99458485 -5643.83337201917 -8710.59268648838 25 7.4282872833921 -6.0939013334539e-45
159050 -4538197.74110749 5637753.75936466 -5528.45207223768 -8858.97427158596 25 7.60929815880103 -1.12657739970565e-39
159062.5 -4606926.50899995 5526553.81370484 -5467.82048971752 -8932.98910261921 25 7.69939535018563 -4.01645944745157e-37
159075 -4674884.94708342 5414429.86074495 -5405.19548318065 -9006.80490127091 25 7.78906794358027 -1.25841809134627e-34
159087.5 -4742047.99938713 5301384.78887414 -5340.55535784974 -9080.35716822889 25 7.87819505419341 -3.45379619993946e-32
159100 -4808390.35467636 5187422.30841146 -5273.8810024827 -9153.57890496004 25 7.96665070683825 -8.27647262984744e-30
159112.5 -4873886.48010932 5072546.9823991 -5205.1561077374 -9226.40068821145 25 8.05430401627686 -1.7260577026052e-27
159125 -4938510.65763316 4956764.25635112 -5134.36738582094 -9298.75076275746 25 8.14101941269789 -3.12256790310102e-25
159137.5 -5002237.02312551 4840080.48672443 -5061.50478984712 -9370.55515323721 25 8.22665691447692 -4.8843100364882e-23
159150 -5065039.6082672 4722502.96786867 -4986.56173117297 -9441.73779580761 25 8.31107245002246 -6.58450841657042e-21
159162.5 -5126892.38510941 4604039.95720335 -4909.53529284012 -9512.22069019235 25 8.39411823009607 -7.62561875639481e-19
159175 -5187769.31327404 4484700.69836479 -4830.4264371124 -9581.92407254007 25 8.47564317150983 -7.56263221087351e-17
159187.5 -5247644.38970045 4364495.44206092 -4749.24020498088 -9650.76660931322 25 8.55549337255096 -6.40245440530635e-15
159200 -5306491.70082417 4243435.46437094 -4665.98590540668 -9718.66561221505 25 8.63351263986384 -4.6125728928928e-13
159212.5 -5364285.47704505 4121533.08222789 -4580.67729199255 -9785.53727392601 25 8.70954306583845 -2.81924178973387e-11
159225 -5421000.14931292 3998801.66582693 -4493.33272472204 -9851.29692416566 25 8.78342565481901 -1.45749728573348e-09
159237.5 -5476610.40762933 3875255.64770951 -4403.97531438276 -9915.85930532401 25 8.8550009956667 -6.35465469216048e-08
159250 -5531091.26123387 3750910.52828518 -4312.63304730188 -9979.13886662069 25 8.92410997739608 -2.32991086456461e-06
159262.5 -5584418.10021459 3625782.87756737 -4219.33888807109 -10041.050075456 25 8.99059454377182 -7.16373839370579e-05
159275 -5636566.75825317 3499890.33291823 -4124.13085802603 -10101.5077443187 12.5 9.05429848191287 -0.00184213830342453
159287.5 -5687513.57618852 3373251.59261979 -4027.05208737529 -10160.4273713175 12.5 9.11506823908428 -0.0395146932229639
159300 -5737235.46605713 3245886.4051148 -3928.15083903897 -10217.7254920916 12.5 9.17275376040044 -0.705288672090951
159312.5 -5785709.97524504 3117815.55379163 -3827.48050236689 -10273.320040295 12.5 9.22720933127676 -10.4499678768503
159325 -5832915.35036048 2989060.83723731 -3725.09955397129 -10327.1307102474 12.5 9.27829432857651 -128.24009451997
159337.5 -5878830.60035782 2859645.04509549 -3621.07147238904 -10379.079283596 12.5 9.32587318181794 -1300.68212804652
159350 -5923435.55793766 2729591.93117535 -3515.46451584486 -10429.089645153 25 9.36981036415434 -10881.6401544553
159362.5 -5966710.93509754 2598926.19526527 -3408.35083777579 -10477.0858253875 12.5 9.40994165462265 -74953.7228098957
159368.75 -5987844.25274652 2533371.58002756 -3354.25179024105 -10500.3025373703 12.5 9.42849710436589 -182789.339524128
159375 -6008638.35308668 2467673.53610484 -3299.8025829132 -10522.9802195375 12.5 9.44596403046602 -424356.657272668
159381.25 -6029091.06963416 2401835.49238826 -3245.00987905867 -10545.0982635385 6.25 9.46223663291346 -937671.62298406
159387.5 -6049200.26854894 2335861.03992181 -3189.87713694161 -10566.6242072256 6.25 9.47715967789035 -1971650.26352099
159393.75 -6068963.82159038 2269754.03191964 -3134.40221341618 -10587.5048067734 6.25 9.49053561778381 -3944478.51218164
159400 -6088379.56121 2203518.75195372 -3078.5740493019 -10607.6530920972 6.25 9.50218507415728 -7506733.82020441
159406.25 -6107445.21251763 2137160.17524936 -3022.36865688062 -10626.9316913071 6.25 9.51212415703067 -13587299.5777615
159412.5 -6126158.29973362 2070684.34089561 -2965.74514219403 -10645.1345760288 6.25 9.52094524321112 -23385740.5313311
159418.75 -6144516.03131118 2004098.83130524 -2908.6431407793 -10661.9720431675 6.25 9.53046029915204 -38266216.6411045
159425 -6162515.17838816 1937413.31627344 -2850.98359662767 -10677.0665136449 6.25 9.54450733037409 -59516056.1835323
159431.25 -6180151.973907 1870640.0658646 -2792.67489966345 -10689.9682057526 6.25 9.56947435149172 -87966569.4727497
159437.5 -6197422.07045757 1803794.28265153 -2733.62562799826 -10700.1981626142 6.25 9.61368451027529 -123535049.992599
159440.625 -6205918.10089539 1770349.74703257 -2703.79930353196 -10704.170801832 6.25 9.64553408399342 -143608795.847922
159443.75 -6214320.59762827 1736894.07309221 -2673.76335206431 -10707.3201993956 6.25 9.68476646418685 -164818045.485328
159446.875 -6222628.90075673 1703429.88779146 -2643.51528570032 -10709.6137656336 6.25 9.73147134861503 -186751025.922744
159450 -6230842.34846533 1669959.89797536 -2613.05645492193 -10711.0334316523 6.25 9.78510138401229 -208911078.158957
159453.125 -6238960.2897701 1636486.840857 -2582.39250296519 -10711.5782129941 6.25 9.84438400134141 -230733377.32238
159456.25 -6246982.09840753 1603013.42740266 -2551.53363497335 -10711.266153156 3.125 9.90731540995616 -251608279.762583
159459.375 -6254907.18722607 1569542.28087665 -2520.49466555388 -10710.1354482854 3.125 9.97125194337138 -270910001.05316
159462.5 -6262735.0223504 1536075.87335403 -2489.29482371531 -10708.244603022 3.125 10.0330971952917 -288028676.185617
159465.625 -6270465.13635118 1502616.46337798 -2457.95731271808 -10705.6715347966 6.25 10.0895656086049 -302403380.709486
159468.75 -6278097.13967648 1469166.03807403 -2426.50864220372 -10702.5116235506 6.25 10.1374887740278 -313553475.105792
159471.875 -6285630.72968523 1435726.26291251 -2394.97776887004 -10698.8747874354 6.25 10.1741228869225 -321105713.081688
159475 -6293065.69676233 1402298.44193362 -2363.39509780345 -10694.8817434826 6.25 10.1974157966497 -324814921.330011
159478.125 -6300401.92717643 1368883.49064688 -2331.79140761651 -10690.6596769506 6.25 10.2061990723449 -324576663.185262
159484.375 -6314778.19601415 1302093.8533096 -2268.63951012126 -10682.0415785973 6.25 10.1804420828622 -312557730.721904
159490.625 -6328760.44353141 1235356.77419009 -2205.7365838453 -10673.9918451418 6.25 10.1061770579144 -286958267.868054
159493.75 -6335604.42731632 1202006.20219239 -2174.43165716023 -10670.4387025881 6.25 10.0567537425047 -270138561.402032
159496.875 -6342350.7644786 1168666.09244352 -2143.2447498568 -10667.3071971075 6.25 10.0028955306727 -251351443.204949
159500 -6348999.84036637 1135335.03214329 -2112.18572816144 -10664.6551139804 6.25 9.9473520214537 -231170174.037023
159503.125 -6355552.0645161 1102011.45741663 -2081.26023993408 -10662.5213426464 6.25 9.8925534773318 -210165961.798633
159506.25 -6362007.85787261 1068693.71203932 -2050.46999914755 -10660.9262235992 6.25 9.84046053762768 -188883285.683355
159509.375 -6368367.64113184 1035380.10383156 -2019.8132137606 -10659.8726731329 6.25 9.79248601888691 -167819201.810097
159512.5 -6374631.82459322 1002068.95650176 -1989.28511697991 -10659.3479445913 6.25 9.74948693500305 -147407447.455214
159518.75 -6386874.93295995 935447.684568035 -1928.5846281784 -10659.7693405677 6.25 9.67940771286766 -109900190.278773
159525 -6398739.98641426 868818.343025211 -1868.29371556632 -10661.8661227347 6.25 9.62873216977658 -78284182.4824953
159531.25 -6410229.28019401 802171.731870103 -1808.32734336079 -10665.2229560078 6.25 9.5928197944556 -53279504.4329681
159537.5 -6421344.58476257 735501.335469796 -1748.60458514877 -10669.4070072486 6.25 9.56664368428061 -34646306.0248805
159543.75 -6432087.20263301 668803.251806316 -1689.05768180144 -10674.0218014614 6.25 9.54621630611599 -21525965.6198598
159550 -6442458.06539067 602075.85734049 -1629.6359772041 -10678.7379638758 6.25 9.52888119504079 -12778567.0380765
159556.25 -6452457.84220668 535319.346484402 -1570.30590540253 -10683.3033924929 6.25 9.51303754542139 -7248216.27935816
159562.5 -6462087.0399685 468535.256834337 -1511.04858034516 -10687.5387568782 6.25 9.49775328024041 -3928595.60749277
159568.75 -6471346.08463426 401726.050964343 -1451.85640414089 -10691.3249531851 6.25 9.48247338502318 -2034884.80830823
159575 -6480235.38106395 334894.786901451 -1392.72969918293 -10694.5880424082 6.25 9.46685214845186 -1007366.81917111
159581.25 -6488755.35339962 268044.88066847 -1333.67390728562 -10697.2852854951 6.25 9.4506691283564 -476692.038133624
159587.5 -6496906.47023409 201179.947746168 -1274.6975281503 -10699.3940092747 12.5 9.43378647920102 -215652.437149727
159593.75 -6504689.25909681 134303.70410104 -1215.81074152814 -10700.9036562379 12.5 9.41612320576889 -93283.8194290031
159606.25 -6519152.29931827 532.327120953065 -1098.35033450712 -10702.1149941338 12.5 9.37830889764171 -15269.2122915828
159618.75 -6532150.07395804 -133239.167122418 -981.383459908239 -10700.9260672635 12.5 9.33712470794681 -2093.67231469251
159631.25 -6543689.31957444 -266980.940376795 -865.000604186419 -10697.365166709 12.5 9.29262343139996 -240.869165640379
159643.75 -6553777.89013794 -400663.562500173 -749.289906736581 -10691.4683054613 12.5 9.24490459449238 -23.2909488428042
159656.25 -6562424.72335214 -534258.08332473 -634.336567073506 -10683.2760475504 12.5 9.19408225197636 -1.89640524916604
159668.75 -6569639.80205422 -667736.083844436 -520.222569677896 -10672.8327451397 12.5 9.14027718974732 -0.130276598985504
159681.25 -6575434.11271867 -801069.721337092 -407.026481208757 -10660.1862036741 12.5 9.08361497544866 -0.00756645310012503
159693.75 -6579819.60163628 -934231.770772229 -294.823279311408 -10645.3874021968 25 9.02422509016913 -0.000372350209727347
159706.25 -6582809.12911908 -1067195.66274129 -183.684207744043 -10628.4902143093 25 8.96224022203902 -1.55606337992425e-05
159718.75 -6584416.42205526 -1199935.51787457 -73.6766571980716 -10609.5511252149 25 8.89779558736038 -5.53528544774203e-07
159731.25 -6584656.02513325 -1332426.17770502 35.135928535361 -10588.6289465393 25 8.83102826782569 -1.68013849440667e-08
159743.75 -6583543.2510485 -1464643.23196513 142.694121598837 -10565.7845311746 25 8.76207656722976 -4.36243944491743e-10
159756.25 -6581094.1299985 -1596563.04233082 248.94255506852 -10541.0804903072 25 8.69107939207907 -9.71423743987629e-12
159768.75 -6577325.35876057 -1728162.76265242 353.829944885029 -10514.5809146437 25 8.61817566005803 -1.86004966630415e-13
159781.25 -6572254.24963389 -1859420.35573688 457.309089851704 -10486.3511016775 25 8.54350373973411 -3.07072840288732e-15
159793.75 -6565898.67951196 -1990314.60676736 559.336850981004 -10456.4572906536 25 8.46720092429331 -4.38272235792097e-17
159806.25 -6558277.03933511 -2120825.13346564 659.874111586621 -10424.9664067015 25 8.38940294151337 -5.4229326074782e-19
159818.75 -6549408.18415453 -2250932.39312035 758.885719608739 -10391.9458154108 25 8.31024350161493 -5.83349470977845e-21
159831.25 -6539311.38402017 -2380617.68661831 856.340413723547 -10357.4630889301 25 8.22985388408855 -5.47087060779116e-23
159843.75 -6528006.27588536 -2509863.15962887 952.210734827158 -10321.5857844746 25 8.14836256408549 -4.48595873469856e-25
159856.25 -6515512.81670092 -2638651.80110093 1046.47292450003 -10284.3812359468 25 8.06589487848803 -3.22530281687443e-27
159868.75 -6501851.23785152 -2766967.43923989 1139.10681205297 -10245.9163591893 25 7.98257273134519 -2.03916321052279e-29
159881.25 -6487042.0010671 -2894794.73513751 1230.09569173169 -10206.2574712254 25 7.89851433797468 -1.13697801834312e-31
159893.75 -6471105.75592265 -3022119.17423073 1319.42619161666 -10165.4701236818 25 7.8138340066936 -5.60690716659614e-34
159906.25 -6454063.29902096 -3148927.05576719 1407.08813569962 -10123.6189504435 25 7.72864195684931 -2.45254388971942e-36
159918.75 -6435935.53493464 -3275205.48045518 1493.07440055182 -10080.7675294603 25 7.64304417157755 -9.54288343152908e-39
159943.75 -6396508.02182568 -3526126.28399421 1660.00577457609 -9992.3122444722 25 7.47103349146529 -1.02866472809283e-43
159968.75 -6352991.24414983 -3774793.85278446 1820.21871533301 -9900.58739057957 25 7.29856152367004 -7.18367139492888e-49
159993.75 -6305552.76918187 -4021132.2447119 1973.7508378629 -9806.05262502733 25 7.12631577587986 -3.32335579302741e-54
160018.75 -6254358.78408365 -4265076.69276818 2120.67413858557 -9709.14200424944 25 6.95491194523996 -1.04097949905841e-59
160043.75 -6199573.29553554 -4506572.9457634 2261.09029091765 -9610.26255331914 25 6.7848954623265 -2.25518955426523e-65
160068.75 -6141357.44449148 -4745576.58123131 2395.1261517867 -9509.79345763083 25 6.61674407379381 -3.44965296891512e-71
160093.75 -6079868.9299727 -4982052.30500639 2522.92954057402 -9408.08579057216 25 6.45087121567937 -3.80109231744156e-77
160118.75 -6015261.53452596 -5215973.24980243 2644.66533252718 -9305.46269204983 25 6.28762995387714 -3.07586799911889e-83
160143.75 -5947684.74313736 -5447320.28303886 2760.51189185229 -9202.21991669671 25 6.12731729628315 -1.86218709390693e-89
160168.75 -5877283.44694381 -5676081.33220266 2870.65785564216 -9098.62667655387 25 5.970178710348 -8.58661686326691e-96
160193.75 -5804197.72295265 -5902250.73424203 2975.29926845675 -8994.92671024652 25 5.81641270854434 -3.06749277254165e-102
160218.75 -5728562.68109971 -6125828.61388623 3074.63705855948 -8891.33951854677 25 5.66617539136677 -8.62976867638991e-109
160243.75 -5650508.37028718 -6346820.29438357 3168.87484026508 -8788.06171425755 25 5.51958486214535 -1.9419327533804e-115
160268.75 -5570159.73549254 -6565235.74294704 3258.2170222672 -8685.26844220199 25 5.37672544973834 -3.54757798980939e-122
160293.75 -5487636.61858271 -6781089.05218526 3342.86719887414 -8583.11483250714 25 5.23765169391015 -5.33604952735641e-129
160318.75 -5403053.79606697 -6994397.9579623 3423.02679948538 -8481.7374571666 25 5.1023920639292 -6.69756557717363e-136
160343.75 -5316521.04764757 -7205183.39345769 3498.89397110897 -8381.2557659615 25 4.9709523938085 -7.10465310833511e-143
160368.75 -5228143.25005463 -7413469.07866779 3570.6626690018 -8281.77348317729 25 4.84331902791017 -6.44654907499173e-150
160393.75 -5138020.49126509 -7619281.14418564 3638.52193139561 -8183.37995117837 25 4.7194616786464 -5.0608154267715e-157
160418.75 -5046248.20079088 -7822647.78779789 3702.65531557175 -8086.151410828 25 4.59933600404407 -3.47459472319832e-164
160443.75 -4952917.29227058 -8023598.96222962 3763.24047412017 -7990.15221201762 25 4.48288591731101 -2.10766911277221e-171
160468.75 -4858114.31510661 -8222166.09223418 3820.44885194495 -7895.4359502607 25 4.37004564353582 -1.14049464016924e-178
160493.75 -4761921.61235367 -8418381.81915223 3874.44548637076 -7802.04652747754 25 4.26074154053455 -5.55545396573256e-186
160518.75 -4664417.48248274 -8612279.77103967 3925.38889449208 -7710.01913681687 25 4.15489370185698 -2.45697354088948e-193
160543.75 -4565676.3430197 -8803894.35647761 3973.43103364174 -7619.38117269217 25 4.05241736028268 -9.94586004014155e-201
160568.75 -4465768.89438989 -8993260.5802204 4018.71732250251 -7530.15306821523 25 3.95322410993909 -3.71320896265099e-208
160593.75 -4364762.28259225 -9180413.87890167 4061.38671192321 -7442.3490629416 25 3.85722296460179 -1.28775797204769e-215
160618.75 -4262720.25958239 -9365389.97509816 4101.57179591656 -7355.97790435087 25 3.76432126890134 -4.17664962579907e-223
160643.75 -4159703.34046541 -9548224.74814109 4139.39895460439 -7271.04348681063 25 3.67442547815426 -1.27494124185148e-230
160668.75 -4055768.95679064 -9728954.12016092 4174.98852203648 -7187.54543195522 25 3.58744182142728 -3.68483160255484e-238
160693.75 -3950971.60540381 -9907613.95595107 4208.45497284622 -7105.47961447702 25 3.50327686128898 -1.01403770964481e-245
160718.75 -3845362.99245157 -10084239.9753354 4239.90712262525 -7024.83863730845 25 3.42183796254195 -2.67115063627895e-253
160743.75 -3738992.17225085 -10258867.6768234 4269.44833770857 -6945.61226008578 25 3.34303368109241 -6.76881542129182e-261
160768.75 -3631905.68083412 -10431532.2714323 4297.17675076923 -6867.78778465123 25 3.26677408302264 -1.65779313423232e-268
160793.75 -3524147.66406378 -10602268.6256471 4323.18547923783 -6791.35040118053 25 3.19297100289955 -3.94151585000064e-276
160818.75 -3415760.00027694 -10771111.2125775 4347.56284409464 -6716.28349833184 25 3.12153824938929 -9.13500830546377e-284
160843.75 -3306782.41747681 -10938094.0704519 4370.39258704078 -6642.56894060707 25 3.05239176535601 -2.07184367670329e-291
160868.75 -3197252.60513217 -11103250.7676673 4391.75408444769 -6570.18731590533 25 2.98544974880605 -4.61525278468348e-299
160893.75 -3087206.32068186 -11266614.373684 4411.72255681865 -6499.11815603689 25 2.92063274029467 -1.01324339611525e-306
160918.75 -2976677.49086936 -11428217.4351223 4430.36927277985 -6429.34013275704 25 2.85786368173896 -0
160943.75 -2865698.30805392 -11588091.9564792 4447.76174685778 -6360.83123167769 25 2.79706795097507 -0
160968.75 -2754299.32166075 -11746269.3849378 4463.96393050054 -6293.56890622051 25 2.73817337585431 -0
160993.75 -2642509.5249442 -11902780.5987987 4479.03639596776 -6227.53021359213 25 2.68111023118867 -0
161018.75 -2530356.43724547 -12057655.8991034 4493.03651285276 -6162.69193458856 25 2.62581122142554 -0
161043.75 -2417866.18193062 -12210925.0040692 4506.01861711443 -6099.03067887484 25 2.57221145154934 -0
161068.75 -2305063.56019698 -12362617.0459893 4518.03417258944 -6036.52297723504 25 2.52024838837129 -0
161093.75 -2191972.12093517 -12512760.5702912 4529.13192503036 -5975.14536214899 50 2.46986181407081 -0
161118.75 -2078614.22683269 -12661383.5364762 4539.35804877542 -5914.87443792349 50 2.42099377359128 -0
161143.75 -1965011.11690118 -12808513.3206935 4548.75628620264 -5855.68694148836 50 2.37358851726403 -0
161168.75 -1851182.96560573 -12954176.7197279 4557.36808015758 -5797.55979485925 50 2.32759243983394 -0
161193.75 -1737148.93876897 -13098399.9562044 4565.23269957129 -5740.47015017113 50 2.2829540168855 -0
161218.75 -1622927.24641746 -13241208.6848345 4572.387358505 -5684.39542809628 50 2.23962373951572 -0
161243.75 -1508535.19273148 -13382627.9995477 4578.86732887164 -5629.31335037908 50 2.1975540479679 -0
161268.75 -1393989.22325323 -13522682.4413703 4584.70604709314 -5575.20196714582 50 2.15669926482571 -0
161293.75 -1279304.9695015 -13661396.0069268 4589.93521495655 -5522.03967958057 50 2.1170155282672 -0
161318.75 -1164497.29113487 -13798792.1574572 4594.58489493324 -5469.80525849759 50 2.07846072579274 -0
161343.75 -1049580.31579827 -13934893.8282514 4598.6836002236 -5418.47785928558 50 2.04099442876674 -0
161368.75 -934567.476781762 -14069723.4384165 4602.25837978591 -5368.03703364977 50 2.00457782804938 -0
161393.75 -819471.548613554 -14203302.9009019 4605.33489860229 -5318.46273853319 50 1.9691736709398 -0
161418.75 -704304.68070341 -14335653.6327153 4607.93751342805 -5269.73534255797 50 1.93474619960545 -0
161443.75 -589078.429146253 -14466796.5652728 4610.08934426264 -5221.83563029161 50 1.90126109113268 -0
161468.75 -473803.786790084 -14596752.1548302 4611.81234177213 -5174.7448046104 50 1.86868539929922 -0
161493.75 -358491.211666627 -14725540.3929531 4613.1273508839 -5128.4444874029 50 1.83698749814077 -0
161518.75 -243150.653877748 -14853180.8169855 4614.05417076522 -5082.91671883016 50 1.80613702735965 -0
161543.75 -127791.581025491 -14979692.5204844 4614.61161138771 -5038.14395533574 50 1.7761048396028 -0
161568.75 -12423.0022686682 -15105094.1635906 4614.8175468704 -4994.10906657731 50 1.74686294961954 -0
161593.75 102946.508915786 -15229403.9833104 4614.68896578464 -4950.79533143279 50 1.71838448529534 -0
161618.75 218308.793192921 -15352639.8036885 4614.24201859494 -4908.18643321678 50 1.69064364054603 -0
161643.75 333656.084981833 -15474819.0458519 4613.49206240088 -4866.26645422794 50 1.66361563004741 -0
161668.75 448980.993154169 -15595958.7379098 4612.45370313633 -4825.01986973424 50 1.63727664576756 -0
161718.75 679535.85773978 -15835185.6773063 4609.56667989823 -4744.48671083574 50 1.58657516170336 -0
161768.75 909921.076151267 -16070449.352492 4605.68423025221 -4666.47036275922 50 1.53836672779401 -0
161818.75 1140089.25500304 -16301872.8113096 4600.89994121532 -4590.86007061063 50 1.49249202570163 -0
161868.75 1369997.45860995 -16529573.7047463 4595.29868829192 -4517.5506735592 50 1.44880377889822 -0
161918.75 1599606.79572842 -16753664.5603758 4588.95751138212 -4446.44235382052 50 1.40716574588248 -0
161968.75 1828882.04767638 -16974253.0431964 4581.94639593066 -4377.44038415931 50 1.36745180013289 -0
162018.75 2057791.33336913 -17191442.2038831 4574.32897011267 -4310.45487745934 50 1.32954509004074 -0
162068.75 2286305.80731679 -17405330.7146263 4566.16312759953 -4245.40054100126 50 1.2933372723183 -0
162118.75 2514399.38707719 -17616013.0928434 4557.50158433462 -4182.19643737349 50 1.25872781270819 -0
162168.75 2742048.50705491 -17823579.9131315 4548.39237676203 -4120.76575337752 50 1.22562334819671 -0
162218.75 2969231.89588648 -18028118.0078851 4538.87930807917 -4061.03557784762 50 1.19393710533273 -0
162268.75 3195930.37496126 -18229710.6570395 4529.00234831418 -4002.93668896066 50 1.16358836965702 -0
162318.75 3422126.67589981 -18428437.7674255 4518.79799335039 -3946.40335134584 50 1.13450200164349 -0
162368.75 3647805.27505253 -18624376.0422249 4508.29958742245 -3891.37312309946 50 1.10660799493573 -0
162418.75 3872952.24329418 -18817599.141026 4497.53761308218 -3837.78667265511 50 1.07984107302476 -0
162468.75 4097555.10957811 -19008177.8309637 4486.53995216921 -3785.58760534395 50 1.05414032085389 -0
162518.75 4321602.73687988 -19196180.129426 4475.33212091401 -3734.72229939425 50 1.02944884815305 -0
162568.75 4545085.20930788 -19381671.4387897 4463.93748194192 -3685.13975105967 50 1.00571348159729 -0
162618.75 4767993.72928831 -19564714.6736335 4452.37743563137 -3636.79142852347 50 0.982884483153086 -0
162668.75 4990320.52384776 -19745370.3808579 4440.6715930013 -3589.63113420026 50 0.960915292221993 -0
162718.75 5212058.75911915 -19923696.8531216 4428.83793205784 -3543.6148750413 50 0.939762289415736 -0
162768.75 5433202.46228749 -20099750.2359855 4416.89293931451 -3498.70074044401 50 0.919384580001191 -0
162818.75 5653746.45027323 -20273584.6291338 4404.8517380098 -3454.84878736692 50 0.899743795239114 -0
162868.75 5873686.26452242 -20445252.1820221 4392.72820437781 -3412.02093225741 50 0.880803910008632 -0
162918.75 6093018.11133717 -20614803.1842854 4380.53507317941 -3370.18084940902 50 0.862531075261799 -0
162968.75 6311738.80723685 -20782286.151216 4368.2840335701 -3329.29387537812 50 0.844893463990101 -0
163018.75 6529845.7288914 -20947747.9046067 4355.98581626468 -3289.32691910314 50 0.827861129509281 -0
163068.75 6747336.76721323 -21111233.6492351 4343.65027285628 -3250.24837738592 50 0.811405874981167 -0
163118.75 6964210.28523517 -21272787.0452497 4331.28644805609 -3212.02805541017 50 0.79550113319268 -0
163168.75 7180465.07943787 -21432450.2767008 4318.9026455395 -3174.637091989 50 0.780121855703739 -0
163218.75 7396100.3442225 -21590264.1164464 4306.50648801288 -3138.0478892497 50 0.765244410558469 -0
163268.75 7611115.63925402 -21746267.9876471 4294.10497205122 -3102.23404648023 50 0.75084648782871 -0
163318.75 7825510.8594259 -21900500.0220523 4281.70451820059 -3067.1702978779 50 0.736907012326171 -0
163368.75 8039286.20722098 -22052997.1152661 4269.31101678897 -3032.83245395586 100 0.723406062880388 -0
163418.75 8252442.16726397 -22203794.9791698 4256.92986984391 -2999.19734637805 100 0.710324797634575 -0
163468.75 8464979.48288 -22352928.191668 4244.56602947568 -2966.24277600716 100 0.69764538486104 -0
163518.75 8676899.13449083 -22500430.2439128 4232.22403304897 -2933.9474639637 100 0.685350938842721 -0
163568.75 8888202.31969544 -22646333.5851523 4219.90803543394 -2902.2910055072 100 0.673425460407916 -0
163618.75 9098890.43489569 -22790669.6653402 4207.62183859927 -2871.25382656236 100 0.661853781741966 -0
163668.75 9308965.05834016 -22933468.9756339 4195.36891878426 -2840.81714272449 100 0.650621515132839 -0
163718.75 9518427.93447064 -23074761.086902 4183.15245146403 -2810.96292058942 100 0.639715005337627 -0
163768.75 9727280.95946565 -23214574.6863535 4170.97533430158 -2781.67384126295 100 0.629121285284211 -0
163818.75 9935526.16788508 -23352937.6123936 4158.84020826197 -2752.93326591443 100 0.618828034846995 -0
163868.75 10143165.7203278 -23489876.8878061 4146.74947704745 -2724.72520324791 100 0.608823542458071 -0
163918.75 10350201.8920222 -23625418.7513545 4134.70532499756 -2697.03427877264 100 0.599096669335431 -0
163968.75 10556637.062276 -23759588.6878896 4122.70973358468 -2669.84570576241 100 0.589636816128352 -0
164018.75 10762473.7047182 -23892411.4570449 4110.76449662383 -2643.1452578004 100 0.580433891796829 -0
164068.75 10967714.3782718 -24023911.1205965 4098.87123430435 -2616.91924281301 100 0.571478284557189 -0
164118.75 11172361.7188006 -24154111.0685613 4087.03140614161 -2591.15447850262 100 0.562760834739905 -0
164168.75 11376418.4313784 -24283034.0440982 4075.24632293792 -2565.8382690948 100 0.554272809418252 -0
164218.75 11579887.2831335 -24410702.1672795 4063.51715783391 -2540.95838332119 100 0.546005878677964 -0
164268.75 11782771.0966239 -24537136.95779 4051.84495652444 -2516.50303356444 100 0.537952093408564 -0
164318.75 11985072.7437047 -24662359.3566108 4040.23064670659 -2492.46085609614 100 0.530103864506584 -0
164368.75 12186795.1398495 -24786389.7467417 4028.6750468215 -2468.82089234338 100 0.522453943389658 -0
164418.75 12387941.2388923 -24909247.9730104 4017.1788741462 -2445.57257112354 100 0.514995403728432 -0
164468.75 12588514.0281591 -25030953.3610176 4005.74275228707 -2422.70569179089 100 0.507721624310564 -0
164568.75 12987951.7674146 -25270980.4364149 3983.05272823367 -2378.07721371214 100 0.493703291424567 -0
164668.75 13385132.7629344 -25506615.8627779 3960.60834150796 -2334.86067577752 100 0.480351490184637 -0
164768.75 13780081.7000979 -25737997.3044771 3938.41185500835 -2292.9862807984 100 0.467622714809187 -0
164868.75 14172823.4420913 -25965255.6782915 3916.46458651091 -2252.38880965694 100 0.455477017792713 -0
164968.75 14563382.9424088 -26188515.592497 3894.76704556048 -2213.00725303551 100 0.443877663780174 -0
165068.75 14951785.1700801 -26407895.7508921 3873.31905159945 -2174.7844777848 100 0.432790822149957 -0
165168.75 15338055.0458869 -26623509.3250373 3852.11983601694 -2137.66692424482 100 0.422185293446153 -0
165268.75 15722217.3880762 -26835464.2976365 3831.16813039282 -2101.60433126559 100 0.412032265473439 -0
165368.75 16104296.8662896 -27043863.7796844 3810.46224286885 -2066.54948605184 100 0.402305095439273 -0
165468.75 16484317.9626055 -27248806.3037327 3790.00012429187 -2032.45799628688 100 0.392979115014623 -0
165568.75 16862304.9387441 -27450386.0953866 3769.77942553255 -1999.28808227954 100 0.384031455599697 -0
165668.75 17238281.8086135 -27648693.3249337 3749.79754717931 -1967.00038713185 100 0.37544089143632 -0
165768.75 17612272.3154869 -27843814.3408151 3730.05168263454 -1935.55780314768 100 0.367187698513132 -0
165868.75 17984299.913198 -28035831.8864829 3710.53885549473 -1904.92531289768 100 0.359253527471366 -0
165968.75 18354387.7508195 -28224825.3020374 3691.25595197186 -1875.06984352865 100 0.351621288944201 -0
166068.75 18722558.660364 -28410870.7119046 3672.19974900826 -1845.96013305652 100 0.344275049957033 -0
166168.75 19088835.1471043 -28594041.1996941 3653.36693864722 -1817.5666075163 100 0.337199940183954 -0
166268.75 19453239.3821651 -28774406.971273 3634.75414914509 -1789.86126796072 100 0.330382067001282 -0
166368.75 19815793.1970792 -28952035.5069939 3616.35796324486 -1762.81758640355 100 0.323808438405247 -0
166468.75 20176518.0800459 -29126991.7039301 3598.17493397511 -1736.41040989687 100 0.317466892970761 -0
166568.75 20535435.1736583 -29299338.0088948 3580.20159828988 -1710.61587201341 100 0.311346036123858 -0
166668.75 20892565.2738982 -29469134.5429509 3562.43448882359 -1685.41131107845 100 0.305435182083872 -0
166768.75 21247928.830222 -29636439.2180569 3544.87014399938 -1660.77519456072 100 0.299724300904412 -0
166868.75 21601545.946585 -29801307.8464373 3527.50511669831 -1636.68704908966 100 0.294203970106105 -0
166968.75 21953436.3832669 -29963794.2432157 3510.33598167036 -1613.12739561821 100 0.288865330450168 -0
167068.75 22303619.5593829 -30123950.3228034 3493.35934184508 -1590.07768929617 100 0.283700045451105 -0
167168.75 22652114.5559768 -30281826.1894941 3476.57183367968 -1567.52026366087 100 0.278700264270245 -0
167268.75 22998940.1196055 -30437470.2226786 3459.97013166516 -1545.43827878828 100 0.27385858767 -0
167368.75 23344114.6663364 -30590929.1570591 3443.55095209592 -1523.81567308137 100 0.269168036742528 -0
167468.75 23687656.2860893 -30742248.1582117 3427.31105619533 -1502.6371184018 100 0.264622024156284 -0
167568.75 24029582.7472617 -30891470.893818 3411.24725267804 -1481.88797827795 100 0.260214327690389 -0
167668.75 24369911.5015854 -31038639.6008616 3395.35639982035 -1461.55426894627 100 0.255939065850177 -0
167768.75 24708659.6891677 -31183795.14906 3379.63540710076 -1441.62262300445 100 0.251790675378079 -0
167868.75 25045844.1436781 -31326977.1007852 3364.0812364656 -1422.08025547469 200 0.247763890492524 -0
167968.75 25381481.3976446 -31468223.7677025 3348.6909032678 -1402.91493209248 200 0.243853723704004 -0
168068.75 25715587.687829 -31607572.2643425 3333.46147692126 -1384.11493965269 200 0.240055448072137 -0
168168.75 26048178.9606554 -31745058.5588047 3318.3900813078 -1365.6690582588 200 0.236364580780716 -0
168268.75 26379270.8776686 -31880717.5207744 3303.47389496973 -1347.56653533429 200 0.232776867919402 -0
168368.75 26708878.8210014 -32014582.9670239 3288.71015111667 -1329.79706126687 200 0.229288270371269 -0
168468.75 27037017.8988353 -32146687.7045547 3274.09613747206 -1312.35074656714 200 0.225894950714796 -0
168568.75 27363702.9508379 -32277063.571527 3259.62919598175 -1295.21810043276 200 0.222593261057317 -0
168668.75 27688948.5535663 -32405741.4761109 3245.30672240426 -1278.39001061817 200 0.219379731724574 -0
168768.75 28012769.0258229 -32532751.4333869 3231.12616580015 -1261.85772451792 200 0.216251060737785 -0
168868.75 28335178.4339569 -32658122.6004113 3217.0850279356 -1245.61283137902 200 0.213204104015805 -0
168968.75 28656190.5971016 -32781883.3095562 3203.18086261375 -1229.64724556424 200 0.21023586624549 -0
169068.75 28975819.0923425 -32904061.1002251 3189.41127494556 -1213.95319079465 200 0.207343492368358 -0
169168.75 29294077.2598093 -33024682.7490398 3175.77392057047 -1198.52318530497 200 0.204524259636149 -0
169268.75 29610978.2076878 -33143774.2985843 3162.26650483624 -1183.35002785049 200 0.201775570191969 -0
169368.75 29926534.8171489 -33261361.0847914 3148.88678194561 -1168.42678450914 200 0.199094944137403 -0
169468.75 30240759.7471896 -33377467.7630458 3135.6325540772 -1153.7467762262 200 0.196480013049297 -0
169568.75 30553665.4393866 -33492118.3330773 3122.50167048644 -1139.30356705328 200 0.193928513912964 -0
169668.75 30865264.1225577 -33605336.1627106 3109.49202659222 -1125.09095303683 200 0.191438283441325 -0
169768.75 31175567.8173322 -33717144.0105346 3096.60156305372 -1111.10295171444 200 0.189007252751975 -0
169868.75 31484588.340629 -33827564.0475506 3083.82826484174 -1097.33379218046 200 0.186633442376454 -0
169968.75 31792337.3100406 -33936617.8778529 3071.17016030786 -1083.77790568524 200 0.184314957578075 -0
170068.75 32098826.1481252 -34044326.5583962 3058.62532025479 -1070.42991673459 200 0.18204998395654 -0
170168.75 32404066.0866049 -34150710.6178952 3046.19185701034 -1057.28463465866 200 0.179836783319295 -0
170368.75 33010843.2619802 -34359584.4550616 3021.65171236888 -1031.58230503682 200 0.175559106215581 -0
170568.75 33612755.0270195 -34563393.7222136 2997.53542076881 -1006.63279447334 200 0.171469403082533 -0
170768.75 34209884.7725456 -34762285.3799048 2973.82928309127 -982.400467346521 200 0.167556144427237 -0
170968.75 34802313.2078766 -34956399.493201 2950.52017882921 -958.851972369332 200 0.163808699612554 -0
171168.75 35390118.4738332 -35145869.6699589 2927.5955391021 -935.956059785717 200 0.160217252533236 -0
171368.75 35973376.2504478 -35330823.4643198 2905.04332065359 -913.683415975931 200 0.156772726483022 -0
171568.75 36552159.8595739 -35511382.7487033 2882.851980881 -892.006513559445 200 0.153466717076963 -0
171768.75 37126540.3626084 -35687664.0572302 2861.01045392163 -870.89947532053 200 0.15029143224948 -0
171968.75 37696586.6535365 -35859778.9031884 2839.50812780221 -850.337950485768 200 0.147239638481347 -0
172168.75 38262365.5475128 -36027834.0728811 2818.33482264406 -830.299002059261 200 0.144304612521675 -0
172368.75 38823941.8651873 -36191931.8979502 2797.48076990589 -810.761004074337 200 0.141480097967375 -0
172568.75 39381378.5129818 -36352170.5080581 2776.93659263871 -791.70354775353 200 0.138760266145037 -0
172768.75 39934736.559516 -36508644.0656162 2756.69328672165 -773.107355684342 200 0.136139680810901 -0
