0 314159000 0 -1180.65717010366 214.589484091873 100 0.00403837820768556 -0
100 314040914.086038 21458.9479491855 -1181.06115976624 214.589470289224 200 0.00404141578817101 -0
300 313804620.985209 64376.8327934875 -1181.87005146623 214.589359680926 400 0.00404750425457011 -0
700 313331548.838629 150212.480548014 -1183.4914967675 214.588804697768 800 0.00405973467050675 -0
1500 312383453.901939 321882.661279677 -1186.7491349733 214.586345485586 1600 0.00408441154800562 -0
3100 310479405.937498 665213.461087229 -1193.32421451467 214.575914304904 1600 0.00413464674414777 -0
4700 308564773.044939 1008521.54589423 -1199.98061607566 214.557905536446 1600 0.00418609108956201 -0
6300 306639423.550746 1351794.5665166 -1206.7202986785 214.532035796347 1600 0.00423878688240207 -0
7900 304703222.592548 1695019.71019541 -1213.54528988611 214.498008885993 1600 0.00429277837288252 -0
9500 302756032.006943 2038183.67953483 -1220.45768896441 214.455515086549 1600 0.00434811187554101 -0
11100 300797710.212124 2381272.67027472 -1227.45967022648 214.404230407085 1600 0.00440483588925729 -0
12700 298828112.085003 2724272.3478207 -1234.55348657099 214.343815782726 1600 0.0044630012256567 -0
14300 296847088.832498 3067167.82244871 -1241.7414732286 214.273916218943 1600 0.00452266114658425 -0
15900 294854487.856665 3409943.6230946 -1249.02605173088 214.194159877741 1600 0.0045838715113998 -0
17500 292850152.613279 3752583.66963201 -1256.40973411774 214.104157101124 1600 0.00464669093491631 -0
19100 290833922.463488 4095071.24353433 -1263.89512740053 214.003499366795 1600 0.00471118095688239 -0
20700 288805632.518105 4437388.95680791 -1271.48493829953 213.891758170569 1600 0.00477740622399771 -0
22300 286765113.474088 4779518.71907453 -1279.18197827607 213.768483829483 1600 0.00484543468554771 -0
23900 284712191.442722 5121441.70267104 -1286.98916888136 213.633204198986 1600 0.00491533780385192 -0
25500 282646687.768969 5463138.30562294 -1294.90954744588 213.485423296989 1600 0.00498719078084083 -0
27100 280568418.841425 5804588.1123368 -1302.94627313562 213.324619826831 1600 0.00506107280221072 -0
28700 278477195.892282 6145769.85184267 -1311.10263340336 213.150245590439 1600 0.00513706730075536 -0
30300 276372824.786619 6486661.3534035 -1319.38205086625 212.961723782113 1600 0.00521526224064112 -0
31900 274255105.800339 6827239.49929203 -1327.78809064331 212.75844715237 1600 0.00529575042457933 -0
33500 272123833.385965 7167480.17451829 -1336.32446819011 212.539776030236 1600 0.00537862982605928 -0
35100 269978795.925477 7507358.21327107 -1344.99505767099 212.305036191156 1600 0.00546400394904097 -0
36700 267819775.469297 7846847.34181511 -1353.80390091332 212.053516556355 1600 0.00555198221777083 -0
38300 265646547.460447 8185920.11756215 -1362.7552169924 211.784466707984 1600 0.00564268039968132 -0
39900 263458880.442831 8524547.8640074 -1371.85341250062 211.497094202699 1600 0.00573622106467039 -0
41500 261256535.752504 8862700.6011938 -1381.10309255959 211.190561664451 1600 0.00583273408443527 -0
43100 259039267.190679 9200346.97133394 -1390.50907263999 210.863983635097 1600 0.00593235717596253 -0
44700 256806820.677133 9537454.1591837 -1400.07639126055 210.516423159121 1600 0.00603523649376052 -0
46300 254558933.882536 9873987.80672115 -1409.81032364493 210.146888075999 1600 0.0061415272759694 -0
47900 252295335.838111 10209911.92164 -1419.71639642352 209.754326990742 1600 0.00625139455010769 -0
49500 250015746.520864 10545188.7791169 -1429.80040347664 209.337624889688 1600 0.00636501390492406 -0
51100 247719876.412486 10879778.8162554 -1440.06842302574 208.895598364736 1600 0.00648257233563243 -0
52700 245407426.029832 11213640.5185491 -1450.52683609142 208.426990404777 1600 0.00660426917073285 -0
53500 244244886.799943 11380284.7073039 -1455.82952193623 208.182304055906 1600 0.00666673540088473 -0
54300 243078085.424625 11546730.2976223 -1461.18234644897 207.930464708215 1600 0.0067303170896821 -0
55100 241906981.43767 11712971.4953035 -1466.58620157574 207.671291914742 1600 0.00679504309169044 -0
55900 240731533.650178 11879002.359498 -1472.0420022326 207.404599463783 1600 0.00686094324187005 -0
56700 239551700.131869 12044816.7980054 -1477.55068708227 207.130195151324 1600 0.00692804839693538 -0
57500 238367438.191767 12210408.5623863 -1483.11321934348 206.847880542694 1600 0.00699639047880341 -0
58300 237178704.358217 12375771.2428782 -1488.73058763451 206.557450722834 1600 0.00706600252025431 -0
59100 235985454.358218 12540898.2631079 -1494.40380685275 206.258694034554 1600 0.00713691871293584 -0
59900 234787643.096036 12705782.8745882 -1500.13391909207 205.951391804086 1600 0.00720917445785195 -0
60700 233585224.631064 12870418.150991 -1505.9219945999 205.635318053228 1600 0.00728280641848557 -0
61500 232378152.154905 13034796.9821835 -1511.76913277623 205.310239197294 1600 0.00735785257671624 -0
62300 231166377.967636 13198912.0680176 -1517.67646321653 204.975913728065 1600 0.00743435229170396 -0
63100 229949853.453215 13362755.9118587 -1523.6451468011 204.632091880855 1600 0.00751234636192337 -0
63900 228728529.054007 13526320.8138417 -1529.67637683308 204.278515284759 1600 0.0075918770905447 -0
64700 227502354.244368 13689598.8638405 -1535.77138022808 203.914916595101 1600 0.00767298835437262 -0
65500 226271277.503267 13852581.9341357 -1541.93141875782 203.541019106999 1600 0.00775572567656893 -0
66300 225035246.28588 14015261.6717651 -1548.15779035107 203.156536348925 1600 0.00784013630340173 -0
67100 223794206.994123 14177629.4905406 -1554.45183045483 202.761171655033 1600 0.00792626928528155 -0
67900 222548104.946079 14339676.5627145 -1560.81491345919 202.354617714959 1600 0.00801417556236393 -0
68700 221296884.344243 14501393.810276 -1567.24845418942 201.936556099706 1600 0.00810390805501926 -0
69500 220040488.242559 14662771.8958577 -1573.75390946908 201.506656762104 1600 0.00819552175949313 -0
70300 218778858.512168 14823801.2132329 -1580.3327797582 201.064577510265 1600 0.00828907384910504 -0
71100 217511935.805821 14984471.8773792 -1586.98661087093 200.609963452305 1600 0.00838462378136027 -0
71900 216239659.520875 15144773.7140864 -1593.71699577706 200.142446410499 1600 0.00848223341137859 -0
72700 214961967.760825 15304696.2490832 -1600.52557649263 199.661644302885 1600 0.00858196711207504 -0
73500 213678797.295274 15464228.696654 -1607.41404606466 199.167160490199 1600 0.00868389190156284 -0
74300 212390083.518285 15623359.9477207 -1614.38415065571 198.658583085855 1600 0.00878807757828526 -0
75100 211095760.405018 15782078.5573546 -1621.43769173432 198.135484226511 1600 0.008894596864425 -0
75900 209795760.466571 15940372.7316906 -1628.57652837768 197.597419300573 1600 0.00900352555818337 -0
76700 208490014.702936 16098230.3142039 -1635.80257969359 197.043926131795 1600 0.00911494269557103 -0
77500 207178452.553958 16255638.7713166 -1643.1178273689 196.474524114893 1600 0.00922893072240454 -0
78300 205861001.848215 16412585.1772916 -1650.52431835256 195.888713299855 800 0.00934557567726187 -0
79100 204537588.749681 16569056.1983722 -1658.02416768165 195.285973421373 800 0.00946496738621314 -0
79900 203208137.702078 16725038.0761222 -1665.61956145966 194.665762869531 800 0.00958719967021307 -0
80700 201872571.37078 16880516.6099178 -1673.3127599967 194.02751759755 800 0.00971237056611811 -0
81500 200530810.582129 17035477.1385389 -1681.10610112241 193.370649962082 800 0.00984058256237513 -0
82300 199182774.260037 17189904.5208038 -1689.00200368277 192.694547491128 800 0.00997194285052117 -0
83100 197828379.35971 17343783.1151878 -1697.00297123314 191.998571574292 800 0.0101065635937352 -0
83900 196467540.798331 17497096.7583612 -1705.1115959408 191.282056069579 800 0.0102445622137943 -0
84700 195100171.382536 17649828.7425769 -1713.33056271109 190.544305820494 800 0.0103860616979116 -0
85500 193726181.732498 17801961.7918335 -1721.66265355278 189.784595076637 800 0.0105311909270656 -0
86300 192345480.202405 17953478.0367346 -1730.11075219902 189.002165810394 800 0.0106800850275859 -0
87100 190957972.797152 18104358.9879559 -1738.67784900209 188.196225921674 800 0.0108328857479211 -0
87900 189563563.084983 18254585.5082298 -1747.36704612123 187.365947321916 800 0.0109897418627019 -0
88700 188162152.105867 18404137.782745 -1756.18156302481 186.510463887807 800 0.0111508096064145 -0
89500 186753638.275343 18552995.2878535 -1765.12474232954 185.628869274253 800 0.0113162531392248 -0
90300 185337917.283542 18701136.757968 -1774.2000560016 184.720214575207 800 0.0114862450477456 -0
91100 183914881.989099 18848540.1505234 -1783.41111194665 183.78350581986 800 0.0116609668838162 -0
91900 182484422.307626 18995182.6088639 -1792.76166101795 182.81770129054 800 0.0118406097446759 -0
92700 181046425.094405 19141040.4229096 -1802.25560447452 181.821708647334 800 0.0120253748982559 -0
93500 179600774.020916 19286088.9874383 -1811.89700192407 180.794381843012 800 0.0122154744577024 -0
94300 178147349.444812 19430302.7578113 -1821.69007978849 179.73451781019 800 0.0124111321096724 -0
95100 176686028.27289 19573655.2029493 -1831.63924033327 178.640852900907 800 0.0126125839014284 -0
95900 175216683.816608 19716118.7553557 -1841.74907130609 177.512059056749 800 0.0128200790922947 -0
96700 173739185.639623 19857664.7579587 -1852.02435623379 176.346739685456 800 0.0130338810756479 -0
97500 172253399.396813 19998263.4075291 -1862.470085432 175.143425217443 800 0.0132542683782925 -0
98300 170759186.664188 20137883.694406 -1873.09146778665 173.900568312875 800 0.0134815357448394 -0
99100 169256404.759047 20276493.3382369 -1883.89394337236 172.61653868683 800 0.0137159953155681 -0
99900 167744906.549673 20414058.7194141 -1894.88319697947 171.289617516583 800 0.0139579779072289 -0
100700 166224540.253829 20550544.8058555 -1906.06517262814 169.91799139112 800 0.0142078344073402 -0
101500 164695149.225213 20685915.0747489 -1917.44608915645 168.499745758572 800 0.0144659372937855 -0
102300 163156571.726977 20820131.4288355 -1929.03245697795 167.032857822311 800 0.0147326822929274 -0
103100 161608640.69135 20953154.1067728 -1940.83109611438 165.515188830794 800 0.0150084901910629 -0
103900 160051183.464272 21084941.5870663 -1952.8491556204 163.944475699974 800 0.0152938088158732 -0
104700 158484021.533898 21215450.4850092 -1965.09413452964 162.318321899854 800 0.0155891152066037 -0
105500 156906970.241687 21344635.4420131 -1977.57390446564 160.634187528684 800 0.0158949179940944 -0
106300 155319838.474682 21472449.0066429 -1990.29673407711 158.889378489035 800 0.0162117600145034 -0
107100 153722428.337456 21598841.5066036 -2003.27131547482 157.081034669478 800 0.016540221183691 -0
107900 152114534.802041 21723760.9108375 -2016.50679286771 155.206117023626 800 0.0168809216628243 -0
108700 150495945.333996 21847152.6808044 -2030.01279361887 153.261393424598 800 0.0172345253498943 -0
109500 148866439.492581 21968959.6099096 -2043.79946196772 151.243423157282 800 0.0176017437366091 -0
110300 147225788.502799 22089121.6499301 -2057.87749569468 149.148539892842 800 0.0179833401756439 -0
111100 145573754.796819 22207575.7231551 -2072.25818603789 146.972832969209 800 0.0183801346096221 -0
111500 144743392.66066 22266141.682297 -2079.56572885437 145.853376713306 800 0.0185845040607475 -0
111900 143910091.521998 22324255.5187865 -2086.95346120808 144.712126778195 800 0.0187930088206497 -0
112300 143073818.986852 22381908.4023735 -2094.4229814459 143.548516085652 800 0.0190057697319845 -0
112700 142234542.012762 22439091.2720985 -2101.97593390293 142.361958028445 800 0.0192229122677799 -0
113100 141392226.89005 22495794.8283129 -2109.61401063698 141.151845625247 800 0.0194445667515822 -0
113500 140546839.222369 22552009.5243536 -2117.33895324443 139.917550631298 800 0.019670868590132 -0
113900 139698343.906509 22607725.5578513 -2125.15255476169 138.658422602077 800 0.019901958519403 -0
114300 138846705.111428 22662932.8616559 -2133.05666165719 137.373787907073 800 0.0201379828648981 -0
114700 137991886.256463 22717621.0943552 -2141.05317591915 136.062948690517 800 0.0203790938171688 -0
115100 137133849.98869 22771779.6303682 -2149.14405724459 134.725181775707 800 0.0206254497235962 -0
115500 136272558.159382 22825397.5495874 -2157.3313253353 133.359737509341 800 0.0208772153975561 -0
115900 135407971.799533 22878463.6265465 -2165.61706230734 131.965838541957 800 0.0211345624461749 -0
116300 134540051.094385 22930966.3190869 -2174.00341522053 130.542678540348 800 0.0213976696179856 -0
116700 133668755.356929 22982893.7564943 -2182.49259873514 129.089420827459 800 0.0216667231718911 -0
117100 132794043.000309 23034233.7270767 -2191.08689790356 127.605196944961 800 0.0219419172689635 -0
117500 131915871.509082 23084973.6651508 -2199.78867110501 126.089105133319 800 0.0222234543887284 -0
117900 131034197.409276 23135100.6374024 -2208.60035313217 124.540208723769 800 0.0225115457717222 -0
118300 130148976.237183 23184601.3285863 -2217.52445843908 122.957534436193 800 0.0228064118902605 -0
118700 129260162.50681 23233462.026524 -2226.56358456048 121.340070576382 800 0.0231082829495176 -0
119100 128367709.675941 23281668.60636 -2235.72041571333 119.686765125688 800 0.0234173994211992 -0
119500 127471570.110705 23329206.514031 -2244.99772659222 117.996523715485 800 0.0237340126122838 -0
119900 126571695.048595 23376060.7489002 -2254.3983863712 116.268207478238 800 0.0240583852715283 -0
120300 125668034.559839 23422215.845506 -2263.92536292531 114.500630766325 800 0.0243907922366675 -0
120700 124760537.507037 23467655.8543705 -2273.58172728652 112.692558728994 800 0.0247315211254993 -0
121100 123849151.502962 23512364.3218083 -2283.37065834945 110.842704737062 800 0.0250808730743348 -0
121500 122933822.866435 23556324.2686729 -2293.29544784377 108.94972764404 800 0.0254391635276093 -0
121900 122014496.576148 23599518.1679731 -2303.35950559137 107.012228871444 800 0.025806723082798 -0
122300 121091116.22232 23641927.9212861 -2313.56636506786 105.02874930496 400 0.0261838983951668 -0
122700 120163623.956077 23683534.833888 -2323.91968928947 102.997765986955 400 0.026571053147314 -0
123100 119231960.436396 23724319.5885198 -2334.42327704823 100.917688589586 400 0.0269685690889307 -0
123500 118296064.774488 23764262.2176939 -2345.08106952012 98.7868556512806 400 0.0273768471527276 -0
123900 117355874.475454 23803342.0744459 -2355.89715727294 96.6035305578745 400 0.0277963086530575 -0
124300 116411325.37706 23841537.8014244 -2366.87578770287 94.3658972479027 400 0.0282273965744037 -0
124700 115462351.585438 23878827.2982038 -2378.02137293123 92.0720556196986 400 0.0286705769576178 -0
125100 114508885.407537 23915187.6866959 -2389.33849819555 89.7200166158215 400 0.0291263403925882 -0
125500 113550857.280109 23950595.2745272 -2400.83193077203 87.3076969580208 400 0.0295952036269015 -0
125900 112588195.695018 23985025.5162347 -2412.50662946996 84.8329135033665 400 0.0300777113010512 -0
126300 111620827.120621 24018452.9721234 -2424.36775474174 82.2933771893194 400 0.0305744378218478 -0
126700 110648675.918982 24050851.2646134 -2436.42067945682 79.6866865323338 400 0.03108598938692 -0
127100 109671664.258631 24082193.0318916 -2448.67100039146 77.0103206410579 400 0.0316130061745789 -0
127500 108689712.022578 24112449.8786632 -2461.12455049181 74.2616317012596 400 0.0321561647148643 -0
127900 107702736.711249 24141592.3237853 -2473.78741197234 71.4378368852184 400 0.0327161804593364 -0
128300 106710653.340014 24169589.7445387 -2486.66593031842 68.5360096334232 400 0.0332938105691301 -0
128700 105713374.330916 24196410.3172791 -2499.76672926752 65.553070250937 400 0.0338898569429968 -0
129100 104710809.398196 24222020.9541784 -2513.0967268515 62.4857757546505 400 0.034505169509544 -0
129500 103702865.427178 24246387.235743 -2526.6631525901 59.330708900766 400 0.0351406498106939 -0
129900 102689446.34603 24269473.3387672 -2540.47356593481 56.0842663141194 400 0.0357972549065636 -0
130300 101670452.989875 24291241.9593437 -2554.53587607253 52.7426456322552 400 0.036476001635572 -0
130700 100645782.956693 24311654.2305191 -2568.85836320928 49.3018315673668 400 0.037177971267675 -0
131100 99615330.4543913 24330669.6341392 -2583.44970146695 45.7575807781609 400 0.0379043145932833 -0
131500 98578986.1383647 24348245.9063862 -2598.31898354007 42.1054054312028 400 0.0386562574957239 -0
131900 97536636.9388214 24364338.9364555 -2613.47574727508 38.340555317147 400 0.0394351070611633 -0
132300 96488165.8770567 24378902.6577653 -2628.9300043524 34.457998371204 400 0.0402422582868318 -0
132700 95433451.8698037 24391888.9310274 -2644.69227127126 30.4523994289498 400 0.0410792014563321 -0
133100 94372369.5206915 24403247.4184363 -2660.77360285961 26.318097027817 400 0.0419475302599215 -0
133500 93304788.8977543 24412925.4481527 -2677.18562855668 22.0490780409141 400 0.0428489507481454 -0
133900 92230575.2958273 24420867.8681676 -2693.940591744 17.6389499027446 400 0.0437852912192895 -0
134300 91149588.9825493 24427016.8885301 -2711.05139243308 13.0809101553918 400 0.0447585131550843 -0
134700 90061684.9265626 24431311.9108078 -2728.53163365462 8.36771300814645 400 0.0457707233352753 -0
135100 88966712.5063534 24433689.3435157 -2746.39567193517 3.49163256263232 400 0.0468241872804521 -0
135500 87864515.1980118 24434082.4021041 -2764.65867229512 -1.55557769168995 400 0.0479213441943788 -0
135900 86754930.2400093 24432420.8919241 -2783.33666825539 -6.7827295612605 400 0.0490648236025587 -0
136300 85637788.2728802 24428630.9723999 -2802.44662740211 -12.1992495241314 400 0.0502574639135725 -0
136700 84512912.9514645 24422634.9004162 -2822.0065231293 -17.8152333836515 400 0.0515023331646798 -0
137100 83380120.527102 24414350.7506776 -2842.03541326082 -23.6415068713973 400 0.0528027522542672 -0
137300 82810695.8452333 24409323.8268762 -2852.23200438529 -26.6371012716293 400 0.0534749062621525 -0
137500 82239219.3968124 24403692.110478 -2862.55352634224 -29.68969296779 400 0.0541623210122561 -0
137700 81665665.9243647 24397444.044022 -2873.00270618816 -32.8008716932919 400 0.0548654948746162 -0
137900 81090009.6165065 24390567.7461807 -2883.58235652523 -35.9722868390034 400 0.0555849475163901 -0
138100 80512224.0904887 24383050.9995478 -2894.29537900876 -39.2056502843753 400 0.0563212210297876 -0
138300 79932282.3740197 24374881.2378446 -2905.14476803265 -42.5027393916702 400 0.0570748811314672 -0
138500 79350156.8863344 24366045.5325089 -2916.13361460351 -45.8654001743793 400 0.0578465184386781 -0
138700 78765819.4184673 24356530.5786327 -2927.26511041509 -49.2955506517858 400 0.0586367498278776 -0
138900 78179241.1126897 24346322.6802093 -2938.54255213544 -52.7951844025761 400 0.0594462198820468 -0
139100 77590392.4410682 24335407.7346482 -2949.96934591989 -56.3663743314411 400 0.0602756024334609 -0
139300 76999243.1830952 24323771.2165144 -2961.54901216419 -60.011276663733 400 0.0611256022092643 -0
139500 76405762.402345 24311398.1604449 -2973.28519051302 -63.7321351844757 400 0.061996956587846 -0
139700 75809918.4221001 24298273.1431906 -2985.18164514033 -67.531285739375 400 0.0628904374747259 -0
139900 75211678.7998941 24284380.2647314 -2997.24227031891 -71.4111610169472 400 0.0638068533074452 -0
140100 74611010.3009087 24269703.128404 -3009.4710962985 -75.3742956324953 400 0.0647470511998215 -0
140300 74007878.8701635 24254224.8199815 -3021.87229551236 -79.4233315364333 400 0.0657119192368784 -0
140500 73402249.60343 24237927.8856369 -3034.45018913467 -83.5610237713961 400 0.0667023889328166 -0
140700 72794086.7167961 24220794.3087174 -3047.20925401217 -87.790246604702 400 0.0677194378655546 -0
140900 72183353.5148057 24202805.4852533 -3060.15412999558 -92.1140000650754 400 0.0687640925026533 -0
141100 71570012.3570896 24183942.1981156 -3073.2896276985 -96.5354169151146 400 0.0698374312348671 -0
141300 70954024.6233984 24164184.5897335 -3086.62073671333 -101.057770093822 400 0.0709405876351417 -0
141500 70335350.6769455 24143512.1332725 -3100.15263431648 -105.684480666648 400 0.072074753962637 -0
141700 69713949.825956 24121903.6021692 -3113.89069469773 -110.419126323938 400 0.0732411849332987 -0
141900 69089780.2833146 24099337.0379068 -3127.84049875123 -115.265450472515 400 0.0744412017806769 -0
142100 68462799.1241959 24075789.7159105 -3142.0078444692 -120.227371969304 200 0.0756761966331029 -0
142300 67832962.2415519 24051238.1094256 -3156.3987579824 -125.308995550631 200 0.0769476372360339 -0
142500 67200224.2993226 24025657.8512373 -3171.01950529559 -130.514623015964 200 0.078257072051384 -0
142700 66564538.6832261 23999023.6930711 -3185.87660477021 -135.848765230645 200 0.0796061357690277 -0
142900 65925857.4489722 23971309.4625065 -3200.97684041092 -141.316155018544 200 0.0809965552694328 -0
143100 65284131.2677336 23942488.017216 -3216.32727601809 -146.921761022676 200 0.082430156080603 -0
143300 64639309.3686946 23912531.1963277 -3231.93527027335 -152.67080261977 200 0.0839088693772616 -0
143500 63991339.4784826 23881409.7686926 -3247.80849283186 -158.568765983599 200 0.0854347395755396 -0
143700 63340167.7572747 23849093.3778152 -3263.95494150134 -164.621421401777 200 0.0870099325824432 -0
143900 62685738.7313519 23815550.4831859 -3280.38296059559 -170.83484196181 200 0.0886367447661536 -0
144100 62027995.2218578 23780748.297729 -3297.10126055827 -177.215423734519 200 0.0903176127208623 -0
144300 61366878.2694962 23744652.7210523 -3314.11893896201 -183.769907596941 200 0.092055123908511 -0
144500 60702327.0548825 23707228.2681547 -3331.44550299764 -190.505402852348 200 0.0938520282696103 -0
144700 60034278.8142378 23668437.9932171 -3349.09089358 -197.429412822697 200 0.0957112509064523 -0
144900 59362668.7500876 23628243.4080595 -3367.06551120886 -204.549862608567 200 0.0976359059546913 -0
145100 58687429.9366022 23586604.3948133 -3385.38024373741 -211.875129234083 200 0.0996293117736858 -0
145300 58008493.2191769 23543479.1123048 -3404.04649621616 -219.414074419617 200 0.101695007602448 -0
145500 57325787.1078218 23498823.8955996 -3423.07622299741 -227.176080253709 200 0.103836771846852 -0
145700 56639237.6638871 23452593.1480979 -3442.48196230433 -235.171088068245 200 0.106058642185285 -0
145900 55948768.3796102 23404739.2255054 -3462.27687349033 -243.409640857892 200 0.108364937704647 -0
146100 55254300.0499209 23355212.3109354 -3482.47477723832 -251.90292962695 200 0.110760283306998 -0
146300 54555750.6358897 23303960.2803128 -3503.09019897636 -260.662844094867 200 0.113249636659917 -0
146500 53853035.1191465 23250928.5571611 -3524.13841581624 -269.70202824668 200 0.115838318001403 -0
146700 53146065.3465312 23196059.9557494 -3545.63550735576 -279.033941277636 200 0.118532043153893 -0
146900 52434749.864166 23139294.5114607 -3567.59841072312 -288.672924553589 200 0.121336960152713 -0
147100 51718993.74006 23080569.2971077 -3590.04498028551 -298.634275292043 200 0.124259689953203 -0
147300 50998698.3742668 23019818.2237747 -3612.99405249196 -308.934327764668 200 0.127307371749482 -0
147500 50273761.295517 22956971.8245924 -3636.46551637571 -319.59054293308 200 0.130487713518069 -0
147700 49544075.943136 22891957.019656 -3660.48039030353 -330.621607558204 200 0.133809048493553 -0
147900 48809531.4329324 22824696.8600766 -3685.06090562961 -342.047543972823 200 0.137280398393859 -0
148100 48070012.3056052 22755110.2489 -3710.23059799197 -353.889831880686 200 0.140911544342613 -0
148300 47325398.2560589 22683111.6363337 -3736.01440707995 -366.171543748413 200 0.144713106589494 -0
148500 46575563.8418411 22608610.6863889 -3762.43878580522 -378.917495593895 200 0.148696634311175 -0
148700 45820378.1687192 22531511.9116537 -3789.5318199265 -392.154415253512 200 0.152874706991216 -0
148800 45440736.131883 22491956.9937151 -3803.33833808181 -398.965909074434 200 0.155040938428804 -0
148900 45059704.5511415 22451714.2724222 -3817.32335930627 -405.911130531545 200 0.157261049134807 -0
149000 44677265.375715 22410770.1779948 -3831.49091413605 -412.994045803706 200 0.159536954920784 -0
149100 44293400.1453601 22369110.7361508 -3845.84516217407 -420.21878006345 200 0.161870660379274 -0
149200 43908089.9771992 22326721.5518068 -3860.39039741591 -427.5896255407 200 0.164264263967026 -0
149300 43521315.5520033 22283587.7919493 -3875.13105384313 -435.111050082559 200 0.166719963435524 -0
149400 43133057.0999025 22239694.1676227 -3890.07171129947 -442.787706245109 200 0.169240061636407 -0
149500 42743294.3854933 22195024.9149801 -3905.21710166701 -450.624440956216 200 0.171826972731938 -0
149600 42352006.692313 22149563.7753378 -3920.57211535969 -458.626305791554 200 0.174483228843421 -0
149700 41959172.8066476 22103293.9741694 -3936.14180815356 -466.798567909748 200 0.177211487173518 -0
149800 41564771.0006396 22056198.1989713 -3951.93140837383 -475.146721696436 200 0.180014537641828 -0
149900 41168779.0146579 22008258.5759264 -3967.94632446055 -483.67650117141 200 0.182895311076771 -0
150000 40771174.0388914 21959456.6452865 -3984.19215293587 -492.393893217796 200 0.185856888011003 -0
150100 40371932.6941248 21909773.3353874 -4000.67468679786 -501.305151697443 200 0.188902508132139 -0
150200 39971031.0116524 21859188.935206 -4017.39992436705 -510.416812522507 200 0.19203558044565 -0
150300 39568444.4122842 21807683.0653591 -4034.37407861412 -519.735709759585 200 0.195259694212451 -0
150400 39164147.6843923 21755234.6474365 -4051.60358699879 -529.268992849778 200 0.19857863072996 -0
150500 38758114.9609485 21701821.8715525 -4069.09512185232 -539.024145035846 200 0.201996376032408 -0
150600 38350319.6954936 21647422.1619906 -4086.85560133802 -549.009003096214 200 0.205517134593953 -0
150700 37940734.636981 21592012.1408046 -4104.89220102679 -559.231778495086 200 0.209145344126849 -0
150800 37529331.8034295 21535567.5892293 -4123.21236612719 -569.701080068487 200 0.21288569157663 -0
150900 37116082.4543199 21478063.4067396 -4141.82382441221 -580.425938377743 200 0.216743130427116 -0
151000 36700957.061661 21419473.5675858 -4160.73459988813 -591.415831874914 200 0.220722899440234 -0
151100 36283925.2796504 21359771.0746149 -4179.95302725367 -602.680715039141 100 0.224830542969274 -0
151200 35864955.9128471 21298927.9101723 -4199.48776720135 -614.231048658978 100 0.22907193299953 -0
151300 35444016.8827703 21236914.9838599 -4219.34782261619 -626.077832453742 100 0.23345329308753 -0
151400 35021075.1928304 21173702.0769071 -4239.54255573119 -638.232640246912 100 0.237981224389443 -0
151500 34596096.8914941 21109257.7828861 -4260.08170630257 -650.707657927085 100 0.242662733991181 -0
151600 34169047.0335784 21043549.444482 -4280.97541087245 -663.515724457013 100 0.247505265777437 -0
151700 33739889.6395611 20976543.0859966 -4302.23422319116 -676.670376219401 100 0.252516734104891 -0
151800 33308587.6527874 20908203.3412387 -4323.8691358758 -690.185895019708 100 0.257705560576535 -0
151900 32875102.8944457 20838493.3764155 -4345.89160338736 -704.077360101661 100 0.263080714250064 -0
152000 32439396.0161763 20767374.8076069 -4368.3135664133 -718.360704571169 100 0.268651755654199 -0
152100 32001426.4501676 20694807.6123572 -4391.14747774841 -733.052776669357 100 0.274428885033404 -0
152200 31561152.3565852 20620750.034878 -4414.40632977215 -748.171406386315 100 0.280422995294617 -0
152300 31118530.5681691 20545158.4842994 -4438.10368362634 -763.735477964736 100 0.286645730190358 -0
152400 30673516.5318237 20467987.4253518 -4462.25370020303 -779.765008907762 100 0.293109548342085 -0
152500 30226064.2470138 20389189.2607924 -4486.87117305766 -796.281236179424 100 0.299827793787453 -0
152600 29776126.2007674 20308714.2048206 -4511.97156336841 -813.306710370108 100 0.306814773826732 -0
152700 29323653.299076 20226510.1466433 -4537.57103706726 -830.865398695336 100 0.31408584504916 -0
152800 28868594.7944671 20142522.5032581 -4563.68650427291 -848.982797805393 100 0.321657508541716 -0
152900 28410898.2095131 20056694.0604188 -4590.335661159 -867.686057508275 100 0.329547515423495 -0
153000 27950509.2560255 19968964.8006337 -4617.53703439288 -887.004116651444 100 0.33777498401188 -0
153100 27487371.7496718 19879271.7169074 -4645.31002828054 -906.967852572023 100 0.346360530115923 -0
153200 27021427.5197364 19787548.6107953 -4673.67497475045 -927.610245713689 100 0.355326412172585 -0
153300 26552616.3137364 19693725.8731626 -4702.65318630331 -948.966561225901 100 0.364696693198238 -0
153400 26080875.6965884 19597730.245849 -4732.26701204383 -971.074549611965 100 0.374497421828111 -0
153500 25606140.9440147 19499484.5622203 -4762.53989689406 -993.974668782675 100 0.384756835068115 -0
153600 25128344.9298654 19398907.4643326 -4793.49644406314 -1017.71033020879 100 0.395505585796792 -0
153700 24647418.0070288 19295913.0941502 -4825.16248081316 -1042.32817225659 100 0.406776998541924 -0
153800 24163287.8816007 19190410.7559253 -4857.56512751277 -1067.87836424624 100 0.418607357631129 -0
153900 23675879.4799865 19082304.5464685 -4890.73286990397 -1094.41494530416 100 0.431036232496471 -0
154000 23185114.8086229 18971492.9496014 -4924.69563441974 -1121.99620270322 100 0.444106845721306 -0
154100 22690912.8060252 18857868.3905787 -4959.48486627271 -1150.68509511398 100 0.457866490380049 -0
154150 22442496.5967051 18799965.8568025 -4977.19966911995 -1165.46597195299 100 0.465020707028747 -0
154200 22193189.1868766 18741316.7456236 -4995.13360987087 -1180.54972702974 100 0.472367004373 -0
154250 21942979.5102512 18681905.6796088 -5013.29108242995 -1195.94576485418 100 0.479912660905409 -0
154300 21691856.2780988 18621716.8013868 -5031.67659097038 -1211.66388175555 100 0.487665310824113 -0
154350 21439807.9736702 18560733.7535507 -5050.29475252656 -1227.71428634584 100 0.495632965307298 -0
154400 21186822.8464892 18498939.6575055 -5069.15029956891 -1244.10762126637 100 0.503824035291993 -0
154450 20932888.9065171 18436317.0911946 -5088.24808254652 -1260.85498631106 100 0.512247355879827 -0
154500 20677993.9181911 18372848.0656339 -5107.59307238162 -1277.96796302813 100 0.520912212503723 -0
154550 20422125.3943398 18308514.0001756 -5127.19036289668 -1295.45864091006 100 0.529828369002046 -0
154600 20165270.5899792 18243295.6964213 -5147.04517315244 -1313.33964529122 100 0.539006097760438 -0
154650 19907416.4959949 18177173.3106944 -5167.16284967154 -1331.6241670827 100 0.548456212096861 -0
154700 19648549.8327159 18110126.3249767 -5187.54886851873 -1350.32599448505 100 0.558190101082174 -0
154750 19388657.0433894 18042133.5162078 -5208.20883720417 -1369.45954683182 100 0.568219767007233 -0
154800 19127724.2875653 17973172.9238339 -5229.14849637139 -1389.03991073041 100 0.578557865728134 -0
154850 18865737.4344028 17903221.8154901 -5250.37372122571 -1409.08287868113 100 0.589217750144143 -0
154900 18602682.0559124 17832256.6506846 -5271.89052265239 -1429.60499037201 100 0.60021351708826 -0
154950 18338543.4201522 17760253.0423475 -5293.70504796637 -1450.62357686428 100 0.611560057938598 -0
155000 18073306.4843962 17687185.7160925 -5315.82358122672 -1472.15680790336 100 0.623273113290189 -0
155050 17806955.8882996 17613028.4670302 -5338.2525430393 -1494.22374261158 100 0.635369332061756 -0
155100 17539475.947089 17537754.1139564 -5360.99848975978 -1516.84438384268 100 0.647866335450959 -0
155150 17270850.6448091 17461334.4507247 -5384.0681119963 -1540.03973650426 100 0.660782786195053 -0
155200 17001063.6276641 17383740.1945964 -5407.46823229625 -1563.8318701835 100 0.674138463642426 -0
155250 16730098.1974981 17304940.931345 -5431.20580188463 -1588.2439864431 50 0.687954345194633 -0
155300 16457937.3054657 17224905.0568698 -5455.28789630193 -1613.30049118981 50 0.702252694739245 -0
155350 16184563.5459506 17143599.7150557 -5479.72170976705 -1639.02707255711 50 0.717057158761659 -0
155400 15909959.1508038 17060990.7315909 -5504.5145480646 -1665.45078478632 50 0.732392870900179 -0
155450 15634105.9839776 16977042.5434297 -5529.67381972655 -1692.60013863881 50 0.748286565794043 -0
155500 15356985.5366494 16891718.1235591 -5555.20702524322 -1720.50519892434 50 0.764766703169985 -0
155550 15078578.9229399 16804978.900698 -5581.12174399914 -1749.1976897898 50 0.781863603220775 -0
155600 14798866.8763494 16716784.6735232 -5607.42561858318 -1778.71110847734 50 0.799609594450497 -0
155650 14517829.7470515 16627093.5189797 -5634.12633606911 -1809.08084833332 50 0.818039175298081 -0
155700 14235447.500209 16535861.6941914 -5661.23160580079 -1840.34433192982 50 0.837189191004707 -0
155750 13951699.7154981 16443043.5314436 -5688.74913314482 -1872.54115524929 50 0.857099027364696 -0
155800 13666565.5880597 16348591.3256579 -5716.68658859007 -1905.71324398215 50 0.877810823196038 -0
155850 13380023.9311253 16252455.2137251 -5745.05157147641 -1939.90502309707 50 0.89936970358891 -0
155900 13092053.1806089 16154583.0450017 -5773.8515675227 -1975.16360096575 50 0.921824036241996 -0
155950 12802631.4019968 16054920.2422074 -5803.09389919168 -2011.53896946016 50 0.945225713481218 -0
156000 12511736.2999212 15953409.6518854 -5832.78566777653 -2049.08422159074 50 0.969630462878191 -0
156050 12219345.2308632 15849991.3835065 -5862.93368591332 -2087.855788422 50 0.995098189751803 -0
156100 11925435.2194998 15744602.6362069 -5893.5443990135 -2127.91369718774 50 1.02169335525157 -0
156150 11629982.9792929 15637177.5120448 -5924.62379386328 -2169.3218527347 50 1.04948539419299 -0
156200 11332964.9380112 15527646.8145541 -5956.17729234679 -2212.14834465167 50 1.07854917735056 -0
156250 11034357.2689854 15415937.8312455 -5988.2096279083 -2256.46578269423 50 1.10896552352229 -0
156300 10734135.929031 15301974.098569 -6020.72470196692 -2302.35166339397 50 1.14082176737036 -0
156350 10432276.7041165 15185675.147701 -6053.72541702246 -2349.8887710484 50 1.17421238982706 -0
156400 10128755.2640383 15066956.2293489 -6087.21348263038 -2399.16561662438 50 1.20923971874567 -0
156450 9823547.22756721 14945728.0155828 -6121.18918976014 -2450.2769184764 50 1.24601470848526 -0
156500 9516628.23977482 14821896.2764969 -6155.65114826441 -2503.32412918005 50 1.28465780826276 -0
156550 9207974.06353627 14695361.5292787 -6190.5959812527 -2558.41601321277 50 1.32529993039822 -0
156600 8897560.68754136 14566018.6570158 -6226.01796905289 -2615.66928067368 50 1.36808353103805 -0
156650 8585364.45354488 14433756.4942988 -6261.90863412197 -2675.20928271982 50 1.41316381758102 -0
156700 8271362.20605673 14298457.3763813 -6298.25625669167 -2737.17077489936 50 1.46071009886756 -0
156725 8113676.7713153 14229630.2918839 -6316.59674074001 -2769.10446695059 50 1.4854651206619 -0
156750 7955531.46823348 14159996.6482733 -6335.04530905644 -2801.69875502251 50 1.51090729624681 -0
156775 7796923.62710601 14089539.6837486 -6353.59931722564 -2834.97351507164 50 1.53706245781386 -0
156800 7637850.6483673 14018242.1301794 -6372.25579414676 -2868.94938298712 50 1.56395763583562 -0
156825 7478310.01109319 13946086.1936892 -6391.0114149016 -2903.64778834409 50 1.5916211234928 -0
156850 7318299.28220877 13873053.5343743 -6409.86247137697 -2939.09098974303 50 1.62008254489538 -0
156875 7157816.12646064 13799125.24512 -6428.80484044554 -2975.30211180006 50 1.64937292732448 -0
156900 6996858.31721745 13724281.8294693 -6447.83394949212 -3012.30518385361 50 1.67952477773319 -0
156925 6835423.74816785 13648503.1785031 -6466.94473905193 -3050.12518045218 50 1.71057216375605 -0
156950 6673510.44599118 13571768.5466844 -6486.1316223066 -3088.78806368711 50 1.74255079948822 -0
156975 6511116.58408295 13494056.5266206 -6505.38844115969 -3128.32082743232 50 1.77549813630646 -0
157000 6348240.49742433 13415345.0226962 -6524.70841858781 -3168.75154354986 50 1.80945345901452 -0
157025 6184880.69869276 13335611.2235236 -6544.08410693519 -3210.10941011635 50 1.84445798760536 -0
157050 6021035.89571979 13254831.5731642 -6563.50733178882 -3252.4248017195 50 1.88055498494123 -0
157075 5856705.01041124 13172981.7410644 -6582.96913103709 -3295.72932186668 50 1.91778987065941 -0
157100 5691887.1992557 13090036.5906557 -6602.45968867824 -3340.05585753819 50 1.95621034161658 -0
157125 5526581.87555824 13005970.1465627 -6621.96826290432 -3385.43863590604 50 1.99586649918685 -0
157150 5360788.733549 12920755.5603675 -6641.48310794221 -3431.91328322414 50 2.03681098372702 -0
157175 5194507.77452962 12834365.0748735 -6660.99138908502 -3479.51688587791 50 2.07909911651721 -0
157200 5027739.33523536 12746769.9868169 -6680.4790902946 -3528.28805355887 50 2.12278904947342 -0
157225 4860484.11860707 12657940.6079728 -6699.93091369867 -3578.26698450292 50 2.16794192291057 -0
157250 4692743.22718466 12567846.2246055 -6719.3301702436 -3629.49553269848 50 2.2146220316079 -0
157275 4524518.19935305 12476455.0552153 -6738.65866069623 -3682.01727693127 50 2.26289699939171 -0
157300 4355811.04869294 12383734.206538 -6757.89654611465 -3735.87759148607 25 2.31283796240051 -0
157325 4186624.30671122 12289649.6277586 -6777.02220682856 -3791.12371826953 25 2.36451976113242 -0
157350 4016961.06925141 12194166.062907 -6796.01208888371 -3847.80484005195 25 2.41802114129117 -0
157375 3846825.04691135 12097247.0014131 -6814.84053681313 -3905.9721544471 25 2.47342496333992 -0
157400 3676220.61982535 11998854.6268072 -6833.47961149868 -3965.67894815605 25 2.53081842053892 -0
157425 3505152.89719998 11898949.763568 -6851.89889178091 -4026.9806708914 25 2.59029326507629 -0
157450 3333627.78202789 11797491.8221326 -6870.06525836325 -4089.93500826861 25 2.65194604169575 -0
157475 3161652.04144146 11694438.7421068 -6887.94265843831 -4154.60195279982 25 2.71587832797259 -0
157500 2989233.38320941 11589746.9337347 -6905.49184934014 -4221.04387194688 25 2.78219698008124 -0
157525 2816380.53892309 11483371.2177164 -6922.67011939807 -4289.32557198264 25 2.85101438252281 -0
157550 2643103.35446667 11375264.7634972 -6939.43098403642 -4359.51435616542 25 2.9224486998282 -1.89999479115599e-306
157575 2469412.88841585 11265379.0261912 -6955.72385503168 -4431.68007544821 25 2.9966241277054 -1.03186485965193e-297
157600 2295321.51906368 11153663.6823522 -6971.49368070818 -4505.89516961367 25 3.07367114044312 -5.62159446388112e-289
157625 2120843.06082903 11040066.5648623 -6986.68055472837 -4582.23469634218 25 3.1537267305969 -3.06222694201603e-280
157650 1945992.89086339 10924533.5972733 -7001.21929101883 -4660.77634527567 25 3.23693463604493 -1.66195993034998e-271
157675 1770788.08673435 10807008.7280205 -7015.038962276 -4741.6004336255 25 3.32344554838478 -8.95263962768128e-263
157700 1595247.57612901 10687433.8650179 -7028.06239942313 -4824.78987927939 25 3.4134172953176 -4.76693862947144e-254
157725 1419392.29958685 10565748.811256 -7040.20564935384 -4910.43014668001 25 3.50701498810092 -2.49778300840329e-245
157750 1243245.38733808 10441891.2021486 -7051.37738831086 -4998.60915996487 25 3.60441112330708 -1.28177733938423e-236
157775 1066832.35138901 10315796.4455273 -7061.47828832765 -5089.41717696254 25 3.70578562595901 -6.40862217715758e-228
157800 890181.294058411 10187397.6653502 -7070.40033432746 -5182.94661662178 25 3.81132581858391 -3.10445276253328e-219
157825 713323.134225689 10056625.6503964 -7078.02608975354 -5279.29183129592 25 3.9212262977792 -1.44829419130358e-210
157850 536291.852599968 9923408.80944258 -7084.22790902911 -5378.54881400372 25 4.03568869647127 -6.4648294757449e-202
157875 359124.757354449 9787673.134689 -7088.86709575316 -5480.81482933075 25 4.15492130611643 -2.74183585852034e-193
157900 181862.771487895 9649342.17549925 -7091.79300637717 -5586.18795501479 25 4.27913852859289 -1.09654592183939e-184
157925 4550.74326801125 9508337.02486917 -7092.84210023281 -5694.76651947311 25 4.40856012242079 -4.10178875733361e-176
157950 -172762.218927903 9364576.32142976 -7091.83693825915 -5806.64841858384 25 4.54341020219196 -1.42254089272515e-167
157975 -350022.38614129 9217976.27023327 -7088.58513468902 -5921.93029294103 25 4.68391594367979 -4.53093983132368e-159
158000 -527171.021631594 9068450.68606831 -7082.8782683875 -6040.70654459367 25 4.83030594005314 -1.31193457896626e-150
158025 -704143.966052599 8915911.0636029 -7074.4907635969 -6163.06816999724 25 4.98280814699908 -3.41556610286057e-142
158050 -880871.194401695 8760266.679265 -7063.1787536479 -6289.10138362532 25 5.14164734649776 -7.90131996514881e-134
158075 -1057276.34453346 8601424.73043611 -7048.67894587475 -6418.88600451139 25 5.30704205070545 -1.60358021388286e-125
158100 -1233276.21755375 8439290.51825197 -7030.70751165872 -6552.49357606115 25 5.47920075922535 -2.81633627831687e-117
158125 -1408780.2510914 8273767.68106533 -7008.95903235791 -6689.98518799132 25 5.65831747547334 -4.21777189882184e-109
158150 -1583689.96731228 8104758.48641598 -6983.10553999222 -6831.40896847087 25 5.84456638156975 -5.30167569102934e-101
158175 -1757898.39862797 7932164.19015076 -6952.79570105041 -6976.79721480219 25 6.03809556715279 -5.499170366355e-93
158200 -1931289.49539402 7755885.47210951 -6917.6542027377 -7126.16313270722 25 6.23901970696171 -4.62193854760201e-85
158225 -2103737.52152832 7575822.95850001 -6877.28141338572 -7279.49715800394 25 6.44741158658612 -3.08688826413221e-77
158250 -2275106.44594176 7391877.84166662 -6831.2534024913 -7436.7628408028 25 6.66329238743202 -1.60444198414114e-69
158275 -2445249.33999408 7203952.60834121 -6779.12242067257 -7597.89228206148 25 6.88662066316083 -6.34678351610172e-62
158300 -2614007.79388668 7011951.88755436 -6720.41795525162 -7762.78112624198 25 7.11727997347964 -1.86590680330175e-54
158325 -2781211.36798928 6815783.42906558 -6654.64849243265 -7931.2831328132 25 7.35506519041997 -3.97514098187703e-47
158350 -2946677.09855033 6615359.22230349 -6581.30413102495 -8103.20437433469 25 7.59966756055164 -5.97427970192227e-40
158375 -3110209.08101206 6410596.7642312 -6499.86020380854 -8278.29714065359 25 7.85065869725616 -6.1567062914144e-33
158400 -3271598.15814425 6201420.48208947 -6409.78206890628 -8456.25366793039 25 8.10747379299909 -4.2219672967393e-26
158425 -3430621.74427382 5987763.31343408 -6310.53123232493 -8636.69985794374 25 8.36939448404565 -1.86672963888214e-19
158450 -3587043.82079462 5769568.44108841 -6201.57295105799 -8819.18920691003 25 8.63553196871065 -5.14858716356524e-13
158462.5 -3664201.90968257 5658754.87233211 -6143.28966861716 -8911.03934580676 25 8.7698537198651 -7.08716444572186e-10
158475 -3740615.14164098 5546791.17446367 -6082.38544030135 -9003.19722222804 25 8.90481117107512 -8.55761087521746e-07
158487.5 -3816250.36888243 5433673.98598488 -6018.79885460824 -9095.5843076931 25 9.04023856585175 -0.000902332129875849
158500 -3891073.6896923 5319400.9606914 -5952.470764677 -9188.11666895143 25 9.17595694509737 -0.827029232982737
158512.5 -3965050.47940257 5203970.8357458 -5883.34471368887 -9280.70488211896 25 9.31177149141557 -655.833448481821
158518.75 -4001710.41575189 5145821.77994534 -5847.71548522918 -9326.99020087091 12.5 9.37959159038396 -17466.6669447257
158521.875 -4019956.31667463 5116638.78643094 -5829.63087155215 -9350.12427459965 6.25 9.4132550179906 -88869.0142970856
158525 -4038145.41760002 5087383.51545069 -5811.36255166786 -9373.24620665534 6.25 9.44586940845414 -447852.255101711
158528.125 -4056277.1288026 5058056.03089383 -5792.89732797176 -9396.33419509652 3.125 9.4733965890351 -2235254.84657306
158529.6875 -4065321.25786123 5043365.26317054 -5783.5763386938 -9407.8416288791 3.125 9.48069962138298 -4975499.47124712
158531.25 -4074350.76254959 5028656.55755538 -5774.17335579661 -9419.28685623487 1.5625 9.47665577650296 -11047813.6272011
158532.8125 -4083365.48483048 5013930.06038701 -5764.64436165591 -9430.59755656383 1.5625 9.44881225837805 -24469704.8539452
158534.375 -4092365.16212782 4999186.08999507 -5754.89276319433 -9441.61463692139 1.5625 9.37437465504924 -54058094.3042291
158535.15625 -4096859.22004445 4991807.7454863 -5749.87480887858 -9446.91621122599 1.5625 9.31028449506352 -80267110.4761052
158535.9375 -4101349.30269471 4984425.34273454 -5744.70706613353 -9451.98881568231 1.5625 9.22592372061844 -119098011.140519
158536.71875 -4105835.26883659 4977039.10073599 -5739.32323994338 -9456.72262279868 1.5625 9.12989097648474 -176579721.73725
158537.5 -4110316.91391685 4969649.34345162 -5733.62552564155 -9460.95537097167 0.78125 9.05788837002744 -261587196.171179
158538.28125 -4114793.94003596 4962256.54982717 -5727.46980119121 -9464.44760845603 0.78125 9.11217919478228 -387157155.793875
158539.0625 -4119265.91184382 4954861.42735374 -5720.64399871576 -9466.84647809639 0.78125 9.53611439850244 -572385157.915871
158539.84375 -4123732.191929 4947465.01999379 -5712.8366452686 -9467.63295766518 0.78125 10.8018790290667 -845131764.239247
158540.625 -4128191.84646907 4940068.86602473 -5703.59137496012 -9466.04544819075 0.78125 13.6061263358863 -1245821162.75047
158541.40625 -4132643.50806421 4932675.22787188 -5692.24171851573 -9460.97004402741 0.78125 18.7484418021215 -1832641488.37153
158542.1875 -4137085.17757379 4925287.42467979 -5677.81879431127 -9450.78491894997 0.78125 27.1300334132293 -2688381528.75346
158542.578125 -4139301.4002288 4921597.15098427 -5669.03872690719 -9443.07872026915 0.78125 32.8909292178187 -3251736143.52278
158542.96875 -4141513.94037251 4917910.30930594 -5658.9231096196 -9433.14377021307 0.78125 39.9437442232631 -3928809351.23901
158543.359375 -4143722.22500263 4914227.85641471 -5647.20136515963 -9420.52556771972 0.78125 48.5168043804333 -4740702717.55309
158543.75 -4145925.56566322 4910550.94309689 -5633.55165499662 -9404.68305099322 0.78125 58.8792019359938 -5711610091.60573
158544.140625 -4148123.13686011 4906880.95062389 -5617.59277870627 -9384.97480644324 0.78125 71.3441122475592 -6868888395.82629
158544.53125 -4150313.951197 4903219.53281076 -5598.87552590986 -9360.64430800272 0.78125 86.270761724436 -8242919899.27647
158544.921875 -4152496.83107828 4899568.66394448 -5576.8738179258 -9330.80474464753 0.78125 104.064213937268 -9866652300.16223
158545.3125 -4154670.37699661 4895930.69257594 -5550.97619533221 -9294.42436288367 0.78125 125.171736527378 -11774668829.1037
158545.703125 -4156832.93269564 4892308.4007148 -5520.47850113203 -9250.31374659605 0.390625 150.074085386622 -14001607151.3574
158546.09375 -4158982.54790027 4888705.06729205 -5484.57898265683 -9197.11708911989 0.390625 179.26962876383 -16579722212.7068
158546.484375 -4161116.93986979 4885124.53380791 -5442.37748036489 -9133.31026865108 0.78125 213.248919784785 -19535389988.329
158546.875 -4163233.45577455 4881571.26882441 -5392.88085440569 -9057.20936229684 0.78125 252.457270414498 -22884399968.5144
158547.265625 -4165329.03882745 4878050.42638723 -5335.01724580332 -8966.99400192159 0.78125 297.243326117323 -26626015076.0717
158547.65625 -4167400.20217813 4874567.89163145 -5267.66204756508 -8860.75046671174 0.78125 347.792905610218 -30736021449.2567
158548.046875 -4169443.0157003 4871130.30491063 -5189.67837514778 -8736.53929080769 0.78125 404.049788363795 -35159368617.7649
158548.4375 -4171453.11177901 4867745.05410575 -5099.9741217923 -8592.49100896307 0.78125 465.628919940751 -39803499357.1527
158548.828125 -4173425.71674207 4864420.22381773 -4997.57609703202 -8426.93101579625 0.390625 531.732530260145 -44534007342.5935
158549.21875 -4175355.71429265 4861164.49057474 -4881.7190976446 -8238.53006385149 0.390625 601.085152670166 -49174665047.2438
158549.609375 -4177237.74577457 4857986.95569871 -4751.94410947403 -8026.47076058272 0.390625 671.907860796096 -53513869442.0893
158550 -4179066.34902299 4854896.91261976 -4608.19565412863 -7790.61332102524 0.390625 741.952794175806 -57318873070.9965
158550.390625 -4180836.1328861 4851903.55327596 -4450.90455160026 -7531.6374283075 0.390625 808.61368828173 -60357647195.8397
158550.78125 -4182541.97868206 4849015.6280764 -4281.04045047934 -7251.13368491744 0.390625 869.115309807902 -62426030863.8251
158551.171875 -4184179.25387315 4846241.08407254 -4100.11977567967 -6951.62017891558 0.390625 920.765805983165 -63375567330.3264
158551.5625 -4185744.01853428 4843586.71405071 -3910.16001950728 -6636.46846393816 0.390625 961.235922070846 -63136059275.8247
158551.953125 -4187233.20326757 4841057.85267398 -3713.58004998309 -6309.73795339775 0.390625 988.815229056191 -61727248416.4809
158552.34375 -4188644.73908477 4838658.15281755 -3513.056354455 -5975.9350567482 0.390625 1002.5947095476 -59256383904.2062
158552.734375 -4189977.62547067 4836389.46577147 -3311.35395125282 -5639.7284044137 0.390625 1002.53960645975 -55902100543.2944
158553.125 -4191231.93123531 4834251.83488277 -3111.15535151769 -5305.65956538692 0.390625 989.442211804816 -51888600435.4604
158553.515625 -4192408.73190772 4832243.59675366 -2914.91008401113 -4977.88741252366 0.390625 964.772179702192 -47456246152.9029
158553.90625 -4193509.99521852 4830361.570861 -2724.7215008488 -4659.99467476385 0.390625 930.462367795134 -42834682503.7838
158554.296875 -4194538.43112276 4828601.31004094 -2542.27902273736 -4354.87084254758 0.390625 888.675507545277 -38222838100.4831
158554.6875 -4195497.3242766 4826957.38166168 -2368.83534303004 -4064.67099081116 0.78125 841.591425262912 -33777598771.4001
158555.078125 -4196390.365316 4825423.65181795 -2205.22151960899 -3790.83887224789 0.390625 791.240845076589 -29610625091.1727
158555.46875 -4197221.49372664 4823993.55079842 -2051.88932495242 -3534.17650918424 0.390625 739.396147519898 -25791332672.2568
158555.859375 -4197994.76072909 4822660.30540161 -1908.96956173807 -3294.94128064717 0.390625 687.516596289054 -22353574803.0721
158556.25 -4198714.21641581 4821417.13073859 -1776.33645590671 -3072.95378593971 0.390625 636.737671015531 -19303813688.0434
158556.640625 -4199383.82197485 4820257.37992582 -1653.67069353702 -2867.70385669504 0.390625 587.891170119814 -16629174638.0888
158557.03125 -4200007.38545365 4819174.65412734 -1540.51632037519 -2678.4465448997 0.390625 541.543323282546 -14304443199.0572
158557.421875 -4200588.51811671 4818162.87780826 -1436.32903504854 -2504.28381761157 0.390625 498.040639620187 -12297612352.8422
158557.8125 -4201130.60784573 4817216.34512103 -1340.51514260979 -2344.23063205987 0.390625 457.556284862226 -10573955695.7993
158558.203125 -4201636.80598456 4816329.74345426 -1252.46157241824 -2197.26600337093 0.390625 420.132603210694 -9098805655.50124
158558.59375 -4202110.02432757 4815498.15969812 -1171.55799791304 -2062.37076570173 0.390625 385.717604415893 -7839296712.7647
158558.984375 -4202552.93941625 4814717.07400876 -1097.21236021963 -1938.55419059965 0.390625 354.194756430233 -6765338822.73787
158559.375 -4202968.0018286 4813982.34498826 -1028.8611220572 -1824.87168111501 0.390625 325.406351322343 -5850052869.4145
158559.765625 -4203357.44864512 4813290.18935947 -965.975466601754 -1720.4355812452 0.390625 299.171195628699 -5069852702.42793
158560.15625 -4203723.31771645 4812637.15847304 -908.064481092474 -1624.42085184892 0.390625 275.297562089354 -4404311101.04171
158560.546875 -4204067.46272696 4812020.11336145 -854.676173739441 -1536.06704569013 0.390625 253.592345833618 -3835906428.5052
158560.9375 -4204391.56834367 4811436.19955616 -805.396991427509 -1454.67771117181 0.390625 233.867279123745 -3349714802.81044
158561.328125 -4204697.16496927 4810882.82249522 -759.850347591479 -1379.61808870988 0.390625 215.942929801907 -2933088980.12748
158561.71875 -4204985.64279005 4810357.62405649 -717.694538673824 -1310.31174311389 0.390625 199.651072313447 -2575348491.72173
158562.109375 -4205258.26493674 4809858.46053566 -678.62032315974 -1246.23659906725 0.390625 184.835893922572 -2267494324.06353
158562.5 -4205516.17966614 4809383.3822338 -642.34835634555 -1186.92071004102 0.390625 171.354390101394 -2001954143.02704
158562.890625 -4205760.43153495 4808930.61471153 -608.626612903371 -1131.93798740573 0.390625 159.076213982696 -1772359557.61392
158563.28125 -4205991.97157911 4808498.54169381 -577.227884099251 -1080.90403970595 0.390625 147.883174161757 -1573354298.55539
158563.671875 -4206211.66653925 4808085.68956245 -547.947403725533 -1033.47221621328 0.78125 137.668520603012 -1400430800.87802
158564.0625 -4206420.30718929 4807690.71334487 -520.600633484927 -989.329909051441 0.78125 128.336117159086 -1249792071.8199
158564.453125 -4206618.61583362 4807312.38409216 -495.021222335128 -948.195140388593 0.78125 119.799568548149 -1118235587.98907
158564.84375 -4206807.25304183 4806949.57753317 -471.059143300739 -909.813442270245 0.78125 111.981347200563 -1003056095.52039
158565.234375 -4206986.82368981 4806601.2638908 -448.579004048425 -873.955024195821 0.78125 104.811949213662 -901964454.577666
158565.625 -4207157.88237352 4806266.49875062 -427.458523019045 -840.412215691694 0.78125 98.2290971740713 -813019994.796569
158566.015625 -4207320.93825816 4805944.41487746 -407.587160312027 -808.997166539522 0.78125 92.1769995976598 -734574183.789688
158566.40625 -4207476.45942079 4805634.21488323 -388.864891232223 -779.539784978242 0.78125 86.6056712570137 -665223730.245319
158566.796875 -4207624.87673961 4805335.16465698 -371.201110009662 -751.885893383152 0.78125 81.4703150151975 -603771533.32799
158567.578125 -4207901.95788524 4804767.85877499 -338.727920483044 -701.441740298671 0.78125 72.3509778770022 -500614649.044252
158568.359375 -4208155.00847159 4804237.68073936 -309.596506160232 -656.691267197694 0.78125 64.5445358442172 -418541938.867113
158569.140625 -4208386.44880414 4803740.50741291 -283.333968384074 -616.827176377016 0.78125 57.8293363595538 -352695275.135379
158569.921875 -4208598.36183801 4803272.7920123 -259.546806980707 -581.176602445072 0.78125 52.0256703055583 -299445563.359392
158570.703125 -4208792.54915605 4802831.4693046 -237.905996958279 -549.175902907628 0.78125 46.9872034470753 -256057948.054504
158571.484375 -4208970.57652354 4802413.87841949 -218.13510624351 -520.350568137965 0.78125 42.5942300028401 -220453770.745799
158572.265625 -4209133.81113142 4802017.69971953 -200.000805127545 -494.299162083398 0.78125 38.7483623309865 -191039979.078657
158573.046875 -4209283.45218961 4801640.90292727 -183.305257849189 -470.680438171379 0.78125 35.3683456841312 -166585883.220767
158573.828125 -4209420.55617863 4801281.70430086 -167.879998081573 -449.202961032662 0.78125 32.3867519654911 -146133393.333624
158574.609375 -4209546.05779254 4800938.53111315 -153.580977555275 -429.616711172332 0.78125 29.7473599019291 -128931114.361865
158575.390625 -4209660.78739109 4800609.99205109 -140.284545217359 -411.706264072942 0.78125 27.4030718048188 -114385572.968283
158576.171875 -4209765.48561079 4800294.85243553 -127.884167230073 -395.285224073315 0.78125 25.3142506813356 -102024843.006374
158576.953125 -4209860.81565335 4799992.01338289 -116.28773910696 -380.191662291559 1.5625 23.4473875806405 -91471212.9839029
158577.734375 -4209947.37366666 4799700.49420439 -105.415373054833 -366.284361323469 1.5625 21.7740292545407 -82420497.6131838
158578.515625 -4210025.69755193 4799419.41747592 -95.1975682475039 -353.439710968125 1.5625 20.2699117801485 -74626267.6141201
158579.296875 -4210096.27446673 4799147.99631976 -85.5736909379732 -341.549131546915 1.5625 18.9142577814893 -67887746.4825543
158580.078125 -4210159.54724222 4798885.52352601 -76.4907062801824 -330.516926600332 1.5625 17.6892041253856 -62040460.4291332
158580.859375 -4210215.91989256 4798631.36220991 -67.9021154461012 -320.25848648942 1.5625 16.5793340953236 -56948969.4331671
158581.640625 -4210265.76236175 4798384.93775647 -59.7670608288838 -310.698779937929 1.5625 15.5712935595096 -52501181.7342952
158582.421875 -4210309.41462711 4798145.73084799 -52.0495693847321 -301.77108277968 1.5625 14.6534749241045 -48603880.7465194
158583.203125 -4210347.19025757 4797913.27140567 -44.7179099190814 -293.415902854057 1.5625 13.8157559880165 -45179186.0054234
158584.765625 -4210406.25199899 4797466.92980312 -31.1031594165429 -278.215951877599 1.5625 12.346292886199 -39496448.4348598
158586.328125 -4210445.0360839 4797042.95193495 -18.7348153487765 -264.736170097786 1.5625 11.1042630673662 -35042822.6655769
158587.890625 -4210465.36976771 4796638.88705395 -7.46475354810285 -252.683417836091 1.5625 10.0441806465943 -31522392.3115163
158589.453125 -4210468.87385444 4796252.6979391 2.82449494030208 -241.819407830482 1.5625 9.1305289826718 -28718261.8966884
158591.015625 -4210457.00484165 4795882.68422658 12.2268055333601 -231.949655835448 1.5625 8.33546593813346 -26469053.5994911
158592.578125 -4210431.08731797 4795527.42081744 20.8179549908114 -222.915085798468 1.5625 7.63713515123991 -24652971.0083752
158594.140625 -4210392.33872962 4795185.70782683 28.6599489457069 -214.585548139727 1.5625 7.01839295033005 -23176843.1371018
158595.703125 -4210341.88811262 4794856.5295195 35.8044557384504 -206.854725789693 1.5625 6.46582416021 -21968499.8223572
158597.265625 -4210280.79003055 4794539.0203715 42.295535692064 -199.636054424223 1.5625 5.96896315612141 -20971407.7891188
158598.828125 -4210210.03470883 4794232.4368925 48.1717989485853 -192.859391531491 1.5625 5.51966556169216 -20140859.3839865
158600.390625 -4210130.55517898 4793936.13419396 53.4680887360727 -186.468246857857 1.5625 5.11159523258913 -19441237.5864056
158601.953125 -4210043.23211429 4793649.54653433 58.2167642594208 -180.417443088888 1.5625 4.73980358545936 -18844031.6027298
158603.515625 -4209948.89693355 4793372.17124451 62.4486437838512 -174.671116126253 3.125 4.40038604495501 -18326377.4314054
158605.078125 -4209848.3336622 4793103.55555439 66.1936605616821 -169.200993032099 3.125 4.09020491850494 -17869965.7480562
158606.640625 -4209742.2799614 4792843.28592147 69.481279584538 -163.98490552725 3.125 3.80667046134667 -17460206.6475953
158608.203125 -4209631.42766342 4792590.97951772 72.3407199800173 -159.005510040555 3.125 3.54757303742984 -17085574.1914174
158609.765625 -4209516.42308385 4792346.27756892 74.8010250549785 -154.249193443288 3.125 3.31095966282508 -16737077.6732138
158611.328125 -4209397.86731789 4792108.84026948 76.8910188374942 -149.70514816559 3.125 3.09504822800241 -16407823.7587673
158612.890625 -4209276.31667007 4791878.34301944 78.6391841854973 -145.364602524782 3.125 2.89817261540996 -16092645.9416648
