0 -4676244.53719698 0 0 12.4463223650146 380071755.462803 0 0 -1011.60141491715 314159000 0 314159000 3.83639262847249e-14 100
100 -4676244.37156093 1244.6322218062 0.00331272108104292 12.4463219241567 380071742.000379 -101160.140297326 -0.269248476339376 -1011.60137908548 314272994.585133 38688.6409514282 314272994.585133 38688.6409514282 200
300 -4676243.04647256 3733.89631273222 0.00993816230441644 12.446318397293 380071634.300994 -303480.39222664 -0.80774535272228 -1011.6010924321 314500900.262726 116065.80786097 314500900.262726 116065.80786097 400
700 -4676236.42103259 8712.42061503481 0.0231890344253299 12.4463007629796 380071095.804219 -708120.580766606 -1.88473826623393 -1011.59965916564 314956379.526567 270818.863625122 314956379.526567 270818.863625122 800
1500 -4676207.26913388 18669.433951038 0.0496906847960206 12.4462231720996 380068726.421432 -1517398.09131563 -4.03871646368026 -1011.59335280127 315866024.728055 580313.110788036 315866024.728055 580313.110788036 800
2300 -4676156.91599699 28626.3626425646 0.0761921098764314 12.4460891518684 380064633.86276 -2326668.72220417 -6.19267635017826 -1011.58246002093 316773947.46534 889778.080898207 316773947.46534 889778.080898207 800
3100 -4676085.3618502 38583.16154636 0.102693189512986 12.4458987028937 380058818.146759 -3135928.80431784 -8.34660815998958 -1011.56698087403 317680182.04447 1199196.68034201 317680182.04447 1199196.68034201 800
3900 -4675992.60701793 48539.7855197574 0.129193803553676 12.445651826039 380051279.299795 -3945174.66859005 -10.5005021275032 -1011.54691543074 318584762.634993 1508550.69350276 318584762.634993 1508550.69350276 800
4700 -4675878.65192071 58496.1894208836 0.1556938318486 12.4453485224235 380042017.35605 -4754402.64601871 -12.6543484872796 -1011.52226378204 319487723.184019 1817820.73855348 319487723.184019 1817820.73855348 800
5500 -4675743.49707521 68452.328108863 0.182193154250518 12.4449887934223 380031032.357515 -5563609.06768281 -14.8081374740952 -1011.49302603969 320389097.320192 2126986.22825657 320389097.320192 2126986.22825657 800
6300 -4675587.14309419 78408.1564440223 0.208691650615384 12.4445726406666 380018324.353995 -6372790.26475906 -16.9618593229864 -1011.45920233625 321288918.247427 2436025.33710637 321288918.247427 2436025.33710637 800
7100 -4675409.59068654 88363.6292880956 0.235189200802903 12.4441000660429 380003893.403106 -7181942.56853855 -19.1155042692943 -1011.42079282508 322187218.628396 2744914.97626718 322187218.628396 2744914.97626718 800
7900 -4675210.84065725 98318.7015044284 0.261685684677065 12.443571071694 379987739.570275 -7991062.31044336 -21.2690625487082 -1011.37779768031 323084030.457999 3053630.77785733 323084030.457999 3053630.77785733 800
8700 -4674990.89390744 108273.327958183 0.288180982106699 12.4429856600181 379969862.928743 -8800145.8220432 -23.4225243973108 -1011.33021709689 323979384.927289 3362147.090203 323979384.927289 3362147.090203 800
9500 -4674749.7514343 118227.463516542 0.314674972966009 12.4423438336695 379950263.559558 -9609189.43507206 -25.5758800516217 -1011.27805129053 324873312.278611 3670436.985723 324873312.278611 3670436.985723 800
10300 -4674487.41433114 128181.063048915 0.341167537135125 12.441645595558 379928941.551582 -10418189.4814448 -27.729119748642 -1011.22130049774 325765841.653043 3978472.28309976 325765841.653043 3978472.28309976 800
11100 -4674203.88378737 138134.08142714 0.367658554500646 12.4408909488495 379905897.001486 -11227142.2932738 -29.8822337258987 -1011.15996497583 326657000.931575 4286223.58533073 326657000.931575 4286223.58533073 800
11900 -4673899.16108845 148086.473525691 0.394147904956182 12.4400798969654 379881130.013749 -12036044.2028857 -32.0352122214886 -1011.09404500289 327546816.571814 4593660.33513073 327546816.571814 4593660.33513073 800
12700 -4673573.24761597 158038.194221882 0.420635468402902 12.4392124435828 379854640.700663 -12844891.5428377 -34.188045474123 -1011.02354087778 328435313.442399 4900750.88896004 328435313.442399 4900750.88896004 800
13500 -4673226.14484757 167989.198396071 0.447121124750077 12.4382885926347 379826429.182325 -13653680.6459346 -36.3407237231713 -1010.94845292016 329322514.657664 5207462.61068063 329322514.657664 5207462.61068063 800
14300 -4672857.85435696 177939.440931862 0.473604753915624 12.4373083483096 379796495.586643 -14462407.8452451 -38.4932372087062 -1010.86878147046 330208441.415409 5513761.98548933 330208441.415409 5513761.98548933 800
15100 -4672468.37781391 187888.876716315 0.50008623582665 12.4362717150519 379764840.04933 -15271069.4741189 -40.6455761715469 -1010.78452688991 331093112.840967 5819614.75434528 331093112.840967 5819614.75434528 800
15900 -4672057.71698425 197837.460640147 0.52656545042 12.4351786975615 379731462.71391 -16079661.8662024 -42.7977308533043 -1010.69568956051 331976545.840935 6124986.06860366 331976545.840935 6124986.06860366 800
16700 -4671625.87372987 207785.147597937 0.553042277642795 12.434029300794 379696363.731709 -16888181.3554565 -44.9496914964244 -1010.60226988502 332858754.970106 6429840.66400167 332858754.970106 6429840.66400167 800
17500 -4671172.85000867 217731.89248833 0.579516597452985 12.4328235299605 379659543.261861 -17696624.2761723 -47.1014483442332 -1010.50426828701 333739752.315132 6734143.05253224 333739752.315132 6734143.05253224 800
18300 -4670698.64787459 227677.650214245 0.605988289819883 12.4315613905279 379621001.471305 -18504986.962988 -49.2529916409807 -1010.40168521078 334619547.398379 7037857.73010994 334619547.398379 7037857.73010994 800
19100 -4670203.26947761 237622.375683072 0.632457234724717 12.4302428882186 379580738.534784 -19313265.7509058 -51.4043116318849 -1010.29452112146 335498147.105161 7340949.39730881 335498147.105161 7340949.39730881 800
19900 -4669686.71706369 247566.023806885 0.658923312161172 12.4288680290103 379538754.634843 -20121456.9753082 -53.5553985631765 -1010.18277650489 336375555.637176 7643383.18986586 336375555.637176 7643383.18986586 800
20700 -4669148.99297481 257508.549502642 0.685386402135933 12.4274368191365 379495049.961832 -20929556.9719746 -55.7062426821426 -1010.06645186771 337251774.494462 7945124.9151289 337251774.494462 7945124.9151289 800
21500 -4668590.09964893 267449.907692388 0.71184638466923 12.4259492650862 379449624.713902 -21737562.0770981 -57.8568342371713 -1009.94554773732 338126802.4875 8246141.29021569 338126802.4875 8246141.29021569 800
22300 -4668010.03961998 277390.053303462 0.73830313979538 12.4244053736037 379402479.097003 -22545468.6273021 -60.0071634777959 -1009.82006466188 339000635.780405 8546400.17737281 339000635.780405 8546400.17737281 800
23100 -4667408.81551788 287328.941268703 0.764756547563336 12.4228051516887 379353613.324888 -23353272.9596566 -62.1572206547388 -1009.69000321032 339873267.965268 8845870.81189904 339873267.965268 8845870.81189904 800
23900 -4666786.43006849 297266.526526648 0.791206488037224 12.4211486065964 379303027.619106 -24160971.4116954 -64.3069960199559 -1009.55536397231 340744690.166888 9144524.018046 340744690.166888 9144524.018046 800
24700 -4666142.88609361 307202.764021743 0.817652841296892 12.4194357458374 379250722.209005 -24968560.3214319 -66.456479826681 -1009.41614755829 341614891.176271 9442332.40853178 341614891.176271 9442332.40853178 800
25500 -4665478.18651098 317137.608704545 0.844095487438452 12.4176665771774 379196697.331731 -25776036.0273765 -68.6056623294696 -1009.27235459945 342483857.610456 9739270.56369666 342483857.610456 9739270.56369665 800
26300 -4664792.33433425 327071.015531923 0.870534306574822 12.4158411086378 379140953.232224 -26583394.8685527 -70.7545337842432 -1009.12398574771 343351574.095523 10035315.186877 343351574.095523 10035315.186877 800
27100 -4664085.33267296 337002.939467268 0.896969178836274 12.4139593484948 379083490.16322 -27390633.1845139 -72.9030844483339 -1008.97104167577 344218023.469033 10330445.2332468 344218023.469033 10330445.2332468 800
27900 -4663357.18473257 346933.335480693 0.923399984370971 12.4120213052801 379024308.385248 -28197747.3153599 -75.0513045805278 -1008.81352307706 345083186.997689 10624642.0101447 345083186.997689 10624642.0101447 800
28700 -4662607.89381438 356862.158549238 0.949826603345517 12.4100269877805 378963408.16663 -29004733.6017536 -77.1991844411098 -1008.65143066572 345947044.60576 10917889.2477234 345947044.60576 10917889.2477234 800
29500 -4661837.46331558 366789.363657075 0.976248915945495 12.407976405038 378900789.783479 -29811588.3849375 -79.3467142919076 -1008.48476517668 346809575.109654 11210173.1395948 346809575.109654 11210173.1395948 800
30300 -4661045.89672918 376714.905795711 1.00266680237601 12.4058695663495 378836453.519696 -30618308.0067502 -81.4938843963356 -1008.31352736556 347670756.454128 11501482.3539501 347670756.454128 11501482.3539501 800
31100 -4660233.19764403 386638.739964193 1.02908014286225 12.4037064812672 378770399.666973 -31424888.8096433 -83.6406850194393 -1008.13771800873 348530565.945837 11791808.0163778 348530565.945837 11791808.0163778 800
31900 -4659399.36974479 396560.821169313 1.05548881764999 12.4014871595982 378702628.524789 -32231327.1366977 -85.7871064279396 -1007.9573379033 349388980.480251 12081143.6662546 349388980.480251 12081143.6662546 800
32700 -4658544.41681191 406481.104425808 1.08189270700617 12.3992116114046 378633140.400407 -33037619.3316402 -87.9331388902763 -1007.77238786706 350245976.758475 12369485.1891202 350245976.758475 12369485.1891202 800
33500 -4657668.34272162 416399.544756569 1.10829169121943 12.3968798470033 378561935.608878 -33843761.7388602 -90.078772676653 -1007.58286873857 351101531.491009 12656830.7278545 351101531.491009 12656830.7278545 800
34300 -4656771.15144591 426316.097192841 1.13468565060065 12.3944918769663 378489014.473032 -34649750.7034262 -92.2239980590806 -1007.38878137707 351955621.586095 12943180.5757526 351955621.586095 12943180.5757526 800
35100 -4655852.84705252 436230.71677443 1.16107446548348 12.3920477121203 378414377.323485 -35455582.5711025 -94.3688053114218 -1007.19012666253 352808224.320892 13228537.0547376 352808224.320892 13228537.0547376 800
35900 -4654913.43370491 446143.358549904 1.18745801622491 12.3895473635467 378338024.498629 -36261253.6883654 -96.5131847094348 -1006.98690549561 353659317.494288 13512904.3819764 353659317.494288 13512904.3819764 800
36700 -4653952.91566224 456053.977576798 1.21383618320578 12.3869908425817 378259956.344637 -37066760.4024203 -98.6571265308179 -1006.77911879769 354508879.560757 13796288.5280836 354508879.560757 13796288.5280836 800
37500 -4652971.29727934 465962.528921819 1.24020884683135 12.3843781608163 378180173.215459 -37872099.0612178 -100.800621055253 -1006.56676751086 355356889.745111 14078697.0699305 355356889.745111 14078697.0699305 800
38300 -4651968.58300675 475868.967661047 1.26657588753184 12.381709330096 378098675.472819 -38677266.0134705 -102.943658564451 -1006.34985259787 356203328.13849 14360139.0408382 356203328.13849 14360139.0408382 800
39100 -4650944.77739062 485773.248880142 1.29293718576294 12.3789843625208 378015463.486217 -39482257.6086695 -105.086229342193 -1006.12837504218 357048175.776252 14640624.7806477 357048175.776252 14640624.7806477 800
39900 -4649899.88507273 495675.327674544 1.3192926220064 12.3762032704454 377930537.632924 -40287070.1971008 -107.228323674377 -1005.90233584795 357891414.698752 14920165.7878455 357891414.698752 14920165.7878455 800
40700 -4648833.91079047 505575.159149681 1.34564207677053 12.3733660664788 377843898.29798 -41091700.1298623 -109.369931849063 -1005.67173604 358733027.99619 15198774.5755892 358733027.99619 15198774.5755892 800
41500 -4647746.85937682 515472.698421167 1.37198543059076 12.3704727634844 377755545.874197 -41896143.7588798 -111.511044156512 -1005.43657666384 359572999.838893 15476464.5331507 359572999.838893 15476464.5331507 800
42300 -4646638.73576029 525367.900615011 1.3983225640302 12.3675233745802 377665480.76215 -42700397.4369237 -113.651650889235 -1005.19685878565 360411315.494442 15753249.7939755 360411315.494442 15753249.7939755 800
43100 -4645509.54496498 535260.720867816 1.42465335768013 12.3645179131382 377573703.370182 -43504457.5176259 -115.791742342035 -1004.95258349226 361247961.333152 16029145.1112573 361247961.333152 16029145.1112573 800
43900 -4644359.29211045 545151.114326986 1.4509776921606 12.3614563927846 377480214.114398 -44308320.3554958 -117.931308812052 -1004.7037518912 362082924.823348 16304165.7416596 362082924.823348 16304165.7416596 800
44700 -4643187.98241179 555039.036150928 1.47729544812095 12.3583388274001 377385013.418665 -45111982.3059371 -120.070340598804 -1004.45036511062 362916194.517889 16578327.337571 362916194.517889 16578327.337571 800
45500 -4641995.62117955 564924.441509252 1.50360650624031 12.3551652311191 377288101.714608 -45915439.7252644 -122.208828004235 -1004.19242429935 363747760.033293 16851645.8480766 363747760.033293 16851645.8480766 800
46300 -4640782.21381971 574807.28558298 1.52991074722822 12.3519356183304 377189479.441612 -46718688.9707195 -124.346761332756 -1003.92993062685 364577612.02273 17124137.4286488 364577612.02273 17124137.4286488 800
47100 -4639547.76583369 584687.523564747 1.55620805182509 12.3486500036764 377089147.046815 -47521726.4004882 -126.484130891292 -1003.66288528323 365405742.144076 17395818.359416 365405742.144076 17395818.359416 1600
47900 -4638292.28281829 594565.110659002 1.58249830080281 12.3453084020538 376987104.985109 -48324548.3737164 -128.620926989321 -1003.39128947923 366232143.024072 17666704.9717536 366232143.024072 17666704.9717536 1600
48700 -4637015.77046569 604440.002082212 1.60878137496524 12.3419108286127 376883353.719138 -49127151.250527 -130.757139938925 -1003.11514444623 367056808.219552 17936813.58285 367056808.219552 17936813.58285 1600
49500 -4635718.23456341 614312.153063069 1.63505715514877 12.3384572987574 376777893.719295 -49929531.3920363 -132.892760054826 -1002.83445143622 367879732.176574 18206160.4378353 367879732.176574 18206160.4378353 1600
50300 -4634399.68099428 624181.518842687 1.66132552222287 12.3349478281456 376670725.463721 -50731685.1603703 -135.027777654436 -1002.54921172184 368700910.188194 18474761.6590149 368700910.188194 18474761.6590149 1600
51100 -4633060.11573644 634048.054674808 1.68758635709062 12.3313824326888 376561849.4383 -51533608.9186814 -137.162183057898 -1002.25942659631 369520338.351501 18742633.2017224 369520338.351501 18742633.2017224 1600
51900 -4631699.54486327 643911.715826005 1.71383954068924 12.3277611285518 376451266.136661 -52335299.0311649 -139.295966588132 -1001.96509737349 370338013.524469 19009790.8162923 370338013.524469 19009790.8162923 1600
52700 -4630317.97454342 653772.457575885 1.74008495399065 12.3240839321533 376338976.060172 -53136751.8630753 -141.429118570875 -1001.6662253878 371153933.283054 19276250.0156518 371153933.283054 19276250.0156518 1600
53500 -4628915.4110407 663630.235217291 1.76632247800198 12.320350860165 376224979.71794 -53937963.7807431 -143.561629334728 -1001.3628119943 371968095.878919 19542026.0480375 371968095.878919 19542026.0480375 1600
54300 -4627491.86071415 673485.004056503 1.79255199376615 12.3165619295122 376109277.626807 -54738931.1515908 -145.693489211202 -1001.05485856862 372780500.198082 19807133.8743605 372780500.198082 19807133.8743605 1600
55100 -4626047.33001792 683336.719413445 1.81877338236239 12.3127171573733 375991870.311349 -55539650.3441498 -147.824688534755 -1000.74236650698 373591145.720724 20071588.1497601 373591145.720724 20071588.1497601 1600
55900 -4624581.82550131 693185.336621883 1.84498652490675 12.3088165611799 375872758.303875 -56340117.7280766 -149.955217642842 -1000.42533722616 374400032.482342 20335403.208914 374400032.482342 20335403.208914 1600
56700 -4623095.35380871 703030.811029632 1.8711913025527 12.3048601586168 375751942.144421 -57140329.6741696 -152.085066875958 -1000.10377216353 375207161.036378 20598593.0546966 375207161.036378 20598593.0546966 1600
57500 -4621587.92167955 712873.097998752 1.89738759649162 12.3008479676217 375629422.380749 -57940282.554385 -154.214226577677 -999.777672777017 376012532.418432 20861171.349808 376012532.418432 20861171.3498079 1600
58300 -4620059.53594832 722712.152905759 1.92357528795335 12.2967800063854 375505199.568346 -58739972.7418539 -156.342687094701 -999.447040545115 376816148.112099 21123151.4110219 376816148.112099 21123151.4110219 1600
59100 -4618510.20354448 732547.931141821 1.94975425820673 12.2926562933513 375379274.27042 -59539396.610898 -158.470438776904 -999.111876966857 377618010.016485 21384546.2057329 377618010.016485 21384546.2057329 1600
59900 -4616939.93149249 742380.388112959 1.97592438856015 12.2884768472157 375251647.057898 -60338550.5370468 -160.59747197737 -998.772183561826 378418120.415402 21645368.3505066 378418120.415402 21645368.3505066 1600
60700 -4615348.72691173 752209.479240256 2.00208556036208 12.2842416869277 375122318.509423 -61137430.8970536 -162.723777052443 -998.427961870143 379216481.948222 21905630.1113688 379216481.948222 21905630.1113688 1600
61500 -4613736.59701649 762035.159960054 2.0282376550016 12.2799508316889 374991289.211352 -61936034.0689119 -164.849344361767 -998.079213452457 380013097.582388 22165343.4055899 380013097.582388 22165343.4055899 1600
63100 -4610449.59061404 781676.112000029 2.08051413855606 12.2712021144276 374724130.750399 -63532394.3664572 -169.098227138516 -997.368142784293 381601104.511147 22683170.5388736 381601104.511147 22683170.5388736 1600
64700 -4607078.97189629 801302.888036505 2.13275289116894 12.2622308540932 374450176.520063 -65127602.4790615 -173.344043252459 -996.638984452881 383182170.557188 23198938.2556324 383182170.557188 23198938.2556324 1600
66300 -4603624.80199075 820915.132130182 2.18495296546995 12.253037213383 374169431.488612 -66721629.4769989 -177.58671570405 -995.891751681792 384756328.825216 23712729.7754933 384756328.825216 23712729.7754933 1600
67900 -4600087.14354013 840512.488605307 2.2371134147902 12.2436213590273 373881900.747467 -68314446.4519631 -181.826167550759 -995.126458022388 386323615.548885 24224623.24463 386323615.548885 24224623.24463 1600
69500 -4596466.06070126 860094.602056119 2.28923329317947 12.2339834617864 373587589.511111 -69906024.5175925 -186.062321908458 -994.343117353569 387884069.550562 24734691.9737721 387884069.550562 24734691.9737721 1600
71100 -4592761.61914391 879661.117353293 2.34131165542326 12.2241236964472 373286503.116995 -71496334.8099931 -190.295101952825 -993.541743881526 389437731.772661 25243004.6907984 389437731.772661 25243004.6907984 1600
72700 -4588973.88604958 899211.679650385 2.39334755706001 12.2140422418206 372978647.025438 -73085348.488263 -194.524430920729 -992.722352139483 390984644.872492 25749625.7994248 390984644.872492 25749625.7994248 1600
74300 -4585102.93011029 918745.934390264 2.4453400543982 12.2037392807377 372664026.819531 -74673036.7350145 -198.750232111627 -991.88495698743 392524852.873063 26254615.6376939 392524852.873063 26254615.6376939 1600
75900 -4581148.82152736 938263.527311544 2.49728820453345 12.1932150000466 372342648.205036 -76259370.7568972 -202.972428888955 -991.029573611857 394058400.862923 26758030.7317107 394058400.862923 26758030.7317107 1600
77500 -4577111.6320101 957764.104455004 2.54919106536564 12.1824695906094 372014517.010279 -77844321.7851203 -207.190944681514 -990.156217525479 395585334.738772 27259924.0414185 395585334.738772 27259924.0414185 1600
79100 -4572991.43477452 977247.312170016 2.60104769561599 12.1715032472984 371679639.18605 -79427861.0759739 -211.405702984862 -989.26490456695 397105700.985238 27760345.1962574 397105700.985238 27760345.1962574 1600
80700 -4568788.30454202 996712.79712095 2.65285715484414 12.1603161689923 371338020.80549 -81009959.9113507 -215.616627362701 -988.355650900583 398619546.486883 28259340.7193431 398619546.486883 28259340.7193431 1600
82300 -4564502.31753803 1016160.20629359 2.70461850346517 12.1489085585734 370989668.06398 -82590589.5992665 -219.823641448263 -987.428473016049 400126918.368068 28756954.2394058 400126918.368068 28756954.2394058 1600
83900 -4560133.55149059 1035589.18700152 2.75633080276669 12.1372806229231 370634587.279037 -84169721.4743806 -224.026668945693 -986.483387728084 401627863.856876 29253226.6901754 401627863.856876 29253226.6901754 1600
85500 -4555682.085629 1054999.38689254 2.80799311492583 12.1254325729185 370272784.890189 -85747326.8985159 -228.225633631436 -985.520412176182 403122430.169756 29748196.4972259 403122430.169756 29748196.4972259 1600
87100 -4551148.00068234 1074390.45395505 2.85960450302624 12.1133646234288 369904267.458864 -87323377.2611781 -232.420459355618 -984.539563824281 404610664.414035 30241899.7525262 404610664.414035 30241899.7525262 1600
88700 -4546531.37887803 1093762.03652443 2.91116403107513 12.1010769933109 369529041.668271 -88897843.9800743 -236.611070043424 -983.540860460453 406092613.505777 30734370.3771036 406092613.505777 30734370.3771036 1600
90300 -4541832.30394031 1113113.78328942 2.96267076402019 12.0885699054058 369147114.323278 -90470698.5016319 -240.797389696485 -982.524320196575 407568324.100841 31225640.2723373 407568324.100841 31225640.2723373 1600
91900 -4537050.86108876 1132445.34329847 3.01412376776658 12.0758435865346 368758492.350287 -92041912.3015159 -244.979342394246 -981.489961468005 409037842.537282 31715739.4604632 409037842.537282 31715739.4604632 1600
93500 -4532187.13703671 1151756.36596616 3.06552210919384 12.0628982674939 368363182.79711 -93611456.8851466 -249.156852295352 -980.437803033244 410501214.787484 32204696.2149073 410501214.787484 32204696.2149073 1600
95100 -4527241.21998973 1171046.5010795 3.11686485617286 12.0497341830523 367961192.832841 -95179303.7882161 -253.329843639021 -979.3678639736 411958486.418651 32692537.1810795 411958486.418651 32692537.1810795 1600
96700 -4522213.19964395 1190315.3988043 3.16815107758274 12.0363515719455 367552529.747726 -96745424.5772046 -257.498240746412 -978.280163692838 413409702.560454 33179287.4882556 413409702.560454 33179287.4882556 1600
98300 -4517103.1671845 1209562.70969153 3.21937984332771 12.0227506768725 367137200.953031 -98309790.8498961 -261.661968022008 -977.174721916829 414854907.878827 33664970.8531608 414854907.878827 33664970.8531608 1600
99900 -4511911.21528384 1228788.08468365 3.27055022435395 12.008931744491 366715213.980907 -99872374.2358934 -265.820949954977 -976.051558693196 416294146.555014 34149609.6758466 416294146.555014 34149609.6758466 1600
101500 -4506637.43810004 1247991.17512092 3.32166129266651 11.9948950254125 366286576.484253 -101433146.397133 -269.975111120546 -974.910694390944 417727462.269132 34633225.1284249 417727462.269132 34633225.1284249 3200
103100 -4501281.93127513 1267171.63274775 3.37271212134606 11.9806407741986 365851296.236579 -102992079.028398 -274.124376181372 -973.752149700096 419154898.187572 35115837.2371925 419154898.187572 35115837.2371924 3200
104700 -4495844.79193333 1286329.10971901 3.42370178456577 11.9661692493557 365409381.131863 -104549143.857832 -278.268669888901 -972.575945631315 420576496.953697 35597464.9586468 420576496.953697 35597464.9586468 3200
106300 -4490326.1186793 1305463.25860632 3.47462935760806 11.9514807133306 364960839.184409 -106104312.647453 -282.407917084739 -971.382103515524 421992300.681352 36078126.2498635 421992300.681352 36078126.2498635 3200
107900 -4484726.01159635 1324573.73240436 3.52549391688137 11.9365754325056 364505678.528702 -107657557.193664 -286.542042702009 -970.170645003519 423402350.950762 36557838.1336694 423402350.950762 36557838.1336694 3200
109500 -4479044.57224462 1343660.1845372 3.57629453993693 11.921453677194 364043907.419259 -109208849.327764 -290.670971766721 -968.941592065577 424806688.806466 37036616.7590197 424806688.806466 37036616.7590196 3200
111100 -4473281.90365925 1362722.26886451 3.62703030548547 11.9061157216346 363575534.230481 -110758160.916462 -294.794629399121 -967.694966991056 426205354.756985 37514477.4569509 426205354.756985 37514477.4569509 3200
112700 -4467438.11034849 1381759.63968791 3.67770029341395 11.8905618439873 363100567.456499 -112305463.862381 -298.912940815059 -966.43079238799 427598388.775946 37991434.7924598 427598388.775946 37991434.7924598 3200
114300 -4461513.29829184 1400771.95175719 3.72830358480223 11.8747923263279 362619015.711023 -113850730.104576 -303.025831327339 -965.149091182684 428985830.304448 38467502.6126251 428985830.304448 38467502.6126251 3200
115900 -4455507.57493808 1419758.8602766 3.77883926193971 11.8588074546426 362130887.727183 -115393931.619035 -307.133226347074 -963.849886619293 430367718.254463 38942694.0912685 430367718.254463 38942694.0912685 3200
117500 -4449421.04920338 1438720.0209111 3.82930640834205 11.8426075188235 361636192.357371 -116935040.419193 -311.235051385042 -962.533202259401 431744091.013107 39417021.7704248 431744091.013107 39417021.7704248 3200
119100 -4443253.83146926 1457655.08979258 3.8797041087677 11.8261928126627 361134938.573083 -118474028.556436 -315.331232053033 -961.199061981598 433114986.447636 39890497.598871 433114986.447636 39890497.598871 3200
120700 -4437006.03358066 1476563.72352613 3.93003144923456 11.8095636338474 360627135.464753 -120010868.120609 -319.421694065202 -959.847489981041 434480441.911038 40363132.9679436 434480441.911038 40363132.9679436 3200
122300 -4430677.76884383 1495445.57919624 3.98028751703654 11.7927202839543 360112792.24159 -121545531.240523 -323.506363239411 -958.47851076902 435840494.24812 40834938.7448533 435840494.24812 40834938.7448533 3200
123900 -4424269.15202434 1514300.31437304 4.03047140076008 11.7756630684442 359591918.231411 -123077990.084459 -327.585165498581 -957.092149172511 437195179.801983 41305925.3036918 437195179.801983 41305925.3036918 3200
125500 -4417780.29934498 1533127.5871185 4.08058219030074 11.7583922966563 359064522.880469 -124608216.860673 -331.658026872029 -955.688430333727 438544534.420826 41776102.5543066 438544534.420826 41776102.5543066 3200
127100 -4411211.32848365 1551927.05599263 4.13061897687966 11.7409082818029 358530615.753288 -126136183.817902 -335.724873496813 -954.267379709659 439888593.464988 42245479.9692081 439888593.464988 42245479.9692081 3200
128700 -4404562.35857121 1570698.38005967 4.18058085306004 11.7232113409634 357990206.532483 -127661863.245864 -339.785631619072 -952.829023071621 441227391.814188 42714066.608657 441227391.814188 42714066.608657 3200
131900 -4391024.90536839 1608155.23258762 4.28027625128733 11.6871799689459 356889921.129878 -130706248.880783 -347.888587894007 -949.900496407653 443889343.587765 43648901.8798232 443889343.587765 43648901.8798232 3200
135100 -4377168.92176017 1645495.4275358 4.37966115295428 11.6503007943644 355763746.488721 -133741152.921918 -355.966307898294 -946.903062780795 446530659.449185 44580673.4564295 446530659.449185 44580673.4564295 3200
138300 -4362995.41287684 1682716.25620004 4.47872834855657 11.6125764924801 354611764.303122 -136766355.213559 -364.018205664083 -943.836939628609 449151601.894905 45509441.1771097 449151601.894905 45509441.1771096 3200
141500 -4348505.40688235 1719815.01853518 4.57747065163666 11.5740097998607 353434058.139301 -139781636.303769 -372.043697096699 -940.702349371479 451752426.451268 46435260.1846143 451752426.451268 46435260.1846143 3200
144700 -4333699.95489974 1756789.02335085 4.67588089930514 11.534603514182 352230713.429526 -142786777.460311 -380.042200017016 -937.49951939648 454333381.912939 47358181.4115731 454333381.912939 47358181.411573 3200
147900 -4318580.13093492 1793635.5885068 4.77395195276031 11.4943604940251 351001817.465919 -145781560.686509 -388.01313420369 -934.228682040879 456894710.576829 48278252.0074015 456894710.576829 48278252.0074015 3200
151100 -4303147.03179869 1830352.04110738 4.87167669780602 11.4532836586685 349747459.39412 -148765768.737064 -395.955921435246 -930.890074575286 459436648.470122 49195515.7143664 459436648.470122 49195515.7143664 3200
154300 -4287401.77702727 1866935.71769547 4.9690480453678 11.411375987877 348467730.206825 -151739185.133816 -403.869985532023 -927.483939186434 461959425.571523 50110013.1996242 461959425.571523 50110013.1996242 3200
157500 -4271345.508801 1903383.9644457 5.06605893200702 11.3686405216852 347162722.737178 -154701594.181441 -411.754752397974 -924.010522959621 464463266.025143 51021782.349046 464463266.025143 51021782.349046 3200
160700 -4254979.39186155 1939694.13735693 5.16270232043339 11.3250803601769 345832531.652044 -157652780.983105 -419.609650062308 -920.470077860777 466948388.346708 51930858.527797 466948388.346708 51930858.527797 3200
163900 -4238304.61342739 1975863.60244408 5.25897120001536 11.2806986632603 344477253.445137 -160592531.456048 -427.434108720984 -916.862860718191 469415005.621938 52837274.8119256 469415005.621938 52837274.8119256 3200
167100 -4221322.38310766 2011889.73592919 5.35485858728872 11.2354986504389 343096986.430025 -163520632.347117 -435.227560778043 -913.189133203878 471863325.697112 53741062.1946156 471863325.697112 53741062.1946156 3200
170300 -4204033.93281447 2047769.92443174 5.4503575264632 11.1894836005779 341691830.732992 -166436871.248232 -442.989440886784 -909.449161814601 474293551.361894 54642249.7702455 474293551.361894 54642249.7702455 3200
173500 -4186440.5166735 2083501.56515827 5.54546108992703 11.1426568516662 340261888.285779 -169341036.6118 -450.719185990776 -905.643217852532 476705880.524599 55540864.8989657 476705880.524599 55540864.8989657 3200
