0 314159000 0 -1179.54696384292 220.610426065846 100 0.00403837820768556 -0
100 314041025.106669 22061.0421336763 -1179.95095336263 220.610411875933 200 0.00404141292963332 -0
300 313804954.047216 66183.115036825 -1180.75984391673 220.610298164455 400 0.00404749565311261 -0
700 313332325.984653 154427.13548837 -1182.38128345837 220.609727612804 800 0.00405971447903872 -0
1500 312385119.22759 330914.030346819 -1185.63889605254 220.607199431236 1600 0.00408436775339654 -0
3100 310482847.722417 683877.990329626 -1192.21386618713 220.596475850423 1600 0.00413455399779416 -0
4700 308569991.528523 1036818.59879894 -1198.87007717484 220.577962593521 1600 0.00418594695892268 -0
6300 306646419.105842 1389723.16115663 -1205.60948351828 220.5513686319 1600 0.00423858880163836 -0
7900 304711995.732887 1742578.50673528 -1212.43410800268 220.516389790852 1600 0.00429252363434393 -0
9500 302766583.395003 2095370.96719224 -1219.34604484136 220.472708026736 1600 0.00434779762061866 -0
11100 300810040.667445 2448086.35370965 -1226.34746300177 220.419990656631 1600 0.00440445909855122 -0
12700 298842222.592987 2800709.93292146 -1233.44060972449 220.357889536863 1600 0.00446255870839796 -0
14300 296862980.553727 3153226.40148262 -1240.62781424859 220.286040186417 1600 0.00452214952924677 -0
15900 294872162.13677 3505619.85918871 -1247.911491758 220.204060850906 1600 0.00458328722543063 -0
17500 292869610.993394 3857873.78054729 -1255.29414756458 220.111551502386 1600 0.00464603020350587 -0
19100 290855166.69134 4209970.98469422 -1262.7783815449 220.008092769844 1600 0.00471043978068811 -0
20700 288828664.559772 4561893.60353957 -1270.36689284934 219.893244794749 1600 0.00477658036572596 -0
22300 286789935.52648 4913623.04801836 -1278.06248490355 219.766546005486 1600 0.00484451965328864 -0
23900 284738805.946832 5265139.97231115 -1285.86807072402 219.627511803957 1600 0.00491432883305121 -0
25500 282675097.423951 5616424.23588795 -1293.78667857162 219.47563315694 1600 0.00498608281477983 -0
27100 280598626.619562 5967454.86321676 -1301.8214579688 219.310375084117 1600 0.00505986047085261 -0
28700 278509205.054898 6318210.0009645 -1309.97568610872 219.131175033866 1600 0.00513574489779981 -0
30300 276406638.901022 6668666.87250286 -1318.25277468693 218.937441137043 1600 0.0052138236986123 -0
31900 274290728.757856 7018801.72951559 -1326.65627718909 218.728550327985 1600 0.00529418928775274 -0
33500 272161269.421161 7368589.80048523 -1335.18989667145 218.503846320875 1600 0.0053769392210112 -0
35100 270018049.636646 7718005.23581776 -1343.85749407418 218.262637428384 1600 0.00546217655257917 -0
36700 267860851.840321 8067021.04934136 -1352.66309711124 218.004194208145 1600 0.00555001022197784 -0
38300 265689451.884136 8415609.0558912 -1361.61090978537 217.727746921081 1600 0.00564055547376962 -0
39900 263503618.745861 8763739.80466541 -1370.70532258056 217.432482783897 1600 0.0057339343133136 -0
41500 261303114.222069 9111382.50800745 -1379.95092339061 217.11754299612 1600 0.00583027600219881 -0
43100 259087692.603013 9458504.96523694 -1389.35250924743 216.782019519926 1600 0.00592971759741133 -0
44700 256857100.328048 9805073.4811146 -1398.91509891969 216.424951588545 1600 0.00603240453876927 -0
46300 254611075.620144 10151052.7784856 -1408.64394645976 216.045321916313 1600 0.00613849128970132 -0
47900 252349348.097913 10496405.9046008 -1418.54455578466 215.642052580331 1600 0.00624814203705984 -0
49500 250071638.363415 10841094.1305632 -1428.62269638641 215.214000540213 1600 0.00636153145635971 -0
51100 247777657.563851 11185076.8432926 -1438.88442027707 214.759952758419 1600 0.00647884554963197 -0
52700 245467106.925086 11528311.4293351 -1449.33608028552 214.278620879208 1600 0.00660028256399276 -0
53500 244305521.714563 11699634.2805733 -1454.63520868181 214.027298778325 1600 0.00666261271323451 -0
54300 243139677.25466 11870753.1497628 -1459.98434983508 213.768635419271 1600 0.00672605400007389 -0
55100 241969533.181556 12041662.090321 -1465.38439152765 213.502445898635 1600 0.00679063511479837 -0
55900 240795048.412129 12212355.0053994 -1470.83624435103 213.228539416305 1600 0.00685638572063623 -0
56700 239616181.125403 12382825.6430737 -1476.34084247536 212.94671904313 1600 0.00692333649471932 -0
57500 238432888.74337 12553067.5913436 -1481.89914445096 212.656781477604 1600 0.00699151917111071 -0
58300 237245127.911153 12723074.2729345 -1487.51213404378 212.358516790941 1600 0.00706096658601852 -0
59100 236052854.476487 12892838.9398888 -1493.18082110637 212.051708159923 1600 0.0071317127253257 -0
59900 234856023.468486 13062354.6679399 -1498.90624248617 211.736131586802 1600 0.00720379277457426 -0
60700 233654589.075676 13231614.3506557 -1504.68946297311 211.411555605551 1600 0.00727724317155173 -0
61500 232448504.623246 13400610.6933417 -1510.53157628845 211.077740973653 1600 0.0073521016616383 -0
62300 231237722.549493 13569336.2066915 -1516.43370611714 210.734440348621 1600 0.0074284073560835 -0
63100 230022194.38142 13737783.2001722 -1522.39700718586 210.381397948347 1600 0.0075062007933938 -0
63900 228801870.709462 13905943.7751307 -1528.42266638926 210.018349194329 1600 0.00758552400402477 -0
64700 227576701.161278 14073809.8176085 -1534.51190396693 209.645020336777 1600 0.00766642057858568 -0
65500 226346634.374591 14241372.990848 -1540.66597473388 209.261128060509 1600 0.00774893573977925 -0
66300 225111617.969011 14408624.7274757 -1546.88616936732 208.866379070477 1600 0.00783311641831528 -0
67100 223871598.51682 14575556.2213456 -1553.17381575306 208.460469655703 1600 0.00791901133305473 -0
67900 222626521.512635 14742158.4190245 -1559.5302803946 208.043085230293 1600 0.00800667107565955 -0
68700 221376331.341939 14908422.0109 -1565.95696988854 207.613899850115 1600 0.0080961482000441 -0
69500 220120971.248383 15074337.4218923 -1572.45533247 207.172575703634 1600 0.00818749731694637 -0
70300 218860383.29984 15239894.8017477 -1579.02685963208 206.718762575272 1600 0.00828077519396141 -0
71100 217594508.353122 15405084.0148906 -1585.67308782353 206.252097279565 1600 0.00837604086140548 -0
71900 216323286.017307 15569894.6298113 -1592.39560022924 205.772203064233 1600 0.00847335572440804 -0
72700 215046654.615613 15734315.9079626 -1599.19602863836 205.278688980171 1600 0.00857278368165979 -0
73500 213764551.145735 15898336.7921388 -1606.07605540516 204.771149216207 1600 0.00867439125127851 -0
74300 212476911.238573 16061945.8943075 -1613.03741550828 204.249162396303 1600 0.00877824770429144 -0
75100 211183669.115279 16225131.4828633 -1620.08189871414 203.712290836714 1600 0.00888442520627291 -0
75900 209884757.542522 16387881.4692703 -1627.21135185095 203.160079760421 1600 0.00899299896771951 -0
76700 208580107.78589 16550183.3940583 -1634.42768120001 202.592056465956 1600 0.00910404740379307 -0
77500 207269649.561332 16712024.4121344 -1641.73285501158 202.007729447498 1600 0.00921765230411367 -0
78300 205953310.984529 16873391.2773705 -1649.12890615317 201.406587462881 800 0.00933389901334185 -0
79100 204631018.518097 17034270.3264229 -1656.61793489848 200.788098545895 800 0.00945287662335185 -0
79900 203302696.916499 17194647.4617385 -1664.20211186605 200.151708958958 800 0.00957467817786591 -0
80700 201968269.168533 17354508.1336972 -1671.8836811172 199.496842081932 800 0.00969940089049438 -0
81500 200627656.437291 17513837.3218389 -1679.66496342366 198.822897232482 800 0.00982714637720926 -0
82300 199280777.997419 17672619.5151178 -1687.54835971607 198.12924841305 800 0.00995802090436846 -0
83100 197927551.16955 17830838.6911227 -1695.53635472517 197.41524297903 800 0.0100921356535079 -0
83900 196567891.251733 17988478.2941986 -1703.6315208289 196.680200222353 800 0.0102296070042278 -0
84700 195201711.447712 18145521.2123996 -1711.83652211911 195.923409864117 800 0.0103705568366197 -0
85500 193828922.791844 18301949.7531965 -1720.15411870311 195.144130449417 800 0.0105151128548139 -0
86300 192449434.070485 18457745.6178593 -1728.58717125622 194.341587636882 800 0.0106634089333742 -0
87100 191063151.739628 18612889.8744266 -1737.13864584293 193.514972374792 800 0.0108155854884271 -0
87900 189669979.838563 18767362.9291667 -1745.81161902578 192.663438954914 800 0.0109717898755941 -0
88700 188269819.899338 18921144.4964309 -1754.60928328241 191.786102934394 800 0.0111321768169932 -0
89500 186862570.851748 19074213.5667868 -1763.53495275324 190.882038915166 800 0.0112969088597955 -0
90300 185448128.923586 19226548.3733156 -1772.59206934398 189.950278169357 800 0.0114661568690686 -0
91100 184026387.535872 19378126.3559432 -1781.78420920923 188.989806098104 800 0.0116401005579082 -0
91900 182597237.192714 19528924.1236667 -1791.11508964579 187.999559509998 800 0.0118189290581637 -0
92700 181160565.365499 19678917.4145279 -1800.58857642676 186.978423704048 800 0.0120028415353986 -0
93500 179716256.371018 19828081.0531683 -1810.20869161041 185.925229340619 800 0.0121920478521029 -0
94300 178264191.243146 19976388.9057906 -1819.97962186047 184.838749082134 800 0.012386769283594 -0
95100 176804247.597646 20123813.8323338 -1829.90572731844 183.717693983583 800 0.012587239291512 -0
95900 175336299.489643 20270327.6356537 -1839.9915510717 182.560709610804 800 0.0127937043603403 -0
96700 173860217.263264 20415901.0074808 -1850.24182926551 181.366371862331 800 0.0130064249029724 -0
97500 172375867.39292 20560503.4709083 -1860.66150191177 180.133182468051 800 0.0132256762420065 -0
98300 170883112.315635 20704103.3191404 -1871.25572445196 178.859564135156 800 0.0134517496741944 -0
99100 169381810.253813 20846667.5502051 -1882.02988013778 177.543855308738 800 0.0136849536263102 -0
99900 167871815.027738 20988161.7973095 -1892.98959329894 176.184304510864 800 0.0139256149116479 -0
100700 166352975.857093 21128550.2544845 -1904.14074357454 174.779064218068 800 0.0141740800974282 -0
101500 164825137.150666 21267795.5971326 -1915.48948119233 173.326184232743 800 0.0144307169946013 -0
102300 163288138.283396 21405858.8970533 -1927.04224338868 171.823604498978 800 0.0146959162829053 -0
103100 161741813.359785 21542699.5314814 -1938.80577207157 170.269147307751 800 0.0149700932855954 -0
103900 160185990.962649 21678275.0856249 -1950.78713284024 168.660508830083 800 0.0152536899100284 -0
104700 158620493.886065 21812541.2481376 -1962.99373548658 166.99524990957 800 0.0155471767723066 -0
105500 157045138.851283 21945451.6989046 -1975.43335611751 165.270786037614 800 0.0158510555264853 -0
106300 155459736.204238 22076957.9884529 -1988.11416105259 163.48437642544 800 0.0161658614214858 -0
107100 153864089.59318 22207009.4082258 -2001.04473266858 161.63311207653 800 0.01649216611187 -0
107900 152257995.624781 22335552.8508807 -2014.23409738196 159.713902751134 800 0.0168305807521041 -0
108700 150641243.496936 22462532.6596746 -2027.69175598261 157.723462700907 800 0.0171817594079239 -0
109500 149013614.606277 22587890.4659001 -2041.42771655683 155.658295036111 800 0.0175464028230157 -0
110300 147374882.128223 22711565.0132174 -2055.45253026606 153.514674569954 800 0.0179252625845434 -0
111100 145724810.567169 22833491.9675943 -2069.77733028015 151.288628964089 800 0.018319145737209 -0
111500 144895446.549141 22893779.1011601 -2077.0558737717 150.143382733182 800 0.0185219896993405 -0
111900 144063155.274091 22953603.7113962 -2084.41387419878 148.975917976332 800 0.0187289199026998 -0
112300 143227904.645747 23012956.7964078 -2091.8529064223 147.785659050425 800 0.0189400551984254 -0
112700 142389661.928939 23071829.1201237 -2099.37459034758 146.572010580417 800 0.0191555189695989 -0
113100 141548393.731244 23130211.2042357 -2106.98059261291 145.334356609631 800 0.0193754393456306 -0
113500 140704065.983946 23188093.3197883 -2114.67262835656 144.072059705782 800 0.0195999494287842 -0
113900 139856643.922267 23245465.4784019 -2122.45246306675 142.784460020014 800 0.0198291875336432 -0
114300 139006092.064841 23302317.4231097 -2130.32191451904 141.470874296049 800 0.0200632974403808 -0
114700 138152374.192397 23358638.6187881 -2138.28285480631 140.130594826317 800 0.0203024286627632 -0
115100 137295453.325612 23414418.2421575 -2146.33721246641 138.762888351748 800 0.0205467367318867 -0
115500 136435291.702089 23469645.1713323 -2154.48697471327 137.36699490162 800 0.0207963834967267 -0
115900 135571850.752421 23524307.9748933 -2162.73418977739 135.942126569632 800 0.0210515374426618 -0
116300 134705091.075298 23578394.9004575 -2171.08096936218 134.487466222069 800 0.0213123740292291 -0
116700 133834972.411606 23631893.8627169 -2179.52949122302 133.00216613361 800 0.0215790760484651 -0
117100 132961453.617472 23684792.4309161 -2188.08200187628 131.485346546022 800 0.0218518340052988 -0
117500 132084492.636188 23737077.8157375 -2196.74081944634 129.936094144578 800 0.0221308465215817 -0
117900 131204046.468982 23788736.8555589 -2205.50833665881 128.353460446685 800 0.0224163207654699 -0
118300 130320071.144547 23839756.0020493 -2214.38702398908 126.736460096742 800 0.0227084729080172 -0
118700 129432521.687287 23890121.3050616 -2223.37943297581 125.084069060816 800 0.0230075286089932 -0
119100 128541352.0842 23939818.3967825 -2232.4881997097 123.395222714161 800 0.0233137235341126 -0
119500 127646515.250329 23988832.4750948 -2241.71604850864 121.668813814125 800 0.0236273039060478 -0
119900 126747962.992699 24037148.2861046 -2251.06579579123 119.903690350297 800 0.0239485270918046 -0
120300 125845645.972674 24084750.1057822 -2260.54035416139 118.098653263167 800 0.0242776622292645 -0
120700 124939513.666622 24131621.7206631 -2270.14273671789 116.252454021779 800 0.0246149908959465 -0
121100 124029514.324821 24177746.4075498 -2279.87606160375 114.363792050116 800 0.0249608078233133 -0
121500 123115594.928484 24223106.9121522 -2289.74355681123 112.431311991058 800 0.025315421660249 -0
121900 122197701.144819 24267685.4265992 -2299.74856525997 110.453600795827 800 0.0256791557896645 -0
122300 121275777.279987 24311463.5657485 -2309.89455016654 108.429184625761 800 0.0260523492025536 -0
122700 120349766.229864 24354422.3422182 -2320.18510072573 106.356525552158 400 0.0264353574342261 -0
123100 119419609.428456 24396542.1400541 -2330.6239381251 104.234018038627 400 0.0268285535678913 -0
123500 118485246.793837 24437802.6869449 -2341.21492191624 102.059985189044 400 0.0272323293112575 -0
123900 117546616.671473 24478183.0248857 -2351.96205676817 99.8326747426452 400 0.0276470961523625 -0
124300 116603655.774747 24517661.4791862 -2362.86949963034 97.5502547961451 400 0.028073286601456 -0
124700 115656299.122552 24556215.6257095 -2373.94156733491 95.2108092308942 400 0.0285113555264304 -0
125100 114704479.97373 24593822.256218 -2385.18274467082 92.812332821047 400 0.028961781590045 -0
125500 113748129.758197 24630457.341696 -2396.59769296448 90.3527259964464 400 0.0294250687980247 -0
125900 112787178.004519 24666095.993502 -2408.19125920552 87.8297892314197 400 0.0299017481680443 -0
126300 111821552.263724 24700712.4221975 -2419.96848575886 85.2412170279017 400 0.0303923795306482 -0
126700 110851178.029109 24734279.8938816 -2431.93462070847 82.5845914582084 400 0.030897553474317 -0
127100 109875978.651765 24766770.6838493 -2444.09512888197 79.8573752293556 400 0.0314178934481882 -0
127500 108895875.251557 24798156.0273714 -2456.45570360993 77.0569042269937 400 0.0319540580373978 -0
127900 107910786.62324 24828406.0673817 -2469.02227927868 74.1803794927758 400 0.0325067434276393 -0
128300 106920629.137382 24857489.7988328 -2481.80104474063 71.2248585842242 400 0.0330766860773722 -0
128700 105925316.635744 24885375.009463 -2494.79845765276 68.1872462608547 400 0.0336646656181781 -0
129100 104924760.320723 24912028.2166927 -2508.02125982005 65.0642844343813 400 0.0342715080060884 -0
129500 103918868.638446 24937414.6003427 -2521.47649362874 61.8525413141677 400 0.0348980889493344 -0
129900 102907547.155054 24961497.9308365 -2535.17151966198 58.5483996716301 400 0.03554533764094 -0
130300 101890698.425685 24984240.4925189 -2549.1140356004 55.1480441389046 400 0.0362142408279403 -0
130700 100868221.85563 25005603.0016848 -2563.31209651989 51.6474474476483 400 0.0369058472528224 -0
131100 99840013.5530606 25025544.5188748 -2577.77413671075 48.0423555031992 400 0.0376212725071175 -0
131500 98805966.1727037 25044022.3549477 -2592.50899315515 44.3282711773002 400 0.0383617043420055 -0
131900 97765968.749774 25060991.9703928 -2607.5259308144 40.5004366889937 400 0.039128408486416 -0
132300 96719906.523396 25076406.8672881 -2622.83466989355 36.5538144278923 400 0.0399227350295322 -0
132700 95667660.7486971 25090218.473249 -2638.4454152691 32.483066056545 400 0.0407461254319553 -0
133100 94609108.496662 25102376.0166443 -2654.36888828632 28.2825297087366 400 0.0416001202382178 -0
133500 93544122.440757 25112826.3922759 -2670.61636115514 23.946195077913 400 0.0424863675730178 -0
133900 92472570.6292336 25121514.0166347 -2687.19969420034 19.4676761640666 400 0.0434066325146999 -0
134300 91394316.2419142 25128380.6717433 -2704.13137625051 14.8401814178577 400 0.0443628074523768 -0
134700 90309217.3301431 25133365.3364873 -2721.42456848399 10.0564809868565 400 0.045356923547968 -0
135100 89217126.5384475 25136404.0042112 -2739.09315208762 5.10887072988008 400 0.0463911634416764 -0
135500 88117890.806308 25137429.4852099 -2757.15178012723 -0.0108673793909748 400 0.0474678753594678 -0
135900 87011351.048264 25136371.1925907 -2775.61593407754 -5.31150888999859 400 0.0485895888044491 -0
136300 85897341.8103932 25133154.9097895 -2794.50198551518 -10.8024350427146 400 0.0497590320412893 -0
136700 84775690.900987 25127702.5378222 -2813.82726354247 -16.4936860299249 400 0.0509791516147148 -0
137100 83646218.9930051 25119931.8201089 -2833.61012858254 -22.3960199862877 400 0.0522531341805391 -0
137300 83078492.0689937 25115150.166273 -2843.67919561295 -25.4299172685086 400 0.0529113915320064 -0
137500 82508739.195562 25109756.0424018 -2853.870053267 -28.5209784415005 400 0.05358443097181 -0
137700 81936935.7536674 25103737.8589671 -2864.18532397473 -31.6707805371828 400 0.0542727297506189 -0
137900 81363056.5917254 25097083.7052283 -2874.62771125658 -34.8809590893023 400 0.0549767852741804 -0
138100 80787076.0090668 25089781.3372607 -2885.2000029986 -38.1532108766285 400 0.0556971161578771 -0
138300 80208967.7387235 25081818.165419 -2895.90507489123 -41.4892968222405 400 0.0564342633472702 -0
138500 79628704.9295094 25073181.241205 -2906.74589404145 -44.8910450593838 400 0.0571887913094446 -0
138700 79046260.1273604 25063857.2435038 -2917.72552276867 -48.3603541751827 400 0.0579612893003769 -0
138900 78461605.2558967 25053832.4641533 -2928.84712259562 -51.8991966443805 400 0.0587523727139837 -0
139100 77874711.5961654 25043092.7928065 -2940.11395844601 -55.5096224662401 400 0.0595626845189953 -0
139300 77285549.7655226 25031623.7010446 -2951.52940306195 -59.1937630187874 400 0.0603928967903238 -0
139500 76694089.6956087 25019410.225697 -2963.0969416547 -62.9538351457231 400 0.0612437123421798 -0
139700 76100300.6093686 25006436.9513184 -2974.82017680357 -66.7921454925765 400 0.0621158664708252 -0
139900 75504150.9970668 24992687.9917731 -2986.70283361864 -70.7110951100421 400 0.0630101288155553 -0
140100 74905608.5912414 24978146.9708696 -2998.74876518442 -74.7131843439281 400 0.0639273053472701 -0
140300 74304640.3405403 24962797.0019873 -3010.96195830257 -78.8010180327825 400 0.0648682404948471 -0
140500 73701212.3823768 24946620.6666308 -3023.34653955322 -82.9773110360501 400 0.065833819420464 -0
140700 73095290.0143401 24929599.9918438 -3035.90678169625 -87.2448941175778 400 0.0668249704560522 -0
140900 72486837.6642888 24911716.4264076 -3048.64711043497 -91.6067202114369 400 0.0678426677142065 -0
141100 71875818.859054 24892950.815747 -3061.57211156686 -96.0658710994036 400 0.068887933888136 -0
141300 71262196.1916711 24873283.3754561 -3074.68653854774 -100.625564532034 400 0.0699618432566423 -0
141500 70645931.2870552 24852693.6633529 -3087.9953204979 -105.289161828148 400 0.0710655249116605 -0
141700 70026984.7660283 24831160.549963 -3101.50357068103 -110.060175990676 400 0.0722001662276156 -0
141900 69405316.2076013 24808662.187325 -3115.21659548915 -114.942280380342 400 0.0733670165937616 -0
142100 68780884.1094044 24785175.9760019 -3129.1399039697 -119.939317992458 400 0.0745673914327915 -0
142300 68153645.8461555 24760678.5301725 -3143.2792179337 -125.055311386407 200 0.075802676531374 -0
142500 67523557.6260451 24735145.640667 -3157.64048268735 -130.294473322088 200 0.0770743327109095 -0
142700 66890574.4449088 24708552.2358001 -3172.22987843284 -135.661218162791 200 0.0783839008697432 -0
142900 66254650.0380483 24680872.3398413 -3187.0538323882 -141.160174109827 200 0.0797330074313648 -0
143100 65615736.8295525 24652079.028949 -3202.11903168025 -146.796196340607 200 0.0811233702368027 -0
143300 64973785.8789577 24622144.3843805 -3217.43243706947 -152.574381129079 200 0.082556804923556 -0
143500 64328746.825074 24591039.4427725 -3233.00129757075 -158.500081035375 200 0.0840352318380337 -0
143700 63680567.8267928 24558734.143268 -3248.83316603982 -164.578921260427 200 0.0855606835336779 -0
143900 63029195.5006735 24525197.2712484 -3264.93591580132 -170.816817271259 200 0.0871353129128084 -0
144100 62374574.8550943 24490396.3984029 -3281.31775840152 -177.219993813727 200 0.0887614020768288 -0
144300 61716649.220732 24454297.8188463 -3297.98726257632 -183.795005441968 200 0.0904413719568865 -0
144500 61055360.1771183 24416866.480967 -3314.95337453376 -190.548758707729 200 0.0921777928055114 -0
144700 60390647.4750002 24378065.9146589 -3332.2254396594 -197.488536168436 200 0.0939733956392968 -0
144900 59722448.9542055 24337858.1535547 -3349.81322576374 -204.622022390464 200 0.0958310847335142 -0
145100 59050700.456696 24296203.6518423 -3367.72694800184 -211.957332143931 200 0.0977539512818523 -0
145300 58375335.7344557 24253061.1952066 -3385.97729560875 -219.50304100774 200 0.0997452883484639 -0
145500 57696286.3518386 24208387.8053874 -3404.57546060794 -227.268218628875 200 0.101808607255471 -0
145700 57013481.581963 24162138.6377988 -3423.53316866619 -235.262464908656 200 0.103947655567297 -0
145900 56326848.2967037 24114266.8715933 -3442.86271228603 -243.495949421107 200 0.106166436854065 -0
146100 55636310.8497957 24064723.5914899 -3462.57698654616 -251.97945440555 200 0.10846923244021 -0
146300 54941790.9525151 24013457.6606162 -3482.68952762259 -260.724421717504 200 0.110860625371935 -0
146500 54243207.5413564 23960415.5835276 -3503.21455434784 -269.743004169931 200 0.113345526868769 -0
146700 53540476.6370712 23905541.3584797 -3524.16701309262 -279.048121751547 200 0.115929205560967 -0
146900 52833511.1943721 23848776.3179241 -3545.56262628589 -288.653523271613 200 0.118617319856696 -0
147100 52122220.9415392 23790058.9560816 -3567.41794492324 -298.573854052461 200 0.121415953831791 -0
147300 51406512.2090955 23729324.7423137 -3589.75040545278 -308.82473037364 200 0.124331657091663 -0
147500 50686287.74663 23666505.9188649 -3612.57839147139 -319.422821466734 200 0.127371489120983 -0
147700 49961446.5267621 23601531.2813764 -3635.92130071348 -330.385939969776 200 0.130543068713867 -0
147900 49231883.535134 23534325.9403768 -3659.79961787003 -341.733141877365 200 0.133854629167494 -0
148100 48497489.5452066 23464811.061737 -3684.23499383861 -353.48483717008 200 0.137315080027844 -0
148300 47758150.8765081 23392903.5838195 -3709.25033207594 -365.662912478365 200 0.140934076300659 -0
148500 47013749.1348384 23318515.9087633 -3734.86988280514 -378.290867336002 200 0.144722096187412 -0
148700 46264160.9327779 23241555.5650134 -3761.11934592086 -391.3939658121 200 0.148690528579588 -0
148900 45509257.5886678 23161924.8378151 -3788.02598353899 -404.99940558452 200 0.15285177175034 -0
149000 45129770.9983006 23121076.0119201 -3801.7347194588 -411.999577486124 200 0.155008875003432 -0
149100 44748904.8019815 23079520.3639092 -3815.61874324809 -419.136506832682 200 0.15721934492785 -0
149200 44366641.2767293 23037244.0177751 -3829.68195888383 -426.414224977257 200 0.159485067311513 -0
149300 43982962.3030578 22994232.6864168 -3843.9283932943 -433.836923748757 200 0.161808014724704 -0
149400 43597849.3524344 22950471.6551921 -3858.36220133075 -441.40896352756 200 0.164190251451125 -0
149500 43211283.4742288 22905945.7646383 -3872.98767098232 -449.134881813713 200 0.166633938753084 -0
149600 42823245.2821283 22860639.3923101 -3887.80922884806 -457.019402323094 200 0.169141340497143 -0
149700 42433714.9399914 22814536.4336796 -3902.83144588083 -465.067444649837 200 0.171714829168956 -0
149800 42042672.1471136 22767620.2820403 -3918.05904341853 -473.284134536535 200 0.174356892308629 -0
149900 41650096.1228748 22719873.8073518 -3933.49689951937 -481.674814797228 200 0.177070139400801 -0
150000 41255965.590737 22671279.3339574 -3949.15005561881 -490.24505694205 200 0.179857309256858 -0
150100 40860258.7615597 22621818.617102 -3965.02372352695 -499.000673556611 200 0.18272127793018 -0
150200 40462953.3161976 22571472.8181721 -3981.12329278638 -507.947731493808 200 0.185665067209213 -0
150300 40064026.3873439 22520222.4785733 -3997.45433841181 -517.09256594088 200 0.188691853737468 -0
150400 39663454.5405788 22468047.4921544 -4014.02262903403 -526.441795430086 200 0.191804978814313 -0
150500 39261213.7545836 22414927.0760803 -4030.83413547254 -536.002337867563 200 0.195007958935701 -0
150600 38857279.4004739 22360839.7400477 -4047.89503976225 -545.781427661704 200 0.198304497139874 -0
150700 38451626.2202068 22305763.2537293 -4065.21174466181 -555.7866340399 200 0.201698495229603 -0
150800 38044228.3040125 22249674.6123232 -4082.79088367259 -566.025880650764 200 0.205194066949783 -0
150900 37635059.0667959 22192550.0000727 -4100.6393315992 -576.50746655809 200 0.208795552207344 -0
151000 37224091.2234549 22134364.751613 -4118.76421568465 -587.240088742968 200 0.212507532429432 -0
151100 36811296.7630544 22075093.3109869 -4137.17292735504 -598.232866241654 200 0.216334847165969 -0
151200 36396646.9217942 22014709.1881588 -4155.87313461118 -609.495366059297 200 0.220282612053962 -0
151300 35980112.1547031 21953184.9128425 -4174.87279510661 -621.037631013411 100 0.224356238273624 -0
151400 35561662.1059901 21890491.9854409 -4194.18016995417 -632.870209676415 100 0.228561453640546 -0
151500 35141265.5779754 21826600.8248794 -4213.80383830576 -645.004188603645 100 0.232904325494119 -0
151600 34718890.4985242 21761480.7130928 -4233.75271275252 -657.451227052362 100 0.23739128556034 -0
151700 34294503.8868964 21695099.7359074 -4254.03605559573 -670.223594418598 100 0.242029156987337 -0
151800 33868071.8179238 21627424.7200323 -4274.6634960412 -683.334210642482 100 0.246825183774713 -0
151900 33439559.3844193 21558421.1658509 -4295.64504837342 -696.796689859371 100 0.251787062843565 -0
152000 33008930.6577177 21488053.1756724 -4316.99113116829 -710.625387603973 100 0.256922979023131 -0
152100 32576148.6462395 21416283.3770704 -4338.71258760646 -724.835451908181 100 0.262241643262985 -0
152200 32141175.2519673 21343072.8409023 -4360.82070695248 -739.442878671026 100 0.267752334417151 -0
152300 31703971.224712 21268380.9935605 -4383.32724726761 -754.464571721564 100 0.273464944988996 -0
152400 31264496.1140434 21192165.522963 -4406.24445942706 -769.918408043294 100 0.279390031274244 -0
152500 30822708.2187508 21114382.2777426 -4429.5851125149 -785.823308682692 100 0.285538868394604 -0
152600 30378564.5336924 21034985.1590361 -4453.36252067192 -802.199315925439 100 0.291923510777655 -0
152700 29932020.6938835 20953926.0042169 -4477.59057147352 -819.067677393001 100 0.298556858710781 -0
152800 29483030.9156679 20871154.4618401 -4502.28375591505 -836.450937790598 100 0.305452731679729 -0
152900 29031547.9348063 20786617.8569983 -4527.45720008233 -854.373039126603 100 0.312625949297466 -0
153000 28577522.9413108 20700261.0461926 -4553.12669858324 -872.859430324766 100 0.320092420738386 -0
153100 28120905.5108451 20612026.2607306 -4579.3087498129 -891.937187266158 100 0.327869243719138 -0
153200 27661643.5325037 20521852.9375508 -4606.02059311967 -911.63514442967 100 0.3359748142131 -0
153300 27199683.1327764 20429677.5362481 -4633.28024793035 -931.984039450854 100 0.344428948254376 -0
153400 26734968.5955013 20335433.3409366 -4661.10655488098 -953.016672091994 100 0.353253017382996 -0
153500 26267442.2776023 20239050.2454253 -4689.51921898239 -974.768079314993 100 0.362470099510852 -0
153600 25797044.5204084 20140454.5200018 -4718.53885482642 -997.275728377485 100 0.372105147253261 -0
153700 25323713.5563509 20039568.5579163 -4748.18703380804 -1020.57973013629 100 0.38218517608122 -0
153800 24847385.4108407 19936310.5994215 -4778.48633329755 -1044.72307504714 100 0.392739475012415 -0
153900 24367993.7991347 19830594.4309624 -4809.46038764372 -1069.75189470261 100 0.403799842985253 -0
154000 23885470.0180189 19722329.0567997 -4841.13394081993 -1095.71575215949 100 0.415400854561553 -0
154100 23399742.8321548 19611418.3400102 -4873.53290043561 -1122.66796478343 100 0.427580159195077 -0
154200 22910738.354973 19497760.6093993 -4906.68439272122 -1150.6659638936 100 0.440378819002608 -0
154300 22418379.9240408 19381248.2284069 -4940.61681794739 -1179.77169613862 100 0.453841690803927 -0
154400 21922587.9708962 19261767.1215563 -4975.35990555127 -1210.05207229454 100 0.468017859183586 -0
154450 21673378.7304512 19200875.7595082 -4993.04511493475 -1225.6551413345 100 0.475390044280135 -0
154500 21423279.8853941 19139196.2533189 -5010.94476799329 -1241.5794700458 100 0.482961128505915 -0
154550 21172280.6110844 19076712.2918446 -5029.06297831126 -1257.83505242485 100 0.490738666761529 -0
154600 20920369.8748924 19013407.0539294 -5047.40395211542 -1274.43229848274 100 0.498730583209577 -0
154650 20667536.4315329 18949263.1870679 -5065.97198961841 -1291.38205589215 100 0.506945193313096 -0
154700 20413768.8183342 18884262.7849534 -5084.77148624452 -1308.69563298235 100 0.515391227425261 -0
154750 20159055.3504506 18818387.3638405 -5103.80693371427 -1326.38482317962 100 0.524077856055955 -0
154800 19903384.1160233 18751617.8376467 -5123.08292096187 -1344.46193099869 100 0.53301471695228 -0
154850 19646742.9713008 18683934.4917142 -5142.60413485553 -1362.93979969912 100 0.542211944142705 -0
154900 19389119.5357294 18615316.9551439 -5162.37536068694 -1381.8318407304 100 0.551680199108511 -0
154950 19130501.1870249 18545744.1716105 -5182.40148239141 -1401.15206509966 100 0.561430704261518 -0
155000 18870875.0562415 18475194.3685568 -5202.687482455 -1420.91511680751 100 0.571475278924091 -0
155050 18610228.0228539 18403645.0246632 -5223.23844145929 -1441.13630850958 100 0.581826378026147 -0
155100 18348546.7098727 18331072.8354728 -5244.05953720724 -1461.83165957527 100 0.592497133754639 -0
155150 18085817.4790149 18257453.6770518 -5265.15604336673 -1483.01793672994 100 0.603501400413941 -0
155200 17822026.4259561 18182762.5675471 -5286.5333275589 -1504.71269748302 100 0.614853802781019 -0
155250 17557159.3756936 18106973.6265001 -5308.19684880935 -1526.93433656254 100 0.626569788267425 -0
155300 17291201.878055 18030060.0317571 -5330.15215426838 -1549.70213559605 100 0.63866568323151 -0
155350 17024139.2033913 17951993.9738104 -5352.40487509435 -1573.03631629954 100 0.651158753818966 -0
155400 16755956.3384986 17872746.6073853 -5374.96072137917 -1596.95809745958 100 0.664067271748468 -0
155450 16486637.9828215 17792288.0000773 -5397.82547597864 -1621.48975601981 100 0.677410585502173 -0
155500 16216168.5449941 17710587.0778254 -5421.00498709147 -1646.65469261161 50 0.691209197428717 -0
155550 15944532.1397884 17627611.56699 -5444.50515940887 -1672.47750190005 50 0.705484847319671 -0
155600 15671712.5855442 17543327.9327842 -5468.33194363225 -1698.98404815092 50 0.720260603079958 -0
155650 15397693.4021689 17457701.3137881 -5492.49132412784 -1726.20154646271 50 0.73556095917912 -0
155700 15122457.8098065 17370695.4522492 -5516.98930445483 -1754.15865014912 50 0.751411943644564 -0
155750 14845988.7282901 17282272.6198487 -5541.83189046615 -1782.88554480414 50 0.767841234440842 -0
155800 14568268.7775061 17192393.5385861 -5567.02507063831 -1812.41404963254 50 0.784878286171883 -0
155850 14289280.2788202 17101017.296402 -5592.57479323739 -1842.77772668443 50 0.802554468147022 -0
155900 14009005.2577326 17008101.2571274 -5618.48693987156 -1874.01199869481 50 0.82090321496814 -0
155950 13727425.4479575 16913600.9643096 -5644.76729491529 -1906.15427629673 50 0.839960190925825 -0
156000 13444522.2971456 16817470.0384262 -5671.42151021493 -1939.24409545198 50 0.859763469638973 -0
156050 13160276.9745041 16719660.0669529 -5698.45506439829 -1973.32326602577 50 0.880353730536732 -0
156100 12874670.3806016 16620120.4867024 -5725.87321601016 -2008.43603252307 50 0.901774473966409 -0
156150 12587683.159689 16518798.4578002 -5753.68094957917 -2044.62924810424 50 0.92407225691851 -0
156200 12299295.7149153 16415638.7286017 -5781.8829135861 -2081.95256310803 50 0.947296951593393 -0
156250 12009488.2268712 16310583.4907932 -5810.48334914713 -2120.45862943066 50 0.971502029296203 -0
156300 11718240.6759593 16203572.2238461 -5839.48600804279 -2160.20332224273 50 0.996744872441672 -0
156350 11425532.8691615 16094541.5279192 -5868.89405851165 -2201.24598067057 50 1.02308711778176 -0
156400 11131344.4718597 15983424.9442152 -5898.70997698018 -2243.64966922732 50 1.05059503434161 -0
156450 10835655.0454659 15870152.7617071 -5928.93542361201 -2287.48146195175 50 1.07933993996778 -0
156500 10538444.091729 15754651.8090455 -5959.57109922302 -2332.81275139959 50 1.10939866086233 -0
156550 10239691.1047201 15636845.2303458 -5990.61658071414 -2379.71958483457 50 1.14085403900289 -0
156600 9939375.63165206 15516652.2434347 -6022.07013171292 -2428.28303018278 50 1.17379549293841 -0
156650 9637477.34386403 15393987.8789949 -6053.9284845732 -2478.58957454457 50 1.20831963810887 -0
156700 9333976.1195158 15268762.6989097 -6086.18658924718 -2530.73155830148 50 1.2445309735712 -0
156750 9028852.13977288 15140882.4919426 -6118.83732379751 -2584.80764810792 50 1.28254264282833 -0
156800 8722086.0005507 15010247.9447232 -6151.8711604382 -2640.9233523156 50 1.32247727735991 -0
156850 8413658.84221498 14876754.2858211 -6185.27577995817 -2699.19158263496 50 1.364467932443 -0
156900 8103552.50002274 14740290.9004981 -6219.03562616111 -2759.7332660836 50 1.40865912593214 -0
156950 7791749.67854207 14600740.9135164 -6253.1313905148 -2822.67801149261 50 1.4552079918354 -0
157000 7478234.15381979 14457980.7371653 -6287.5394155027 -2888.16483501878 50 1.50428556176757 -0
157025 7320829.40766762 14385356.2516296 -6304.85177561587 -2921.90773372523 50 1.52983020545661 -0
157050 7162991.00770084 14311879.581377 -6322.23100316736 -2956.34294916833 50 1.55607818867519 -0
157075 7004717.33771568 14237533.1651994 -6339.67259179373 -2991.49086672438 50 1.5830554589413 -0
157100 6846006.89937993 14162298.9229633 -6357.17161292256 -3027.37262012641 50 1.61078912849526 -0
157125 6686858.32318893 14086158.2365172 -6374.72268330341 -3064.01012228266 50 1.63930753357614 -0
157150 6527270.38026475 14009091.929815 -6392.31992999084 -3101.42609732106 50 1.66864029686282 -0
157175 6367241.99506474 13931080.2482216 -6409.95695256947 -3139.64411388469 50 1.69881839323197 -0
157200 6206772.25907134 13852102.8369704 -6427.62678239343 -3178.68861969878 50 1.72987421898769 -0
157225 6045860.44554073 13772138.7187413 -6445.32183859265 -3218.58497742476 50 1.76184166471888 -0
157250 5884506.02539456 13691166.2703252 -6463.03388057766 -3259.35950180989 50 1.79475619194077 -0
157275 5722708.68434581 13609163.1983442 -6480.75395675136 -3301.03949813358 50 1.82865491367533 -0
157300 5560468.34135751 13526106.5139941 -6498.47234911148 -3343.65330194144 50 1.86357667912177 -0
157325 5397785.16854141 13441972.506778 -6516.17851340055 -3387.2303200466 50 1.89956216256234 -0
157350 5234659.61261228 13356736.7171991 -6533.86101443083 -3431.80107276412 50 1.93665395663928 -0
157375 5071092.41802364 13270373.908383 -6551.50745618056 -3477.39723732764 50 1.97489667012617 -0
157400 4907084.65192097 13182858.0365999 -6569.10440622345 -3524.05169241801 50 2.01433703029939 -0
157425 4742637.73105989 13094162.2206619 -6586.6373140171 -3571.79856371046 50 2.05502398999281 -0
157450 4577753.45084925 13004258.7101686 -6604.09042253648 -3620.6732703199 50 2.09700883938965 -0
157475 4412434.01669222 12913118.8525826 -6621.44667269616 -3670.71257199194 50 2.1403453225687 -0
157500 4246682.07781332 12820713.0591184 -6638.6875999602 -3721.95461684997 50 2.18508975877599 -0
157525 4080500.76377444 12727010.769432 -6655.7932224897 -3774.43898946527 50 2.23130116833644 -0
157550 3913893.72390027 12631980.4151082 -6672.74192012703 -3828.20675896611 50 2.27904140305021 -0
157575 3746865.16985148 12535589.3819479 -6689.51030346121 -3883.30052684297 50 2.32837528083377 -0
157600 3579419.92160364 12437803.971069 -6706.07307216113 -3939.76447403838 25 2.37937072426292 -0
157625 3411563.45711097 12338589.3588429 -6722.40286170368 -3997.64440683041 25 2.43209890255138 -0
157650 3243301.96595668 12237909.5557057 -6738.4700775604 -4056.98780092678 25 2.48663437634999 -0
157675 3074642.40731575 12135727.3638965 -6754.24271584218 -4117.84384308043 25 2.54305524457407 -0
157700 2905592.57258189 12032004.3341941 -6769.68616933488 -4180.2634694144 25 2.60144329225526 -0
157725 2736161.15303802 11926700.7217471 -6784.76301779243 -4244.29939950303 25 2.661884138163 -0
157750 2566357.81297852 11819775.4411159 -6799.43280128769 -4310.00616509343 25 2.72446738064373 -0
157775 2396193.26872276 11711186.0206774 -6813.65177535788 -4377.44013216504 25 2.78928673977539 -0
157800 2225679.37399107 11600888.5565771 -6827.37264662159 -4446.65951481089 25 2.85644019352148 -0
157825 2054829.21214886 11488837.6664538 -6840.54428749166 -4517.72437917956 25 2.92603010508459 -5.10633189332231e-306
157850 1883657.19585884 11374986.4432116 -6853.11142856551 -4590.69663543772 25 2.99816333809135 -1.55396152731929e-297
157875 1712179.17471763 11259286.4091668 -6865.01432724555 -4665.64001539449 25 3.07295135557787 -4.67484633156926e-289
157900 1540412.55148914 11141687.4709609 -6876.18841113273 -4742.62003306754 25 3.15051029797287 -1.3850669835676e-280
157925 1368376.4075835 11022137.8757052 -6886.56389475194 -4821.703925061 25 3.23096103437925 -4.02543906372078e-272
157950 1196091.63846579 10900584.1689047 -6896.06536821649 -4902.96056716214 25 3.31442918041747 -1.14269867292045e-263
157975 1023581.09971264 10776971.1548075 -6904.61135652986 -4986.46036304256 25 3.40104507469776 -3.15375859792626e-255
158000 850869.764465512 10651241.8599328 -6912.11384836752 -5072.27510036508 25 3.49094370461323 -8.42095751067722e-247
158025 677984.893056087 10523337.500659 -6918.47779339371 -5160.47776894477 25 3.58426457057286 -2.1638862119077e-238
158050 504956.21559919 10393197.455895 -6923.60056746376 -5251.14233488825 25 3.68115147600215 -5.3209056462318e-230
158075 331816.128360162 10260759.246018 -6927.37140546209 -5344.34346383522 25 3.78175222841 -1.24444647422314e-221
158100 158599.904703621 10125958.5194473 -6929.67080205156 -5440.15618555075 25 3.88621823453669 -2.75028959779842e-213
158125 -14654.0785845375 9988729.04842564 -6930.36988129013 -5538.65549116535 25 3.9947039700459 -5.70376635291851e-205
158150 -187904.098844323 9849002.73581141 -6929.32973693545 -5639.91585333831 25 4.10736630139634 -1.1017404027606e-196
158175 -361104.828259044 9706709.63494198 -6926.40074634594 -5744.0106585373 25 4.22436363442903 -1.96631488372711e-188
158200 -534207.05713295 9561777.98491155 -6921.42186223736 -5851.01153949865 25 4.34585486085007 -3.2148325326263e-180
158225 -707157.399245689 9414134.26392037 -6914.21988821544 -5960.98759478355 25 4.47199807021305 -4.77097637749571e-172
158250 -879897.978972654 9263703.26369336 -6904.60874602774 -6074.0044812092 25 4.60294899127115 -6.36402105055825e-164
158275 -1052366.10008844 9110408.18833526 -6892.38874491864 -6190.12336385943 25 4.73885912277527 -7.55031224713462e-156
158300 -1224493.89646561 8954170.78138412 -6877.34586638663 -6309.39970743268 25 4.87987351008352 -7.87814173254733e-148
158325 -1396207.96525541 8794911.48524063 -6859.25108109342 -6431.88189195153 25 5.02612812052244 -7.14313159934987e-140
158350 -1567428.9836051 8632549.6375811 -6837.85971871308 -6557.60963545005 25 5.17774676757489 -5.55627767126664e-132
158375 -1738071.3105431 8467003.70979699 -6812.91091618494 -6686.61220631408 25 5.33483753203145 -3.65727839962927e-124
158400 -1908042.57636544 8298191.59292964 -6784.12717517661 -6818.90640865034 25 5.4974886277014 -2.00753401866725e-116
158425 -2077243.26270084 8126030.93696722 -6751.21406557917 -6954.4943256189 25 5.66576366073753 -9.04761599836902e-109
158450 -2245566.27743401 7950439.54971654 -6713.8601185137 -7093.36080833391 25 5.83969623582355 -3.29284365952611e-101
158475 -2412896.52984337 7771335.86172466 -6671.73695954062 -7235.47070201894 25 6.01928387029778 -9.50863201294885e-94
158500 -2579110.51267063 7588639.46386431 -6624.49974036996 -7380.76580693262 25 6.20448118978781 -2.138191235432e-86
158525 -2744075.89939441 7402271.7241644 -6571.7879351166 -7529.16157952626 25 6.39519239729559 -3.67062319954888e-79
158550 -2907651.16672573 7212156.49020573 -6513.22657464832 -7680.54358974294 25 6.59126303319172 -4.71063384234933e-72
158575 -3069685.25426841 7018220.8828439 -6448.42799930583 -7834.76376369176 25 6.79247107758032 -4.42013042511603e-65
158600 -3230017.27536401 6820396.18609089 -6376.99421552541 -7991.63645745868 25 6.99851749022971 -2.96250771748832e-58
158625 -3388476.29532091 6618618.83660083 -6298.5199447585 -8150.93442777082 25 7.20901633773926 -1.38384328407029e-51
158650 -3544881.1954379 6412831.51427634 -6212.59645244263 -8312.38478866472 25 7.42348472335886 -4.39075363941909e-45
158675 -3699040.6433694 6202984.3329562 -6118.81623931855 -8475.66507000647 25 7.64133281165215 -9.21166159280204e-39
158700 -3850753.19230486 5989036.12688605 -6016.77866562849 -8640.39952308971 25 7.86185432661159 -1.24258883251454e-32
158725 -3999807.53297084 5770955.82465766 -5906.09655910978 -8806.15584952567 25 8.08421799494514 -1.04689850115367e-26
158737.5 -4073269.24602891 5660359.5430304 -5847.39835042687 -8889.26599261612 25 8.19579490966551 -7.97973015906824e-24
158750 -4145982.92345932 5548723.89753591 -5786.40382869926 -8972.4425603994 25 8.30746050099152 -5.34641174823686e-21
158762.5 -4217919.60236468 5436048.49744805 -5723.07193795714 -9055.6145763659 25 8.4190729205057 -3.13651378066926e-18
158775 -4289049.82159855 5322333.86338244 -5657.36406621937 -9138.70720217017 25 8.53048160991737 -1.6048889796052e-15
158787.5 -4359343.65428665 5207581.47552904 -5589.24436288609 -9221.64174791096 25 8.64152731913478 -7.13416294392048e-13
158800 -4428770.74438649 5091793.8216085 -5518.68006722676 -9304.33570640826 25 8.75204218794525 -2.74420197691928e-10
158812.5 -4497300.34741355 4974974.44423884 -5445.64184623044 -9386.70281361895 25 8.86184989745245 -9.0976539165317e-08
158825 -4564901.37543856 4857127.98737276 -5370.10413976791 -9468.65313726611 25 8.97076589722887 -2.58905917231561e-05
158837.5 -4631542.44643289 4738260.24144042 -5292.04551068887 -9550.09319564893 25 9.07859771379824 -0.00629955361751393
158850 -4697191.93800692 4618378.18680899 -5211.44899713116 -9630.92610841716 25 9.18514534185523 -1.30523750806899
158862.5 -4761818.04554447 4497490.03516074 -5128.3024612699 -9711.05177575429 25 9.29020109178509 -229.373166787175
158875 -4825388.84371384 4375605.27026195 -5042.59852372587 -9790.36629920552 12.5 9.39345957975468 -34051.7043860086
158881.25 -4856768.4985672 4314292.49758551 -4998.78278486133 -9829.67843302462 6.25 9.44347228244916 -388979.83197391
158884.375 -4872355.11986308 4283544.18596879 -4976.62599885764 -9849.22637015243 3.125 9.46637041490187 -1293369.22382679
158887.5 -4887872.21884968 4252734.9490412 -4954.28353500281 -9868.66035935098 3.125 9.48383749984086 -4253468.45540716
158889.0625 -4895604.50182098 4237307.62430784 -4943.02779989313 -9878.30415269124 3.125 9.48764408384609 -7681562.31857805
158890.625 -4903319.14216873 4221865.29273691 -4931.69765024732 -9887.86234566955 3.125 9.48490120688112 -13833831.706428
158892.1875 -4911016.00444673 4206408.12708141 -4920.26595466091 -9897.27974005233 1.5625 9.47131290812761 -24843293.6179847
158893.75 -4918694.89593281 4190936.41670121 -4908.68454881099 -9906.45820704438 1.5625 9.44095978953379 -44486613.7955329
158895.3125 -4926355.5224032 4175450.65799972 -4896.86820174938 -9915.22370405301 1.5625 9.38873547591568 -79427269.1242474
158896.875 -4933997.41034228 4159951.71403896 -4884.66659188235 -9923.26842358827 1.5625 9.32268752347306 -141375287.825819
158897.65625 -4937811.09862063 4152197.73288217 -4878.34518232412 -9926.86420683509 1.5625 9.30049143543763 -188384963.269987
158898.4375 -4941619.77060563 4144441.0952486 -4871.81556276807 -9930.04981158073 1.5625 9.3107607730977 -250809433.810908
158899.21875 -4945423.23958729 4136682.17114693 -4865.01318530471 -9932.69217128924 1.5625 9.39543948891238 -333613009.109746
158900 -4949221.2607262 4128921.45052505 -4857.8528494273 -9934.61535046784 1.5625 9.63003251137169 -443315293.631836
158900.78125 -4953013.51251357 4121159.58178976 -4850.22226352551 -9935.58707885778 1.5625 10.1397414266657 -588453910.828101
158901.5625 -4956799.57248349 4113397.42236019 -4841.97369160819 -9935.30124653209 0.78125 11.1106456335274 -780169075.749077
158902.34375 -4960578.88548793 4105636.10482303 -4832.91317385186 -9933.35526848555 0.78125 12.7844250303506 -1032930864.83008
158903.125 -4964350.72240767 4097877.12319322 -4822.78671329639 -9929.22101601886 0.78125 15.4374644823029 -1365424618.50754
158903.90625 -4968114.12666374 4090122.44487766 -4811.26273780417 -9922.20782473111 0.78125 19.3677342096684 -1801595148.53086
158904.6875 -4971867.8453344 4082374.6551514 -4797.91010778945 -9911.41599047589 0.78125 24.9088664976216 -2371819075.72187
158905.46875 -4975610.24112828 4074637.14217269 -4782.17100302243 -9895.67927370641 0.78125 32.4627529117368 -3114115524.4213
158906.25 -4979339.1810282 4066914.33155268 -4763.32828221197 -9873.49545112453 0.78125 42.5320854596519 -4075202542.71977
158907.03125 -4983051.89731205 4059211.97981847 -4740.46752035569 -9842.94520498938 0.78125 55.7437337554784 -5311039702.2853
158907.8125 -4986744.81723536 4051537.53501648 -4712.43511839812 -9801.60210759436 0.78125 72.8600469792446 -6886246421.77083
158908.59375 -4990413.35949064 4043900.56900085 -4677.79595239514 -9746.44079338311 0.78125 94.7732258338315 -8871445028.81395
158909.375 -4994051.69946529 4036313.27789082 -4634.79732769988 -9673.75735611409 0.78125 122.472534839078 -11337187378.2139
158910.15625 -4997652.5123701 4028791.03247941 -4581.35076988793 -9579.12611012646 0.78125 156.968552585145 -14342826188.0589
158910.9375 -5001206.71462332 4021352.93660209 -4515.04924226333 -9457.42979784023 0.78125 199.15518087756 -17918810042.5661
158911.71875 -5004703.24009528 4014022.31715538 -4433.24356537556 -9303.0137249071 0.78125 249.592591740184 -22041973479.4453
158912.5 -5008128.90804221 4006827.02632013 -4333.2052090847 -9110.02206347506 0.78125 308.208891100059 -26606159139.0519
158912.890625 -5009810.47738313 4003290.06857591 -4275.53889574232 -8997.31006755743 0.78125 340.302940617108 -28990901185.5383
158913.28125 -5011468.45975462 3999799.39291091 -4212.39802987402 -8872.96568908106 0.78125 373.951714930043 -31395307470.4146
158913.671875 -5013100.67108723 3996359.64391038 -4143.55881648448 -8736.49313922668 0.78125 408.818458034284 -33773265006.1937
158914.0625 -5014704.85206411 3992975.63459007 -4068.86233901867 -8587.53128727345 0.78125 444.474153564587 -36071983532.1569
158914.453125 -5016278.69644072 3989652.28744169 -3988.2297191328 -8425.88604999738 0.78125 480.400034904865 -38233623097.0339
158914.84375 -5017819.88512179 3986394.56314116 -3901.67624800314 -8251.56077535034 0.78125 515.996768483511 -40197670711.9569
158915.234375 -5019326.12536664 3983207.3781834 -3809.32330653824 -8064.78211998163 0.78125 550.601025150205 -41903990617.7438
158915.625 -5020795.19401695 3980095.51371804 -3711.40683635581 -7866.01878682078 0.78125 583.509423833351 -43296359902.6909
158916.015625 -5022224.98316916 3977063.51886889 -3608.28120813207 -7655.99065027314 0.78125 614.008907224337 -44326190986.1066
158916.40625 -5023613.54630562 3974115.61269841 -3500.41758070391 -7435.66630098061 0.78125 641.411617336223 -44956059286.6041
158916.796875 -5024959.14261907 3971255.58959318 -3388.39624892068 -7206.24788358501 0.78125 665.091457489908 -45162622586.8898
158917.1875 -5026260.27716858 3968486.73307723 -3272.89300478477 -6969.1432063914 0.78125 684.518951219449 -44938555029.5056
158917.578125 -5027515.73462779 3965811.7428289 -3154.66011881921 -6725.92633370172 0.78125 699.290898416627 -44293225784.9947
158917.96875 -5028724.60473398 3963232.67896934 -3034.50310092338 -6478.28904899299 0.390625 709.151760573573 -43252014966.8951
158918.359375 -5029886.29808913 3960750.92656424 -2913.25483382314 -6227.98651227485 0.390625 714.004638732252 -41854346620.4362
158918.75 -5031000.55164099 3958367.18186226 -2791.74891675954 -5976.78097563876 0.390625 713.910981592801 -40150692227.9591
158919.140625 -5032067.42390157 3956081.46025526 -2670.79407567026 -5726.38748617133 0.390625 709.079539637179 -38198922984.2958
158919.53125 -5033087.28065245 3953893.12447544 -2551.15129437569 -5478.42510291743 0.390625 699.846309189146 -36060442978.4628
158919.921875 -5034060.77246367 3951800.93030852 -2433.51494392914 -5234.37637565513 0.390625 686.648081444029 -33796514579.5171
158920.3125 -5034988.80576008 3949803.08622117 -2318.49870560318 -4995.55682641274 0.78125 669.992614296309 -31465105393.2652
158920.703125 -5035872.50938004 3947897.32282939 -2206.62657703475 -4763.09510855918 0.78125 650.428377834775 -29118468117.8992
158921.484375 -5037512.33841647 3944351.02414702 -1993.94213028874 -4320.77798155894 0.78125 604.805891447061 -24551125736.2258
158921.875 -5038271.50771004 3942704.24320498 -1893.71382510308 -4112.20534231458 0.78125 579.815150571193 -22395788952.6148
158922.265625 -5038992.36551847 3941137.1984025 -1797.80824727261 -3912.57712954695 0.78125 554.017398760629 -20356248581.393
158922.65625 -5039676.62025632 3939646.34928377 -1706.31540764657 -3722.10690605553 0.78125 527.83203588754 -18446165313.5301
158923.046875 -5040326.00252253 3938228.09961135 -1619.26052133079 -3540.87012745008 0.78125 501.620301734543 -16673132512.7141
158923.4375 -5040942.24172481 3936878.8472803 -1536.61392624138 -3368.8248350344 0.390625 475.684656385432 -15039751383.2037
158923.828125 -5041527.04655817 3935595.02617252 -1458.30082049399 -3205.83206354041 0.390625 450.270967382302 -13544690665.4222
158924.21875 -5042082.08918588 3934373.14023661 -1384.21042805781 -3051.67512343299 0.390625 425.572647168822 -12183664367.1333
158924.609375 -5042608.99284553 3933209.79034998 -1314.20433746059 -2906.07720269177 0.390625 401.735989285219 -10950288921.4072
158925 -5043109.32252631 3932101.69468791 -1248.12387240666 -2768.716974572 0.390625 378.866090048039 -9836803190.24957
158925.390625 -5043584.57832683 3931045.7034078 -1185.79644290065 -2639.24208888607 0.390625 357.032887870486 -8834650559.44316
158925.78125 -5044036.19109617 3930038.80847558 -1127.04089137033 -2517.28056550954 0.390625 336.276987805134 -7934932607.83926
158926.171875 -5044465.51997613 3929078.14943355 -1071.67189302831 -2402.45020544167 0.390625 316.615054873621 -7128749552.21844
158926.5625 -5044873.85149143 3928161.0158515 -1019.50349700313 -2294.36619444459 0.390625 298.044652679732 -6407445044.48587
158926.953125 -5045262.39987154 3927284.84712731 -970.351908531379 -2192.64710520953 0.390625 280.548473919803 -5762773008.15585
158927.34375 -5045632.30832807 3926447.2302207 -924.037616383867 -2096.91951379919 0.390625 264.097959203525 -5187002926.1168
158927.734375 -5045984.65105186 3925645.89581978 -880.386966822499 -2006.821441366 0.78125 248.656333552122 -4672977990.44793
158928.125 -5046320.4357323 3924878.71336019 -839.233278252278 -1922.00481814144 0.78125 234.181109739662 -4214138254.68394
158928.515625 -5046640.60643625 3924143.68524355 -800.417581243774 -1842.13714746816 0.78125 220.626117687413 -3804518680.89821
158928.90625 -5046946.04671518 3923438.94053629 -763.789058122729 -1766.90252612709 0.78125 207.943122303221 -3438729915.54212
158929.296875 -5047237.58283585 3922762.72837337 -729.205245787257 -1696.00215539994 0.78125 196.083090794601 -3111927839.41447
158929.6875 -5047515.98705278 3922113.41124309 -696.532055411316 -1629.15445648785 0.78125 184.997166334198 -2819776441.86097
158930.078125 -5047781.98086018 3921489.45828838 -665.643653566712 -1566.09488483028 0.78125 174.637399303646 -2558407356.7797
158930.46875 -5048036.23817633 3920889.43872652 -636.422241207042 -1506.5755209024 0.78125 164.957281071879 -2324378439.41967
158930.859375 -5048279.38842658 3920312.01546199 -608.757759947739 -1450.36450032469 0.78125 155.912118969304 -2114633022.02185
158931.25 -5048512.01950135 3919755.93894489 -582.547549111931 -1397.24533353795 0.78125 147.45928515285 -1926460925.38835
158931.640625 -5048734.68057361 3919220.04131009 -557.695972012892 -1347.01615472728 0.78125 139.558366630789 -1757461887.56109
158932.03125 -5048947.88476679 3918703.23081842 -534.114025808031 -1299.48893091204 0.78125 132.171238910111 -1605511768.94161
158932.421875 -5049152.11166884 3918204.48661069 -511.718945877221 -1254.48865493315 0.78125 125.262081573202 -1468731679.52524
158932.8125 -5049347.80969213 3917722.85377699 -490.43381294109 -1211.85254023894 0.78125 118.797350549565 -1345460027.03458
158933.59375 -5049715.2699523 3916807.40498155 -450.912647932885 -1133.07804030585 0.78125 107.077996122544 -1133734054.97688
158934.375 -5050053.30961984 3915950.39607983 -415.037832647778 -1062.07817924399 0.78125 96.7876003802581 -960497176.693152
158935.15625 -5050364.60042307 3915146.12896849 -382.367185858432 -997.913707330962 0.78125 87.7314924287515 -818040767.931572
158935.9375 -5050651.49292554 3914389.58828613 -352.519162159015 -939.772838656826 0.78125 79.7423941755459 -700308683.386394
158936.71875 -5050916.06043555 3913676.34904685 -325.164188521188 -886.953190413506 0.78125 72.6769310155263 -602527774.163923
158937.5 -5051160.13660587 3913002.49744391 -300.017160895019 -838.84610155079 0.78125 66.4123679919983 -520922183.246638
158938.28125 -5051385.34759276 3912364.56303644 -276.831000062863 -794.923136712471 0.78125 60.8436660568208 -452492920.981141
158939.0625 -5051593.13955568 3911759.46070273 -255.391147977106 -754.724538627892 0.78125 55.8808883054944 -394847880.593084
158939.84375 -5051784.80218527 3911184.4409338 -235.510883903077 -717.849384491089 0.78125 51.4469497818042 -346070636.964634
158940.625 -5051961.48885489 3910637.04722816 -217.027346384424 -683.947213296182 0.78125 47.4756857100473 -304618993.691985
158941.40625 -5052124.23390601 3910115.07952297 -199.7981578292 -652.710911853298 0.78125 43.9102047927109 -269246333.527736
158942.1875 -5052273.96750196 3909616.56275333 -183.698560730408 -623.870671517019 0.78125 40.7014920679504 -238940459.971873
158942.96875 -5052411.52841818 3909139.71976855 -168.618986700458 -597.188852252759 0.78125 37.8072270067283 -212875876.76479
158943.75 -5052537.67508 3908682.94795289 -154.462990843164 -572.455613815804 0.78125 35.1907853763562 -190376415.048617
158944.53125 -5052653.09511046 3908244.79899913 -141.145494162367 -549.485194713888 0.78125 32.8203969226461 -170885851.042836
158945.3125 -5052758.41360925 3907823.96136966 -128.591285610243 -528.112737994333 1.5625 30.6684345682068 -153944713.723726
158946.09375 -5052854.20034936 3907419.24505197 -116.733743042598 -508.191578765484 1.5625 28.710814290851 -139171904.306313
158946.875 -5052940.97604867 3907029.56827655 -105.513738871723 -489.590921907297 1.5625 26.9264879904409 -126250069.835482
158947.65625 -5053019.21784919 3906653.94591658 -94.8787017169864 -472.193849892932 1.5625 25.2970144218327 -114913916.744254
158948.4375 -5053089.36411619 3906291.47933177 -84.7818099824358 -455.895610296409 1.5625 23.806195663783 -104940835.666666
158949.21875 -5053151.81865217 3905941.34745479 -75.1812971666053 -440.602140656783 1.5625 22.4397686329501 -96143350.3137123
158950 -5053206.95440615 3905602.79894924 -66.0398519482065 -426.228795141827 1.5625 21.1851428742645 -88363011.5319276
158950.78125 -5053255.11674655 3905275.14529352 -57.3240987942646 -412.699243111968 1.5625 20.0311773040933 -81465440.8144983
158951.5625 -5053296.62635579 3904957.75466629 -49.0041470925456 -399.944514408505 1.5625 18.9679897898726 -75336291.5782937
158953.125 -5053360.86177447 3904351.48686102 -33.4472051221596 -376.515584912813 1.5625 17.0797627285747 -65006805.5151529
158954.6875 -5053401.8230364 3903779.88348362 -19.1858761653465 -355.508509068345 1.5625 15.460958999923 -56748803.0839485
158956.25 -5053421.41489086 3903239.44942263 -6.07224517307748 -336.564431775711 1.5625 14.063953236935 -50098071.9761905
158957.8125 -5053421.33378996 3902727.20170814 6.01343126082608 -319.384540790638 1.5625 12.8503386046518 -44706204.4154611
158959.375 -5053403.10739846 3902240.58486734 17.168280237622 -303.718804722246 1.5625 11.7889471290617 -40308778.794199
158960.9375 -5053368.12634181 3901777.40182914 27.4712469188506 -289.35721403989 1.5625 10.8543638347425 -36702947.7227096
158962.5 -5053317.66971301 3901335.75696999 36.9866884343718 -276.122911498717 1.5625 10.0258007892281 -33731470.3228511
158964.0625 -5053252.9254845 3900914.00872395 45.7673300024775 -263.866753534336 1.5625 9.28623331004475 -31271215.8965571
158965.625 -5053175.00670176 3900510.72980349 53.8567283991958 -252.462957272872 1.5625 8.62172671674708 -29224808.3654237
158967.1875 -5053084.96414381 3900124.67354855 61.291345199547 -241.805571476487 1.5625 8.02090126884229 -27514502.8731139
158968.75 -5052983.79600114 3899754.74527886 68.1023006455171 -231.805572688692 1.5625 7.47449738128374 -26077666.304237
158970.3125 -5052872.45503047 3899399.9777958 74.3168560854431 -222.388436011943 1.5625 6.97501417684597 -24863421.6702265
158971.875 -5052751.85358365 3899059.51038481 79.9596569209169 -213.492067382423 1.5625 6.51640277255544 -23830143.9120348
158973.4375 -5052622.866867 3898732.57082238 85.053757556997 -205.06501361569 1.5625 6.09380196869016 -22943582.1010854
158975 -5052486.33475921 3898418.46000347 89.6214438701522 -197.064889687015 3.125 5.70330860587515 -22175443.6801563
158976.5625 -5052343.06249383 3898116.53888529 93.6848661857557 -189.456980886421 3.125 5.34177807324315 -21502319.1501498
158978.125 -5052193.82049233 3897826.21749767 97.2664957508457 -182.212991477893 3.125 5.006652528032 -20904856.3836788
158979.6875 -5052039.3436125 3897546.94580656 100.389419308289 -175.3099219051 3.125 4.69581553499899 -20367116.4531351
158981.25 -5051880.33005212 3897278.20623867 103.077488809624 -168.729063923355 3.125 4.40747224837932 -19876060.065611
158982.8125 -5051717.44011931 3897019.50768813 105.355345839487 -162.455107761377 3.125 4.14005413031717 -19421127.0415873
158984.375 -5051551.29504858 3896770.38083304 107.248342403193 -156.475357984367 3.125 3.89214671583031 -18993881.7761368
158985.9375 -5051382.47600676 3896530.37459376 108.782380959529 -150.779055606182 3.125 3.66243827927955 -18587705.8966801
158987.5 -5051211.52339694 3896299.0535693 109.983696751245 -145.356803644996 3.125 3.44968660146112 -18197525.7564458
158989.0625 -5051038.93653307 3896075.99629285 110.87860455442 -140.200092174865 3.125 3.2527005237535 -17819567.231981
158990.625 -5050865.17372478 3895860.79415521 111.493230037056 -135.300917391698 3.125 3.07033270840899 -17451133.7343865
158992.1875 -5050690.65278238 3895653.05085441 111.853243194199 -130.651487617689 3.125 2.90148005074746 -17090405.6015588
158993.75 -5050515.75192732 3895452.38224229 111.983608080452 -126.244007765824 3.125 2.74508850151051 -16736260.3289924
158995.3125 -5050340.8110736 3895258.4164527 111.908359576955 -122.070532742952 3.125 2.60015959759802 -16388113.6440101
