0 314159000 0 -1180.32733393383 216.396360340579 100 0.00403837820768556 -0
100 314040947.069656 21639.6355701829 -1180.73132355397 216.396346421712 200 0.00404141493891477 -0
300 313804719.936098 64918.8955634084 -1181.54021491352 216.396234882152 400 0.00404750169912061 -0
700 313331779.724436 151477.292589238 -1183.16165850362 216.395675226883 800 0.00405972867171175 -0
1500 312383948.661024 324592.962480151 -1186.4192891003 216.393195316816 1600 0.00408439853677023 -0
3100 310480428.472856 670814.660154523 -1192.99433613708 216.382676384858 1600 0.0041346191892821 -0
4700 308566323.427693 1017013.45180456 -1199.6506810785 216.364516213181 1600 0.00418604826810598 -0
6300 306641501.89167 1363176.88457856 -1206.39028160353 216.338429121084 1600 0.00423872803176433 -0
7900 304705829.044275 1709292.03829597 -1213.21516385508 216.304116513444 1600 0.00429270268830797 -0
9500 302759166.766301 2055345.50422172 -1220.12742559733 216.261266170008 1600 0.00434801850739024 -0
11100 300801373.522608 2401323.36266653 -1227.12923955447 216.20955148795 1600 0.00440472394008181 -0
12700 298832304.23939 2747211.15933556 -1234.22285694338 216.148630674113 1600 0.00446286974705248 -0
14300 296851810.175619 3092993.88034176 -1241.41061121374 216.078145883002 1600 0.00452250913580406 -0
15900 294859738.788334 3438655.92579387 -1248.69492201029 215.997722296281 1600 0.0045836979077032 -0
17500 292855933.591407 3784181.08186163 -1256.07829937293 215.906967139106 1600 0.004646494615634 -0
19100 290840234.007373 4129552.49121335 -1263.56334819209 215.805468628224 1600 0.00471096073316896 -0
20700 288812475.211931 4474752.62171212 -1271.15277293769 215.69279484629 1600 0.00477716083624463 -0
22300 286772487.970637 4819763.23324791 -1278.84938268219 215.568492536329 1600 0.00484516279842516 -0
23900 284720098.467308 5164565.34257253 -1286.65609643946 215.432085809699 1600 0.00491503800094477 -0
25500 282655128.123629 5509139.18599335 -1294.57594884358 215.283074760286 1600 0.00498686155884073 -0
27100 280577393.409365 5853464.17976939 -1302.61209619341 215.120933976924 1600 0.00506071256462171 -0
28700 278486705.642609 6197518.87804015 -1310.76782289135 214.945110945291 1600 0.00513667435106611 -0
30300 276382870.77938 6541280.92810258 -1319.04654830721 214.755024329614 1600 0.00521483477491177 -0
31900 274265689.191883 6884727.02283575 -1327.45183410097 214.550062123591 1600 0.0052952865233848 -0
33500 272134955.434657 7227832.8500545 -1335.98739204127 214.329579658819 1600 0.00537812744572475 -0
35100 269990457.99779 7570573.03855421 -1344.65709236012 214.092897457831 1600 0.00546346091209762 -0
36700 267831979.046313 7912921.10058661 -1353.46497268798 213.839298917493 1600 0.00555139620255177 -0
38300 265659294.1448 8254849.37048294 -1362.41524761787 213.568027806987 1600 0.00564204892896813 -0
39900 263472171.96612 8596328.93911408 -1371.51231895168 213.278285562947 1600 0.00573554149329019 -0
41500 261270373.98322 8937329.58384777 -1380.76078668741 212.969228362383 1600 0.00583200358569613 -0
43100 259053654.142689 9277819.69363067 -1390.16546081177 212.639963951907 1600 0.00593157272680131 -0
44700 256821758.518762 9617766.18878639 -1399.73137396931 212.289548209395 1600 0.00603439485846178 -0
46300 254574424.946299 9957134.43508064 -1409.4637950865 211.916981411471 1600 0.00614062498829615 -0
47900 252311382.63115 10295888.1515595 -1419.3682440376 211.521204177177 1600 0.0062504278936646 -0
49500 250032351.736153 10633989.3116164 -1429.45050744826 211.101093054729 1600 0.00636397889155056 -0
51100 247737042.940864 10971398.0366888 -1439.7166557432 210.655455714323 1600 0.00648146468159664 -0
52700 245425156.972946 11308072.4819196 -1450.17306155618 210.183025705541 1600 0.00660308427046678 -0
53500 244262901.183198 11476120.7053095 -1455.47468998002 209.936346019415 1600 0.00666551004198905 -0
54300 243096384.108852 11643968.713041 -1460.82641963257 209.682456732989 1600 0.00672904998676352 -0
55100 241925565.314145 11811610.6650974 -1466.22914122108 209.421176056873 1600 0.0067937329104583 -0
55900 240750403.641629 11979040.5737241 -1471.68376837493 209.15231639709 1600 0.0068595885969162 -0
56700 239570857.19353 12146252.2986931 -1477.19123842011 208.875684126064 1600 0.00692664784939592 -0
57500 238386883.312462 12313239.5423814 -1482.75251318626 208.59107934277 1600 0.00699494253389493 -0
58300 237198438.561498 12479995.8446526 -1488.36857984782 208.298295621426 1600 0.00706450562467709 -0
59100 236005478.703541 12646514.5775323 -1494.04045180101 207.997119748114 1600 0.00713537125213547 -0
59900 234807958.679985 12812788.939668 -1499.76916957849 207.687331444623 1600 0.00720757475313059 -0
60700 233605832.588627 12978811.9505629 -1505.55580180365 207.368703078802 1600 0.00728115272395346 -0
61500 232399053.660797 13144576.4445721 -1511.40144618653 207.040999360647 1600 0.00735614307607296 -0
62300 231187574.23768 13310075.0646498 -1517.30723056364 206.7039770233 1600 0.00743258509483885 -0
63100 229971345.745778 13475300.2558348 -1523.27431398388 206.357384488078 1600 0.00751051950132305 -0
63900 228750318.671493 13640244.2584615 -1529.30388784315 206.000961512596 1600 0.00758998851749527 -0
64700 227524442.53478 13804899.1010824 -1535.39717707006 205.634438820985 1600 0.00767103593494296 -0
65500 226293665.861823 13969256.5930867 -1541.55544136577 205.25753771513 1600 0.00775370718736047 -0
66300 225057936.15671 14133308.317001 -1547.77997650065 204.869969665794 1600 0.00783804942704914 -0
67100 223817199.872032 14297045.620453 -1554.07211567107 204.4714358824 1600 0.00792411160568738 -0
67900 222571402.378382 14460459.6077835 -1560.43323091953 204.061626860164 1600 0.00801194455964908 -0
68700 221320487.932687 14623541.1312856 -1566.86473462183 203.640221903181 1600 0.00810160110016977 -0
69500 220064399.645323 14786280.7820525 -1573.36808104485 203.206888621968 1600 0.00819313610868209 -0
70300 218803079.445956 14948668.8804129 -1579.94476797922 202.76128240385 1600 0.00828660663766695 -0
71100 217536468.04804 15110695.465931 -1586.59633845089 202.303045854474 1600 0.00838207201739322 -0
71900 216264504.911921 15272350.2869474 -1593.32438251653 201.831808208594 1600 0.00847959396894764 -0
72700 214987128.206459 15433622.7896358 -1600.1305391473 201.347184708146 1600 0.00857923672398826 -0
73500 213704274.769118 15594502.106549 -1607.01649820655 200.848775945483 1600 0.0086810671516887 -0
74300 212415880.064426 15754977.0446235 -1613.98400252678 200.336167169468 1600 0.00878515489337794 -0
75100 211121878.140732 15915036.0726146 -1621.03485009204 199.808927551961 1600 0.00889157250542103 -0
75900 209822201.585176 16074667.307927 -1628.17089633206 199.266609412045 1600 0.00900039561093012 -0
76700 208516781.476777 16233858.5028075 -1635.39405653501 198.708747395129 1600 0.0091117030609441 -0
77500 207205547.337538 16392597.0298618 -1642.7063083863 198.134857603833 1600 0.00922557710576764 -0
78300 205888427.081467 16550869.8668554 -1650.10969464119 197.544436677344 800 0.00934210357721824 -0
79100 204565346.96141 16708663.5807567 -1657.60632593981 196.936960815622 800 0.00946137208259375 -0
79900 203236231.513559 16865964.3109751 -1665.19838377355 196.311884744604 800 0.00958347621124148 -0
80700 201901003.499539 17022757.7517476 -1672.88812361273 195.668640618176 800 0.00970851375468665 -0
81500 200559583.845911 17179029.1336192 -1680.67787820595 195.006636852392 800 0.00983658694136129 -0
82300 199211891.580973 17334763.2039623 -1688.57006106245 194.325256887001 800 0.00996780268706634 -0
83100 197857843.76869 17489944.2064745 -1696.56717012976 193.623857868971 800 0.0101022728624008 -0
83900 196497355.439609 17644555.8595899 -1704.6717916796 192.901769252195 800 0.0102401145785029 -0
84700 195130339.518565 17798581.333735 -1712.88660441636 192.158291307122 800 0.0103814504925702 -0
85500 193756706.749017 17952003.2273535 -1721.21438382335 191.392693533483 800 0.0105264091347619 -0
86300 192376365.613803 18104803.5416204 -1729.65800676335 190.604212968683 800 0.010675125258233 -0
87100 190989222.252101 18256963.6537582 -1738.2204563514 189.792052383785 800 0.0108277402142187 -0
87900 189595180.372388 18408464.2888624 -1746.90482711903 188.955378358296 800 0.0109844023542659 -0
88700 188194141.16113 18559285.4901344 -1755.71433049101 188.093319224137 800 0.0111452674619133 -0
89500 186786003.186976 18709406.587415 -1764.65230059725 187.204962868345 800 0.0113104992163444 -0
90300 185370662.30014 18858806.1638985 -1773.72220044442 186.289354383047 800 0.0114802696907868 -0
91100 183948011.526709 19007462.0209021 -1782.92762847422 185.345493550196 800 0.011654759888708 -0
91900 182517940.957532 19155351.1405531 -1792.27232553715 184.372332147369 800 0.0118341603211648 -0
92700 181080337.631358 19302449.6462429 -1801.76018231366 183.368771059608 800 0.0120186716290074 -0
93500 179635085.411838 19448732.7606885 -1811.39524721696 182.333657180832 800 0.0122085052540219 -0
94300 178182064.858015 19594174.7614247 -1821.18173481515 181.265780086733 800 0.0124038841635202 -0
95100 176721153.087837 19738748.9335364 -1831.12403481367 180.163868459252 800 0.0126050436333692 -0
95900 175252223.634261 19882427.519424 -1841.22672164291 179.026586240759 800 0.0128122320949806 -0
96700 173775146.293417 20025181.6653764 -1851.49456469993 177.85252849379 800 0.0130257120523906 -0
97500 172289786.964306 20166981.3647047 -1861.93253929797 176.640216939737 800 0.0132457610762272 -0
98300 170796007.479433 20307795.3971692 -1872.54583838265 175.388095147056 800 0.0134726728821281 -0
99100 169293665.425742 20447591.2644054 -1883.33988507924 174.094523336498 800 0.0137067585020231 -0
99900 167782613.955151 20586335.1210302 -1894.32034614212 172.757772767303 800 0.0139483475576646 -0
100700 166262701.583949 20723991.7010752 -1905.49314638436 171.37601966442 800 0.014197789646879 -0
101500 164733771.980224 20860524.2393637 -1916.86448417339 169.947338642389 800 0.0144554558542466 -0
102300 163195663.738435 20995894.3874099 -1928.44084808753 168.469695576522 800 0.0147217403993228 -0
103100 161648210.140166 21130062.1233755 -1940.22903483809 166.940939866457 800 0.0149970624370984 -0
103900 160091238.899992 21262985.6555733 -1952.23616857282 165.35879603079 800 0.0152818680272153 -0
104700 158524571.895312 21394621.318957 -1964.4697216889 163.720854564328 800 0.0155766322905113 -0
105500 156948024.878876 21524923.4639769 -1976.93753729755 162.02456198138 800 0.01588186177383 -0
106300 155361407.172634 21653844.3371156 -1989.64785349835 160.267209959282 800 0.0161980970467273 -0
107100 153764521.341376 21781333.9523472 -2002.60932963868 158.445923485818 800 0.0165259155568002 -0
107900 152157162.844512 21907339.9526808 -2015.83107475409 156.557647902271 800 0.0168659347739152 -0
108700 150539119.664156 22031807.4608555 -2029.32267840785 154.599134720112 800 0.0172188156577055 -0
109500 148910171.907491 22154678.9181543 -2043.09424417369 152.56692607374 800 0.0175852664874248 -0
110300 147270091.381207 22275893.9101817 -2057.15642603494 150.457337653692 800 0.0179660470987009 -0
111100 145618641.135551 22395388.978324 -2071.52046800645 148.266439944136 800 0.0183619735780589 -0
111500 144788575.807165 22454470.8277802 -2078.81937217327 147.13920004241 800 0.0185658881970642 -0
111900 143955574.975215 22513097.4154328 -2086.1982473216 145.99003756539 800 0.0187739234734411 -0
112300 143119606.33454 22571259.858951 -2093.65868477967 144.818382812458 800 0.0189861996542433 -0
112700 142280636.934361 22628949.0442327 -2101.20232158136 143.623646490806 800 0.0192028415874103 -0
113100 141438633.159658 22686155.6174 -2108.83084218689 142.405218868841 800 0.0194239789401855 -0
113500 140593560.711845 22742869.9764468 -2116.54598028405 141.162468885333 800 0.0196497464299462 -0
113900 139745384.5887 22799082.2625213 -2124.34952067417 139.894743211563 800 0.0198802840682691 -0
114300 138894069.063531 22854782.3508226 -2132.24330124777 138.601365263569 800 0.0201157374191178 -0
114700 138039577.663531 22909959.841093 -2140.22921505498 137.281634161348 800 0.0203562578721055 -0
115100 137181873.147276 22964604.0476814 -2148.30921247607 135.934823631663 800 0.0206020029318609 -0
115500 136320917.481351 23018703.989157 -2156.48530349805 134.560180850864 800 0.0208531365246055 -0
115900 135456671.816026 23072248.3774472 -2164.75956010337 133.156925223841 800 0.021109829323138 -0
116300 134589096.459964 23125225.6064733 -2173.13411877747 131.724247094975 800 0.021372259091515 -0
116700 133718150.853896 23177623.7402566 -2181.61118314216 130.261306386611 800 0.0216406110508246 -0
117100 132843793.543219 23229430.5004644 -2190.19302672247 128.767231160249 800 0.0219150782675576 -0
117500 131965982.149455 23280633.2533644 -2198.881995855 127.241116095298 800 0.0221958620662104 -0
117900 131084673.340526 23331218.996153 -2207.68051274652 125.682020879807 800 0.0224831724678822 -0
118300 130199822.799759 23381174.3426213 -2216.59107869198 124.088968507176 800 0.0227772286567831 -0
118700 129311385.193586 23430485.5081198 -2225.61627746204 122.460943472369 800 0.0230782594767253 -0
119100 128419314.137845 23479138.2937807 -2234.75877887073 120.796889860646 800 0.0233865039598524 -0
119500 127523562.162614 23527118.0699527 -2244.02134253471 119.095709321236 800 0.0237022118900493 -0
119900 126624080.67551 23574409.7588009 -2253.40682183646 117.356258917813 800 0.0240256444036948 -0
120300 125720819.923348 23620997.8160207 -2262.91816810473 115.577348846905 800 0.024357074630647 -0
120700 124813728.952091 23666866.2116113 -2272.55843502638 113.757740014698 800 0.0246967883786126 -0
121100 123902755.564987 23711998.4096498 -2282.33078330509 111.896141461828 800 0.0250450848643326 -0
121500 122987846.278779 23756377.3470029 -2292.23848558341 109.99120762494 800 0.0254022774953283 -0
121900 122068946.277906 23799985.4109084 -2302.28493164605 108.041535422774 800 0.0257686947062954 -0
122300 121145999.36655 23842804.4153544 -2312.47363392361 106.045661153528 400 0.0261446808546142 -0
122700 120218947.918429 23884815.5761767 -2322.8082333176 104.002057189048 400 0.0265305971798623 -0
123100 119287732.824182 23925999.4847908 -2333.29250536917 101.909128450144 400 0.0269268228326791 -0
123500 118352293.436223 23966336.080468 -2343.93036679596 99.7652086459254 400 0.0273337559788474 -0
123900 117412567.510891 24005804.6210558 -2354.72588242331 97.568556258472 400 0.027751814985023 -0
124300 116468491.14776 24044383.6520391 -2365.6832725384 95.3173502524941 400 0.0281814396931793 -0
124700 115519998.7259 24082050.9738256 -2376.80692069833 93.0096854877089 400 0.0286230927915324 -0
125100 114567022.836931 24118783.6071335 -2388.1013820256 90.6435678095996 400 0.0290772612904948 -0
125500 113609494.214651 24154557.7563461 -2399.5713920276 88.2169087919067 400 0.0295444581130761 -0
125900 112647341.661022 24189348.7706895 -2411.22187597985 85.7275201016468 400 0.0300252238101196 -0
126300 111680491.968291 24223131.1030747 -2423.05795891604 83.1731074546184 400 0.0305201284118447 -0
126700 110708869.836973 24255878.2664353 -2435.08497627219 80.5512641262032 400 0.0310297734283811 -0
127100 109732397.789453 24287562.7873733 -2447.3084852361 77.8594639787688 400 0.0315547940133338 -0
127500 108750996.078883 24318156.1569125 -2459.73427685839 75.0950539630791 400 0.0320958613059388 -0
127900 107764582.593082 24347628.7781397 -2472.36838898627 72.2552460467659 400 0.032653684969081 -0
128300 106773072.753081 24375949.9104933 -2485.21712008726 69.3371085180655 400 0.0332290159423613 -0
128700 105776379.405954 24403087.6104406 -2498.28704403631 66.3375566075879 400 0.0338226494315645 -0
129100 104774412.711523 24429008.6682553 -2511.58502594706 63.2533423648149 400 0.0344354281583186 -0
129500 103767080.022508 24453678.5405857 -2525.11823913547 60.0810437192047 400 0.0350682458964896 -0
129900 102754285.757652 24477061.2784721 -2538.89418331353 56.8170526481298 400 0.0357220513249703 -0
130300 101735931.267305 24499119.450437 -2552.92070411979 53.4575623652695 400 0.0363978522300571 -0
130700 100711914.6909 24519814.0602401 -2567.20601410494 49.9985534333861 400 0.0370967200946121 -0
131100 99682130.8057373 24539104.4588457 -2581.7587153026 46.435778694478 400 0.037819795115767 -0
131500 98646470.8663846 24556948.2501049 -2596.58782352917 42.7647468979476 400 0.0385682916981178 -0
131900 97604822.4339968 24573301.1896074 -2611.70279457209 38.9807048934332 400 0.0393435044752803 -0
132300 96557069.1947467 24588117.0760996 -2627.11355244261 35.0786182390948 400 0.0401468149194495 -0
132700 95503090.7665124 24601347.6347994 -2642.83051988902 31.0531500581285 400 0.0409796986063658 -0
133100 94442762.4928704 24612942.3918748 -2658.86465138763 26.8986379557764 400 0.0418437332119909 -0
133500 93375955.2233575 24622848.5392647 -2675.22746885338 22.6090687857256 400 0.0427406073274409 -0
133900 92302535.0788596 24631010.7889381 -2691.93110033992 18.1780510280742 400 0.0436721301905218 -0
134300 91222363.2008735 24637371.2155824 -2708.98832202996 13.5987845104737 400 0.0446402424458493 -0
134700 90135295.4832582 24641869.0865984 -2726.4126038526 8.86402716897425 400 0.0456470280613124 -0
135100 89041182.284953 24644440.6781514 -2744.21815910453 3.96605850478482 400 0.0466947275469484 -0
135500 87939868.1219753 24645019.0758803 -2762.41999849803 -1.10336065330195 400 0.0477857526435984 -0
135900 86831191.336837 24643533.958699 -2781.03398911118 -6.35303252471605 400 0.0489227026735308 -0
136300 85714983.7433109 24639911.3639374 -2800.07691877552 -11.7923713971406 400 0.0501083827742499 -0
136700 84591070.244256 24634073.4318499 -2819.56656650508 -17.431457868814 400 0.0513458242707078 -0
137100 83459268.4199504 24625938.1272745 -2839.52177964952 -23.2810989749652 400 0.0526383074811091 -0
137300 82890350.2688157 24620982.1084113 -2849.68017583456 -26.2884696302487 400 0.0533062891449504 -0
137500 82319388.0840322 24615418.9359058 -2859.96255854057 -29.3528949556851 400 0.053989387298668 -0
137700 81746356.8001256 24609237.0411749 -2870.37162322256 -32.4759611049388 400 0.0546880939224976 -0
137900 81171230.8041672 24602424.5325179 -2880.91014952925 -35.6593135504728 400 0.0554029219468574 -0
138100 80593983.9185941 24594969.1829756 -2891.58100473975 -38.9046598885649 400 0.0561344063578979 -0
138300 80014589.3833255 24586858.4176115 -2902.38714737375 -42.213772805327 400 0.0568831053728361 -0
138500 79433019.8371376 24578079.3001824 -2913.33163098574 -45.5884932146306 400 0.0576496016902144 -0
138700 78849247.2982618 24568618.5191649 -2924.41760815442 -49.0307335796913 400 0.0584345038206566 -0
138900 78263243.1441632 24558462.3730963 -2935.64833467938 -52.5424814309987 400 0.0592384475041697 -0
139100 77674978.0904588 24547596.7551921 -2947.02717399784 -56.1258030942842 400 0.0600620972205606 -0
139300 77084422.1689288 24536007.1371961 -2958.55760183518 -59.7828476433284 400 0.0609061478001055 -0
139500 76491544.7045737 24523678.5524147 -2970.24321110417 -63.5158510936117 400 0.0617713261422419 -0
139700 75896314.2916643 24510595.5778886 -2982.08771706865 -67.3271408541302 400 0.0626583930507382 -0
139900 75298698.7687324 24496742.3156456 -2994.09496278878 -71.219140456137 400 0.0635681451945565 -0
140100 74698665.192442 24482102.3729788 -3006.26892486612 -75.1943745791477 400 0.0645014172044602 -0
140300 74096179.8102799 24466658.8416879 -3018.61371950836 -79.2554743962733 400 0.0654590839163378 -0
140500 73491208.032 24450394.2762176 -3031.13360893482 -83.4051832628393 400 0.0664420627732338 -0
140700 72883714.3997502 24433290.6706217 -3043.83300814564 -87.646362774326 400 0.0674513163991956 -0
140900 72273662.5568072 24415329.4342763 -3056.71649207933 -91.9819992219509 400 0.0684878553592939 -0
141100 71661015.2148389 24396491.3662599 -3069.7888031852 -96.415210476725 400 0.0695527411215431 -0
141300 71045734.1196078 24376756.6283105 -3083.05485943951 -100.949253335579 400 0.0706470892379764 -0
141500 70427780.0150252 24356104.7162649 -3096.51976283623 -105.587531366206 400 0.0717720727638184 -0
141700 69807112.6054564 24334514.4298754 -3110.1888083861 -110.333603290622 400 0.0729289259355786 -0
141900 69183690.5161721 24311963.8408923 -3124.06749366019 -115.191191951177 400 0.0741189481309753 -0
142100 68557471.2518342 24288430.2592912 -3138.16152891741 -120.164193906825 200 0.0753435081359275 -0
142300 67928411.1528929 24263890.1975138 -3152.47684785855 -125.25668971204 200 0.0766040487464446 -0
142500 67296465.3497681 24238319.3325794 -3167.01961905307 -130.472954935787 200 0.077902091736137 -0
142700 66661587.7146726 24211692.4659142 -3181.7962580891 -135.817471983533 200 0.0792392432233066 -0
142900 66023730.810929 24183983.4807291 -3196.81344050093 -141.29494279152 200 0.0806171994751961 -0
143100 65382845.839619 24155165.2967665 -3212.07811553374 -146.910302469413 200 0.0820377531910311 -0
143300 64738882.5833897 24125209.8222155 -3227.59752081002 -152.668733975119 200 0.0835028003100454 -0
143500 64091789.3472312 24094087.9025821 -3243.37919796834 -158.575683914182 200 0.0850143473957904 -0
143700 63441512.8960229 24061769.2662783 -3259.43100935126 -164.6368795657 200 0.0865745196537918 -0
143900 62787998.38863 24028222.4666746 -3275.76115582653 -170.858347247447 200 0.0881855696461029 -0
144100 62131189.3083152 23993414.8203342 -3292.37819583327 -177.246432144879 200 0.0898498867736293 -0
144300 61471027.3892104 23957312.341125 -3309.29106575363 -183.807819742133 200 0.0915700076053797 -0
144500 60807452.5385717 23919879.6698712 -3326.50910172003 -190.549559008255 200 0.0933486271431759 -0
144700 60140402.7545208 23881079.9991794 -3344.04206297862 -197.479087508873 200 0.0951886111209869 -0
144900 59469814.0389456 23840874.9930329 -3361.90015694134 -204.604258632679 200 0.0970930094501377 -0
145100 58795620.305211 23799224.7007132 -3380.09406607224 -211.933371143663 200 0.0990650709353911 -0
145300 58117753.2802942 23756087.4645577 -3398.63497676818 -219.475201294484 200 0.10110825940258 -0
145500 57436142.4009317 23711419.8210184 -3417.53461041011 -227.239037763942 200 0.103226271396372 -0
145700 56750714.7033212 23665176.394425 -3436.80525677965 -235.234719712913 200 0.10542305562724 -0
145900 56061394.7058872 23617309.7827987 -3456.45981005546 -243.472678288646 200 0.107702834370199 -0
146100 55368104.2845689 23567770.4349898 -3476.51180762676 -251.96398194787 200 0.110070127044872 -0
146300 54670762.540043 23516506.5183342 -3496.97547198663 -260.720386015362 200 0.112529776237491 -0
146500 53969285.6562347 23463463.7759357 -3517.86575599612 -269.754386947377 200 0.115086976461302 -0
146700 53263586.749413 23408585.3725825 -3539.19839184195 -279.079281829787 200 0.117747305993254 -0
146900 52553575.7070955 23351811.7281902 -3560.98994404658 -288.70923371008 200 0.120516762172862 -0
147100 51839159.0159123 23293080.3375401 -3583.25786692961 -298.659343442038 200 0.123401800604894 -0
147300 51120239.5774973 23232325.574933 -3606.02056696502 -308.945728813723 200 0.126409378772377 -0
147500 50396716.5113757 23169478.4822181 -3629.29747053004 -319.58561183535 200 0.129547004642203 -0
147700 49668484.9437188 23104466.538465 -3653.10909759943 -330.597415186329 200 0.132822790934132 -0
147900 48935435.7807129 23037213.4093374 -3677.47714200468 -342.000868963027 200 0.13624551582792 -0
148100 48197455.4651641 22967638.6739793 -3702.42455895201 -353.817129034313 200 0.139824691005487 -0
148300 47454425.7148077 22895657.5269467 -3727.97566057766 -366.068908504878 200 0.143570638069091 -0
148500 46706223.2406331 22821180.4523931 -3754.15622041485 -378.780624011944 200 0.147494574546949 -0
148700 45952719.4433407 22744112.86735 -3780.99358775639 -391.97855884534 200 0.15160871089985 -0
148800 45573937.8291229 22704576.5951504 -3794.66758237024 -398.768626862278 200 0.153741218000864 -0
148900 45193780.0858015 22664354.7304676 -3808.51681301428 -405.691045185057 200 0.155926360183262 -0
149000 44812228.4948045 22623433.8447741 -3822.545199366 -412.74970894221 200 0.158165994238289 -0
149100 44429264.9394206 22581800.1123479 -3836.75678536117 -419.948668156617 200 0.160462062304319 -0
149200 44044870.8921217 22539439.2943972 -3851.15574426585 -427.292135536322 200 0.162816596712788 -0
149300 43659027.4013659 22496336.722383 -3865.74638400005 -434.78449474055 200 0.16523172516237 -0
149400 43271715.0778548 22452477.2804893 -3880.53315272746 -442.430309155073 200 0.167709676247289 -0
149500 42882914.0802179 22407845.3871889 -3895.52064472689 -450.234331213881 200 0.170252785367971 -0
149600 42492604.1000955 22362424.9758489 -3910.71360656182 -458.201512307248 200 0.172863501054822 -0
149700 42100764.3465882 22316199.4743131 -3926.11694356579 -466.337013319625 200 0.175544391738759 -0
149800 41707373.5300424 22269151.7833977 -3941.73572666228 -474.646215844565 200 0.178298153005227 -0
149900 41312409.8451349 22221264.2542297 -3957.57519953913 -483.134734127889 200 0.181127615371904 -0
150000 40915850.9532227 22172518.6643522 -3973.6407861989 -491.80842779485 200 0.184035752634122 -0
150100 40517673.9639172 22122896.1925146 -3989.93809890793 -500.673415421917 200 0.187025690826248 -0
150200 40117855.4158431 22072377.3920621 -4006.47294656836 -509.736089019229 200 0.190100717851969 -0
150300 39716371.2565375 22020942.1628269 -4023.25134353915 -519.003129495749 200 0.193264293841619 -0
150400 39313196.8214434 21968569.7214213 -4040.2795189338 -528.481523185671 200 0.196520062300484 -0
150500 38908306.8119482 21915238.5698217 -4057.56392642431 -538.178579521932 200 0.19987186211842 -0
150600 38501675.272416 21860926.4621235 -4075.11125458303 -548.101949950662 200 0.203323740518296 -0
150700 38093275.566156 21805610.3693388 -4092.92843779627 -558.259648189259 200 0.206879967028743 -0
150800 37683080.3502709 21749266.4420958 -4111.02266778548 -568.660071940611 200 0.21054504857559 -0
150900 37271061.5493203 21691869.9710897 -4129.40140577486 -579.312026186816 200 0.214323745796324 -0
151000 36857190.3277335 21633395.3451189 -4148.07239534626 -590.224748197854 200 0.21822109069302 -0
151100 36441437.0609007 21573816.0065289 -4167.04367602552 -601.407934404042 100 0.222242405751689 -0
151200 36023771.3048675 21513104.403869 -4186.32359764706 -612.871769296001 100 0.226393324669941 -0
151300 35604161.764551 21451231.9415499 -4205.92083554698 -624.626956532509 100 0.230679814850603 -0
151400 35182576.2603935 21388168.9262722 -4225.84440663787 -636.68475245507 100 0.235108201836588 -0
151500 34758981.6933625 21323884.5099738 -4246.10368642265 -649.057002228747 100 0.239685195882234 -0
151600 34333344.0081996 21258346.6290224 -4266.70842700798 -661.756178851895 100 0.244417920878779 -0
151700 33905628.154815 21191521.9393517 -4287.66877618214 -674.795425303309 100 0.249313945877026 -0
151800 33475798.047719 21123375.7472145 -4308.99529762612 -688.18860012431 100 0.254381319478964 -0
151900 33043816.5233719 21053871.9351917 -4330.6989923312 -701.950326765856 100 0.259628607402646 -0
152000 32609645.2953289 20982972.8830637 -4352.79132130069 -716.096047067389 100 0.265064933561574 -0
152100 32173244.9070476 20910639.3831103 -4375.28422961803 -730.642079275327 100 0.270700025041824 -0
152200 31734574.6822159 20836830.5493628 -4398.19017196835 -745.605681055632 100 0.276544261407999 -0
152300 31293592.6724523 20761503.7202843 -4421.52213970507 -761.005118007355 100 0.282608728823627 -0
152400 30850255.6022171 20684614.3543012 -4445.29368955799 -776.859738243485 100 0.288905279534018 -0
152500 30404518.8107679 20606115.9175456 -4469.51897408367 -793.190053672672 100 0.295446597330973 -0
152600 29956336.1909774 20525959.7631063 -4494.21277396338 -810.017828691829 100 0.302246269700631 -0
152700 29505660.1248251 20444095.0010072 -4519.39053225722 -827.366177086367 100 0.309318867449862 -0
152800 29052441.4153613 20360468.3580477 -4545.06839072659 -845.25966803377 100 0.316680032714993 -0
152900 28596629.2149297 20275024.0265469 -4571.2632283388 -863.724442218941 100 0.324346576381664 -0
153000 28138170.9494271 20187703.5009234 -4597.99270206848 -882.788339198758 100 0.332336586089198 -0
153100 27677012.2383622 20098445.400923 -4625.27529010921 -902.481037300869 100 0.340669546160322 -0
153200 27213096.8104689 20007185.2801712 -4653.13033760485 -922.834207511162 100 0.349366470991571 -0
153300 26746366.4146153 19913855.418568 -4681.57810500332 -943.881682999091 100 0.35845005366597 -0
153400 26276760.7257435 19818384.5968726 -4710.63981912368 -965.659646154324 100 0.367944831813529 -0
153500 25804217.245563 19720697.8516206 -4740.33772701067 -988.20683526714 100 0.377877373053674 -0
153600 25328671.197717 19620716.2082912 -4770.6951526261 -1011.56477328446 100 0.388276482715309 -0
153700 24850055.4171379 19518356.3903804 -4801.7365563926 -1035.77802142066 100 0.399173436955035 -0
153800 24368300.2333056 19413530.5017402 -4833.48759755908 -1060.89446080572 100 0.410602244894437 -0
153900 23883333.3471325 19306145.6792011 -4865.97519929509 -1086.96560582304 100 0.4225999439882 -0
154000 23395079.7012094 19196103.7121029 -4899.22761633948 -1114.04695333749 100 0.435206933534477 -0
154100 22903461.34317 19083300.6249105 -4933.27450492 -1142.19837265625 100 0.448467352069699 -0
154200 22408397.2819665 18967626.2185669 -4968.14699451968 -1171.48454181687 100 0.462429505379216 -0
154250 22159546.9350698 18908676.0085282 -4985.90298845689 -1186.57480351462 100 0.469690086003886 -0
154300 21909803.3368724 18848963.565575 -5003.87776087113 -1201.97543666221 100 0.477146353038544 -0
154350 21659155.4404336 18788473.1311515 -5022.07564987804 -1217.69610614075 100 0.484805744505549 -0
154400 21407591.9792718 18727188.4534561 -5040.50109937808 -1233.74688032399 100 0.492676062803311 -0
154450 21155101.4620191 18665092.7667443 -5059.15866128615 -1250.13825217689 100 0.500765496537068 -0
154500 20901672.1669659 18602168.7695441 -5078.05299771136 -1266.88116167738 100 0.509082643894858 -0
154550 20647292.1364983 18538398.601716 -5097.18888306977 -1283.9870196581 100 0.517636537694711 -0
154600 20391949.1714313 18473763.8202822 -5116.57120611041 -1301.4677331724 100 0.526436672240724 -0
154650 20135630.8252441 18408245.3739476 -5136.20497183177 -1319.33573249829 100 0.535493032138514 -0
154700 19878324.3982221 18341823.5762275 -5156.09530326275 -1337.60399990293 100 0.544816123234665 -0
154750 19620016.9315148 18274478.077089 -5176.24744307811 -1356.28610030125 100 0.554417005860432 -0
154800 19360695.2011164 18206187.8330111 -5196.66675501424 -1375.39621395349 100 0.564307330577243 -0
154850 19100345.7117831 18136931.0753536 -5217.35872504603 -1394.94917135909 100 0.574499376640644 -0
154900 18838954.6908969 18066685.2769243 -5238.32896227992 -1414.96049051802 100 0.585006093420539 -0
154950 18576508.0822939 17995427.1166197 -5259.58319951194 -1435.44641674612 100 0.595841145039017 -0
155000 18312991.5400736 17923132.4420067 -5281.12729339192 -1456.42396524703 100 0.607018958513139 -0
155050 18048390.4224121 17849776.2297022 -5302.967224127 -1477.9109666621 100 0.618554775718968 -0
155100 17782689.7854021 17775332.5433965 -5325.10909464753 -1499.92611583936 100 0.630464709525308 -0
155150 17515874.3769509 17699774.4893509 -5347.55912914792 -1522.48902408491 100 0.64276580448138 -0
155200 17247928.6307681 17623074.1691916 -5370.32367090212 -1545.62027518407 100 0.655476102482546 -0
155250 16978836.6604839 17545202.6297998 -5393.40917923915 -1569.34148550691 100 0.668614713882603 -0
155300 16708582.2539416 17466129.8100893 -5416.82222554757 -1593.67536854175 50 0.68220189457078 -0
155350 16437148.8677176 17385824.4844372 -5440.56948815892 -1618.64580423306 50 0.696259129586928 -0
155400 16164519.6219289 17304254.2025204 -5464.65774593843 -1644.27791353622 50 0.710809223910316 -0
155450 15890677.2953968 17221385.2252837 -5489.09387038623 -1670.59813864102 50 0.725876401126762 -0
155500 15615604.3212483 17137182.4567456 -5513.88481602388 -1697.63432935982 50 0.741486410756395 -0
155550 15339282.7830456 17051609.3713184 -5539.03760880761 -1725.41583622492 50 0.757666645111423 -0
155600 15061694.4115508 16964627.9362942 -5564.55933227194 -1753.97361089317 50 0.774446266650893 -0
155650 14782820.582247 16876198.529114 -5590.45711106316 -1783.3403145154 50 0.791856346909163 -0
155700 14502642.3137557 16786279.8490042 -5616.73809147161 -1813.55043479405 50 0.809930018198144 -0
155750 14221140.2673126 16694828.822527 -5643.40941851268 -1844.64041252534 50 0.828702639422137 -0
155800 13938294.7474857 16601800.5025482 -5670.47820903904 -1876.64877850296 50 0.848211977500457 -0
155850 13654085.7043492 16507147.9600805 -5697.95152028722 -1909.61630175004 50 0.868498406069205 -0
155900 13368492.7373586 16410822.168411 -5725.83631317085 -1943.58615014525 50 0.889605123332384 -0
155950 13081495.1012089 16312771.8788621 -5754.1394095263 -1978.60406461884 50 0.911578391156928 -0
156000 12793071.7140002 16212943.4874775 -5782.86744239298 -2014.71854821663 50 0.93446779775981 -0
156050 12503201.1680852 16111280.8918532 -5812.02679826681 -2051.98107146468 50 0.958326546622006 -0
156100 12211861.7440302 16007725.3372605 -5841.62355009704 -2090.4462956172 50 0.983211774588267 -0
156150 11919031.4281869 15902215.2511232 -5871.66337960088 -2130.17231553555 50 1.00918490247855 -0
156200 11624687.9344492 15794686.0648202 -5902.15148724052 -2171.22092412906 50 1.0363120219522 -0
156250 11328808.7308594 15685070.0216833 -5933.09248793857 -2213.65790049039 50 1.06466432283618 -0
156300 11031371.0718309 15573295.9699475 -5964.49029029232 -2257.55332408005 50 1.09431856566097 -0
156350 10732352.036876 15459289.1392863 -5996.34795667694 -2302.9819175596 50 1.12535760475033 -0
156400 10431728.5768694 15342970.8994309 -6028.66754119163 -2350.02342114007 50 1.15787096789315 -0
156450 10129477.5690409 15224258.4992189 -6061.44990188933 -2398.76300160474 50 1.1919554993966 -0
156500 9825575.88208468 15103064.7842523 -6094.69448312429 -2449.2916994824 50 1.22771607419064 -0
156550 9520000.4529987 14979297.8911659 -6128.39906313634 -2501.70691818957 50 1.26526639163656 -0
156600 9212728.37753124 14852860.9163012 -6162.55946114272 -2556.11295932651 50 1.30472985879727 -0
156650 8903737.01642301 14723651.5563685 -6197.1691972053 -2612.62160869959 50 1.34624057416841 -0
156700 8593004.11999889 14591561.7184365 -6232.2190969493 -2671.35277804711 50 1.38994442425635 -0
156750 8280507.97409368 14456477.0963313 -6267.69683179536 -2732.43520785935 50 1.43600030693371 -0
156800 7966227.57080417 14318276.7102475 -6303.58638368371 -2796.00723709427 50 1.48458149721032 -0
156825 7808411.94926162 14247968.3523442 -6321.67942507516 -2828.77291278183 50 1.50987753426873 -0
156850 7650142.8081657 14176832.4060063 -6339.86742127021 -2862.21764593099 50 1.53587717294056 -0
156875 7491417.81459494 14104851.641619 -6358.14703755878 -2896.36181683397 50 1.56260682496146 -0
156900 7332234.72352442 14032008.3104718 -6376.51457216231 -2931.22657833733 50 1.59009411995688 -0
156925 7172591.38736939 13958284.1250271 -6394.96592649041 -2966.83388950193 50 1.61836797009235 -0
156950 7012485.76630248 13883660.2383284 -6413.4965729703 -3003.20655077555 50 1.64745863843573 -0
156975 6851915.93940758 13808117.2225095 -6432.1015202406 -3040.36824073208 50 1.67739781124117 -0
157000 6690880.11673921 13731635.0463656 -6450.77527548252 -3078.34355442896 50 1.70821867437336 -0
157025 6529376.65236196 13654193.051944 -6469.51180364055 -3117.15804343325 50 1.73995599409907 -0
157050 6367404.05845105 13575769.9301138 -6488.30448326288 -3156.83825756287 50 1.77264620248072 -0
157075 6204961.02054218 13496343.6950689 -6507.14605866679 -3197.41178838593 50 1.8063274876138 -0
157100 6042046.41402652 13415891.6577225 -6526.02858810785 -3238.9073145153 50 1.8410398889558 -0
157125 5878659.32199504 13334390.3979453 -6544.94338760261 -3281.35464872871 50 1.87682539799889 -0
157150 5714799.05454553 13251815.7356035 -6563.88097002233 -3324.78478693563 50 1.91372806454057 -0
157175 5550465.16967568 13168142.7003488 -6582.83097904094 -3369.22995900135 50 1.95179410880709 -0
157200 5385657.49589656 13083345.5001151 -6601.78211748251 -3414.72368142502 50 1.99107203968077 -0
157225 5220376.15671241 12997397.4882749 -6620.72206957216 -3461.30081185184 50 2.03161277927563 -0
157250 5054621.59712609 12910271.1294107 -6639.63741654986 -3508.99760537963 50 2.07346979409345 -0
157275 4888394.61234313 12821937.9636563 -6658.51354505766 -3557.85177259561 50 2.11669923297499 -0
157300 4721696.37886307 12732368.5695675 -6677.33454765836 -3607.9025392505 50 2.16136007203545 -0
157325 4554528.48816351 12641532.5254809 -6696.0831147861 -3659.19070744228 50 2.20751426673949 -0
157350 4386892.98320021 12549398.369326 -6714.74041736804 -3711.75871814068 50 2.25522691122619 -0
157375 4218792.39796693 12455933.5568606 -6733.28597928915 -3765.65071483487 25 2.30456640493664 -0
157400 4050229.80037985 12361104.4183022 -6751.6975388006 -3820.91260802891 25 2.35560462652315 -0
157425 3881208.83877508 12264876.1133415 -6769.95089789543 -3877.59214024153 25 2.4084171149269 -0
157450 3711733.79233313 12167212.5845277 -6788.01975859269 -3935.73895108654 25 2.46308325739625 -0
157475 3541809.62577174 12068076.5090319 -6805.87554498388 -3995.40464191646 25 2.51968648407585 -0
157500 3371442.04867839 11967429.2488057 -6823.48720980314 -4056.64283940135 25 2.57831446862342 -0
157525 3200637.57988573 11865230.7991717 -6840.82102418487 -4119.50925728633 25 2.63905933409893 -0
157550 3029403.61732819 11761439.735902 -6857.84034917141 -4184.06175542043 25 2.70201786311443 -0
157575 2857748.51385487 11656013.1608664 -6874.50538742802 -4250.36039497468 25 2.76729171092191 -0
157600 2685681.65951417 11548906.6463603 -6890.77291351581 -4318.46748856264 25 2.83498761974366 -0
157625 2513213.57086768 11440074.1782597 -6906.59598096519 -4388.44764374053 25 2.90521763220128 -1.59122991850998e-308
157650 2340355.98793661 11329468.0981893 -6921.92360428741 -4460.36779808905 25 2.97809930116475 -7.29023853616708e-300
157675 2167121.97943154 11217039.044941 -6936.70041396042 -4534.2972437618 25 3.05375589270514 -3.33741199868544e-291
157700 1993526.05696663 11102735.8954347 -6950.86628233385 -4610.30763901822 25 3.13231657807734 -1.52214237686355e-282
157725 1819584.29901193 10986505.705585 -6964.3559183196 -4688.47300383705 25 3.21391660976239 -6.89144840298883e-274
157750 1645314.48539135 10868293.6515092 -6977.09842867783 -4768.86969622038 25 3.29869747554027 -3.08522474093101e-265
157775 1470736.24318912 10748042.9716117 -6989.01684367899 -4851.57636524226 25 3.38680702331801 -1.36008228403242e-256
157800 1295871.20498308 10625694.9101782 -7000.02760493412 -4936.67387625965 25 3.47839954797596 -5.87741757432705e-248
157825 1120743.18037757 10501188.6632426 -7010.0400132484 -5024.24520297904 25 3.57363582978648 -2.47765651228664e-239
157850 945378.3418608 10374461.32763 -7018.95563448478 -5114.37528024993 25 3.67268311196891 -1.01357749179198e-230
157875 769805.426059542 10245447.8542427 -7026.66766164425 -5207.15081052687 25 3.77571500263625 -4.0011786734619e-222
157900 594055.951504707 10114081.0068468 -7033.0602317018 -5302.66001589763 25 3.88291128372447 -1.51495756065944e-213
157925 418164.4540525 9980291.32783449 -7038.00769621106 -5400.99232640666 25 3.99445760643472 -5.4658720828191e-205
157950 242168.741122645 9844007.11268251 -7041.37384534199 -5502.23799410748 25 4.11054504922555 -1.86600745871035e-196
157975 66110.1659132574 9705154.39511166 -7043.01108588703 -5606.48762084991 25 4.23136951043214 -5.98243615999401e-188
158000 -109966.077275109 9563656.94526891 -7042.75957491126 -5713.83158625354 25 4.35713090313782 -1.78656871788324e-179
158025 -286010.635533194 9419436.2836148 -7040.4463121913 -5824.35936064467 25 4.48803211496728 -4.92647824839604e-171
158050 -461969.656682538 9272411.7136005 -7035.88419645294 -5938.15868596085 25 4.62427769002005 -1.24262350016309e-162
158075 -637784.424642196 9122500.3766669 -7028.87105275773 -6055.31460578654 25 4.76607218425685 -2.8381275770771e-154
158100 -813390.970222828 8969617.33359235 -7019.18864129107 -6175.90832382488 25 4.9136181393724 -5.80614005500165e-146
158125 -988719.657047709 8813675.67675574 -7006.60166136538 -6300.01586830628 25 5.06711361368025 -1.05154595968404e-137
158150 -1163694.74269788 8654586.67846509 -6990.85676877589 -6427.70653818509 25 5.22674920201914 -1.66494718702707e-129
158175 -1338233.9156951 8492259.98112349 -6971.681629839 -6559.0411056185 25 5.3927044704966 -2.27378942857907e-121
158200 -1512247.8095944 8326603.83565386 -6948.78404160906 -6694.06974833784 25 5.56514372647456 -2.63996559081341e-113
158225 -1685639.49628362 8157525.39526794 -6921.85115500043 -6832.82968534867 25 5.74421104020831 -2.56574741117725e-105
158250 -1858303.96160746 7984931.07232092 -6890.54884590563 -6975.34249022893 25 5.93002443281228 -2.05300076587361e-97
158275 -2030127.56767778 7808726.96661196 -6854.52128892166 -7121.61105850687 25 6.12266914683063 -1.32865571309648e-89
158300 -2200987.50772736 7628819.37403292 -6813.39079893322 -7271.61620964004 25 6.3221899220058 -6.82407210947084e-82
158325 -2370751.26113967 7445115.3848798 -6766.75801741241 -7425.31291051533 25 6.52858221154201 -2.72576829170243e-74
158350 -2539276.05836064 7257523.5813584 -6714.20253260168 -7582.62611675439 25 6.74178229524785 -8.28664839588435e-67
158375 -2706408.36778516 7065954.84375435 -6655.28403528779 -7743.44624110976 25 6.96165627769988 -1.87390708210696e-59
158400 -2871983.41940628 6870323.27429858 -6589.54412394948 -7907.62427557188 25 7.18798800449937 -3.07622728894625e-52
158425 -3035824.78299639 6670547.24682547 -6516.5088836761 -8074.9666161548 25 7.42046599036143 -3.57262809082517e-45
158450 -3197744.0218054 6466550.58875991 -6435.69237106748 -8245.22966725915 25 7.65866953155805 -2.8564320158655e-38
158475 -3357540.44611795 6258263.89963595 -6346.60114060647 -8418.11433637682 25 7.90205427394013 -1.5277975729707e-31
158500 -3515000.99437355 6045626.00709561 -6248.73994461143 -8593.26056967979 25 8.14993762709283 -5.30438254207679e-25
158525 -3669900.27272114 5828585.55699894 -6141.61872632394 -8770.24212413293 25 8.40148455404549 -1.15839259770514e-18
158537.5 -3746315.68049568 5718401.42918487 -6084.43591853759 -8859.26866453787 25 8.52832595278654 -1.4240729133382e-15
158550 -3822000.78664266 5607102.72881856 -6024.7610011991 -8948.56182061941 25 8.65569442047921 -1.53989495074491e-12
158562.5 -3896924.08881634 5494686.57993937 -5962.53814642937 -9038.04770884476 25 8.78343715550389 -1.45838703173701e-09
158575 -3971053.39990624 5381151.06050554 -5897.71368217825 -9127.64757418632 25 8.91138975150141 -1.20445213661591e-06
158587.5 -4044355.87737071 5266495.26367003 -5830.23647746817 -9217.27773313607 25 9.03937602268165 -0.000863630211734327
158600 -4116798.05751571 5150719.35960566 -5760.05834815229 -9306.84954335401 25 9.16720790007029 -0.535243117863007
158612.5 -4188345.89496023 5033824.65753559 -5687.13447843908 -9396.26939793306 25 9.29468442402194 -285.43210444606
158618.75 -4223773.64774177 4974958.49327433 -5649.62985360369 -9440.89163644118 12.5 9.35820416250687 -6221.36638891803
158625 -4258964.80456279 4915813.67253423 -5611.42241255631 -9485.43631555546 6.25 9.42115555383834 -130379.529666174
158628.125 -4276470.27784101 4886136.93654313 -5592.04978114331 -9507.66877930177 3.125 9.45123819172948 -588024.037670267
158631.25 -4293914.91403602 4856390.79689945 -5572.4823220383 -9529.84704813495 3.125 9.47606831181914 -2625531.38612566
158632.8125 -4302614.2144594 4841491.77712842 -5562.6108071372 -9540.89028480969 3.125 9.48237534588411 -5526850.10904861
158634.375 -4311298.03130759 4826575.54979141 -5552.65896644531 -9551.86514108175 1.5625 9.47870060635417 -11604482.9305728
158635.9375 -4319966.21225704 4811642.26824579 -5542.58776376428 -9562.70388071446 1.5625 9.45533377887592 -24302192.7823157
158637.5 -4328618.51517326 4796692.24187471 -5532.31624395881 -9573.26572045316 1.5625 9.39566677598203 -50758346.9258991
158639.0625 -4337254.51191539 4781726.1039976 -5521.67693064351 -9583.2586520506 1.5625 9.28082459550628 -105719576.159389
158639.84375 -4341566.16557071 4774237.35891816 -5516.12248050354 -9587.87248392517 1.5625 9.2059006136052 -152402630.142594
158640.625 -4345873.39011211 4766745.15892344 -5510.32440329161 -9592.07870277697 1.5625 9.14111497747469 -219521386.821857
158641.40625 -4350175.95802389 4759249.88767114 -5504.1814722325 -9595.69972984834 0.78125 9.14203695635522 -315919288.804741
158642.1875 -4354473.54668496 4751752.09579208 -5497.54887735651 -9598.48114717217 0.78125 9.33903909793219 -454196897.712901
158642.96875 -4358765.69753098 4744252.57294911 -5490.21978716157 -9600.05901775587 0.78125 9.99642022959786 -652251316.54417
158643.75 -4363051.75802643 4736752.45039043 -5481.89937038936 -9599.91376475083 0.78125 11.5552449057948 -935393881.123955
158644.53125 -4367330.79949571 4729253.34640111 -5472.16843161234 -9597.30549861855 0.78125 14.5944320402843 -1339210759.75586
158645.3125 -4371601.50131591 4721757.57163673 -5460.43297391968 -9591.18415091328 0.78125 19.7540542004692 -1913320849.76019
158646.09375 -4375861.98875852 4714268.41712775 -5445.85516291237 -9580.06622536878 0.78125 27.7682108156023 -2726096640.67267
158646.484375 -4377987.61094298 4710527.71465419 -5437.1496362031 -9572.01165268952 0.78125 33.1335214903438 -3249823341.88461
158646.875 -4380109.60796121 4706790.55465247 -5427.26065947245 -9561.86899278434 0.78125 39.5984080255648 -3870152746.42953
158647.265625 -4382227.4758642 4703057.82681159 -5415.96904349946 -9549.24872382657 0.78125 47.3398734862851 -4603352580.21499
158647.65625 -4384340.61787173 4699330.58586547 -5403.01782019224 -9533.69378454357 0.78125 56.563268429823 -5467805191.51508
158648.046875 -4386448.32858069 4695610.07984165 -5388.10688762448 -9514.66990880051 0.78125 67.5042005963235 -6484017494.27144
158648.4375 -4388549.77602159 4691897.78219921 -5370.88737501553 -9491.55542547554 0.78125 80.4295149540223 -7674494842.6346
158648.828125 -4390643.9814919 4688195.42799838 -5350.95593902492 -9463.63089364747 0.78125 95.6368730565357 -9063414227.46769
158649.21875 -4392729.79719942 4684505.0540605 -5327.84932139247 -9430.06915464781 0.78125 113.452250724796 -10676015203.5395
158649.609375 -4394805.88190659 4680829.04279813 -5301.0396523458 -9389.92665854292 0.78125 134.22445719339 -12537610724.6655
158650 -4396870.67499264 4677170.16899496 -5269.93117627294 -9342.13726703562 0.78125 158.315572729915 -14672108670.0511
158650.390625 -4398922.36965726 4673531.64826817 -5233.85930200496 -9285.51014118722 0.78125 186.086042035081 -17099934974.2691
158650.78125 -4400958.88639016 4669917.18523126 -5192.09312552141 -9218.73376616972 0.78125 217.873112284268 -19835270732.5265
158651.171875 -4402977.84832606 4666331.01848865 -5143.84280799815 -9140.38859363316 0.78125 253.961465187155 -22882571218.5496
158651.953125 -4406951.99710858 4659263.41364216 -5024.52647363036 -8942.93219071598 0.78125 339.682832038394 -29857083507.5281
158652.34375 -4408900.79626977 4655793.39741181 -4951.7515642927 -8820.73220801819 0.78125 389.243191749789 -33705833389.5281
158652.734375 -4410819.27271581 4652374.51131587 -4869.14727718335 -8680.91464986942 0.78125 442.853048841374 -37701414995.9175
158653.125 -4412703.44574735 4649013.8949503 -4776.01267625908 -8522.19751328763 0.390625 499.846492682011 -41737981487.842
158653.515625 -4414549.0900546 4645719.1374728 -4671.80671222697 -8343.57972768094 0.390625 559.22950212386 -45682012034.5895
158653.90625 -4416351.81058118 4642498.14558793 -4556.21205464101 -8144.45582645453 0.390625 619.669527401351 -49377128625.3666
158654.296875 -4418107.14225037 4639358.96677044 -4429.19739833206 -7924.72839673624 0.390625 679.521309582343 -52653458741.1169
158654.6875 -4419810.67249228 4636309.57120802 -4291.07049196076 -7684.90447036035 0.390625 736.89686857975 -55341366821.7205
158655.078125 -4421458.1812639 4633357.60175509 -4142.51322718743 -7426.16031506076 0.390625 789.781055981267 -57288277542.8838
158655.46875 -4423045.78993532 4630510.10716186 -3984.59075635502 -7150.36011760113 0.390625 836.184753431508 -58376189969.8828
158655.859375 -4424570.10770669 4627773.27876109 -3818.72912183406 -6860.01846114807 0.390625 874.317759520421 -58536735794.9879
158656.25 -4426028.36284687 4625152.21335437 -3646.66012192558 -6558.20402759398 0.390625 902.755756852031 -57760651923.787
158656.640625 -4427418.50654909 4622650.724254 -3470.33733742815 -6248.39124821924 0.390625 920.573557934732 -56099482782.188
158657.03125 -4428739.27972501 4620271.21802478 -3291.83216873066 -5934.27549088663 0.390625 927.421693915911 -53659005143.6044
158657.421875 -4429990.23723942 4618014.64706638 -3113.22208515913 -5619.57347407548 0.390625 923.534456421019 -50585753163.9748
158657.8125 -4431171.7291156 4615880.53921159 -2936.48417765583 -5307.83232238015 0.390625 909.671491888629 -47049479120.8896
158658.203125 -4432284.84309842 4613867.09680178 -2763.40539243007 -5002.26774003782 0.390625 887.007692667886 -43224963418.6049
158658.59375 -4433331.31673496 4611971.35088562 -2595.51713695581 -4705.6452758636 0.390625 856.993906946311 -39276205789.4339
158658.984375 -4434313.42925613 4610189.35229402 -2434.05740062858 -4420.2105543531 0.390625 821.212459612392 -35344967910.0404
158659.375 -4435233.88391345 4608516.38058361 -2279.95927428882 -4147.66671833162 0.78125 781.247480732438 -31544352943.2971
158659.765625 -4436095.69033093 4606947.15371238 -2133.86161482787 -3889.19166545756 0.78125 738.582892835478 -27957012981.5087
158660.15625 -4436902.05439512 4605476.02489359 -1996.13592375759 -3645.48459278054 0.390625 694.533205475717 -24636900075.3211
158660.546875 -4437656.28078786 4604097.15736444 -1866.9231910436 -3416.83072789674 0.390625 650.20593952663 -21613246831.8063
158660.9375 -4438361.69093212 4602804.67197178 -1746.17512742342 -3203.1742718667 0.390625 606.490458684627 -18895569085.257
158661.328125 -4439021.55716871 4601592.76597649 -1633.695420995 -3004.19171035567 0.390625 564.066222497293 -16478770394.1592
158661.71875 -4439639.05254375 4600455.80407011 -1529.17801780767 -2819.36006895242 0.390625 523.423459654716 -14347760880.9206
158662.109375 -4440217.21466541 4599388.3842686 -1432.24067618786 -2648.01691831942 0.390625 484.890294077335 -12481295182.5424
158662.5 -4440758.92160916 4598385.38223032 -1342.45304360925 -2489.41072520378 0.390625 448.6618246823 -10854948780.9145
158662.890625 -4441266.87770558 4597441.97782716 -1259.35921587002 -2342.74142563084 0.390625 414.828136828496 -9443285750.83326
158663.28125 -4441743.60712391 4596553.6676735 -1182.4951858261 -2207.19190766974 0.390625 383.399476811822 -8221338776.50714
158663.671875 -4442191.45337627 4595716.26695398 -1111.40182647559 -2081.95152661196 0.390625 354.327765705677 -7165544249.9191
158664.0625 -4442612.58314001 4594925.90341282 -1045.63414048246 -1966.23294082348 0.390625 327.524272104905 -6254269762.45717
158664.453125 -4443008.9930824 4594179.00586166 -984.767498503012 -1859.28354666632 0.390625 302.873656143314 -5468052194.16699
158664.84375 -4443382.51864238 4593472.28908309 -928.401523613549 -1760.39268023644 0.390625 280.244803674786 -4789640970.65674
158665.234375 -4443734.8439637 4592802.7365807 -876.162188313231 -1668.89559534195 0.390625 259.498949502075 -4203918084.76749
158665.625 -4444067.51237605 4592167.58226566 -827.702593198124 -1584.17505578622 0.390625 240.49559007808 -3697746642.12765
158666.015625 -4444381.93698549 4591564.29187519 -782.702803758252 -1505.66121611772 0.390625 223.096644231628 -3259783782.14371
158666.40625 -4444679.41106633 4590990.54468358 -740.869039589963 -1432.83031911727 0.390625 207.169258756209 -2880281730.7107
158666.796875 -4444961.11804733 4590444.21588567 -701.932440811319 -1365.20261451771 0.390625 192.587588804694 -2550891924.4066
158667.1875 -4445228.14096168 4589923.35989457 -665.647579658424 -1302.339802035 0.390625 179.233819268749 -2264480951.1877
158667.578125 -4445481.47128636 4589426.19469381 -631.790840030417 -1243.84222090026 0.390625 166.998636795006 -2014962850.73688
158667.96875 -4445722.01713743 4588951.08731018 -600.158752550063 -1189.345944966 0.78125 155.781314277797 -1797149572.6075
158668.359375 -4445950.61081655 4588496.54042095 -570.566345811746 -1138.51989413114 0.78125 145.489530561347 -1606619676.3904
158668.75 -4446168.0157235 4588061.18007371 -542.845554290165 -1091.06303645037 0.78125 136.03901688768 -1439604352.56506
158669.140625 -4446374.93266208 4587643.74447338 -516.843708464939 -1046.70172835733 0.78125 127.353097236649 -1292889309.70539
158669.53125 -4446572.005575 4587243.07377636 -492.422121887401 -1005.18722082147 0.78125 119.362170944134 -1163730845.77476
158669.921875 -4446759.82674685 4586858.10082405 -469.454782204949 -966.293345246553 0.78125 112.00317176592 -1049784382.56509
158670.3125 -4446938.94151651 4586487.84274444 -447.82714779261 -929.814383126299 0.78125 105.219026914528 -949043814.578593
158670.703125 -4447109.85253976 4586131.39335027 -427.43504801667 -895.563116818129 0.78125 98.9581317384042 -859790155.343919
158671.09375 -4447273.02364193 4585787.9162644 -408.183682806349 -863.369054447917 0.78125 93.1738499830576 -780548122.30702
158671.484375 -4447428.8832982 4585456.63870602 -389.986715782533 -833.076819281101 0.78125 87.8240454562798 -710049465.737791
158672.265625 -4447720.22395419 4584827.87593032 -356.448112509692 -777.64330215867 0.78125 78.2792555731721 -591063497.104654
158673.046875 -4447986.70740979 4584239.99438699 -326.268614903302 -728.269912910529 0.78125 70.0610555141706 -495764803.23336
158673.828125 -4448230.7729813 4583688.59350555 -298.988301330155 -684.126268735364 0.78125 62.9545519417373 -418855800.749834
158674.609375 -4448454.53062869 4583169.86782328 -274.221479802618 -644.514885156954 0.78125 56.7835245128026 -356335297.898904
158675.390625 -4448659.81356567 4582680.51276353 -251.643383807023 -608.847427306796 0.78125 51.4030156383942 -305158168.518672
158676.171875 -4448848.22150967 4582217.6471311 -230.979421942508 -576.6254997513 0.78125 46.6933619284071 -262989382.540944
158676.953125 -4449021.15636366 4581778.74913762 -211.996478506157 -547.425086228642 0.78125 42.5554033122072 -228025137.658687
158677.734375 -4449179.85176733 4581361.60339744 -194.495857590644 -520.883917821988 0.78125 38.9066421660117 -198861930.554731
158678.515625 -4449325.39766911 4580964.25684101 -178.307543730365 -496.691189643474 0.78125 35.6781631201682 -174400065.671504
158679.296875 -4449458.76084171 4580584.98189895 -163.285518142573 -474.579162564932 0.78125 32.8121594905712 -153772051.531799
158680.078125 -4449580.80208179 4580222.2456337 -149.303922859696 -454.316280693727 0.78125 30.2599426384405 -136289097.530986
158680.859375 -4449692.29068908 4579874.68375396 -136.25390756749 -435.70151061494 0.78125 27.98033573701 -121400861.311696
158681.640625 -4449793.916705 4579541.07865213 -124.041027709307 -418.559668291843 0.78125 25.9383738351266 -108664960.63193
158682.421875 -4449886.30129913 4579220.34076893 -112.583089113728 -402.737546940372 1.5625 24.1042484291981 -97723728.4646982
158683.203125 -4449970.00561832 4578911.4927199 -101.808355496791 -388.100696702656 1.5625 22.4524476939558 -88286376.3462096
158683.984375 -4450045.53835495 4578613.6557228 -91.6540518592037 -374.530736610341 1.5625 20.9610537275205 -80115221.959176
158684.765625 -4450113.36224364 4578326.0379491 -82.0651099864518 -361.923102812698 1.5625 19.6111661933313 -73014990.2876897
158685.546875 -4450173.89965808 4578047.92448996 -72.9931127124805 -350.185155666189 1.5625 18.3864280475696 -66824453.5336444
158686.328125 -4450227.53744903 4577778.66868163 -64.3954019130337 -339.234583080346 1.5625 17.2726339959013 -61409861.3824899
158687.109375 -4450274.63114002 4577517.68457939 -56.2343218128958 -328.998049304657 1.5625 16.2574062200159 -56659749.8313216
158687.890625 -4450315.50857699 4577264.44040503 -48.4765744818712 -319.410047760919 1.5625 15.3299249841926 -52480817.5437836
158689.453125 -4450379.80637092 4576779.2819713 -34.0564462339857 -301.951045861712 1.5625 13.7014039309343 -45534996.7241309
158691.015625 -4450422.61150329 4576319.82172028 -20.9366918241966 -286.456359051953 1.5625 12.3240145209143 -40079317.0198126
158692.578125 -4450445.82856031 4575883.2534274 -8.96050067073805 -272.600469334014 1.5625 11.1485706849494 -35757277.6431641
158694.140625 -4450451.14331869 4575467.23105162 1.99674549128132 -260.117566371707 1.5625 10.1364081014529 -32307239.7581434
158695.703125 -4450440.06721271 4575069.78525665 12.0346351928011 -248.789545270365 1.5625 9.25697013690472 -29534429.2497684
158697.265625 -4450413.97189911 4574689.25631755 21.2333205426156 -238.436881500906 1.5625 8.48603736433568 -27291858.0664402
158698.828125 -4450374.11603417 4574324.23956535 29.6579480734608 -228.911597107173 1.5625 7.80440249508096 -25467143.4439166
158700.390625 -4450321.66584686 4573973.54056633 37.3622076223787 -220.091755004848 1.5625 7.19685542976068 -23973290.2383483
158701.953125 -4450257.71072536 4573636.1379827 44.3911927912964 -211.877075354309 1.5625 6.65138664537269 -22742175.5929689
158703.515625 -4450183.27478166 4573311.1526028 50.7837071939682 -204.18538082458 1.5625 6.15854740080169 -21719900.2558306
158705.078125 -4450099.32518218 4572997.82141983 56.5741110332408 -196.949659730525 1.5625 5.71092617249419 -20863443.184942
158706.640625 -4450006.77790601 4572695.47591797 61.7937769670457 -190.115596424711 1.5625 5.30271495989255 -20138233.3414254
158708.203125 -4449906.50149828 4572403.5239236 66.4722085815005 -183.639462838906 3.125 4.92934849547754 -19516369.9941615
158709.765625 -4449799.31931013 4572121.43451852 70.6378659393607 -177.48629767215 3.125 4.58720532997008 -18975302.1976299
158711.328125 -4449686.01065149 4571848.72560712 74.31873816073 -171.628323198608 3.125 4.27336326279716 -18496832.9097729
158712.890625 -4449567.31122199 4571584.95379447 77.542700929441 -166.043566069673 3.125 3.9854034166381 -18066351.9557646
158714.453125 -4449443.91312728 4571329.70627529 80.3376957921819 -160.714659405492 3.125 3.72125798576124 -17672230.0001617
158716.015625 -4449316.46473103 4571082.5944637 82.7317671442156 -155.627810213661 3.125 3.47909675418924 -17305326.1580667
158717.578125 -4449185.5705377 4570843.24911538 84.7529912680136 -150.771919835161 3.125 3.25724721403073 -16958576.9241392
158719.140625 -4449051.79124959 4570611.31671156 86.4293294222149 -146.137846634132 3.125 3.05414277369901 -16626645.063005
158720.703125 -4448915.64409375 4570386.45689079 87.7884337348054 -141.717800302147 3.125 2.8682933234439 -16305614.9032792
158722.265625 -4448777.60347271 4570168.34073151 88.8574306851442 -137.504856574055 3.125 2.69827245177436 -15992725.7975212
