0 -4676244.53719698 0 0 12.4463223650146 380071755.462803 0 0 -1011.60141491715 314159000 0 314159000 3.83639262847249e-14 100
100 -4676244.37156093 1244.6322218062 0.00331272108104292 12.4463219241567 380071742.000379 -101160.140297326 -0.269248476339376 -1011.60137908548 314276037.62573 27681.8919421781 314276037.62573 27681.8919421781 200
300 -4676243.04647256 3733.89631273222 0.00993816230441644 12.446318397293 380071634.300994 -303480.39222664 -0.80774535272228 -1011.6010924321 314510029.391783 83045.5738215263 314510029.391783 83045.5738215262 400
700 -4676236.42103259 8712.42061503481 0.0231890344253299 12.4463007629796 380071095.804219 -708120.580766606 -1.88473826623393 -1011.59965916564 314977680.914247 193771.802963084 314977680.914247 193771.802963084 800
1500 -4676207.26913388 18669.433951038 0.0496906847960206 12.4462231720996 380068726.421432 -1517398.09131563 -4.03871646368026 -1011.59335280127 315911671.409776 415213.710854621 315911671.409776 415213.710854621 1600
2300 -4676156.91599699 28626.3626425646 0.0761921098764314 12.4460891518684 380064633.86276 -2326668.72220417 -6.19267635017826 -1011.58246002093 316843941.420737 636629.524863067 316843941.420737 636629.524863067 1600
3100 -4676085.3618502 38583.16154636 0.102693189512986 12.4458987028937 380058818.146759 -3135928.80431784 -8.34660815998958 -1011.56698087403 317774526.530913 858003.896298923 317774526.530913 858003.896298923 800
3900 -4675992.60701793 48539.7855197574 0.129193803553676 12.445651826039 380051279.299795 -3945174.66859005 -10.5005021275032 -1011.54691543074 318703462.371038 1079320.37739054 318703462.371038 1079320.37739054 800
4700 -4675878.65192071 58496.1894208836 0.1556938318486 12.4453485224235 380042017.35605 -4754402.64601871 -12.6543484872796 -1011.52226378204 319630784.553047 1300561.36532927 319630784.553047 1300561.36532927 800
5500 -4675743.49707521 68452.328108863 0.182193154250518 12.4449887934223 380031032.357515 -5563609.06768281 -14.8081374740952 -1011.49302603969 320556528.594533 1521708.04852988 320556528.594533 1521708.04852988 800
6300 -4675587.14309419 78408.1564440223 0.208691650615384 12.4445726406666 380018324.353995 -6372790.26475906 -16.9618593229864 -1011.45920233625 321480729.832891 1742740.35618121 321480729.832891 1742740.35618121 800
7100 -4675409.59068654 88363.6292880956 0.235189200802903 12.4441000660429 380003893.403106 -7181942.56853855 -19.1155042692943 -1011.42079282508 322403423.328672 1963636.91230913 322403423.328672 1963636.91230913 800
7900 -4675210.84065725 98318.7015044284 0.261685684677065 12.443571071694 379987739.570275 -7991062.31044336 -21.2690625487082 -1011.37779768031 323324643.757823 2184374.99572096 323324643.757823 2184374.99572096 800
8700 -4674990.89390744 108273.327958183 0.288180982106699 12.4429856600181 379969862.928743 -8800145.8220432 -23.4225243973108 -1011.33021709689 324244425.292642 2404930.50734221 324244425.292642 2404930.50734221 800
9500 -4674749.7514343 118227.463516542 0.314674972966009 12.4423438336695 379950263.559558 -9609189.43507206 -25.5758800516217 -1011.27805129053 325162801.471473 2625277.94658554 325162801.471473 2625277.94658554 800
10300 -4674487.41433114 128181.063048915 0.341167537135125 12.441645595558 379928941.551582 -10418189.4814448 -27.729119748642 -1011.22130049774 326079805.05743 2845390.39850104 326079805.05743 2845390.39850104 800
11100 -4674203.88378737 138134.08142714 0.367658554500646 12.4408909488495 379905897.001486 -11227142.2932738 -29.8822337258987 -1011.15996497583 326995467.886694 3065239.5335357 326995467.886694 3065239.5335357 800
11900 -4673899.16108845 148086.473525691 0.394147904956182 12.4400798969654 379881130.013749 -12036044.2028857 -32.0352122214886 -1011.09404500289 327909820.707283 3284795.62176948 327909820.707283 3284795.62176948 800
12700 -4673573.24761597 158038.194221882 0.420635468402902 12.4392124435828 379854640.700663 -12844891.5428377 -34.188045474123 -1011.02354087778 328822893.009539 3504027.56348269 328822893.009539 3504027.56348269 800
13500 -4673226.14484757 167989.198396071 0.447121124750077 12.4382885926347 379826429.182325 -13653680.6459346 -36.3407237231713 -1010.94845292016 329734712.849999 3722902.93783524 329734712.849999 3722902.93783524 800
14300 -4672857.85435696 177939.440931862 0.473604753915624 12.4373083483096 379796495.586643 -14462407.8452451 -38.4932372087062 -1010.86878147046 330645306.670687 3941388.07129008 330645306.670687 3941388.07129008 800
15100 -4672468.37781391 187888.876716315 0.50008623582665 12.4362717150519 379764840.04933 -15271069.4741189 -40.6455761715469 -1010.78452688991 331554699.11634 4159448.12718295 331554699.11634 4159448.12718295 800
15900 -4672057.71698425 197837.460640147 0.52656545042 12.4351786975615 379731462.71391 -16079661.8662024 -42.7977308533043 -1010.69568956051 332462912.852467 4377047.21752094 332462912.852467 4377047.21752094 800
16700 -4671625.87372987 207785.147597937 0.553042277642795 12.434029300794 379696363.731709 -16888181.3554565 -44.9496914964244 -1010.60226988502 333369968.3875 4594148.53767989 333369968.3875 4594148.53767989 800
17500 -4671172.85000867 217731.89248833 0.579516597452985 12.4328235299605 379659543.261861 -17696624.2761723 -47.1014483442332 -1010.50426828701 334275883.902674 4810714.52416754 334275883.902674 4810714.52416754 800
18300 -4670698.64787459 227677.650214245 0.605988289819883 12.4315613905279 379621001.471305 -18504986.962988 -49.2529916409807 -1010.40168521078 335180675.093477 5026707.03503216 335180675.093477 5026707.03503216 800
19100 -4670203.26947761 237622.375683072 0.632457234724717 12.4302428882186 379580738.534784 -19313265.7509058 -51.4043116318849 -1010.29452112146 336084355.026661 5242087.55183927 336084355.026661 5242087.55183927 800
19900 -4669686.71706369 247566.023806885 0.658923312161172 12.4288680290103 379538754.634843 -20121456.9753082 -53.5553985631765 -1010.18277650489 336986934.016835 5456817.40143233 336986934.016835 5456817.40143233 800
20700 -4669148.99297481 257508.549502642 0.685386402135933 12.4274368191365 379495049.961832 -20929556.9719746 -55.7062426821426 -1010.06645186771 337888419.526518 5670857.99496459 337888419.526518 5670857.99496458 800
21500 -4668590.09964893 267449.907692388 0.71184638466923 12.4259492650862 379449624.713902 -21737562.0770981 -57.8568342371713 -1009.94554773732 338788816.093233 5884171.08097094 338788816.093233 5884171.08097094 800
22300 -4668010.03961998 277390.053303462 0.73830313979538 12.4244053736037 379402479.097003 -22545468.6273021 -60.0071634777959 -1009.82006466188 339688125.28677 6096719.00857831 339688125.28677 6096719.00857831 800
23100 -4667408.81551788 287328.941268703 0.764756547563336 12.4228051516887 379353613.324888 -23353272.9596566 -62.1572206547388 -1009.69000321032 340586345.699149 6308464.9963693 340586345.699149 6308464.9963693 800
23900 -4666786.43006849 297266.526526648 0.791206488037224 12.4211486065964 379303027.619106 -24160971.4116954 -64.3069960199559 -1009.55536397231 341483472.969007 6519373.40195503 341483472.969007 6519373.40195502 800
24700 -4666142.88609361 307202.764021743 0.817652841296892 12.4194357458374 379250722.209005 -24968560.3214319 -66.456479826681 -1009.41614755829 342379499.841317 6729409.9870127 342379499.841317 6729409.9870127 800
25500 -4665478.18651098 317137.608704545 0.844095487438452 12.4176665771774 379196697.331731 -25776036.0273765 -68.6056623294696 -1009.27235459945 343274416.262333 6938542.17242856 343274416.262333 6938542.17242856 800
26300 -4664792.33433425 327071.015531923 0.870534306574822 12.4158411086378 379140953.232224 -26583394.8685527 -70.7545337842432 -1009.12398574771 344168209.508694 7146739.27827435 344168209.508694 7146739.27827435 800
27100 -4664085.33267296 337002.939467268 0.896969178836274 12.4139593484948 379083490.16322 -27390633.1845139 -72.9030844483339 -1008.97104167577 345060864.348612 7353972.74363969 345060864.348612 7353972.74363969 800
27900 -4663357.18473257 346933.335480693 0.923399984370971 12.4120213052801 379024308.385248 -28197747.3153599 -75.0513045805278 -1008.81352307706 345952363.232174 7560216.32183602 345952363.232174 7560216.32183602 800
28700 -4662607.89381438 356862.158549238 0.949826603345517 12.4100269877805 378963408.16663 -29004733.6017536 -77.1991844411098 -1008.65143066572 346842686.506926 7765446.24715841 346842686.506926 7765446.24715841 800
29500 -4661837.46331558 366789.363657075 0.976248915945495 12.407976405038 378900789.783479 -29811588.3849375 -79.3467142919076 -1008.48476517668 347731812.654303 7969641.37020742 347731812.654303 7969641.37020742 800
30300 -4661045.89672918 376714.905795711 1.00266680237601 12.4058695663495 378836453.519696 -30618308.0067502 -81.4938843963356 -1008.31352736556 348619718.541909 8172783.25969195 348619718.541909 8172783.25969195 800
31100 -4660233.19764403 386638.739964193 1.02908014286225 12.4037064812672 378770399.666973 -31424888.8096433 -83.6406850194393 -1008.13771800873 349506379.686443 8374856.26960911 349506379.686443 8374856.26960911 800
31900 -4659399.36974479 396560.821169313 1.05548881764999 12.4014871595982 378702628.524789 -32231327.1366977 -85.7871064279396 -1007.9573379033 350391770.521914 8575847.57167793 350391770.521914 8575847.57167793 800
32700 -4658544.41681191 406481.104425808 1.08189270700617 12.3992116114046 378633140.400407 -33037619.3316402 -87.9331388902763 -1007.77238786706 351275864.66796 8775747.15384426 351275864.66796 8775747.15384425 800
33500 -4657668.34272162 416399.544756569 1.10829169121943 12.3968798470033 378561935.608878 -33843761.7388602 -90.078772676653 -1007.58286873857 352158635.193362 8974547.7865306 352158635.193362 8974547.7865306 800
34300 -4656771.15144591 426316.097192841 1.13468565060065 12.3944918769663 378489014.473032 -34649750.7034262 -92.2239980590806 -1007.38878137707 353040054.870304 9172244.95904399 353040054.870304 9172244.95904399 800
35100 -4655852.84705252 436230.71677443 1.16107446548348 12.3920477121203 378414377.323485 -35455582.5711025 -94.3688053114218 -1007.19012666253 353920096.4155 9368836.78915204 353920096.4155 9368836.78915204 800
35900 -4654913.43370491 446143.358549904 1.18745801622491 12.3895473635467 378338024.498629 -36261253.6883654 -96.5131847094348 -1006.98690549561 354798732.714977 9564323.90927841 354798732.714977 9564323.90927841 800
36700 -4653952.91566224 456053.977576798 1.21383618320578 12.3869908425817 378259956.344637 -37066760.4024203 -98.6571265308179 -1006.77911879769 355675937.030002 9758709.33305059 355675937.030002 9758709.33305059 800
37500 -4652971.29727934 465962.528921819 1.24020884683135 12.3843781608163 378180173.215459 -37872099.0612178 -100.800621055253 -1006.56676751086 356551683.182327 9951998.30606071 356551683.182327 9951998.3060607 800
38300 -4651968.58300675 475868.967661047 1.26657588753184 12.381709330096 378098675.472819 -38677266.0134705 -102.943658564451 -1006.34985259787 357425945.717663 10144198.1446869 357425945.717663 10144198.1446869 800
39100 -4650944.77739062 485773.248880142 1.29293718576294 12.3789843625208 378015463.486217 -39482257.6086695 -105.086229342193 -1006.12837504218 358298700.046869 10335318.0666889 358298700.046869 10335318.0666889 800
39900 -4649899.88507273 495675.327674544 1.3192926220064 12.3762032704454 377930537.632924 -40287070.1971008 -107.228323674377 -1005.90233584795 359169922.564976 10525369.0170566 359169922.564976 10525369.0170566 800
40700 -4648833.91079047 505575.159149681 1.34564207677053 12.3733660664788 377843898.29798 -41091700.1298623 -109.369931849063 -1005.67173604 360039590.748593 10714363.4922832 360039590.748593 10714363.4922832 800
41500 -4647746.85937682 515472.698421167 1.37198543059076 12.3704727634844 377755545.874197 -41896143.7588798 -111.511044156512 -1005.43657666384 360907683.232703 10902315.3658719 360907683.232703 10902315.3658719 800
42300 -4646638.73576029 525367.900615011 1.3983225640302 12.3675233745802 377665480.76215 -42700397.4369237 -113.651650889235 -1005.19685878565 361774179.868111 11089239.7174955 361774179.868111 11089239.7174955 800
43100 -4645509.54496498 535260.720867816 1.42465335768013 12.3645179131382 377573703.370182 -43504457.5176259 -115.791742342035 -1004.95258349226 362639061.761095 11275152.6678293 362639061.761095 11275152.6678293 800
43900 -4644359.29211045 545151.114326986 1.4509776921606 12.3614563927846 377480214.114398 -44308320.3554958 -117.931308812052 -1004.7037518912 363502311.296893 11460071.2206818 363502311.296893 11460071.2206818 800
44700 -4643187.98241179 555039.036150928 1.47729544812095 12.3583388274001 377385013.418665 -45111982.3059371 -120.070340598804 -1004.45036511062 364363912.148805 11644013.1136737 364363912.148805 11644013.1136737 800
45500 -4641995.62117955 564924.441509252 1.50360650624031 12.3551652311191 377288101.714608 -45915439.7252644 -122.208828004235 -1004.19242429935 365223849.274655 11826996.6783697 365223849.274655 11826996.6783697 800
46300 -4640782.21381971 574807.28558298 1.52991074722822 12.3519356183304 377189479.441612 -46718688.9707195 -124.346761332756 -1003.92993062685 366082108.902355 12009040.7104549 366082108.902355 12009040.7104549 800
47100 -4639547.76583369 584687.523564747 1.55620805182509 12.3486500036764 377089147.046815 -47521726.4004882 -126.484130891292 -1003.66288528323 366938678.506247 12190164.3502779 366938678.506247 12190164.3502779 800
47900 -4638292.28281829 594565.110659002 1.58249830080281 12.3453084020538 376987104.985109 -48324548.3737164 -128.620926989321 -1003.39128947923 367793546.775775 12370386.9738444 367793546.775775 12370386.9738444 800
48700 -4637015.77046569 604440.002082212 1.60878137496524 12.3419108286127 376883353.719138 -49127151.250527 -130.757139938925 -1003.11514444623 368646703.577967 12549728.0941565 368646703.577967 12549728.0941565 800
49500 -4635718.23456341 614312.153063069 1.63505715514877 12.3384572987574 376777893.719295 -49929531.3920363 -132.892760054826 -1002.83445143622 369498139.915022 12728207.2726331 369498139.915022 12728207.2726331 800
50300 -4634399.68099428 624181.518842687 1.66132552222287 12.3349478281456 376670725.463721 -50731685.1603703 -135.027777654436 -1002.54921172184 370347847.878217 12905844.0402241 370347847.878217 12905844.0402241 800
51100 -4633060.11573644 634048.054674808 1.68758635709062 12.3313824326888 376561849.4383 -51533608.9186814 -137.162183057898 -1002.25942659631 371195820.599163 13082657.8277421 371195820.599163 13082657.8277421 1600
51900 -4631699.54486327 643911.715826005 1.71383954068924 12.3277611285518 376451266.136661 -52335299.0311649 -139.295966588132 -1001.96509737349 372042052.199346 13258667.9048668 372042052.199346 13258667.9048668 1600
52700 -4630317.97454342 653772.457575885 1.74008495399065 12.3240839321533 376338976.060172 -53136751.8630753 -141.429118570875 -1001.6662253878 372886537.738736 13433893.32724 372886537.738736 13433893.32724 1600
53500 -4628915.4110407 663630.235217291 1.76632247800198 12.320350860165 376224979.71794 -53937963.7807431 -143.561629334728 -1001.3628119943 373729273.164132 13608352.8910431 373729273.164132 13608352.8910431 1600
54300 -4627491.86071415 673485.004056503 1.79255199376615 12.3165619295122 376109277.626807 -54738931.1515908 -145.693489211202 -1001.05485856862 374570255.257816 13782065.0944454 374570255.257816 13782065.0944454 1600
55100 -4626047.33001792 683336.719413445 1.81877338236239 12.3127171573733 375991870.311349 -55539650.3441498 -147.824688534755 -1000.74236650698 375409481.586968 13955048.1053176 375409481.586968 13955048.1053176 1600
55900 -4624581.82550131 693185.336621883 1.84498652490675 12.3088165611799 375872758.303875 -56340117.7280766 -149.955217642842 -1000.42533722616 376246950.454225 14127319.7346198 376246950.454225 14127319.7346198 1600
56700 -4623095.35380871 703030.811029632 1.8711913025527 12.3048601586168 375751942.144421 -57140329.6741696 -152.085066875958 -1000.10377216353 377082660.849669 14298897.4148997 377082660.849669 14298897.4148997 1600
57500 -4621587.92167955 712873.097998752 1.89738759649162 12.3008479676217 375629422.380749 -57940282.554385 -154.214226577677 -999.777672777017 377916612.404482 14469798.1833628 377916612.404482 14469798.1833628 1600
58300 -4620059.53594832 722712.152905759 1.92357528795335 12.2967800063854 375505199.568346 -58739972.7418539 -156.342687094701 -999.447040545115 378748805.346425 14640038.6690121 378748805.346425 14640038.6690121 1600
59100 -4618510.20354448 732547.931141821 1.94975425820673 12.2926562933513 375379274.27042 -59539396.610898 -158.470438776904 -999.111876966857 379579240.457263 14809635.0833873 379579240.457263 14809635.0833873 1600
59900 -4616939.93149249 742380.388112959 1.97592438856015 12.2884768472157 375251647.057898 -60338550.5370468 -160.59747197737 -998.772183561826 380407919.03221 14978603.2144701 380407919.03221 14978603.2144701 1600
60700 -4615348.72691173 752209.479240256 2.00208556036208 12.2842416869277 375122318.509423 -61137430.8970536 -162.723777052443 -998.427961870143 381234842.841422 15146958.4233575 381234842.841422 15146958.4233575 1600
61500 -4613736.59701649 762035.159960054 2.0282376550016 12.2799508316889 374991289.211352 -61936034.0689119 -164.849344361767 -998.079213452457 382060014.093564 15314715.6433409 382060014.093564 15314715.6433409 1600
62300 -4612103.54911593 771857.385724156 2.05438055390895 12.2756043009534 374858559.757752 -62734356.431872 -166.974164268332 -997.725939889944 382883435.401416 15481889.3810608 382883435.401416 15481889.3810608 1600
63100 -4610449.59061404 781676.112000032 2.08051413855605 12.2712021144276 374724130.750399 -63532394.3664574 -169.098227138516 -997.368142784294 383705109.749493 15648493.719441 383705109.749493 15648493.719441 1600
63900 -4608774.72900963 791491.294271016 2.10663829045707 12.2667442920705 374588002.798774 -64330144.2544811 -171.221523342129 -997.005823757706 384525040.463626 15814542.3221352 384525040.463626 15814542.3221352 1600
64700 -4607078.97189629 801302.888036511 2.13275289116893 12.2622308540932 374450176.520063 -65127602.4790621 -173.344043252458 -996.638984452881 385343231.182448 15980048.4392462 385343231.182448 15980048.4392462 1600
65500 -4605362.32696232 811110.848812188 2.15885782229186 12.2576618209589 374310652.539148 -65924765.4246415 -175.465777246308 -996.267626533016 386159685.830698 16145024.9141084 386159685.830698 16145024.9141084 1600
67100 -4601866.40485924 830715.693539335 2.21103820239158 12.2483570523327 374026514.008729 -67518191.0232714 -179.706849009657 -995.511361603373 387787403.897076 16473438.3231914 387787403.897076 16473438.3231914 1600
68700 -4598287.02610031 850305.472910897 2.26317848444454 12.2388301549376 373735592.360481 -69110392.1529714 -183.944661718671 -994.737042683937 389408230.876247 16799877.468115 389408230.876247 16799877.468115 1600
70300 -4594624.25559897 869879.831658526 2.31527772286622 12.2290813015477 373437892.870382 -70701339.9385484 -188.179138518953 -993.944683817287 391022206.129952 17124431.3106053 391022206.129952 17124431.3106053 1600
71900 -4590878.159781 889438.414793534 2.36733497281647 12.2191106689621 373133420.937329 -72291005.527539 -192.4102026166 -993.134299373161 392629371.588201 17447183.1672407 392629371.588201 17447183.1672407 1600
73500 -4587048.80658333 908980.867613328 2.41934929021658 12.2089184380023 372822182.083042 -73879360.0907331 -196.637777279603 -992.305904048201 394229771.250053 17768211.0308842 394229771.250053 17768211.0308842 1600
75100 -4583136.26545278 928506.835707845 2.47131973176648 12.1985047935083 372504181.951958 -75466374.8226962 -200.861785839234 -991.459512865682 395823450.755383 18087587.8930602 395823450.755383 18087587.8930602 1600
76700 -4579140.60734482 948015.964965981 2.52324535496178 12.1878699243357 372179426.311135 -77052020.9422927 -205.082151691438 -990.595141175239 397410457.018655 18405382.0610132 397410457.018655 18405382.0610132 1600
78300 -4575061.90472228 967507.901582009 2.5751252181109 12.1770140233521 371847921.050144 -78636269.6932068 -209.29879829822 -989.712804652593 398990837.916615 18721657.4650573 398990837.916615 18721657.4650573 1600
79900 -4570900.23155403 986982.292061998 2.62695838035213 12.1659372874334 371509672.180964 -80219092.3444649 -213.511649189037 -988.812519299265 400564642.022661 19036473.9532585 400564642.022661 19036473.9532585 1600
81500 -4566655.66331366 1006438.78323022 2.6787439016707 12.1546399174606 371164685.83787 -81800460.1909562 -217.720627962184 -987.894301442281 402131918.381489 19349887.5715898 402131918.381489 19349887.5715898 1600
83100 -4562328.27697807 1025877.02223557 2.73048084291583 12.1431221183159 370812968.277326 -83380344.5539532 -221.925658286176 -986.958167733886 403692716.318417 19661950.8285146 403692716.318417 19661950.8285146 1600
84700 -4557918.15102613 1045296.65655793 2.78216826581775 12.1313840988793 370454525.877867 -84958716.781632 -226.126663901134 -986.00413515123 405247085.278473 19972712.943569 405247085.278473 19972712.943569 1600
86300 -4553425.36543719 1064697.33401462 2.83380523300475 12.1194260720242 370089365.139988 -86535548.2495921 -230.323568620172 -985.03222099607 406795074.691032 20282220.0799473 406795074.691032 20282220.0799473 1600
87900 -4548850.00168969 1084078.7027667 2.88539080802012 12.1072482546141 369717492.686022 -88110810.361375 -234.516296330772 -984.042442894451 408336733.856298 20590515.5614149 408336733.856298 20590515.5614149 1600
89500 -4544192.14275965 1103440.41132546 2.93692405533919 12.0948508674987 369338915.260022 -89684474.5489833 -238.704770996171 -983.034818796388 409872111.850495 20897640.0740851 409872111.850495 20897640.0740851 1600
91100 -4539451.87311917 1122782.10855869 2.98840404038626 12.0822341355093 368953639.727638 -91256512.2733984 -242.888916656733 -982.00936697554 411401257.447023 21203631.8537387 411401257.447023 21203631.8537387 1600
92700 -4534629.2787349 1142103.44369711 3.03982982955158 12.0693982874554 368561673.075994 -92826895.0250983 -247.068657431333 -980.966106028878 412924219.051257 21508526.8594519 412924219.051257 21508526.8594519 1600
94300 -4529724.44706649 1161404.06634072 3.09120049020825 12.0563435561202 368163022.413559 -94395594.3245747 -251.243917518729 -979.905054876351 414441044.646976 21812358.9343439 414441044.646976 21812358.9343439 1600
95900 -4524737.46706499 1180683.62646514 3.14251509072914 12.0430701782562 367757694.97002 -95962581.7228493 -255.414621198939 -978.826232760537 415951781.752703 22115159.9542679 415951781.752703 22115159.9542679 1600
97500 -4519668.42917125 1199941.77442796 3.1937727005038 12.0295783945814 367345698.096148 -97527828.8019897 -259.580692834611 -977.7296592463 417456477.386496 22416959.9652671 417456477.386496 22416959.9652671 1600
99100 -4514517.42531424 1219178.16097512 3.24497238995535 12.0158684497747 366927039.26367 -99091307.175625 -263.7420568724 -976.615354220431 418955178.037919 22717787.3105922 418955178.037919 22717787.3105922 1600
100700 -4509284.54890946 1238392.43724717 3.29611323055729 12.0019405924713 366501726.065127 -100652988.48946 -267.898637844334 -975.48333789129 420447929.646126 23017668.7480481 420447929.646126 23017668.7480481 1600
102300 -4503969.89485718 1257584.25478566 3.34719429485037 11.9877950752582 366069766.213741 -102212844.421792 -272.050360369182 -974.333630788439 421934777.583129 23316629.5583977 421934777.583129 23316629.5583977 1600
103900 -4498573.55954073 1276753.26553945 3.39821465645942 11.9734321546701 365631167.543275 -103770846.684018 -276.197149153826 -973.166253762266 423415766.641473 23614693.6455112 423415766.641473 23614693.6455112 1600
105500 -4493095.64082477 1295899.12187099 3.44917339011014 11.9588520911842 365185938.007888 -105326967.021157 -280.338928994621 -971.981227983614 424890941.02564 23911883.6289038 424890941.02564 23911883.6289038 1600
107100 -4487536.23805353 1315021.47656264 3.50006957164584 11.9440551492156 364734085.681991 -106881177.212353 -284.475624778761 -970.77857494339 426360344.346595 24208220.9292631 426360344.346595 24208220.9292631 3200
108700 -4481895.45204894 1334119.98282299 3.5509022780443 11.9290415971127 364275618.760105 -108433449.071395 -288.607161485642 -969.55831645218 427824019.619008 24503725.8475231 427824019.619008 24503725.8475231 3200
110300 -4476173.38510888 1353194.29429313 3.60167058743439 11.9138117071521 363810545.556708 -109983754.447223 -292.733464188224 -968.320474639851 429282009.2607 24798417.6380004 429282009.2607 24798417.6380004 3200
111900 -4470370.14100528 1372244.06505292 3.65237357911286 11.8983657555339 363338874.506084 -111532065.224438 -296.854458054385 -967.065071955152 430734355.093979 25092314.5760704 430734355.093979 25092314.5760704 3200
113500 -4464485.82498226 1391268.94962728 3.70301033356105 11.8827040223766 362860614.162174 -113078353.323817 -300.97006834828 -965.792131165303 432181098.348539 25385434.0208205 432181098.348539 25385434.0208205 3200
115100 -4458520.5437542 1410268.60299245 3.7535799324615 11.8668267917117 362375773.198417 -114622590.702817 -305.080220431701 -964.501675355585 433622279.665673 25677792.4730856 433622279.665673 25677792.4730856 3200
116700 -4452474.40550382 1429242.68058224 3.80408145871468 11.8507343514791 361884360.407594 -116164749.356086 -309.184839765424 -963.193727928923 435057939.103563 25969405.6292353 435057939.103563 25969405.6292353 3200
118300 -4446347.51988021 1448190.83829432 3.85451399645554 11.8344269935216 361386384.70167 -117704801.315972 -313.283851910563 -961.868312605456 436488116.143463 26260288.4310549 436488116.143463 26260288.4310549 3200
119900 -4440139.99799686 1467112.73249638 3.90487663107019 11.8179050135795 360881855.11163 -119242718.653026 -317.377182529924 -960.525453422113 437912849.696604 26550455.1120305 437912849.696604 26550455.1120305 3200
121500 -4433851.9524296 1486008.02003244 3.95516844921248 11.8011687112853 360370780.787315 -120778473.476513 -321.464757389345 -959.165174732172 439332178.111687 26839919.2403255 439332178.111687 26839919.2403255 3200
123100 -4427483.49721462 1504876.35822904 4.0053885388205 11.7842183901585 359853170.99726 -122312037.934916 -325.546502359051 -957.787501204822 440746139.182842 27128693.7587111 440746139.182842 27128693.758711 3200
124700 -4421034.74784635 1523717.40490144 4.0555359891332 11.7670543575999 359329035.128522 -123843384.216441 -329.622343414993 -956.392457824714 442154770.157942 27416791.0216886 442154770.157942 27416791.0216886 3200
126300 -4414505.82127541 1542530.81835987 4.10560989070685 11.7496769248859 358798382.686511 -125372484.549521 -333.692206640191 -954.980069891508 443558107.7472 27704222.8300276 443558107.7472 27704222.8300276 3200
127900 -4407896.83590644 1561316.25741566 4.15560933543157 11.732086407163 358261223.294817 -126899311.20332 -337.756018226075 -953.550363019414 444956188.131968 27991000.4629172 444956188.131968 27991000.4629172 3200
129500 -4401207.91159598 1580073.38138751 4.20553341654778 11.7142831234423 357717566.695037 -128423836.488238 -341.813704473827 -952.103363136729 446349046.973665 28277134.7079183 446349046.973665 28277134.7079183 3200
131100 -4394439.16965031 1598801.8501076 4.25538122866266 11.6962673965933 357167422.746596 -129946032.756408 -345.86519179571 -950.639096485363 447736719.4228 28562635.8888848 447736719.4228 28562635.8888848 3200
132700 -4387590.73282323 1617501.32392779 4.30515186776652 11.6780395533382 356610801.426573 -131465872.402204 -349.91040671641 -949.157589620368 449119240.128031 28847513.8920085 449119240.128031 28847513.8920085 3200
134300 -4380662.72531382 1636171.46372576 4.35484443124928 11.6595999242462 356047712.829513 -132983327.862736 -353.949275874365 -947.658869409454 450496643.245225 29131778.1901317 450496643.245225 29131778.1901317 3200
137500 -4366568.50225739 1673422.38743182 4.45399172800731 11.6220866500258 354902174.768718 -136010976.193133 -362.00768403255 -944.609897981057 453236230.929111 29698501.6307143 453236230.929111 29698501.6307143 3200
140700 -4352157.52289345 1710551.91899756 4.55281592666836 11.5837302951917 353730891.662965 -139028758.118233 -370.039831703301 -941.492403376357 455955746.207182 30262874.5531545 455955746.207182 30262874.5531545 3200
143900 -4337430.83261236 1747557.3650006 4.65130985840219 11.5445336421614 352533948.478586 -142036454.724385 -378.04513622464 -938.306611742287 458655445.497717 30824959.9947525 458655445.497717 30824959.9947525 3200
147100 -4322389.49970655 1784436.04101989 4.74946637833656 11.5044995343091 351311432.043326 -145033847.829535 -386.023016881826 -935.052754180134 461335578.180304 31384816.2282741 461335578.180304 31384816.2282741 3200
150300 -4307034.61529299 1821185.27183041 4.84727836607548 11.4636308757585 350063431.04005 -148020719.999064 -393.972894949478 -931.731066728771 463996386.863034 31942497.2372864 463996386.863034 31942497.2372864 3200
153500 -4291367.29323409 1857802.39159729 4.94473872621578 11.4219306311731 348790036.0003 -150996854.56155 -401.894193733558 -928.341790347534 466638107.640262 32498053.1351335 466638107.640262 32498053.1351335 3200
156700 -4275388.67005688 1894284.74406913 5.04184038886177 11.3794018255404 347491339.297735 -153962035.624493 -409.786338613205 -924.885170898745 469260970.340417 33051530.5351419 469260970.340417 33051530.5351419 3200
159900 -4259099.90487054 1930629.68277074 5.13857631013812 11.3360475439528 346167435.14143 -156916048.089972 -417.648757082418 -921.361459129876 471865198.763664 33602972.8785161 471865198.763664 33602972.8785161 3200
163100 -4242502.17928234 1966834.57119506 5.23493947270085 11.2918709313838 344818419.569037 -159858677.67025 -425.480878791587 -917.77091065536 474451010.909382 34152420.725437 474451010.909382 34152420.725437 3200
166300 -4225596.69731194 2002896.7829945 5.33092288624635 11.2468751924598 343444390.439823 -162789710.903319 -433.282135588867 -914.113785938047 477018619.193617 34699912.0140801 477018619.193617 34699912.0140801 3200
169500 -4208384.68530401 2038813.70217138 5.42651958801848 11.2010635912276 342045447.42757 -165708935.168386 -441.051961561391 -910.390350270309 479568230.656742 35245482.2915975 479568230.656742 35245482.2915975 3200
172700 -4190867.39183931 2074582.72326772 5.52172264331364 11.1544394509179 340621692.013342 -168616138.701292 -448.789793076324 -906.6008737548 482100047.161626 35789164.9205405 482100047.161626 35789164.9205405 3200
