0 314159000 0 -1171.71586430226 259.001801813033 100 0.00403837820768556 -0
100 314041808.216656 25900.1796261 -1172.11985281419 259.001785153826 200 0.00404139276638394 -0
300 313807303.377987 77700.5255366211 -1172.92873528559 259.001651656057 400 0.0040474349817586 -0
700 313337807.765909 181301.07019277 -1174.55013420172 259.000981841567 800 0.00405957205950089 -0
1500 312396865.991595 388500.814113947 -1177.80756615164 258.99801395459 1600 0.00408405886455208 -0
3100 310507125.157285 802888.763292594 -1184.38176468082 258.985426517138 1600 0.00413389990786317 -0
4700 308606801.322542 1217249.30406605 -1191.03663176743 258.963698149731 1600 0.00418493058158836 -0
6300 306695763.888132 1631567.54160886 -1197.77409017459 258.932489713284 1600 0.00423719211829633 -0
7900 304773879.125612 2045828.02641917 -1204.59612914454 258.891446867534 1600 0.00429072763482508 -0
9500 302841010.068558 2460014.72934067 -1211.50480742707 258.840199242162 1600 0.00434558223953193 -0
11100 300897016.398817 2874111.01521572 -1218.50225647984 258.778359553959 1600 0.00440180314687468 -0
12700 298941754.327499 3288099.61508 -1225.590683852 258.705522665915 1600 0.00445943979991041 -0
14300 296975076.470386 3701962.59680234 -1232.77237676408 258.621264583756 1600 0.00451854400135282 -0
15900 294996831.717459 4115681.33406572 -1240.04970589747 258.525141385073 1600 0.00457917005388801 -0
17500 293006865.096179 4529236.47357745 -1247.42512940852 258.416688075729 1600 0.00464137491051474 -0
19100 291005017.62816 4942607.9003876 -1254.90119718307 258.29541736776 1600 0.00470521833574802 -0
20700 288991126.17882 5355774.70118509 -1262.48055534872 258.160818372469 1600 0.00477076307860536 -0
22300 286965023.299612 5768715.12543037 -1270.16595106376 258.012355201801 1600 0.00483807505838475 -0
23900 284926537.062336 6181406.54417186 -1277.96023760289 257.849465470453 1600 0.00490722356434241 -0
25500 282875490.885082 6593825.40638099 -1285.86637976203 257.671558690483 1600 0.00497828147048919 -0
27100 280811703.34924 7005947.19262656 -1293.88745960628 257.478014549328 1600 0.0050513254668468 -0
28700 278734988.007029 7417746.36589415 -1302.026682587 257.268181061343 1600 0.00512643630864265 -0
30300 276645153.17892 7829196.31933957 -1310.28738405678 257.041372581924 1600 0.00520369908507396 -0
31900 274542001.740301 8240269.3207471 -1318.67303621328 256.796867672239 1600 0.00528320350944345 -0
33500 272425330.896662 8650936.45344304 -1327.18725550583 256.533906801382 1600 0.00536504423265869 -0
35100 270294931.946537 9061167.55339305 -1335.833810542 256.251689871388 1600 0.00544932118230204 -0
36700 268150590.031366 9470931.14218727 -1344.61663053471 255.949373549088 1600 0.00553613992971707 -0
38300 265992083.871385 9880194.35559009 -1353.53981433421 255.626068387082 1600 0.00562561208782735 -0
39900 263819185.486562 10288922.8673019 -1362.60764009383 255.280835714237 1600 0.00571785574270621 -0
41500 261631659.901521 10697080.8075472 -1371.82457562287 254.912684274018 1600 0.00581299592225775 -0
43100 259429264.83332 11104630.6760655 -1381.19528948553 254.520566586602 1600 0.00591116510575437 -0
44700 257211750.360828 11511533.2490447 -1390.72466291045 254.103375008073 1600 0.00601250377841184 -0
46300 254978858.574352 11917747.4794854 -1400.4178025823 253.659937457005 1600 0.00611716103567562 -0
47900 252730323.204037 12323230.3904412 -1410.28005439394 253.189012775409 1600 0.00622529524245111 -0
49500 250465869.225439 12727936.9605191 -1420.31701824608 252.689285687168 1600 0.00633707475314535 -0
51100 248185212.440521 13131820.0009647 -1430.53456399055 252.159361312859 1600 0.0064526786991099 -0
52700 245888059.032147 13534830.0235851 -1440.93884862361 251.597759194932 1600 0.00657229785089821 -0
54300 243574105.089993 13936915.0986875 -1451.53633484743 251.00290678175 1600 0.00669613556369078 -0
55100 242410730.063287 14137593.8478829 -1456.90963664511 250.692493372548 1600 0.0067597036234525 -0
55900 241243036.105514 14338020.7021061 -1462.33381113 250.373132312888 1600 0.00682440881532129 -0
56700 240070982.158834 14538188.4134092 -1467.80976132244 250.044597855303 1600 0.0068902805772695 -0
57500 238894526.433776 14738089.5503801 -1473.33841341395 249.706657039743 1600 0.0069573493475482 -0
58300 237713626.390386 14937716.4922591 -1478.92071754713 249.359069408948 1600 0.00702564660686447 -0
59100 236528238.718747 15137061.4228228 -1484.55764862821 249.001586710355 1600 0.00709520492268717 -0
59900 235338319.318831 15336116.3240243 -1490.25020717367 248.633952583775 1600 0.00716605799580636 -0
60700 234143823.279659 15534872.9693766 -1495.99942019284 248.255902234058 1600 0.00723824070928019 -0
61500 232944704.857741 15733322.9170689 -1501.80634210827 247.867162087888 1600 0.00731178917991214 -0
62300 231740917.454768 15931457.502801 -1507.67205571565 247.467449433824 1600 0.0073867408124112 -0
63100 230532413.594509 16129267.8323231 -1513.5976731856 247.056472044612 1600 0.00746313435639826 -0
63900 229319144.898903 16326744.7736658 -1519.58433710915 246.633927780749 1600 0.00754100996643318 -0
64700 228101062.063282 16523878.9490448 -1525.63322158962 246.199504174216 1600 0.00762040926524941 -0
65500 226878114.830716 16720660.7264254 -1531.74553338288 245.752877991205 1600 0.00770137541039628 -0
66300 225650251.965412 16917080.210727 -1537.92251308906 245.293714772604 1600 0.00778395316450323 -0
67100 224417421.225144 17113127.2346511 -1544.16543639805 244.821668350916 1600 0.00786818896939573 -0
67900 223179569.332668 17308791.3491137 -1550.47561539197 244.336380342186 1600 0.00795413102430959 -0
68700 221936641.946067 17504061.8132596 -1556.85439990762 243.837479611425 1600 0.00804182936846809 -0
69500 220688583.627975 17698927.5840386 -1563.3031789623 243.324581709908 1600 0.00813133596830605 -0
70300 219435337.813649 17893377.3053197 -1569.82338224635 242.797288282613 1600 0.00822270480964634 -0
71100 218176846.777805 18087399.2965183 -1576.4164816864 242.25518644393 1600 0.00831599199515712 -0
71900 216913051.600177 18280981.5407106 -1583.08399308312 241.697848119669 1600 0.00841125584744303 -0
72700 215643892.129742 18474111.6722085 -1589.82747782782 241.124829353198 1600 0.00850855701815093 -0
73500 214369306.947532 18666776.9635625 -1596.64854470252 240.535669573453 1600 0.0086079586034998 -0
74300 213089233.327966 18858964.3119647 -1603.54885176816 239.929890822329 1600 0.00870952626667685 -0
75100 211803607.19865 19050660.2250151 -1610.53010834626 239.306996938822 1600 0.00881332836757639 -0
75900 210512363.098537 19241850.8058183 -1617.59407709961 238.666472697078 1600 0.00891943610039621 -0
76700 209215434.134386 19432521.7373701 -1624.74257621774 238.007782895279 1600 0.00902792363964738 -0
77500 207912751.935435 19622658.2661953 -1631.97748171365 237.330371392086 1600 0.00913886829517866 -0
78300 206604246.60618 19812245.1851917 -1639.30072983854 236.633660087087 1600 0.00925235067686579 -0
79100 205289846.677178 20001266.8156355 -1646.71431962179 235.917047841418 800 0.00936845486966993 -0
79900 203969479.053768 20189706.9882976 -1654.22031554394 235.179909334445 800 0.00948726861982822 -0
80700 202643068.962586 20377549.0236181 -1661.8208503511 234.421593852049 800 0.00960888353300388 -0
81500 201310539.895785 20564775.7108827 -1669.51812801975 233.641424001697 800 0.00973339528529384 -0
82300 199971813.552808 20751369.2863398 -1677.31442688139 232.838694349109 800 0.00986090384806929 -0
83100 198626809.779598 20937311.4101946 -1685.21210291768 232.012669970887 800 0.00999151372770929 -0
83900 197275446.505101 21122583.142408 -1693.21359323692 231.162584917019 800 0.010125334221381 -0
84700 195917639.674907 21307164.9172294 -1701.32141974397 230.28764057665 800 0.0102624796901224 -0
85500 194553303.181882 21491036.516379 -1709.53819301662 229.387003939965 800 0.0104030698505967 -0
86300 193182348.793599 21674177.0407972 -1717.86661640202 228.459805748412 800 0.010547230087011 -0
87100 191804686.076412 21856564.8808654 -1726.30949034857 227.505138524816 800 0.0106950917848299 -0
87900 190420222.315957 22038177.6850007 -1734.8697169891 226.522054474216 800 0.0108467926880655 -0
88700 189028862.43388 22218992.3265159 -1743.5503049931 225.509563245426 800 0.0110024772820923 -0
89500 187630508.900576 22398984.8686292 -1752.35437470681 224.466629542447 800 0.0111622972041211 -0
90300 186225061.643684 22578130.5274999 -1761.2851636017 223.392170573853 800 0.0113264116836702 -0
91100 184812417.952103 22756403.6331531 -1770.34603205356 222.285053327234 800 0.0114949880155992 -0
91900 183392472.375237 22933777.5881512 -1779.54046947617 221.144091654527 800 0.0116682020685245 -0
92700 181965116.617185 23110224.8238509 -1788.87210083576 219.968043152791 800 0.0118462388317124 -0
93500 180530239.425559 23285716.7540789 -1798.34469357462 218.755605823506 800 0.0120292930038616 -0
94300 179087726.474587 23460223.7260398 -1807.96216497465 217.505414491858 800 0.0122175696275296 -0
95100 177637460.242141 23633714.9682566 -1817.72858999439 216.216036965666 800 0.012411284773349 -0
95900 176179319.880291 23806158.5353267 -1827.64820961616 214.885969911655 800 0.012610666278609 -0
96700 174713181.078962 23977521.2492587 -1837.72543974312 213.513634424508 800 0.0128159545452622 -0
97500 173238915.922249 24147768.637131 -1847.96488068979 212.097371261724 800 0.0130274034029591 -0
98300 171756392.736876 24316864.8647968 -1858.37132731341 210.635435714526 800 0.0132452810433184 -0
99100 170265475.932277 24484772.6663272 -1868.94977983844 209.125992082014 800 0.0134698710323237 -0
99900 168766025.831732 24651453.2688652 -1879.70545543075 207.567107712337 800 0.013701473408505 -0
100700 167257898.493908 24816866.3125243 -1890.64380058425 205.956746570822 800 0.0139404058754244 -0
101500 165740945.524155 24980969.7649393 -1901.77050438818 204.292762290722 800 0.0141870050979619 -0
102300 164215013.874808 25143719.8300332 -1913.09151275054 202.572890657409 800 0.0144416281129961 -0
103100 162679945.633694 25305070.850528 -1924.61304366028 200.794741471446 800 0.0147046538663193 -0
103900 161135577.799994 25464975.2036767 -1936.34160357959 198.95578972988 800 0.0149764848890378 -0
104700 159581742.0465 25623383.1896457 -1948.28400506672 197.053366058224 800 0.0152575491283098 -0
105500 158018264.467241 25780242.9119181 -1960.44738574062 195.084646317848 800 0.0155483019490945 -0
106300 156444965.309372 25935500.1490259 -1972.83922871 193.046640304752 800 0.0158492283256606 -0
107100 154861658.688078 26089098.2168457 -1985.467384603 190.93617944572 800 0.0161608452439715 -0
107900 153268152.283166 26240977.8206168 -1998.34009534829 188.749903386639 800 0.0164837043387725 -0
108700 151664247.015883 26391076.8957472 -2011.46601987507 186.48424535489 800 0.0168183947923057 -0
109500 150049736.704339 26539330.4363756 -2024.85426191829 184.135416163167 800 0.0171655465251442 -0
110300 148424407.695775 26685670.3105441 -2038.51440013676 181.699386705394 800 0.0175258337137302 -0
111100 146788038.473738 26830025.0607088 -2052.45652077556 179.171868776363 800 0.0178999786739264 -0
111900 145140399.238022 26972319.6881728 -2066.69125313168 176.548294024873 800 0.0182887561553487 -0
112300 144312279.177345 27042669.9934989 -2073.92182826938 175.19897548362 800 0.0184888896982183 -0
112700 143481251.454963 27112475.4198408 -2081.22980811071 173.823790825848 800 0.0186929980975779 -0
113100 142647284.810536 27181725.489376 -2088.61669178132 172.422079536382 800 0.0189011951472688 -0
113500 141810347.375767 27250409.4556517 -2096.08402020827 170.993158823611 800 0.0191135989065915 -0
113900 140970406.657372 27318516.2944865 -2103.63337764478 169.536322676952 800 0.0193303318984516 -0
114300 140127429.519438 27386034.6944868 -2111.26639326389 168.050840876121 800 0.0195515213185141 -0
114700 139281382.165122 27452953.0471563 -2118.98474282467 166.535957949318 800 0.0197772992560776 -0
115100 138432230.117669 27519259.4365778 -2126.790150415 164.990892077205 800 0.0200078029274345 -0
115500 137579938.200723 27584941.6286458 -2134.68439027503 163.414833939384 800 0.0202431749225424 -0
115900 136724470.517885 27649987.0598247 -2142.66928870589 161.806945499814 800 0.0204835634658892 -0
116300 135865790.431489 27714382.8254095 -2150.74672606833 160.166358727357 800 0.0207291226925077 -0
116700 135003860.540569 27778115.6672603 -2158.91863887643 158.492174247389 800 0.020980012940164 -0
117100 134138642.657956 27841171.9609827 -2167.18702199166 156.783459920099 800 0.0212364010588261 -0
117500 133270097.786487 27903537.7025248 -2175.55393092318 155.039249340778 800 0.0214984607386059 -0
117900 132398186.094264 27965198.4941576 -2184.02148424043 153.258540257075 800 0.021766372857459 -0
118300 131522866.888931 28026139.5298046 -2192.59186610466 151.440292897784 800 0.0220403258500348 -0
118700 130644098.590909 28086345.5796843 -2201.26732892621 149.583428207369 800 0.0223205160991745 -0
119100 129761838.705539 28145800.9742271 -2210.05019615529 147.686825979937 800 0.0226071483516833 -0
119500 128876043.79409 28204489.5872237 -2218.942865214 145.749322885939 800 0.0229004361601312 -0
119900 127986669.443558 28262394.8181625 -2227.94781057835 143.769710384318 800 0.0232006023525852 -0
120300 127093670.235197 28319499.5737067 -2237.06758701931 141.746732512287 800 0.0235078795323346 -0
120700 126196999.711732 28375786.2482623 -2246.30483301276 139.67908354427 800 0.0238225106098446 -0
121100 125296610.343158 28431236.7035814 -2255.66227432886 137.565405510897 800 0.024144749369365 -0
121500 124392453.491078 28485832.2473437 -2265.14272781211 135.404285568188 800 0.02447486107283 -0
121900 123484479.371483 28539553.610654 -2274.74910536424 133.194253206269 800 0.0248131231039158 -0
122300 122572637.015894 28592380.9243892 -2284.4844181429 130.93377728608 800 0.0251598256553722 -0
122700 121656874.230785 28644293.694323 -2294.35178099012 128.621262891581 800 0.0255152724630277 -0
123100 120737137.555181 28695270.7749535 -2304.3544171057 126.255047983929 800 0.0258797815901657 -0
123500 119813372.216337 28745290.341949 -2314.49566298155 123.833399842914 800 0.0262536862663135 -0
123900 118885522.083391 28794329.8631263 -2324.77897361448 121.35451127972 400 0.02663733578485 -0
124300 117953529.618866 28842366.0678652 -2335.2079280163 118.816496603684 400 0.0270310964642548 -0
124700 117017335.827912 28889374.9148571 -2345.7862350414 116.217387324193 400 0.0274353526782676 -0
125100 116076880.205149 28935331.558078 -2356.51773955372 113.555127567219 400 0.0278505079607322 -0
125500 115132100.678963 28980210.310868 -2367.40642895679 110.827569184123 400 0.0282769861914528 -0
125900 114182933.553128 29023984.6079881 -2378.45644011231 108.032466528375 400 0.0287152328700052 -0
126300 113229313.445566 29066626.965517 -2389.67206667509 105.167470873553 400 0.0291657164851277 -0
126700 112271173.224088 29108108.9384387 -2401.05776687407 102.230124443579 400 0.0296289299880771 -0
127100 111308443.938932 29148401.0757592 -2412.61817177212 99.2178540233686 400 0.0301053923791761 -0
127500 110341054.751888 29187472.8729781 -2424.35809403968 96.1279641150986 400 0.0305956504177222 -0
127900 109368932.861816 29225292.7217253 -2436.28253728058 92.957629601932 400 0.0311002804664733 -0
128300 108392003.4263 29261827.8563577 -2448.39670595152 89.7038878773407 400 0.0316198904830988 -0
128700 107410189.479226 29297044.2972933 -2460.70601592056 86.3636303940532 400 0.0321551221722925 -0
129100 106423411.843986 29330906.7908406 -2473.21610571367 82.9335935820715 400 0.0327066533137101 -0
129500 105431589.042046 29363378.7452593 -2485.93284850317 79.4103490801128 400 0.0332752002825381 -0
129900 104434637.196555 29394422.162767 -2498.8623648965 75.7902932191431 400 0.0338615207813453 -0
130300 103432469.930674 29423997.5671776 -2512.01103658922 72.0696356903334 400 0.0344664168039428 -0
130700 102424998.260251 29452063.9268324 -2525.38552095225 68.2443873226775 400 0.0350907378543158 -0
131100 101412130.480469 29478578.5724496 -2538.99276662963 64.3103468875734 400 0.0357353844463225 -0
131500 100393772.046037 29503497.1094865 -2552.84003023083 60.2630868387776 400 0.0364013119128327 -0
131900 99369825.4444674 29526773.3245682 -2566.93489420917 56.0979378861492 400 0.0370895345563425 -0
132300 98340190.0619512 29548359.0854929 -2581.28528602749 51.809972290377 400 0.0378011301769172 -0
132700 97304762.0412892 29568204.2342803 -2595.89949872184 47.3939857532317 400 0.0385372450176379 -0
133100 96263434.1312996 29586256.4726704 -2610.78621298516 42.8444777636281 400 0.0392990991726535 -0
133500 95216095.5270646 29602461.2394273 -2625.95452090548 38.1556302436669 400 0.0400879925085357 -0
133900 94162631.7003271 29616761.5787327 -2641.41395150689 33.3212843205946 400 0.0409053111560337 -0
134300 93102924.2192833 29629097.9988805 -2657.17449825711 28.3349150299526 400 0.0417525346366278 -0
134700 92036850.5569488 29639408.3204041 -2673.24664872286 23.1896037317159 400 0.04263124369665 -0
135100 90964283.8872002 29647627.5126713 -2689.6414165736 17.8780079945275 400 0.0435431289313419 -0
135500 89885092.8675087 29653687.5178819 -2706.37037615622 12.3923286727001 400 0.0444900002922574 -0
135900 88799141.407289 29657517.0612834 -2723.44569988772 6.72427386591139 400 0.0454737975841389 -0
136300 87706288.420682 29659041.4462895 -2740.88019874061 0.86501941176073 400 0.0464966020720755 -0
136700 86606387.5624746 29658182.3330372 -2758.6873661271 -5.19483448423382 400 0.0475606493367509 -0
137100 85499286.94573 29654857.4987495 -2776.88142552334 -11.4653109289901 400 0.0486683435352869 -0
137500 84384828.8395567 29648980.5780805 -2795.47738221488 -17.9571088406692 400 0.0498222732481044 -0
137900 83262849.3452856 29640460.7814024 -2814.49107958998 -24.681660843631 400 0.0510252291189143 -0
138300 82133178.0491414 29629202.5887467 -2833.93926045862 -31.6511972177313 400 0.0522802235261355 -0
138700 80995637.6492923 29615105.4168315 -2853.83963393369 -38.8788166534864 400 0.0535905125605618 -0
138900 80423859.1471281 29606959.3082422 -2863.96520905721 -42.5937574412145 400 0.0542674827262256 -0
139100 79850043.5548814 29598063.2562449 -2874.2109484738 -46.3785646703481 400 0.0549596206270692 -0
139300 79274166.5890196 29588403.0969099 -2884.57937124439 -50.2351562555885 400 0.0556674132635391 -0
139500 78696203.4547102 29577964.2757192 -2895.07307178523 -54.165520698011 400 0.0563913680381701 -0
139700 78116128.8304592 29566731.8331242 -2905.69472279366 -58.1717203606929 400 0.0571320138122901 -0
139900 77533916.8521509 29554690.389431 -2916.44707831343 -62.2558949284032 400 0.0578899020280542 -0
140100 76949541.0964594 29541824.1289735 -2927.33297694734 -66.4202650635304 400 0.0586656079005161 -0
140300 76362974.5636035 29528116.7835351 -2938.35534522575 -70.6671362713488 400 0.059459731684824 -0
140500 75774189.6594097 29513551.6149752 -2949.51720113975 -74.9989029887368 400 0.0602729000240588 -0
140700 75183158.1766531 29498111.3970138 -2960.82165784863 -79.4180529115541 400 0.0611057673836883 -0
140900 74589851.2756371 29481778.3961266 -2972.27192757174 -83.9271715770793 400 0.0619590175791239 -0
141100 73994239.4639766 29464534.3514951 -2983.87132567564 -88.5289472192101 400 0.0628333654034168 -0
141300 73396292.5755421 29446360.4539581 -2995.62327496803 -93.2261759155444 400 0.0637295583627413 -0
141500 72795979.7485246 29427237.3239025 -3007.53131021103 -98.0217670470042 400 0.0646483785279816 -0
141700 72193269.4025735 29407144.9880283 -3019.59908286673 -102.918749092355 400 0.0655906445114695 -0
141900 71588129.214962 29386062.8549206 -3031.83036608947 -107.920275781816 400 0.06655721357873 -0
142100 70980526.0957277 29363969.6893516 -3044.22905997968 -113.029632635965 400 0.0675489839059781 -0
142300 70370426.1617348 29340843.5852347 -3056.79919711572 -118.250243918367 400 0.0685668969950887 -0
142500 69757794.7096012 29316661.9371437 -3069.5449483809 -123.585680032751 400 0.0696119402588395 -0
142700 69142596.1874284 29291401.4103054 -3082.47062910425 -129.039665398226 400 0.070685149790419 -0
142900 68524794.165271 29265037.9089668 -3095.58070553513 -134.616086838944 400 0.0717876133325042 -0
143100 67904351.3042756 29237546.543029 -3108.87980167278 -140.319002527777 400 0.0729204734626709 -0
143300 67281229.3244167 29208901.5928337 -3122.37270647401 -146.152651527159 400 0.0740849310135071 -0
143500 66655388.9707508 29179076.4719783 -3136.06438146343 -152.121463974043 400 0.0752822487475893 -0
143700 66026789.9781067 29148043.6880244 -3149.95996877283 -158.230071960241 400 0.0765137553094592 -0
143900 65395391.0341218 29115774.8009574 -3164.06479963798 -164.483321164095 200 0.077780849478943 -0
144100 64761149.7405315 29082240.3792382 -3178.38440338368 -170.88628329464 200 0.0790850047526018 -0
144300 64124022.5726099 29047409.9532804 -3192.92451692969 -177.444269415154 200 0.0804277742828287 -0
144500 63483964.8366537 29011251.966168 -3207.69109485316 -184.162844219352 200 0.0818107962071477 -0
144700 62840930.6253957 28973733.7214167 -3222.69032004568 -191.047841340531 200 0.0832357994036616 -0
144900 62194872.7712231 28934821.3275623 -3237.92861500607 -198.105379781787 200 0.0847046097123911 -0
145100 61545742.7970712 28894479.6393427 -3253.41265381337 -205.341881564109 200 0.0862191566664849 -0
145300 60893490.8648491 28852672.1952207 -3269.14937482767 -212.764090698788 200 0.0877814807820434 -0
145500 60238065.7212493 28809361.1509692 -3285.14599417082 -220.379093601363 200 0.0893937414606285 -0
145700 59579414.6407779 28764507.2090194 -3301.41002004245 -228.194341076256 200 0.0910582255645312 -0
145900 58917483.3658337 28718069.5432431 -3317.94926793184 -236.21767201467 200 0.0927773567316124 -0
146100 58252216.043649 28670005.7188106 -3334.77187679074 -244.457338963216 200 0.0945537055041357 -0
146300 57583555.1598949 28620271.6067346 -3351.88632623768 -252.922035737506 200 0.0963900003545913 -0
146500 56911441.4687361 28568821.2926698 -3369.30145486989 -261.620927273659 200 0.0982891397012017 -0
146700 56235813.9191046 28515606.9795011 -3387.02647976559 -270.56368193172 200 0.100254205016782 -0
146900 55556609.5769486 28460578.883207 -3405.07101726585 -279.760506488625 200 0.102288475147066 -0
147100 54873763.5431867 28403685.1214326 -3423.4451051328 -289.222184084982 200 0.104395441968742 -0
147300 54187208.8670865 28344871.5941546 -3442.15922618911 -298.960115419897 200 0.106578827533528 -0
147500 53496876.4547558 28284081.8557545 -3461.2243335522 -308.986363522013 200 0.10884260286291 -0
147700 52802694.9724184 28221256.9777508 -3480.65187758636 -319.313702463182 200 0.111191008579112 -0
147900 52104590.7441166 28156335.4013597 -3500.45383470591 -329.955670424645 200 0.113628577581732 -0
148100 51402487.6434557 28089252.7789697 -3520.64273817413 -340.926627574807 200 0.116160160006928 -0
148300 50696306.9789762 28019941.8035175 -3541.23171105425 -352.241819273697 200 0.118790950737427 -0
148500 49985967.3727069 27948332.0246416 -3562.23450148198 -363.917445182943 200 0.121526519767828 -0
148700 49271384.6314163 27874349.6503711 -3583.66552044308 -375.970734932823 200 0.124372845771353 -0
148900 48552471.6100406 27797917.332964 -3605.53988225438 -388.420031081046 200 0.12733635326229 -0
149100 47829138.0667286 27718953.9373562 -3627.87344796237 -401.284880193144 200 0.1304239538041 -0
149300 47101290.5088954 27637374.2905059 -3650.68287189115 -414.586132983523 200 0.133643091777749 -0
149500 46368832.0296312 27553088.9097149 -3673.98565158859 -428.346054581812 200 0.13700179529988 -0
149700 45631662.1337583 27466003.7077857 -3697.80018143926 -442.588446133823 200 0.140508732967953 -0
149900 44889676.5527758 27376019.6726115 -3722.14581023137 -457.33877911347 200 0.144173277211588 -0
150100 44142767.0478698 27283032.5185031 -3747.0429029856 -472.624343915291 200 0.148005575148975 -0
150300 43390821.2001041 27186932.3062226 -3772.51290737305 -488.474414521421 200 0.152016627987531 -0
150500 42633722.1868402 27087603.0283068 -3798.57842506949 -504.920431297471 200 0.156218380173152 -0
150600 42253202.4735739 27036689.4674173 -3811.84189872733 -513.377386544144 200 0.158394783505793 -0
150700 41871348.543324 26984922.155774 -3825.26328840543 -521.996204267662 200 0.160623819687629 -0
150800 41488144.4459641 26932284.6768936 -3838.84577894389 -530.781518130136 200 0.162907293814155 -0
150900 41103573.9085306 26878760.1421046 -3852.5926427205 -539.738139620504 200 0.165247091122058 -0
151000 40717620.3263245 26824331.1723402 -3866.50724256226 -548.871066625567 200 0.167645181358513 -0
151100 40330266.7537165 26768979.8790492 -3880.59303476122 -558.185492498631 200 0.170103623433062 -0
151200 39941495.894645 26712687.8441744 -3894.85357219779 -567.686815659546 200 0.172624570373244 -0
151300 39551290.0927968 26655436.0991416 -3909.29250757447 -577.380649762576 200 0.175210274606927 -0
151400 39159631.3214582 26597205.1028036 -3923.91359676298 -587.272834471395 200 0.177863093596269 -0
151500 38766501.1730262 26537974.7182729 -3938.72070226777 -597.369446883599 200 0.180585495850401 -0
151600 38371880.848167 26477724.1885786 -3953.71779680847 -607.67681365054 200 0.183380067346294 -0
151700 37975751.14461 26416432.1110743 -3968.90896702379 -618.201523841962 200 0.186249518389872 -0
151800 37578092.445566 26354076.4105198 -3984.29841729921 -628.950442608965 200 0.189196690952302 -0
151900 37178884.7077558 26290634.3107545 -3999.89047372016 -639.930725703213 200 0.192224566519529 -0
152000 36778107.4490369 26226082.3048734 -4015.6895881524 -651.149834915116 200 0.195336274496605 -0
152100 36375739.7356168 26160396.1238104 -4031.70034245034 -662.615554498967 200 0.198535101212163 -0
152200 35971760.1688375 26093550.7032268 -4047.92745279392 -674.336008658777 200 0.201824499572604 -0
152300 35566146.8715216 26025520.1485949 -4064.37577415343 -686.319680174841 200 0.205208099420219 -0
152400 35158877.4738641 25956277.6983584 -4081.0503048813 -698.575430257975 200 0.208689718654595 -0
152500 34749929.0988598 25885795.6850415 -4097.95619142834 -711.112519725935 200 0.212273375182348 -0
152600 34339278.3472524 25814045.4941711 -4115.09873318105 -723.940631604852 200 0.215963299766487 -0
152700 33926901.2819943 25740997.5208619 -4132.48338741498 -737.069895267646 200 0.219763949853725 -0
152800 33512773.4122052 25666621.1239063 -4150.1157743573 -750.510912231423 200 0.22368002446574 -0
152900 33096869.67662 25590884.5771961 -4168.00168234993 -764.274783746938 200 0.227716480249002 -0
153000 32679164.4265149 25513755.0182895 -4186.14707310194 -778.373140325367 100 0.231878548787309 -0
153100 32259631.4081054 25435198.3939221 -4204.55808701723 -792.818173361084 100 0.236171755291793 -0
153200 31838243.7444075 25355179.4022438 -4223.24104858018 -807.622669023958 100 0.240601938794987 -0
153300 31414973.9165589 25273661.4315448 -4242.20247177789 -822.800044611061 100 0.245175273988721 -0
153400 30989793.744597 25190606.4952151 -4261.44906553351 -838.364387565803 100 0.249898294860343 -0
153500 30562674.3676945 25105975.1626593 -4280.98773911919 -854.330497392534 100 0.254777920298198 -0
153600 30133586.2238558 25019726.4858649 -4300.8256075117 -870.713930716881 100 0.259821481855707 -0
153700 29702499.029083 24931817.9212957 -4320.96999664572 -887.531049766681 100 0.265036753884015 -0
153800 29269381.7560236 24842205.2467539 -4341.42844851197 -904.799074575728 100 0.270431986266239 -0
153900 28834202.6121189 24750842.4728216 -4362.20872603694 -922.536139242894 100 0.276015940012378 -0
154000 28396929.017278 24657681.748459 -4383.31881766944 -940.761352612942 100 0.28179792600302 -0
154100 27957527.5811122 24562673.2602963 -4404.76694158569 -959.494863782946 100 0.28778784720288 -0
154200 27515964.0797713 24465765.1251154 -4426.56154940855 -978.7579328801 100 0.293996244702147 -0
154300 27072203.432438 24366903.2749704 -4448.71132931801 -998.573007603385 100 0.300434347985336 -0
154400 26626209.6775475 24266031.3343424 -4471.22520840789 -1018.96380607373 100 0.307114129874487 -0
154500 26177945.9488159 24163090.48867 -4494.11235411842 -1039.95540659554 100 0.314048366646824 -0
154600 25727374.4511796 24058019.3435297 -4517.38217454402 -1061.57434499763 100 0.321250703887346 -0
154700 25274456.4367706 23950753.773673 -4541.0443173803 -1083.84872029463 100 0.328735728705232 -0
154800 24819152.1810757 23841226.7610478 -4565.10866723302 -1106.80830949158 100 0.336519049020625 -0
154900 24361420.9594605 23729368.2208436 -4589.58534096249 -1130.48469244624 100 0.344617380716637 -0
155000 23901221.0242724 23615104.8145069 -4614.48468067986 -1154.91138780663 100 0.353048643551916 -0
155100 23438509.5827812 23498359.7485609 -4639.81724394356 -1180.12400115691 100 0.361832066843599 -0
155200 22973242.7762599 23379052.5579493 -4665.59379062432 -1206.16038663495 100 0.370988306061174 -0
155300 22505375.6605728 23257098.8724865 -4691.82526581251 -1233.06082343128 100 0.380539571621018 -0
155400 22034862.1887002 23132410.1648482 -4718.52277802983 -1260.86820874409 100 0.390509771342124 -0
155500 21561655.1957128 23004893.4783721 -4745.69757187431 -1289.62826895086 100 0.40092466821913 -0
155600 21085706.3868017 22874451.1327493 -4773.36099407068 -1319.38979096664 100 0.411812055392933 -0
155700 20606966.3290828 22740980.4054788 -4801.52445171073 -1350.20487599566 100 0.423201950456611 -0
155800 20125384.4480274 22604373.1867265 -4830.19936124561 -1382.12921814946 100 0.435126811530174 -0
155900 19640909.0295242 22464515.6049643 -4859.39708652679 -1415.22241070624 100 0.447621777877909 -0
156000 19153487.228769 22321287.6204726 -4889.12886387488 -1449.54828312569 100 0.460724938233912 -0
156100 18663065.0873935 22174562.58346 -4919.40571177645 -1485.17527231723 100 0.474477630452922 -0
156200 18169587.5605101 22024206.7531816 -4950.23832235419 -1522.17683209217 100 0.488924776624226 -0
156250 17921685.5381791 21947623.4296415 -4965.86625916897 -1541.21751235883 100 0.496423879613161 -0
156300 17672998.5556494 21870078.7739569 -4981.63693120669 -1560.63188519604 100 0.504115258389264 -0
156350 17423519.4464018 21791553.8331127 -4997.55152103376 -1580.43075242613 100 0.512005710879997 -0
156400 17173240.9860036 21712029.1038999 -5013.61116157816 -1600.62532299247 100 0.520102337885201 -0
156450 16922155.8947531 21631484.5120988 -5029.81692950487 -1621.2272315734 100 0.528412559174584 -0
156500 16670256.8406717 21549899.3907063 -5046.16983797524 -1642.24855817559 100 0.53694413056611 -0
156550 16417536.4428737 21467252.4571579 -5062.67082873417 -1663.70184876356 100 0.545705162051511 -0
156600 16163987.2753498 21383521.789492 -5079.3207634628 -1685.60013698498 100 0.554704137039932 -0
156650 15909601.8712037 21298684.8013983 -5096.12041432931 -1707.95696705528 100 0.563949932795824 -0
156700 15654372.7273814 21212718.2160916 -5113.07045366295 -1730.78641786849 100 0.573451842152713 -0
156750 15398292.3099416 21125598.0389487 -5130.17144267006 -1754.10312840532 100 0.583219596590375 -0
156800 15141353.0599152 21037299.5288402 -5147.42381910207 -1777.92232451347 100 0.593263390769216 -0
156850 14883547.3998104 20947797.1680876 -5164.82788377717 -1802.2598471394 100 0.603593908622474 -0
156900 14624867.7408216 20857064.6309708 -5182.38378584737 -1827.13218209517 100 0.614222351114037 -0
156950 14365306.4908103 20765074.7507069 -5200.09150669189 -1852.55649144867 100 0.625160465777406 -0
157000 14104856.0631264 20671799.4848174 -5217.95084230601 -1878.55064663014 100 0.636420578159581 -0
157050 13843508.8863527 20577209.8787944 -5235.96138404136 -1905.13326335271 100 0.648015625302394 -0
157100 13581257.415055 20481276.0279742 -5254.1224975389 -1932.32373844997 100 0.659959191403167 -0
157150 13318094.1416361 20383967.0375178 -5272.43329968002 -1960.14228873811 100 0.672265545806452 -0
157200 13054011.609394 20285250.9803967 -5290.89263336313 -1988.60999201574 100 0.684949683489106 -0
157250 12789002.4269014 20185094.8532712 -5309.49903989347 -2017.74883031919 100 0.698027368212013 -0
157300 12523059.2838297 20083464.5301486 -5328.25072875196 -2047.58173555611 100 0.711515178523387 -0
157350 12256174.9683552 19980324.7136964 -5347.14554448478 -2078.13263764511 100 0.725430556810813 -0
157400 11988342.3862991 19875638.8840835 -5366.18093042827 -2109.4265152934 50 0.739791861611894 -0
157450 11719554.5821663 19769369.2452144 -5385.35388895429 -2141.48944954842 50 0.754618423406524 -0
157500 11449804.7622671 19661476.6682123 -5404.66093788775 -2174.34868026315 50 0.769930604127445 -0
157550 11179086.3201202 19551920.6320044 -5424.09806271179 -2208.03266561697 50 0.785749860639525 -0
157600 10907392.8643612 19440659.1608508 -5443.66066413496 -2242.57114483595 50 0.802098812452228 -0
157650 10634718.2493969 19327648.758655 -5463.34350055017 -2277.99520425619 50 0.819001313943627 -0
157700 10361056.6090757 19212844.3398844 -5483.14062486459 -2314.33734687284 50 0.83648253138787 -0
157750 10086402.3936697 19096199.1569235 -5503.04531512458 -2351.63156551322 50 0.854569025090953 -0
157800 9810750.41049285 18977664.7236751 -5523.04999829785 -2389.91341976673 50 0.873288836951432 -0
157850 9534095.86851592 18857190.7352179 -5543.14616650691 -2429.22011679393 50 0.892671583772884 -0
157900 9256434.42737503 18734724.9833253 -5563.32428493197 -2469.59059612395 50 0.91274855666283 -0
157950 8977762.25121072 18610213.2676419 -5583.57369051762 -2511.06561853041 50 0.933552826857486 -0
158000 8698076.0678215 18483599.3023134 -5603.88248052461 -2553.6878590512 50 0.955119358312221 -0
158050 8417373.23366558 18354824.6178609 -5624.23738986526 -2597.50200418519 50 0.977485127392548 -0
158100 8135651.80530043 18223828.4580905 -5644.62365604721 -2642.55485325788 50 1.00068924998827 -0
158150 7852910.61791184 18090547.6718328 -5665.02487042468 -2688.8954238957 50 1.02477311635209 -0
158200 7569149.37165231 17954916.5993071 -5685.42281431809 -2736.57506148361 50 1.04978053393095 -0
158250 7284368.72658466 17816866.9529178 -5705.79727841043 -2785.64755239982 50 1.07575787841101 -0
158300 6998570.40711009 17676327.6923011 -5726.12586366142 -2836.16924072155 50 1.10275425313118 -0
158350 6711757.31685275 17533224.8934578 -5746.38376179744 -2888.1991479734 50 1.13082165693166 -0
158400 6423933.66507448 17387481.6118341 -5766.54351323487 -2941.7990953404 50 1.16001516038706 -0
158450 6135105.10580638 17239017.7392465 -5786.57474007722 -2997.033827586 50 1.19039309022234 -0
158500 5845278.89100709 17087749.8545869 -5806.44385159053 -3053.97113769509 50 1.22201722151496 -0
158550 5554464.03919425 16933591.0683036 -5826.11371930834 -3112.6819909955 50 1.25495297703998 -0
158600 5262671.52114434 16776450.8607209 -5845.54331864606 -3173.24064719155 50 1.28926963280354 -0
158650 4969914.4644194 16616234.9143486 -5864.6873336183 -3235.72477835743 50 1.32504052842038 -0
158700 4676208.37865699 16452844.9404431 -5883.49572095109 -3300.21558047716 50 1.36234328050675 -0
158750 4381571.40375262 16286178.5002117 -5901.91322957156 -3366.79787556648 50 1.40125999665961 -0
158800 4086024.58327294 16116128.821222 -5919.87887114248 -3435.56020075453 50 1.44187748685397 -0
158850 3789592.16566209 15942584.6097717 -5937.3253370002 -3506.5948799218 50 1.48428746818308 -0
158900 3492301.9360434 15765429.8602221 -5954.17835656076 -3579.99807256427 50 1.52858675775807 -0
158950 3194185.58167171 15584543.6625894 -5970.355991998 -3655.86979345803 50 1.57487744723508 -0
159000 2895279.09435739 15399800.0100397 -5985.76786379087 -3734.31389540725 50 1.62326705080364 -0
159050 2595623.21345611 15211067.6083592 -6000.31430161212 -3815.4380058423 50 1.6738686164976 -0
159100 2295263.91329629 15018209.6899731 -6013.88541502628 -3899.35340626012 50 1.7268007883199 -0
159150 1994252.93918869 14821083.8356891 -6026.36007862857 -3986.17484143339 50 1.7821878038379 -0
159200 1692648.39642298 14619541.8080532 -6037.60482665048 -4076.02024292067 50 1.84015940853473 -0
159225 1541643.59164636 14517066.7766573 -6042.72060660039 -4122.11456485948 50 1.87015643881251 -0
159250 1390515.39693519 14413429.4009999 -6047.4726527912 -4169.01034861438 50 1.90085066422533 -0
159275 1239273.16237385 14308609.4516782 -6051.84026074247 -4216.72304203172 50 1.93225974496839 -0
159300 1087926.76823948 14202586.3117429 -6055.80171197669 -4265.26819714674 50 1.96440162410097 -0
159325 936486.650923759 14095338.9743931 -6059.33422800966 -4314.66144573441 50 1.99729450773049 -0
159350 784963.830024177 13986846.0413197 -6062.41392281297 -4364.91847182232 50 2.03095684166423 -0
159375 633369.936642425 13877085.7217769 -6065.01575378579 -4416.05498089635 50 2.06540728415297 -0
159400 481717.242926599 13766035.8324678 -6067.11347128952 -4468.08666551106 50 2.10066467431989 -0
159425 330018.692892263 13653673.7983381 -6068.67956681802 -4521.02916699707 50 2.13674799583408 -0
159450 178287.934555348 13539976.6543785 -6069.6852198981 -4574.89803293765 50 2.17367633535349 -0
159475 26539.3534071988 13424921.0485478 -6070.10024383979 -4629.70867006623 50 2.21146883522556 -0
159500 -125211.892741268 13308483.2459339 -6069.89303048421 -4685.47629221549 50 2.25014463989589 -0
159525 -276949.837523419 13190639.134282 -6069.03049412938 -4742.21586292813 50 2.2897228354365 -0
159550 -428657.66837083 13071364.2310288 -6067.47801484996 -4799.94203231854 50 2.33022238156551 -0
159575 -580317.687445277 12950633.6919915 -6065.19938146842 -4858.66906775459 50 2.37166203549043 -0
159600 -731911.271143734 12828422.3218711 -6062.15673448005 -4918.4107779096 50 2.41406026686711 -0
159625 -883418.828179565 12704704.586743 -6058.3105092858 -4979.18042971698 50 2.45743516312823 -0
159650 -1034819.75625259 12579454.6287167 -6053.61938014336 -5040.9906577441 50 2.50180432439784 -0
159675 -1186092.39733175 12452646.2829615 -6048.04020530948 -5103.85336548931 50 2.54718474717453 -0
159700 -1337213.99158683 12324253.0973059 -6041.52797391614 -5167.77961809602 50 2.59359269593564 -0
159725 -1488160.63002008 12194248.3546318 -6034.03575519888 -5232.7795259729 50 2.64104356179018 -0
159750 -1638907.20586519 12062605.0982969 -6025.51465077889 -5298.86211880934 50 2.68955170729074 -0
159775 -1789427.36483962 11929296.1608327 -6015.91375079091 -5366.03520948204 50 2.73913029650617 -0
159800 -1939693.45435738 11794294.1961754 -6005.1800947468 -5434.30524736324 50 2.78979110945982 -0
159825 -2089676.47183282 11657571.7157022 -5993.25863813007 -5503.67716056543 50 2.84154434005548 -0
159850 -2239346.0122324 11519101.1283541 -5980.09222582928 -5574.15418669244 50 2.89439837664678 -7.69330555923814e-310
159875 -2388670.21506036 11378854.7851375 -5965.62157363769 -5645.73769171502 50 2.94835956446087 -2.33040499199459e-303
159900 -2537615.71099671 11236805.0283056 -5949.7852591726 -5718.42697665242 50 3.00343194916514 -6.29596576839074e-297
159925 -2686147.56844131 11092924.2455283 -5932.51972369899 -5792.21907182188 50 3.05961700097301 -1.5167563421469e-290
159950 -2834229.24025649 10947184.9293626 -5913.7592864778 -5867.10851851785 50 3.11691331882396 -3.23979411282907e-284
159975 -2981822.51104321 10799559.7423377 -5893.436173397 -5943.08713810514 50 3.17531631435 -6.09958386913765e-278
160000 -3128887.44533105 10650021.5879705 -5871.48056178241 -6020.14378865684 50 3.23481787556004 -1.00601114223202e-271
160025 -3275382.33711185 10498543.6880161 -5847.82064342104 -6098.26410944197 50 3.2954060104412 -1.44433353020707e-265
160050 -3421263.6611989 10345099.6662542 -5822.3827079606 -6177.43025377162 50 3.35706447099616 -1.79324166687632e-259
160075 -3566486.02694956 10189663.6390919 -5795.09124896967 -6257.62061094886 50 3.41977235861449 -1.91232682953488e-253
160100 -3711002.13494747 10032210.3132434 -5765.86909504949 -6338.80951833832 50 3.48350371211789 -1.73933204131512e-247
160125 -3854762.73730135 9872715.0907189 -5734.63756847517 -6420.96696487861 50 3.54822708032883 -1.33950421885374e-241
160150 -3997716.60228042 9711154.18131438 -5701.31667390434 -6504.05828770583 50 3.61390508159258 -8.6694115525744e-236
160175 -4139810.48407007 9547504.72275222 -5665.82531971756 -6588.04386393979 50 3.6804939533363 -4.67907974753387e-230
160200 -4280989.09849555 9381744.90856153 -5628.08157453987 -6672.87880010577 50 3.74794309547633 -2.08928156627765e-224
160225 -4421195.10562436 9213854.12372278 -5588.00296142641 -6758.51262212252 50 3.81619461228325 -7.65490164217741e-219
160250 -4560369.10021893 9043813.08802047 -5545.50679206853 -6844.88896927819 50 3.88518285818046 -2.28207711641281e-213
160275 -4698449.61106737 8871604.00695603 -5500.51054317913 -6931.94529613558 50 3.95483399387594 -5.48800713218296e-208
160300 -4835373.11027103 8697210.72996792 -5452.93227693741 -7019.61258684925 50 4.02506556019777 -1.05522410800844e-202
160325 -4971074.03361012 8520618.91558672 -5402.69110700226 -7107.81508693052 50 4.09578607800347 -1.60761644372343e-197
160350 -5105484.81314061 8341816.20302037 -5349.70771113133 -7196.47005805064 50 4.16689468353952 -1.92266745292215e-192
160375 -5238535.92319465 8160792.389518 -5293.90489085865 -7285.48756201134 25 4.23828080961156 -1.78815707955141e-187
160400 -5370155.94095928 7977539.61270132 -5235.208177982 -7374.77028052009 25 4.3098239238535 -1.28087926038973e-182
160425 -5500271.62279228 7792052.5368806 -5173.54648678443 -7464.21337786082 25 4.38139333621319 -6.99786525099381e-178
160450 -5628807.99739511 7604328.54219027 -5108.85280996286 -7553.70441392887 25 4.45284808845685 -2.88716891235041e-173
160475 -5755688.47689936 7414367.91518854 -5041.06495516009 -7643.12331537227 25 4.52403693898067 -8.90578180985178e-169
160500 -5880834.98683055 7222174.03937021 -4970.12631780335 -7732.3424127234 25 4.59479845644783 -2.03314763991856e-164
160525 -6004168.11578982 7027753.58384417 -4895.9866846545 -7821.22655138449 25 4.66496123568344 -3.40045908980779e-160
160550 -6125607.2855372 6831116.68823306 -4818.60306109404 -7909.63328411673 25 4.73434424879531 -4.12416533219592e-156
160575 -6245070.94196729 6632277.14166617 -4737.94051371939 -7997.41315224719 25 4.80275734358822 -3.59020583270158e-152
160600 -6362476.76724007 6431252.55356427 -4653.97301837242 -8084.41006212182 25 4.87000189994832 -2.2205145121317e-148
160625 -6477741.91306355 6228064.51376331 -4566.68430226466 -8170.46176237533 25 4.93587165295064 -9.658996415214e-145
160650 -6590783.25482481 6022738.73939968 -4476.06866749 -8255.400426342 25 5.00015368895671 -2.92543971779936e-141
160675 -6701517.66593195 5815305.20589013 -4382.13178196249 -8339.05334238885 25 5.06262961791211 -6.10841752343601e-138
160700 -6809862.31136669 5605798.25929236 -4284.89142275179 -8421.24371311699 25 5.12307692143996 -8.70806565470037e-135
160725 -6915734.95906102 5394256.70733455 -4184.37815597776 -8501.79156226376 25 5.18127047219801 -8.3954794702596e-132
160750 -7019054.30730833 5180723.88646019 -4080.63593693359 -8580.51474577887 25 5.23698421539965 -5.4236739288091e-129
160775 -7119740.32600907 4965247.70235447 -3973.72261399826 -8657.23006098729 25 5.2899929984992 -2.3270053107714e-126
160800 -7217714.60914321 4747880.64160417 -3863.71032023027 -8731.75444505256 25 5.34007452995211 -6.57425711003861e-124
160825 -7312900.73546794 4528679.75239714 -3750.68573735155 -8803.90625119329 25 5.38701144285215 -1.21313699710082e-121
160850 -7405224.6340729 4307706.59249037 -3634.75021816594 -8873.50658837435 25 5.43059343432129 -1.45095472613937e-119
160875 -7494614.95109791 4085027.14306564 -3516.01975532145 -8940.38070759384 25 5.47061944700089 -1.11677076223293e-117
160900 -7581003.4136453 3860711.68754366 -3394.62478671252 -9004.35941552612 25 5.50689985509283 -5.49494036178368e-116
160925 -7664325.18671074 3634834.65493479 -3270.70983069171 -9065.28049427127 25 5.53925861435123 -1.71802195830587e-114
160950 -7744519.21882658 3407474.42785592 -3144.43294756145 -9122.99010440736 25 5.56753533343639 -3.39477931713512e-113
160975 -7821528.57206821 3178713.11592707 -3015.96502746024 -9177.34414754181 25 5.59158722328833 -4.21939027770467e-112
161000 -7895300.73212494 2948636.29586235 -2885.48890863499 -9228.20956419014 25 5.61129088179012 -3.28536152264355e-111
161025 -7965787.89428643 2717332.72017158 -2753.19833407567 -9275.46554313203 25 5.62654387304202 -1.59722414796209e-110
161050 -8032947.22144473 2484893.99697373 -2619.29675843665 -9319.00461943503 25 5.63726606406436 -4.8358822728341e-110
161075 -8096741.07055763 2251414.24397301 -2483.99602093359 -9358.73364009254 25 5.64340068662251 -9.1017011662264e-110
161100 -8157137.184455 2016989.72014567 -2347.51490333638 -9394.57457866034 25 5.64491509798147 -1.06378493702991e-109
161125 -8214108.84638598 1781718.43911414 -2210.07759513892 -9426.46518332601 25 5.64180122154364 -7.71894110903421e-110
161150 -8267634.99528769 1545699.76853053 -2071.91209035339 -9454.35944640906 25 5.63407565623171 -3.47907722016429e-110
161175 -8317700.30039008 1309034.02004285 -1933.2485420526 -9478.22788724286 25 5.62177945184038 -9.75309914334718e-111
161200 -8364295.19443736 1071822.03456658 -1794.31760170185 -9498.05764458742 25 5.60497755605411 -1.70411579101397e-111
161225 -8407415.86548598 834164.767626534 -1655.34877044912 -9513.85237900989 25 5.58375794707091 -1.86109507370264e-112
161250 -8447064.20791176 596162.879470582 -1516.56878888153 -9525.63198988806 25 5.55823047345007 -1.27499027776355e-113
161275 -8483247.73390504 357916.334489168 -1378.20009034706 -9533.4321556887 25 5.52852542961868 -5.50275074610935e-115
161300 -8515979.44733577 119524.014212511 -1240.45934085262 -9537.30370980788 25 5.49479190117771 -1.50366276830341e-116
161325 -8545277.68241326 -118916.652190677 -1103.55608588383 -9537.31186741577 25 5.45719591855973 -2.61616023057172e-118
161350 -8571165.91003587 -357310.036408665 -967.691521366275 -9533.53532133309 25 5.41591846059077 -2.91631067795207e-120
161375 -8593672.51511362 -595562.635448474 -833.057402538111 -9526.06522691662 25 5.37115335105835 -2.09710567656563e-122
161400 -8612830.54844593 -833583.369553006 -699.835100868072 -9515.00409721794 25 5.32310509151663 -9.79977885041132e-125
161425 -8628677.45694392 -1071283.85160332 -568.194815470307 -9500.46463030066 25 5.27198667236092 -2.99933928516708e-127
161450 -8641254.79610258 -1308578.62658403 -438.294941866801 -9482.56849058673 25 5.21801740182684 -6.06239116148177e-130
161475 -8650607.92865647 -1545385.38023031 -310.281597544612 -9461.44506550251 25 5.16142078920257 -8.16278957982158e-133
161500 -8656785.71329917 -1781625.1164937 -184.288300645031 -9437.23021758278 25 5.1024225143995 -7.38802009715031e-136
161525 -8659840.1872199 -2017222.30394955 -60.4357953795662 -9410.06505065023 25 5.04124851133655 -4.53692891745424e-139
161550 -8659826.24602095 -2252104.99171138 61.1679845545034 -9380.09470681363 25 4.97812318757964 -1.90853937946005e-142
161575 -8656801.3243366 -2486204.8958102 180.427825159154 -9347.46720891418 25 4.9132677975548 -5.55390014881675e-146
161600 -8650825.08019103 -2719457.45733433 297.261025936362 -9312.33236079181 25 4.84689898161107 -1.12921926027956e-149
161625 -8641959.08581892 -2951801.87390576 411.597091287126 -9274.8407154275 25 4.77922747841012 -1.62039946528149e-153
161650 -8630266.52734056 -3183181.10629178 523.377333036789 -9235.14261872297 25 4.71045701369354 -1.65785868081629e-157
161675 -8615811.915342 -3413541.86211658 632.554397775951 -9193.38733447094 25 4.64078336452148 -1.22178259471704e-161
161700 -8598660.80807043 -3642834.55875038 739.091732529744 -9149.72225400179 25 4.57039359465151 -6.55249890199243e-166
161725 -8578879.54862208 -3871013.2675166 842.963001805415 -9104.29219210682 25 4.49946545386682 -2.58359346965052e-170
161750 -8556535.01718216 -4098035.64137647 944.151468372837 -9057.2387691612 25 4.42816693177319 -7.56592700042561e-175
161775 -8531694.39907809 -4323862.82822959 1042.64934925796 -9008.69987791954 25 4.35665595484873 -1.66228083896392e-179
161800 -8504424.96913241 -4548459.37191533 1138.45715742608 -8958.80923223763 25 4.2850802143149 -2.76751895911827e-184
161825 -8474793.89255354 -4771793.10291829 1231.58303854684 -8907.69599398456 25 4.21357711165336 -3.5261989026284e-189
161850 -8442868.04238161 -4993835.0206777 1322.04211110711 -8855.48447363913 25 4.14227380826738 -3.47197601832368e-194
161875 -8408713.83331408 -5214559.16928037 1409.85581700767 -8802.29389949857 50 4.07128736581586 -2.66719061547025e-199
161900 -8372397.07157154 -5433942.50818507 1495.05128867294 -8748.23825004806 50 4.00072496407405 -1.61367419766947e-204
161925 -8333982.8203264 -5651964.77948668 1577.66073764528 -8693.4261438231 50 3.9306841837357 -7.75991071401429e-210
161950 -8293535.28010582 -5868608.37308582 1657.72086864207 -8637.96078102427 50 3.86125334231166 -2.99284327710507e-215
161975 -8251117.68349211 -6083858.19098623 1735.27232213965 -8581.93993118956 50 3.79251187214895 -9.33928412641208e-221
162000 -8206792.20337783 -6297701.51180176 1810.35914771921 -8525.45596137458 50 3.72453073054516 -2.3783016785918e-226
162025 -8160619.87398641 -6510127.85641836 1883.02830967175 -8468.59589951307 50 3.65737283292909 -4.98388782666574e-232
162050 -8112660.52383999 -6721128.85562702 1953.32922571097 -8411.44152791179 50 3.59109350108483 -8.66448378193748e-238
162075 -8062972.71984202 -6930698.12042117 2021.31333908499 -8354.06950215807 50 3.52574091938897 -1.25954887074393e-243
162100 -8011613.72164099 -7138831.11553854 2087.03372390391 -8296.55149107022 50 3.46135659298635 -1.54279732037446e-249
162125 -7958639.44545152 -7345525.03672275 2150.54472310676 -8238.9543336888 50 3.39797580273536 -1.60415541376966e-255
162150 -7904104.43652725 -7550778.69208451 2211.90161817151 -8181.34020967929 50 3.33562805259702 -1.42609551776427e-261
162175 -7848061.84950601 -7754592.38785614 2271.16032941821 -8123.76681988647 50 3.27433750591656 -1.09152962977736e-267
162200 -7790563.43587873 -7956967.81875637 2328.3771455619 -8066.28757413984 50 3.21412340774803 -7.24148145484468e-274
162225 -7731659.53786939 -8157907.96311378 2383.60848103034 -8008.95178375394 50 3.15500049100101 -4.1912716111726e-280
162250 -7671399.08805122 -8357416.98283808 2436.91065946592 -7951.80485649281 50 3.09697936474374 -2.12968259650724e-286
162275 -7609829.61406521 -8555500.12827569 2488.3397217741 -7894.88849207141 50 3.04006688348317 -9.55791559406402e-293
162300 -7546997.24784774 -8752163.64794239 2537.95125705681 -7838.24087654818 50 2.98426649666192 -3.81088143374859e-299
162325 -7482946.73881624 -8947414.70308699 2585.80025477198 -7781.89687421961 50 2.92957857796973 -1.35751473475177e-305
162350 -7417721.4705025 -9141261.28700902 2631.94097648592 -7725.8882158611 50 2.87600073436902 -0
162375 -7351363.48016388 -9333712.14902662 2676.42684562785 -7670.24368236838 50 2.82352809498371 -0
162400 -7283913.48094178 -9524776.72296996 2719.31035371239 -7614.98928304066 50 2.77215358020508 -0
162425 -7215410.88617394 -9714465.06005838 2760.64298156264 -7560.14842791271 50 2.72186815153134 -0
162450 -7145893.83550329 -9902787.76600665 2800.47513414026 -7505.7420936887 50 2.67266104278575 -0
162475 -7075399.22245979 -10089755.9421962 2838.85608766799 -7451.78898295717 50 2.62451997345415 -0
162500 -7003962.7232234 -10275381.1307402 2875.83394781135 -7398.30567647661 50 2.57743134495286 -0
162525 -6931618.82630642 -10459675.2632685 2911.45561776886 -7345.30677841478 50 2.53138042068472 -0
162550 -6858400.86292085 -10642650.6132539 2945.76677520218 -7292.80505450467 50 2.48635149076918 -0
162575 -6784341.03782246 -10824319.7517053 2978.81185701832 -7240.81156314726 50 2.44232802234388 -0
162600 -6709470.46044664 -11004695.5060501 3010.63405109416 -7189.33577954649 50 2.39929279633426 -0
162625 -6633819.17617317 -11183790.9220347 3041.27529410903 -7138.38571300775 50 2.35722803157591 -0
162650 -6557416.19757677 -11361619.2284738 3070.77627472281 -7087.96801756772 50 2.31611549715404 -0
162675 -6480289.53553882 -11538193.8046834 3099.17644140494 -7038.08809615244 50 2.27593661379786 -0
162700 -6402466.23011166 -11713528.1504404 3126.51401428426 -6988.75019848262 50 2.23667254513585 -0
162725 -6323972.38104258 -11887635.8583125 3152.82600044887 -6939.95751296192 50 2.19830427958284 -0
162750 -6244833.17787743 -12060530.5882143 3178.14821218187 -6891.71225279489 50 2.16081270359196 -0
162775 -6165072.92957665 -12232226.0440454 3202.51528767022 -6844.01573658921 50 2.12417866696555 -0
162800 -6084715.09358691 -12402735.9522786 3225.96071377188 -6796.86846369982 50 2.0883830408792 -0
162825 -6003782.30432185 -12572074.0423673 3248.51685047102 -6750.27018457393 50 2.05340676923325 -0
162850 -5922296.40101378 -12740254.0288533 3270.21495669072 -6704.21996635358 50 2.01923091390671 -0
162875 -5840278.45490611 -12907289.5950564 3291.0852171706 -6658.71625398911 50 1.98583669445003 -0
162900 -5757748.7957634 -13073194.3782396 3311.15677014958 -6613.75692711115 50 1.95320552271553 -0
162925 -5674727.03768159 -13237981.956145 3330.45773562551 -6569.3393529025 50 1.92131903288883 -0
162950 -5591232.10418667 -13401665.8348038 3349.01524399071 -6525.46043520322 50 1.89015910734965 -0
162975 -5507282.2526146 -13564259.4375296 3366.85546486786 -6482.11666007407 50 1.85970789875799 -0
163000 -5422895.09776951 -13725776.0950087 3384.00363599337 -6439.30413803465 50 1.82994784873063 -0
163050 -5252876.26166201 -14045631.3813963 3416.32029313424 -6355.2556493732 50 1.77243252647844 -0
163100 -5081304.51743244 -14361336.1719491 3446.14956813318 -6273.27775759053 50 1.71747897864238 -0
163150 -4908299.90003489 -14672992.9852654 3473.66271796881 -6193.3294584096 50 1.66495840142359 -0
163200 -4733974.19077125 -14980702.2135328 3499.01877402953 -6115.36683462874 50 1.61474752062801 -0
163250 -4558431.50753598 -15284561.9960611 3522.36537721252 -6039.34380262823 50 1.56672866142246 -0
163300 -4381768.85428182 -15584668.1271839 3543.83957340166 -5965.21274337359 50 1.52078973834842 -0
163350 -4204076.63176125 -15881113.9931522 3563.56856664318 -5892.92503354554 50 1.47682418368377 -0
163400 -4025439.11169552 -16173990.5333776 3581.67042875385 -5822.43149053818 50 1.43473082896931 -0
163450 -3845934.87655836 -16463386.2220261 3598.25476516728 -5753.68274335672 50 1.39441375176794 -0
163500 -3665637.22715026 -16749387.0665264 3613.42333761924 -5686.62953991301 50 1.35578209742751 -0
163550 -3484614.56009395 -17032076.620045 3627.27064484878 -5621.22299985129 50 1.31874988370858 -0
163600 -3302930.71731209 -17311536.0054091 3639.88446289643 -5557.41482082848 50 1.28323579455667 -0
163650 -3120645.30946207 -17587843.9483244 3651.34634685018 -5495.15744510898 50 1.24916296799503 -0
163700 -2937814.01520546 -17861076.8180554 3661.73209605585 -5434.40419240098 50 1.21645878204289 -0
163750 -2754488.85808665 -18131308.6740127 3671.11218489482 -5375.10936404599 50 1.18505464168861 -0
163800 -2570718.46268902 -18398611.3169255 3679.55216125837 -5317.22832296263 50 1.15488576923358 -0
163850 -2386548.29163097 -18663054.3434855 3687.11301483008 -5260.71755312864 50 1.12589099974445 -0
163900 -2202020.86485947 -18924705.2035225 3693.85151723706 -5205.53470184941 50 1.09801258288406 -0
163950 -2017175.9625978 -19183629.2589218 3699.82053605792 -5151.63860759804 50 1.07119599201689 -0
164000 -1832050.81320669 -19439889.8436225 3705.06932458686 -5098.98931581133 50 1.04538974118538 -0
164050 -1646680.26712561 -19693548.3241489 3709.6437891552 -5047.54808468035 50 1.02054521031634 -0
164100 -1461096.95797345 -19944664.1602174 3713.58673570825 -4997.27738267645 50 0.996616478830665 -0
164150 -1275331.45180556 -20193294.9650445 3716.93809723042 -4948.14087929677 50 0.973560167683885 -0
164200 -1089412.38544716 -20439496.5650494 3719.73514350599 -4900.10343029268 50 0.951335289754211 -0
164250 -903366.594751204 -20683323.0587029 3722.01267460098 -4853.13105845496 50 0.929903108410115 -0
164300 -717219.233562168 -20924826.874324 3723.80319935197 -4807.19093086649 50 0.909227004027259 -0
164350 -530993.884105193 -21164058.8266661 3725.13710005275 -4762.25133339352 50 0.889272348179785 -0
164400 -344712.659462853 -21401068.1721742 3726.0427844401 -4718.28164306677 50 0.870006385200227 -0
164450 -158396.298748793 -21635902.6628183 3726.54682599461 -4675.25229890085 50 0.851398120782735 -0
164500 27935.7444611973 -21868608.5984397 3726.67409349331 -4633.13477161271 50 0.83341821729344 -0
164550 214265.219925168 -22099230.8775636 3726.4478706762 -4591.9015326246 50 0.816038895447815 -0
164600 400575.004283816 -22327813.0466502 3725.88996681999 -4551.52602267285 50 0.799233842016203 -0
164650 586849.029925978 -22554397.3477726 3725.02081894787 -4511.98262028888 50 0.782978123223963 -0
164700 773072.218769589 -22779024.7647204 3723.85958634525 -4473.24661037211 50 0.76724810352105 -0
164750 959230.420588979 -23001735.0675374 3722.42423799615 -4435.29415303473 50 0.75202136940631 -0
164800 1145310.35554889 -23222566.855512 3720.73163350483 -4398.1022528643 50 0.737276658003832 -0
164850 1331299.56063255 -23441557.5986433 3718.79759802059 -4361.64872872135 50 0.722993790101746 -0
164900 1517186.3396761 -23658743.6776129 3716.63699164104 -4325.91218416501 100 0.709153607377482 -0
164950 1702959.71674429 -23874160.4222944 3714.26377372981 -4290.87197857872 100 0.695737913547482 -0
165000 1888609.39260328 -24087842.1488392 3711.69106254896 -4256.508199051 100 0.682729419193285 -0
165050 2074125.70406572 -24299822.1953743 3708.93119057286 -4222.80163305142 100 0.670111690029744 -0
165100 2259499.58600058 -24510132.9563563 3705.99575582073 -4189.73374192953 100 0.657869098394626 -0
165150 2444722.53581662 -24718805.9156196 3702.8956695167 -4157.28663525451 100 0.645986777751973 -0
165200 2629786.58024293 -24925871.6781641 3699.6412003613 -4125.44304600444 100 0.634450580014238 -0
165250 2814684.2442439 -25131360.0007227 3696.24201567486 -4094.18630660714 100 0.623247035500274 -0
165300 2999408.52191811 -25335299.821153 3692.70721965215 -4063.50032582874 100 0.612363315357844 -0
165350 3183952.84924241 -25537719.2866933 3689.04538894803 -4033.36956650125 100 0.601787196290251 -0
165400 3368311.07853275 -25738645.7811268 3685.26460579611 -4003.77902407661 100 0.591507027437065 -0
165450 3552477.45450319 -25938105.9508932 3681.37248884612 -3974.71420599157 100 0.581511699268752 -0
165500 3736446.59181333 -26136125.7301887 3677.37622189071 -3946.16111182544 100 0.571790614364207 -0
165550 3920213.45400266 -26332730.3650932 3673.28258063875 -3918.10621423063 100 0.562333659948892 -0
165600 4103773.33371767 -26527944.4367628 3669.09795767971 -3890.53644061471 100 0.553131182079421 -0
165650 4287121.83414483 -26721791.8837249 3664.82838577217 -3863.43915555166 100 0.544173961368063 -0
165700 4470254.85156871 -26914296.0233117 3660.47955957898 -3836.80214389917 100 0.535453190147776 -0
165750 4653168.55898026 -27105479.5722664 3656.05685596205 -3810.61359459844 100 0.526960450985075 -0
165800 4835859.39066613 -27295364.6665563 3651.56535294083 -3784.86208513305 100 0.518687696454243 -0
165850 5018324.02771449 -27483972.8804246 3647.00984741048 -3759.53656662303 100 0.510627230092274 -0
165900 5200559.38437757 -27671325.2447124 3642.39487170822 -3734.62634953063 100 0.502771688459294 -0
165950 5382562.59523547 -27857442.2644807 3637.72470910977 -3710.12108995473 100 0.495114024234344 -0
166000 5564331.00310967 -28042343.9359613 3633.0034083311 -3686.01077649089 100 0.487647490281061 -0
166100 5927153.75476625 -28408578.7720139 3623.42249490567 -3638.93652968859 100 0.473262236268051 -0
166200 6289010.13019898 -28770180.1506844 3613.6803248457 -3593.32970204085 100 0.459567402929253 -0
166300 6649885.28831044 -29127291.3102223 3603.80212312545 -3549.12095260439 100 0.446518392168454 -0
166400 7009766.77581408 -29480048.769075 3593.81047185458 -3506.24517300249 100 0.434074159645135 -0
166500 7368644.27758847 -29828582.7336002 3583.72559706907 -3464.64118085192 100 0.422196882903536 -0
166600 7726509.39398355 -30173017.4763774 3573.56562175547 -3424.25143795174 100 0.410851664584674 -0
166700 8083355.44192367 -30513471.6874884 3563.34678943059 -3385.02179114469 100 0.400006266631526 -0
166800 8439177.27705386 -30850058.8009367 3553.08366200192 -3346.90123392622 100 0.389630871911898 -0
166900 8793971.13452207 -31182887.2981915 3542.78929512492 -3309.84168703305 100 0.379697870129466 -0
167000 9147734.4862896 -31512060.9906702 3532.47539383889 -3273.79779639049 100 0.370181665280564 -0
167100 9500465.91312073 -31837679.2828227 3522.15245089157 -3238.72674693633 100 0.361058502250428 -0
167200 9852164.98962772 -32159837.4173337 3511.82986984389 -3204.588090967 100 0.352306310434859 -0
167300 10202832.1809421 -32478626.7038346 3501.51607477347 -3171.34358977017 100 0.343904562527632 -0
167400 10552468.7497529 -32794134.7323954 3491.21860816004 -3138.957067417 100 0.335834146835522 -0
167500 10901076.6726012 -33106445.5729601 3480.94421833378 -3107.39427568694 100 0.328077251676128 -0
167600 11248658.5644481 -33415639.961793 3470.69893769307 -3076.62276918926 100 0.320617260582403 -0
167700 11595217.6106482 -33721795.4759099 3460.48815274705 -3046.61178982895 100 0.313438657185397 -0
167800 11940757.5055565 -34024986.696391 3450.31666690804 -3017.33215984032 100 0.306526938775863 -0
167900 12285282.3970876 -34325285.3613963 3440.18875684547 -2988.75618268086 100 0.299868537658602 -0
168000 12628796.8366175 -34622760.5096354 3430.1082231147 -2960.85755114057 100 0.293450749512802 -0
168100 12971305.733689 -34917478.6149845 3420.07843568883 -2933.61126207919 100 0.287261668058906 -0
168200 13312814.3150383 -35209503.7128867 3410.10237494671 -2906.99353725542 100 0.281290125409397 -0
168300 13653328.0875146 -35498897.5191183 3400.18266860575 -2880.98174975931 100 0.275525637548536 -0
168400 13992852.8045076 -35785719.5414606 3390.3216250313 -2855.55435560185 100 0.269958354445822 -0
168500 14331394.4355413 -36070027.1847704 3380.52126330455 -2830.69083005426 100 0.264579014360632 -0
168600 14668959.1387268 -36351875.8499074 3370.78334038749 -2806.37160836508 100 0.259378901942157 -0
168700 15005553.2357991 -36631319.0269372 3361.10937568552 -2782.57803051474 100 0.254349809770014 -0
168800 15341183.1894909 -36908408.3829985 3351.50067327415 -2759.29228969657 100 0.249484003017534 -0
168900 15675855.5830229 -37183193.8451932 3341.95834202756 -2736.49738423957 100 0.244774186952187 -0
169000 16009577.1015107 -37455723.6788296 3332.48331385997 -2714.17707271213 100 0.240213477016517 -0
169100 16342354.515109 -37726044.5613251 3323.07636026838 -2692.31583196784 100 0.235795371258603 -0
169200 16674194.6637329 -37994201.6520512 3313.73810734488 -2670.89881791423 100 0.231513724903976 -0
169300 17005104.44321 -38260238.6583834 3304.46904940856 -2649.9118288035 100 0.227362726881337 -0
169400 17335090.7927318 -38524197.898198 3295.26956139159 -2629.34127086064 200 0.223336878132609 -0
169500 17664160.6834875 -38786120.3590423 3286.13991009958 -2609.17412607931 200 0.219430971554188 -0
169600 17992321.1083713 -39046045.7541852 3277.08026445426 -2589.39792202965 200 0.21564007343081 -0
169700 18319579.0726671 -39304012.5757438 3268.09070481507 -2570.00070353455 200 0.211959506236523 -0
169800 18645941.5856239 -39560058.1450656 3259.17123146657 -2550.9710060823 200 0.208384832688964 -0
169900 18971415.6528402 -39814218.6605331 3250.32177234985 -2532.29783085399 200 0.204911840953657 -0
170000 19296008.2693879 -40066529.2429477 3241.54219010816 -2513.9706212535 200 0.201536530904516 -0
170100 19619726.4136083 -40317023.9786372 3232.83228851005 -2495.97924083663 200 0.198255101355208 -0
170200 19942577.0415221 -40565735.9604219 3224.19181830707 -2478.31395254389 200 0.195063938183748 -0
170300 20264567.0817991 -40812697.3265662 3215.62048257757 -2460.96539914861 200 0.191959603279535 -0
170400 20585703.4312381 -41057939.2978312 3207.11794160297 -2443.92458483905 200 0.188938824248347 -0
170500 20905992.9507134 -41301492.2127402 3198.68381731858 -2427.18285785886 200 0.18599848481637 -0
170600 21225442.4615465 -41543385.5611576 3190.31769737697 -2410.73189413627 200 0.183135615879495 -0
170700 21544058.7422658 -41783648.0162775 3182.01913885819 -2394.56368183723 200 0.180347387148672 -0
170800 21861848.5257216 -42022307.4651114 3173.78767165811 -2378.67050678273 200 0.177631099346322 -0
170900 22178818.4965246 -42259391.0375586 3165.622801583 -2363.04493867464 200 0.174984176912573 -0
171000 22494975.2887806 -42494925.134137 3157.52401317608 -2347.67981807855 200 0.172404161183532 -0
171100 22810325.4840949 -42728935.4524489 3149.49077229924 -2332.56824411583 200 0.16988870400693 -0
171200 23124875.6098244 -42961447.0124484 3141.52252849102 -2317.70356282039 200 0.167435561763291 -0
171300 23438632.137554 -43192484.1805772 3133.61871712021 -2303.07935611882 200 0.165042589763408 -0
171400 23751601.4817795 -43422070.6928271 3125.77876135234 -2288.68943139553 200 0.162707736995196 -0
171500 24063789.9987789 -43650229.6767871 3118.00207394518 -2274.52781160704 200 0.160429041195201 -0
171600 24375203.9856543 -43876983.672728 3110.28805888759 -2260.5887259122 200 0.158204624221948 -0
171700 24685849.6795312 -44102354.6537744 3102.63611289503 -2246.86660078725 200 0.156032687710136 -0
171900 25304860.8330807 -44549032.7429109 3087.51598666294 -2220.05187458514 200 0.151839437228333 -0
172100 25920872.1350655 -44990429.099784 3072.63677241381 -2194.04268138903 200 0.147836349103947 -0
172300 26533931.2719472 -45426700.9593582 3057.9935065753 -2168.80072965988 200 0.144011521641142 -0
172500 27144084.9358456 -45857998.1462574 3043.58121366347 -2144.29017357623 200 0.14035399231032 -0
172700 27751378.8246135 -46284463.5441945 3029.39493008248 -2120.47741911356 200 0.136853649047568 -0
