0 314159000 0 -1178.14530614199 227.977274340245 100 0.00403837820768556 -0
100 314041165.272445 22797.7269453247 -1178.54929548132 227.977259676501 200 0.00404140932067785 -0
300 313805374.544689 68393.1690923107 -1179.35818458872 227.977142168194 400 0.00404748479365197 -0
700 313333307.147116 159583.923846269 -1180.97961685878 227.976552568276 800 0.00405968898719167 -0
1500 312387221.734671 341964.249054163 -1184.23719711841 227.973940003636 1600 0.00408431246316436 -0
3100 310487193.044996 706714.741755135 -1190.81202913084 227.962858692061 1600 0.00413443690960257 -0
4700 308576579.968825 1071441.10423941 -1197.46799953366 227.943728266259 1600 0.00418576500527038 -0
6300 306655251.134552 1436130.21940519 -1204.20705713048 227.916248378947 1600 0.00423833874713435 -0
7900 304723071.998523 1800768.47885251 -1211.03121868251 227.880105134552 1600 0.00429220206499735 -0
9500 302779904.733827 2165341.76061708 -1217.94257203294 227.834970345354 1600 0.00434740093233457 -0
11100 300825608.113951 2529835.40567554 -1224.94327941016 227.780500738837 1600 0.00440398348476453 -0
12700 298860037.390992 2894234.19314086 -1232.03558092233 227.716337112514 1600 0.00446200014677143 -0
14300 296883044.168115 3258522.31406086 -1239.22179825633 227.642103432145 1600 0.00452150376735154 -0
15900 294894476.26593 3622683.34372552 -1246.5043385958 227.557405868905 1600 0.00458254976531992 -0
17500 292894177.582403 3986700.21238185 -1253.8856987735 227.461831770659 1600 0.00464519628508334 -0
19100 290881987.945929 4350555.17424651 -1261.36846967514 227.354948562074 1600 0.00470950436376254 -0
20700 288857742.961147 4714229.77469791 -1268.95534091278 227.236302567776 1600 0.00477553811063277 -0
22300 286821273.847048 5077704.81551957 -1276.64910578772 227.105417752263 1600 0.00484336489994662 -0
23900 284772407.266893 5440960.31805631 -1284.4526665644 226.961794369649 1600 0.00491305557830868 -0
25500 282710965.149437 5803975.48413272 -1292.36904007881 226.804907515682 1600 0.00498468468788943 -0
27100 280636764.500885 6166728.65457134 -1300.40136370678 226.634205573739 1600 0.00505833070689653 -0
28700 278549617.206998 6529197.26513356 -1308.55290172012 226.449108545674 1600 0.00513407630886785 -0
30300 276449329.824699 6891357.79969109 -1316.82705206071 226.249006257515 1600 0.00521200864251373 -0
31900 274335703.362482 7253185.74041923 -1325.22735356576 226.033256428994 1600 0.00529221963401839 -0
33500 272208533.048878 7614655.5147844 -1333.75749368031 225.801182594751 1600 0.00537480631391495 -0
35100 270067608.088166 7975740.43907807 -1342.42131669651 225.55207186385 1600 0.00545987117087715 -0
36700 267912711.402442 8336412.65822692 -1351.22283256305 225.285172502804 1600 0.00554752253502873 -0
38300 265743619.359123 8696643.0815837 -1360.16622631204 224.999691325773 1600 0.00563787499366036 -0
39900 263560101.482819 9056401.31437636 -1369.25586815573 224.694790873854 1600 0.00573104984257009 -0
41500 261361920.150496 9415655.58446201 -1378.49632431005 224.369586363384 1600 0.00582717557661078 -0
43100 259148830.268681 9774372.66399872 -1387.89236860819 224.02314238104 1600 0.00592638842344349 -0
44700 256920578.93142 10132517.7856106 -1397.44899497362 223.654469300963 1600 0.0060288329249654 -0
46300 254676905.057539 10490054.5525797 -1407.17143082911 223.262519396415 1600 0.0061346625714141 -0
47900 252417539.005636 10846944.8425521 -1417.06515152642 222.84618261527 1600 0.0062440404937543 -0
49500 250142202.165121 11203148.7041932 -1427.13589589024 222.404281985105 1600 0.0063571402206416 -0
51100 247850606.521416 11558624.2461695 -1437.38968298017 221.935568609614 1600 0.00647414650704138 -0
52700 245542454.193294 11913327.5177696 -1447.83283018567 221.438716213502 1600 0.00659525624247623 -0
53500 244382073.366137 12090375.2230416 -1453.12747437046 221.179300809128 1600 0.00665741499294893 -0
54300 243217436.94004 12267212.3803924 -1458.47197278097 220.912315187947 1600 0.00672067944790194 -0
55100 242048504.680085 12443832.8579286 -1463.86720796711 220.637569060369 1600 0.00678507809146285 -0
55900 240875235.636322 12620230.3691188 -1469.31408508649 220.354866081843 1600 0.00685064037136482 -0
56700 239697588.125377 12796398.467855 -1474.81353266461 220.064003614857 1600 0.00691739673941385 -0
57500 238515519.711447 12972330.5433192 -1480.36650338679 219.764772479708 1600 0.00698537869399065 -0
58300 237328987.186643 13148019.8146461 -1485.97397492347 219.45695669343 1600 0.00705461882470625 -0
59100 236137946.550658 13323459.3253722 -1491.63695079035 219.140333196207 1600 0.00712515085933895 -0
59900 234942352.989739 13498641.9376601 -1497.35646124548 218.814671564592 1600 0.00719700971318849 -0
60700 233742160.854919 13673560.3262883 -1503.13356422485 218.479733710756 1600 0.00727023154099282 -0
61500 232537323.639485 13848206.972395 -1508.96934631869 218.135273566995 1600 0.00734485379156279 -0
62300 231327793.955654 14022574.1569621 -1514.86492379051 217.781036754629 1600 0.00742091526530085 -0
63100 230113523.510409 14196653.9540289 -1520.82144364109 217.416760236407 1600 0.0074984561747815 -0
63900 228894463.080467 14370438.2236208 -1526.84008471996 217.042171951429 1600 0.00757751820858377 -0
64700 227670562.486344 14543918.6043772 -1532.9220588866 216.656990431578 1600 0.00765814459857957 -0
65500 226441770.565459 14717086.5058668 -1539.0686122244 216.260924398353 1600 0.00774038019089641 -0
66300 225208035.144253 14889933.1005706 -1545.28102630993 215.853672338924 1600 0.00782427152078878 -0
67100 223969303.009271 15062449.3155179 -1551.56061954074 215.43492206016 1600 0.00790986689166955 -0
67900 222725519.877147 15234625.8235555 -1557.9087485248 215.004350219282 1600 0.00799721645857145 -0
68700 221476630.363465 15406453.0342323 -1564.32680953508 214.561621829709 1600 0.0080863723163287 -0
69500 220222577.950417 15577921.0842779 -1570.81624003297 214.106389740552 1600 0.0081773885927904 -0
70300 218963304.95322 15749019.8276536 -1577.37852026428 213.638294088106 1600 0.00827032154740135 -0
71100 217698752.48523 15919738.8251529 -1584.01517493209 213.156961717579 1600 0.00836522967551121 -0
71900 216428860.421672 16090067.3335267 -1590.72777495094 212.662005573155 1600 0.00846217381880092 -0
72700 215153567.361945 16259994.2941075 -1597.5179392869 212.153024054347 1600 0.00856121728224559 -0
73500 213872810.590414 16429508.3209045 -1604.38733688876 211.62960033648 1600 0.00866242595806597 -0
74300 212586526.035621 16598597.6881392 -1611.33768871562 211.091301652913 1600 0.00876586845715645 -0
75100 211294648.227828 16767250.3171918 -1618.37076986671 210.537678536509 1600 0.00887161624851668 -0
75900 209997110.25482 16935453.7629226 -1625.48841181959 209.968264017611 1600 0.00897974380725644 -0
76700 208693843.715869 17103195.1993343 -1632.69250478333 209.382572775598 1600 0.00909032877178997 -0
77500 207384778.673766 17270461.4045346 -1639.98500017385 208.780100240865 1600 0.0092034521108868 -0
78300 206069843.604821 17437238.7449612 -1647.36791321882 208.160321643822 800 0.00931919830130142 -0
79100 204748965.34673 17603513.158822 -1654.84332570048 207.522691007231 800 0.00943765551676539 -0
79900 203422069.044182 17769270.1387061 -1662.41338884497 206.866640077921 800 0.0095589158291914 -0
80700 202089078.092098 17934494.7133142 -1670.08032636765 206.191577193579 800 0.00968307542301237 -0
81500 200749914.076366 18099171.4282551 -1677.84643768447 205.496886079987 800 0.0098102348236583 -0
82300 199404496.71194 18263284.3258502 -1685.7141013002 204.781924573675 800 0.00994049914126148 -0
83100 198052743.778146 18426816.9238847 -1693.68577838536 204.046023264545 800 0.0100739783307776 -0
83900 196694571.051056 18589752.193239 -1701.76401655427 203.28848405258 800 0.0102107874698162 -0
84700 195329892.232749 18752072.534329 -1709.95145385791 202.508578612219 800 0.0103510470555909 -0
85500 193958618.877291 18913759.7522782 -1718.25082300617 201.705546757449 800 0.0104948833225296 -0
86300 192580660.313234 19074795.0307404 -1726.66495583545 200.878594700065 800 0.0106424285822264 -0
87100 191195923.562443 19235158.9042831 -1735.19678803844 200.026893192864 800 0.0107938215875737 -0
87900 189804313.255027 19394831.2292364 -1743.84936417487 199.149575548821 800 0.0109492079230899 -0
88700 188405731.540138 19553791.1529046 -1752.62584298302 198.245735526501 800 0.0111087404236461 -0
89500 187000077.992403 19712017.0810294 -1761.52950301383 197.314425071041 800 0.0112725796240127 -0
90300 185587249.513698 19869486.6433834 -1770.56374861096 196.354651899094 800 0.011440894241881 -0
91100 184167140.230005 20026176.6573658 -1779.73211626249 195.365376915022 800 0.0116138616972802 -0
91900 182739641.383021 20182063.0894589 -1789.03828135187 194.345511444436 800 0.0117916686715997 -0
92700 181304641.216199 20337121.0143924 -1798.48606533836 193.293914269862 800 0.0119745117097558 -0
93500 179862024.854862 20491324.5718531 -1808.07944339958 192.209388451827 800 0.0121625978694032 -0
94300 178411674.180011 20644646.9205581 -1817.82255257222 191.090677917058 800 0.0123561454214965 -0
95100 176953467.695396 20797060.1894995 -1827.71970042964 189.93646379365 800 0.0125553846069634 -0
95900 175487280.387431 20948535.4261492 -1837.77537433899 188.74536047106 800 0.0127605584547553 -0
96700 174012983.577446 21099042.5413921 -1847.99425134448 187.51591136054 800 0.0129719236671105 -0
97500 172530444.765766 21248550.2509406 -1858.38120872753 186.246584329109 800 0.0131897515785066 -0
98300 171039527.467061 21397026.0129546 -1868.94133529963 184.935766777394 800 0.0134143291954917 -0
99100 169540091.036336 21544435.9615717 -1879.67994348903 183.58176032851 800 0.0136459603253948 -0
99900 168031990.484923 21690744.8360194 -1890.60258228833 182.182775091675 800 0.0138849668028264 -0
100700 166515076.285737 21835915.9049563 -1901.71505113672 180.736923460324 800 0.0141316898239078 -0
101500 164989194.167035 21979910.8856504 -1913.02341481811 179.242213400062 800 0.014386491399331 -0
102300 163454184.893814 22122689.8575664 -1924.53401946438 177.69654117684 800 0.0146497559386696 -0
103100 161909884.03593 22264211.1698952 -1936.25350976265 176.097683470164 800 0.0149218919798555 -0
103900 160356121.721942 22404431.3425059 -1948.18884747544 174.443288809782 800 0.015203334079436 -0
104700 158792722.377568 22543304.9597552 -1960.34733139423 172.730868267227 800 0.0154945448811624 -0
105500 157219504.447564 22680784.5565263 -1972.73661886015 170.957785325444 800 0.015796017382667 -0
106300 155636280.099705 22816820.4958059 -1985.36474899992 169.121244840614 800 0.0161082774225129 -0
107100 154042854.909449 22951360.8370366 -1998.24016784159 167.218280999824 800 0.0164318864127869 -0
107900 152439027.523683 23084351.1943978 -2011.37175549349 165.245744166394 800 0.0167674443457241 -0
108700 150824589.301838 23215734.5840776 -2024.76885559034 163.200286491115 800 0.0171155931066675 -0
109500 149199323.93247 23345451.2594953 -2038.44130723462 161.078346152201 800 0.0174770201300548 -0
110300 147563007.0232 23473438.533316 -2052.39947968799 158.876130068999 800 0.0178524624402021 -0
111100 145915405.661707 23599630.5849686 -2066.65431009814 156.589594914195 800 0.0182427111245238 -0
111500 145087298.081477 23662031.92586 -2073.8965552118 155.413370620776 800 0.0184436510643907 -0
111900 144256277.945162 23723958.2522049 -2081.21734457966 154.2144262265 800 0.0186486162936531 -0
112300 143422313.527344 23785400.3595249 -2088.61822396613 152.992176283913 800 0.0188577232021725 -0
112700 142585372.475574 23846348.8051999 -2096.10078301788 151.746015394853 800 0.0190710925907553 -0
113100 141745421.7925 23906793.900319 -2103.666656896 150.475317356594 800 0.0192888498784959 -0
113500 140902427.817319 23966725.7011802 -2111.31752798343 149.179434263801 800 0.0195111253217852 -0
113900 140056356.206531 24026134.0004225 -2119.05512767187 147.857695563579 800 0.0197380542457465 -0
114300 139207171.913971 24085008.317769 -2126.88123823251 146.509407060748 800 0.0199697772889266 -0
114700 138354839.170063 24143337.8903626 -2134.79769477527 145.133849870245 800 0.0202064406621244 -0
115100 137499321.460279 24201111.6626715 -2142.80638730167 143.730279313357 800 0.0204481964223115 -0
115500 136640581.502754 24258318.2759404 -2150.90926285662 142.297923754226 800 0.0206952027626737 -0
115900 135778581.225024 24314946.0571651 -2159.10832778478 140.835983372828 800 0.0209476243198781 -0
116300 134913281.739833 24370983.0075619 -2167.40565009761 139.343628870331 800 0.0212056324997628 -0
116700 134044643.319976 24426416.7905052 -2175.80336195778 137.820000102459 800 0.0214694058227371 -0
117100 133172625.372119 24481234.7189036 -2184.30366228749 136.264204636118 800 0.0217391302902862 -0
117500 132297186.409555 24535423.7419815 -2192.90881950862 134.675316224239 800 0.0220149997740852 -0
117900 131418284.023829 24588970.4314349 -2201.62117442218 133.052373193352 800 0.0222972164293521 -0
118300 130535874.855188 24641860.9669222 -2210.44314323599 131.394376738012 800 0.0225859911342033 -0
118700 129649914.561786 24694081.1208543 -2219.37722074933 129.700289115751 800 0.0228815439569216 -0
119100 128760357.787584 24745616.2424409 -2228.42598370463 127.969031735687 800 0.023184104653208 -0
119500 127867158.128873 24796451.24095 -2237.59209431641 126.19948313343 800 0.0234939131956664 -0
119900 126970268.099345 24846570.5681338 -2246.87830398895 124.390476824295 800 0.0238112203379605 -0
120300 126069639.093647 24895958.1997689 -2256.28745723458 122.540799026209 800 0.0241362882162972 -0
120700 125165221.349309 24944597.6162596 -2265.82249580565 120.649186242969 800 0.0244693909911211 -0
121100 124256963.906994 24992471.7822436 -2275.48646305412 118.71432269776 800 0.0248108155321635 -0
121500 123344814.568939 25039563.12514 -2285.28250853377 116.734837605995 800 0.0251608621502671 -0
121900 122428719.855515 25085853.5125722 -2295.21389286122 114.709302275584 800 0.0255198453797217 -0
122300 121508624.95978 25131324.2285945 -2305.28399285323 112.636227021768 800 0.025888094815185 -0
122700 120584473.699928 25175955.9486446 -2315.49630695898 110.514057882526 400 0.0262659560076418 -0
123100 119656208.469493 25219728.7131405 -2325.85446100774 108.341173119308 400 0.0266537914242705 -0
123500 118723770.185192 25262621.8996319 -2336.36221429385 106.115879486578 400 0.027051981477548 -0
123900 117787098.232265 25304614.1934099 -2347.02346602262 103.836408252088 400 0.0274609256294329 -0
124300 116846130.407154 25345683.5564718 -2357.84226214301 101.500910948247 400 0.0278810435770342 -0
124700 115900802.857374 25385807.1947297 -2368.82280259466 99.1074548331138 400 0.0283127765267988 -0
125100 114951050.018389 25424961.5233405 -2379.96944899961 96.6540180375714 400 0.0287565885649498 -0
125500 113996804.547328 25463122.1300287 -2391.28673283125 94.1384843730567 400 0.0292129681326815 -0
125900 113037997.253319 25500263.736259 -2402.77936409609 91.5586377717891 400 0.0296824296154816 -0
126300 112074557.024254 25536360.1561077 -2414.45224056696 88.9121563287618 400 0.0301655150569137 -0
126700 111106410.749734 25571384.2526637 -2426.3104576095 86.1966059117812 400 0.0306627960082678 -0
127100 110133483.239962 25605307.891783 -2438.35931864786 83.4094333025364 400 0.031174875526687 -0
127500 109155697.140313 25638101.8929976 -2450.60434631925 80.5479588280068 400 0.0317023903357261 -0
127900 108172972.841296 25669735.977369 -2463.05129437193 77.6093684374257 400 0.0322460131638008 -0
128300 107185228.383592 25700178.712052 -2475.70616036589 74.5907051754588 400 0.0328064552776816 -0
128700 106192379.357853 25729397.4513193 -2488.57519924132 71.4888599971718 400 0.0333844692300864 -0
129100 105194338.798876 25757358.2737696 -2501.66493782594 68.300561864673 400 0.0339808518425643 -0
129500 104191017.073779 25784025.9154205 -2514.98219035906 65.022367058955 400 0.03459644744728 -0
129900 103182321.763753 25809363.6983564 -2528.5340751181 61.6506476333285 400 0.0352321514140281 -0
130300 102168157.538917 25833333.4545731 -2542.32803224123 58.1815789268351 400 0.0358889139918895 -0
130700 101148426.025803 25855895.4446243 -2556.37184284966 54.6111260470302 400 0.0365677444984317 -0
131100 100123025.666895 25877008.2706393 -2570.67364958317 50.9350292213949 400 0.0372697158933126 -0
131500 99091851.5716707 25896628.7832354 -2585.24197867443 47.1487879052121 400 0.0379959697776477 -0
131900 98054795.358463 25914711.9818052 -2600.08576370026 43.2476435208402 400 0.038747721865624 -0
132300 97011744.9864759 25931210.9076022 -2615.21437116321 39.2265606887181 400 0.039526267980684 -0
132700 95962584.5771651 25946076.5289916 -2630.63762807245 35.0802067938904 400 0.0403329906352854 -0
133100 94907194.2241587 25959257.6181662 -2646.36585171186 30.8029297130564 400 0.0411693662608789 -0
133500 93845449.7907979 25970700.6185522 -2662.40988180361 26.3887335057801 400 0.0420369731635222 -0
133900 92777222.6942957 25980349.5020492 -2678.78111529881 21.8312518491492 400 0.042937500290622 -0
134300 91702379.6754101 25988145.6151504 -2695.49154405298 17.1237189673669 400 0.0438727569059096 -0
134700 90620782.5524247 25994027.5128886 -2712.55379567388 12.2589377759566 400 0.0448446832831532 -0
135100 89532287.9581011 25997930.7794301 -2729.98117786261 7.22924492379144 400 0.0458553625446172 -0
135500 88436747.0581377 25999787.8340061 -2747.78772660717 2.02647237426865 400 0.0469070337882527 -0
135900 87334005.2495147 25999527.7207174 -2765.98825863064 -3.35809488128413 400 0.0480021066684974 -0
136300 86223901.8369339 25997075.8805751 -2784.59842854581 -8.93376544054661 400 0.0491431776199052 -0
136700 85106269.685372 25992353.9039414 -2803.63479122381 -14.7104929644416 400 0.0503330479412554 -0
137100 83980934.8465494 25985279.2613106 -2823.11486994896 -20.6989331102685 400 0.0515747439910865 -0
137500 82847716.1568738 25975765.0101119 -2843.05723100527 -26.9105066120962 400 0.0528715397846864 -0
137700 82278091.6754347 25970064.5769255 -2853.20787452257 -30.1037636246923 400 0.0535416971062772 -0
137900 81706424.8040851 25963719.4748862 -2863.48156542097 -33.3574692954411 400 0.0542269823286823 -0
138100 81132690.6695044 25956717.4477556 -2873.88095554103 -36.673298857171 400 0.0549278861508151 -0
138300 80556863.8598586 25949045.898056 -2884.40877871744 -40.0529899457371 400 0.0556449200832341 -0
138500 79978918.4080728 25940691.8742986 -2895.06785408744 -43.4983455372957 400 0.0563786175413641 -0
138700 79398827.7744264 25931642.0576083 -2905.86108956432 -47.0112370533018 400 0.0571295350073739 -0
138900 78816564.8284361 25921882.7477089 -2916.79148548564 -50.593607644522 400 0.0578982532657408 -0
139100 78232101.8299906 25911399.8482334 -2927.8621384467 -54.2474756662332 400 0.0586853787179532 -0
139300 77645410.4096999 25900178.8513183 -2939.07624533042 -57.9749383577334 400 0.0594915447822615 -0
139500 77056461.5484172 25888204.8214407 -2950.43710754568 -61.7781757403309 400 0.0603174133848974 -0
139700 76465225.5558915 25875462.3784535 -2961.94813548697 -65.659454749114 400 0.0611636765497333 -0
139900 75871672.0485051 25861935.6797675 -2973.61285322909 -69.6211336150387 400 0.0620310580939632 -0
140100 75275769.9260477 25847608.4016332 -2985.43490347172 -73.6656665152269 400 0.0629203154380556 -0
140300 74677487.3474745 25832463.7194617 -2997.41805274958 -77.7956085108425 400 0.0638322415389647 -0
140500 74076791.7055949 25816484.287129 -3009.56619692541 -82.0136207935288 400 0.0647676669563939 -0
140700 73473649.6006329 25799652.2151978 -3021.88336698384 -86.3224762631622 400 0.065727462062799 -0
140900 72868026.8125966 25781949.0479887 -3034.3737351459 -90.7250654616123 400 0.0667125394088027 -0
141100 72259888.272391 25763355.7394267 -3047.04162132532 -95.2244028893299 400 0.0677238562567747 -0
141300 71649198.0316041 25743852.6275835 -3059.89149994933 -99.8236337339147 400 0.0687624172965346 -0
141500 71035919.2308896 25723419.4078311 -3072.92800716854 -104.526041042387 400 0.0698292775584617 -0
141700 70420014.0668667 25702035.1045126 -3086.1559484823 -109.335053371702 400 0.0709255455407643 -0
141900 69801443.7574516 25679678.0410327 -3099.58030680804 -114.254252955172 400 0.0720523865692922 -0
142100 69180168.505527 25656325.8082596 -3113.20625102548 -119.287384425861 400 0.0732110264100852 -0
142300 68556147.4608538 25631955.2311234 -3127.03914502887 -124.438364141833 400 0.0744027551568611 -0
142500 67929338.6801173 25606542.3332842 -3141.08455732333 -129.711290162297 200 0.0756289314178804 -0
142700 67299699.0849978 25580062.2997363 -3155.34827120417 -135.110452928301 200 0.0768909868291208 -0
142900 66667184.4181424 25552489.4372006 -3169.83629556141 -140.640346706783 200 0.0781904309234688 -0
143100 66031749.1969104 25523797.1321467 -3184.55487635517 -146.305681862425 200 0.0795288563887404 -0
143300 65393346.6647519 25493957.8062719 -3199.51050881157 -152.111398028079 200 0.0809079447508095 -0
143500 64751928.7400712 25462942.8692496 -3214.70995039289 -158.06267825152 200 0.0823294725220106 -0
143700 64107445.9624135 25430722.6685444 -3230.16023460066 -164.164964204071 200 0.08379531785933 -0
143900 63459847.4358026 25397266.4360703 -3245.86868567502 -170.423972545335 200 0.0853074677817929 -0
144100 62809080.7690435 25362542.2314533 -3261.84293425999 -176.845712547917 200 0.0868680260019457 -0
144300 62155092.0127888 25326516.8816322 -3278.09093410974 -183.43650509687 200 0.0884792214325193 -0
144500 61497825.5931535 25289155.9165124 -3294.62097991837 -190.20300319066 200 0.0901434174363369 -0
144700 60837224.2416432 25250423.5003576 -3311.44172636297 -197.152214084003 200 0.0918631218954038 -0
144900 60173228.9211452 25210282.3585756 -3328.56220845804 -204.291523228131 200 0.0936409981840267 -0
145100 59505778.7477082 25168693.6995227 -3345.99186332857 -211.628720181092 200 0.0954798771409028 -0
145300 58834810.9078158 25125617.1309126 -3363.74055351935 -219.172026679922 200 0.0973827701465694 -0
145500 58160260.5708342 25081010.5703773 -3381.81859196907 -226.930127088157 200 0.0993528834256209 -0
145700 57482060.7962864 25034830.1496818 -3400.23676879042 -234.912201456566 200 0.101393633707917 -0
145900 56800142.4355778 24987030.1120424 -3419.0063800112 -243.12796146264 200 0.103508665399913 -0
146100 56114434.0277628 24937562.7019461 -3438.1392584467 -251.587689525606 200 0.105701869436551 -0
146300 55424861.6889084 24886378.0468011 -3457.64780689081 -260.302281429227 200 0.107977404006264 -0
146500 54731348.9945706 24833424.0296814 -3477.54503383214 -269.283292824979 200 0.110339717367013 -0
146700 54033816.8548571 24778646.1523489 -3497.8445919227 -278.542990034059 200 0.112793573000411 -0
146900 53332183.3814991 24721987.3876457 -3518.56081945029 -288.094405619052 200 0.115344077384575 -0
147100 52626363.746306 24663388.0202517 -3539.70878509198 -297.951399255907 200 0.117996710705063 -0
147300 51916270.0303163 24602785.4746887 -3561.30433625552 -308.128724505384 200 0.12075736086809 -0
147500 51201811.0628927 24540114.1293244 -3583.36415134852 -318.642102161722 200 0.123632361232128 -0
147700 50482892.2499398 24475305.114985 -3605.90579635195 -329.508300946687 200 0.126628532534341 -0
147900 49759415.3903427 24408286.0966243 -3628.94778611595 -340.745226421323 200 0.129753229558583 -0
148100 49031278.479635 24338981.0363054 -3652.50965084215 -352.372019107986 200 0.133014393173708 -0
148300 48298375.49981 24267309.9355449 -3676.61200826881 -364.409162954564 200 0.136420608466959 -0
148500 47560596.1940768 24193188.5548235 -3701.27664213361 -376.87860543431 200 0.139981169809828 -0
148700 46817825.825243 24116528.1077912 -3726.52658755439 -389.803890762745 200 0.143706153826347 -0
148900 46069944.9162716 24037234.927378 -3752.38622404245 -403.210307932234 200 0.147606501390102 -0
149100 45316828.9714048 23955210.1006547 -3778.88137694615 -417.125055521202 200 0.151694109961295 -0
149200 44938267.5098766 23913140.8775492 -3792.37576486987 -424.282119738858 200 0.153812142021316 -0
149300 44558348.1760408 23870349.0688247 -3806.03942820962 -431.577425528524 200 0.155981937795052 -0
149400 44177053.8589886 23826820.6504929 -3819.87605279027 -439.014995191807 200 0.15820530214519 -0
149500 43794367.0736129 23782541.1885062 -3833.88943747558 -446.599008877386 200 0.160484121811413 -0
149600 43410269.9490846 23737495.8225861 -3848.08349859623 -454.333812403584 200 0.162820369992613 -0
149700 43024744.2168759 23691669.2492449 -3862.46227458608 -462.223925550379 200 0.165216111234648 -0
149800 42637771.1983089 23645045.7039547 -3877.02993083816 -470.274050853997 200 0.167673506647368 -0
149900 42249331.7916079 23597608.9424098 -3891.79076479205 -478.489082939912 200 0.170194819476655 -0
150000 41859406.4584293 23549342.2208269 -3906.7492112653 -486.874118433033 200 0.17278242105962 -0
150100 41467975.2098474 23500228.2752242 -3921.90984804231 -495.434466487077 200 0.175438797193539 -0
150200 41075017.5917667 23450249.2996147 -3937.27740173464 -504.175659978619 200 0.178166554951993 -0
150300 40680512.6697343 23399386.9230445 -3952.85675392768 -513.103467415213 200 0.180968429984712 -0
150400 40284439.0131224 23347622.1854024 -3968.65294762964 -522.223905611141 200 0.183847294341025 -0
150500 39886774.678651 23294935.5119219 -3984.67119403945 -531.543253189023 200 0.186806164860615 -0
150600 39487497.1932159 23241306.6862876 -4000.91687965122 -541.068064970587 200 0.189848212179402 -0
150700 39086583.5359895 23186714.8222569 -4017.3955737142 -550.805187325496 200 0.192976770402996 -0
150800 38684010.1197565 23131138.3336948 -4034.11303606777 -560.76177455326 200 0.196195347505274 -0
150900 38279752.7714472 23074554.9029155 -4051.07522537258 -570.945306380051 200 0.199507636515292 -0
151000 37873786.7118259 23016941.4472155 -4068.2883077599 -581.363606659692 200 0.202917527562037 -0
151100 37466086.5342936 22958274.0834717 -4085.75866592233 -592.02486337632 200 0.206429120853518 -0
151200 37056626.1827577 22898528.0906702 -4103.49290867081 -602.937650055318 200 0.210046740674509 -0
151300 36645378.9285218 22837677.8702183 -4121.49788098352 -614.11094869917 200 0.213774950495906 -0
151400 36232317.3461455 22775696.9038822 -4139.78067457424 -625.554174376019 200 0.217618569298377 -0
151500 35817413.2882194 22712557.7091765 -4158.34863900859 -637.27720160104 200 0.221582689223826 -0
151600 35400637.8589999 22648231.7920202 -4177.20939339856 -649.29039266441 100 0.225672694680261 -0
151700 34981961.3868452 22582689.5964552 -4196.37083870658 -661.604628074874 100 0.229894283039293 -0
151800 34561353.3953877 22515900.4512076 -4215.84117069236 -674.231339304772 100 0.234253487080667 -0
151900 34138782.5733795 22447832.51285 -4235.62889353665 -687.182544041225 100 0.238756699355345 -0
152000 33714216.7431391 22378452.7053053 -4255.74283417781 -700.470884169121 100 0.2434106986579 -0
152100 33287622.8275281 22307726.655404 -4276.19215739809 -714.109666734951 100 0.248222678820632 -0
152200 32858966.8153794 22235618.6241858 -4296.98638169779 -728.112908166678 100 0.253200280066239 -0
152300 32428213.7252979 22162091.4336036 -4318.13539599633 -742.495382054089 100 0.258351623183483 -0
152400 31995327.5677472 22087106.3882569 -4339.64947720004 -757.272670826821 100 0.263685346821508 -0
152500 31560271.305335 22010623.1917481 -4361.53930867691 -772.461221704072 100 0.269210648233793 -0
152600 31123006.8112039 21932599.8572122 -4383.81599967822 -788.078407331247 100 0.274937327842902 -0
152700 30683494.8254312 21852992.6115302 -4406.49110574676 -804.142591565326 100 0.280875838042732 -0
152800 30241694.9093367 21771755.7926847 -4429.57665014969 -820.673200923061 100 0.287037336706912 -0
152900 29797565.3975944 21688841.7396648 -4453.08514637199 -837.690802265193 100 0.293433745931161 -0
153000 29351063.3480408 21604200.674263 -4477.02962170304 -855.217187356665 100 0.300077816605016 -0
153100 28902144.4890686 21517780.5740445 -4501.42364194422 -873.275465018325 100 0.306983199485689 -0
153200 28450763.1644925 21429527.0356872 -4526.28133725841 -891.890161671327 100 0.314164523535447 -0
153300 27996872.2757723 21339383.127812 -4551.61742917384 -911.087331172607 100 0.32163748238571 -0
153400 27540423.2214785 21247289.2323224 -4577.44725874286 -930.894674950496 100 0.329418929908154 -0
153500 27081365.8338838 21153182.8731691 -4603.78681584098 -951.341673575439 100 0.337526986008114 -0
153600 26619648.3125699 21056998.5313337 -4630.65276957214 -972.459731044608 100 0.345981153911436 -0
153700 26155217.1549404 20958667.4446882 -4658.06249972146 -994.28233322351 100 0.354802450396356 -0
153800 25688017.0835394 20858117.3912352 -4686.03412916476 -1016.84522207586 100 0.364013550631162 -0
153900 25217990.9700872 20755272.4540609 -4714.58655710482 -1040.18658752894 100 0.373638949521482 -0
154000 24745079.7561578 20650052.7661321 -4743.73949295381 -1064.34727906966 100 0.383705141754147 -0
154100 24269222.3704458 20542374.2328502 -4773.51349061861 -1089.37103945241 100 0.394240823054947 -0
154200 23790355.6425979 20432148.2300171 -4803.92998286696 -1115.30476322931 100 0.405277115564111 -0
154300 23308414.2136203 20319281.2745795 -4835.01131535349 -1142.19878319448 100 0.416847820686445 -0
154400 22823330.4429233 20203674.6651888 -4866.78077976165 -1170.10718827526 100 0.428989703305589 -0
154500 22335034.3121235 20085224.089232 -4899.26264536323 -1199.08817691563 100 0.441742811879178 -0
154600 21843453.3258059 19963819.1925604 -4932.48218810429 -1229.20445059236 100 0.455150839672551 -0
154700 21348512.4095472 19839343.1076399 -4966.46571608559 -1260.52365279873 100 0.469261533265704 -0
154750 21099757.7860968 19775914.9409427 -4983.75248321022 -1276.65696157781 100 0.476596521555244 -0
154800 20850133.805604 19711671.9352163 -5001.24058999544 -1293.11885961999 100 0.484127155511297 -0
154850 20599630.3116953 19646597.4108351 -5018.93362323318 -1309.91942037889 100 0.491860759894079 -0
154900 20348236.9669821 19580674.1742908 -5036.8352367232 -1327.06912909603 100 0.499805011348517 -0
154950 20095943.2497128 19513884.4970839 -5054.94915115674 -1344.57890376655 100 0.507967958986536 -0
155000 19842738.4504351 19446210.093536 -5073.27915378802 -1362.46011737733 100 0.516358046384741 -0
155050 19588611.6686814 19377632.0974559 -5091.82909786395 -1380.72462150648 100 0.524984135109093 -0
155100 19333551.8096889 19308131.0375898 -5110.60290177862 -1399.38477138063 100 0.533855529887957 -0
155150 19077547.58117 19237686.8117801 -5129.60454791513 -1418.45345249368 100 0.54298200556586 -0
155200 18820587.4901486 19166278.6597521 -5148.8380811327 -1437.94410889923 100 0.552373835982093 -0
155250 18562659.8398829 19093885.1344417 -5168.30760685179 -1457.87077329801 100 0.562041824931485 -0
155300 18303752.7268946 19020484.0717704 -5188.0172886841 -1478.24809905117 100 0.571997339379025 -0
155350 18043854.0381285 18946052.5587701 -5207.97134554784 -1499.0913942614 100 0.582252345115871 -0
155400 17782951.4482723 18870566.8999474 -5228.17404820112 -1520.41665807527 100 0.592819445061801 -0
155450 17521032.4172637 18794002.5817744 -5248.62971511801 -1542.24061937298 100 0.603711920438352 -0
155500 17258084.1880239 18716334.2351823 -5269.3427076224 -1564.58077802563 100 0.6149437750582 -0
155550 16994093.7844535 18637535.5959226 -5290.31742418395 -1587.45544891523 100 0.626529782999752 -0
155600 16729048.0097372 18557579.4626552 -5311.55829376858 -1610.88380892919 100 0.638485539961841 -0
155650 16462933.4450077 18476437.6526063 -5333.06976812219 -1634.88594715909 100 0.650827518622045 -0
155700 16195736.4484237 18394080.9546326 -5354.85631285054 -1659.48291855313 100 0.663573128353829 -0
155750 15927443.1547283 18310479.0795094 -5376.92239714134 -1684.69680129329 100 0.67674077969276 -0
155800 15658039.4753585 18225600.6072521 -5399.27248195387 -1710.55075819151 100 0.69034995398087 -0
155850 15387511.0991868 18139412.9312594 -5421.91100647951 -1737.06910242512 50 0.704421278661245 -0
155900 15115843.4939891 18051882.1990553 -5444.84237265047 -1764.27736795934 50 0.718976608742639 -0
155950 14843021.9087396 17962973.2493844 -5468.07092744503 -1792.20238503574 50 0.734039115006784 -0
156000 14569031.3768523 17872649.5453972 -5491.60094270395 -1820.87236113849 50 0.749633379589806 -0
156050 14293856.7205006 17780873.1036419 -5515.43659213526 -1850.3169678871 50 0.76578549963435 -0
156100 14017482.5561637 17687604.4185523 -5539.5819251409 -1880.56743434381 50 0.782523199781434 -0
156150 13739893.3015706 17592802.3820997 -5564.04083704945 -1911.65664726746 50 0.799875954351527 -0
156200 13461073.1842311 17496424.1982462 -5588.8170352826 -1943.61925889293 50 0.817875120153776 -0
156250 13181006.2517724 17398425.2918077 -5613.91400091851 -1976.49180286676 50 0.836554080961768 -0
156300 12899676.3843238 17298759.2113024 -5639.33494504061 -2010.31281902582 50 0.855948404804728 -0
156350 12617067.3092295 17197377.5253235 -5665.08275917618 -2045.12298776663 50 0.876096015345982 -0
156400 12333162.6184033 17094229.7119371 -5691.15995903067 -2080.96527481946 50 0.897037378757155 -0
156450 12047945.788683 16989263.0405629 -5717.56862061235 -2117.88508731254 50 0.918815707648382 -0
156500 11761400.2055897 16882422.4457495 -5744.31030771255 -2155.93044208934 50 0.941477183783502 -0
156550 11473509.1909535 16773650.3922059 -5771.38598955825 -2195.15214732508 50 0.965071201496428 -0
156600 11184256.0349307 16662886.7303964 -5798.795947283 -2235.60399857777 50 0.989650633932502 -0
156650 10893624.0330084 16550068.5419463 -5826.53966766419 -2277.34299050441 50 1.01527212446866 -0
156700 10601596.5286768 16435129.9740432 -5854.61572234686 -2320.42954557418 50 1.0419964059205 -0
156750 10308156.962546 16318002.0619473 -5883.02163051052 -2364.92776121651 50 1.0698886504252 -0
156800 10013288.9287909 16198612.5386519 -5911.75370262985 -2410.90567695305 50 1.09901885319785 -0
156850 9716976.23993631 16076885.6306531 -5940.80686262684 -2458.43556317669 50 1.12946225369818 -0
156900 9419203.00113914 15952741.8387026 -5970.1744453016 -2507.59423335615 50 1.16129979811465 -0
156950 9119953.69528995 15826097.7023253 -5999.84796545337 -2558.46338155917 50 1.19461864747551 -0
157000 8819213.28045177 15696865.5467866 -6029.81685455041 -2611.12994729597 50 1.22951273613115 -0
157050 8516967.3013747 15564953.2110907 -6060.06816016522 -2665.68650978391 50 1.26608338581694 -0
157100 8213202.01708308 15430263.7554848 -6090.58620264459 -2722.23171381539 50 1.30443998099811 -0
157150 7907904.54682974 15292695.1468333 -6121.35218261496 -2780.87072946562 50 1.3447007117116 -0
157200 7601063.03705608 15152139.9201137 -6152.34373191217 -2841.71574789199 50 1.3869933906432 -0
157250 7292666.85239632 15008484.8141742 -6183.53439934771 -2904.88651543549 50 1.43145635169791 -0
157300 6982706.79422681 14861610.3797847 -6214.8930613535 -2970.51090811498 50 1.47823943781264 -0
157350 6671175.3507982 14711390.5579131 -6246.38324595334 -3038.72554837824 50 1.52750508619077 -0
157375 6514818.54309959 14634984.8148754 -6262.16461058362 -3073.84945907811 50 1.55312336742942 -0
157400 6358066.98362589 14557692.2260138 -6277.9623566661 -3109.67646555487 50 1.57942951947166 -0
157425 6200920.34217856 14479494.9673325 -6293.77005643833 -3146.22640700616 50 1.6064479383165 -0
157450 6043378.45544932 14400374.7104242 -6309.58078073636 -3183.51980116416 50 1.63420405143796 -0
157475 5885441.33999352 14320312.6052026 -6325.38706350667 -3221.57786877174 50 1.66272436545227 -0
157500 5727109.20612279 14239289.2620138 -6341.18086372966 -3260.42255872959 50 1.69203651589569 -0
157525 5568382.47278392 14157284.7331115 -6356.95352455915 -3300.07657389068 50 1.7221693191658 -0
157550 5409261.78349624 14074278.4934789 -6372.69572946697 -3340.56339746969 50 1.75315282667273 -0
157575 5249748.02342518 13990249.4209841 -6388.39745516607 -3381.90732002551 50 1.78501838123735 -0
157600 5089842.33767554 13905175.7758534 -6404.04792106832 -3424.13346696322 50 1.81779867576295 -0
157625 4929546.15089432 13819035.1794515 -6419.63553501515 -3467.26782648909 50 1.8515278141929 -0
157650 4768861.18827983 13731804.5923583 -6435.14783499977 -3511.33727793659 50 1.88624137475011 -0
157675 4607789.49810086 13643460.2917335 -6450.57142657897 -3556.36962036404 50 1.92197647543385 -0
157700 4446333.47583798 13553977.8479644 -6465.89191565103 -3602.3936013043 50 1.95877184172462 -0
157725 4284495.89006666 13463332.1005945 -6481.09383625281 -3649.4389455236 50 1.99666787641841 -0
157750 4122279.91021177 13371497.1335343 -6496.16057300512 -3697.53638362004 50 2.03570673147662 -0
157775 3959689.13631185 13278446.249562 -6511.07427780983 -3746.71768026199 50 2.07593238173567 -0
157800 3796727.63094217 13184151.9441243 -6525.81578037575 -3797.01566183145 50 2.11739070027132 -0
157825 3633399.95345646 13088585.8784571 -6540.36449212246 -3848.46424319783 50 2.16012953515396 -0
157850 3469711.19671886 12991718.8520503 -6554.69830298313 -3901.09845330236 50 2.20419878726286 -0
157875 3305667.02650969 12893520.7744924 -6568.79347059797 -3954.95445918122 50 2.24965048874675 -0
157900 3141273.72380219 12793960.6367378 -6582.6245013608 -4010.06958799725 50 2.29653888162423 -0
157925 2976538.23012071 12693006.4818538 -6596.16402275152 -4066.48234658268 50 2.34492049590799 -0
157950 2811468.19620581 12590625.3753158 -6609.38264635861 -4124.23243792013 50 2.39485422650931 -0
157975 2646072.03422649 12486783.3749353 -6622.24882096784 -4183.36077390277 25 2.44640140803126 -0
158000 2480358.97379628 12381445.5005236 -6634.7286750677 -4243.90948361784 25 2.49962588638802 -0
158025 2314339.12206583 12274575.7034134 -6646.7858480989 -4305.92191628768 25 2.55459408598942 -0
158050 2148023.52818224 12166136.8359827 -6658.38130975658 -4369.44263787912 25 2.61137507100163 -0
158075 1981424.25242244 12056090.6213557 -6669.47316664059 -4434.51742025258 25 2.67004059893252 -0
158100 1814554.44032595 11944397.6234806 -6680.01645554299 -4501.19322156622 25 2.73066516448839 -0
158125 1647428.40216976 11831017.2178214 -6689.96292266596 -4569.51815647499 25 2.79332603130387 -0
158150 1480061.69814595 11715907.5629402 -6699.26078807874 -4639.54145446909 25 2.85810324875254 -0
158175 1312471.22961924 11599025.5732876 -6707.85449475332 -4711.3134044774 25 2.92507965059662 -3.92862615154157e-306
158200 1144675.33685792 11480326.8935723 -6715.68444156932 -4784.88528361945 25 2.99434083172449 -5.61813783285884e-298
158225 976693.903645628 11359765.8751339 -6722.68669975155 -4860.30926772015 25 3.06597509864749 -7.79906048886956e-290
158250 808548.469194009 11237295.5548089 -6728.79271230723 -4937.63832090556 25 3.14007338877663 -1.04653552205084e-281
158275 640262.347785134 11112867.6368493 -6733.92897616743 -5016.92606127189 25 3.21672915276912 -1.35136350369727e-273
158300 471860.756578035 10986432.4785326 -6738.01670691749 -5098.22659926448 25 3.29603819341699 -1.67114792970872e-265
158325 303370.952013664 10857939.0801926 -6740.97148623309 -5181.59434501745 25 3.37809845364159 -1.96908883932259e-257
158350 134822.375246229 10727335.0804978 -6742.70289243047 -5267.08378048799 25 3.46300974515259 -2.19868709910325e-249
158375 -33753.1929857678 10594566.7579135 -6743.11411490368 -5354.74919177506 25 3.55087340822737 -2.31311442685419e-241
158400 -202321.467660217 10459579.0394065 -6742.1015536715 -5444.64435654155 25 3.64179189186587 -2.27872926464562e-233
158425 -370845.484592437 10322315.5175825 -6739.55440580489 -5536.82218096845 25 3.73586824228131 -2.08835933749087e-225
158450 -539285.415077496 10182718.4775941 -6735.35424117114 -5631.33428016553 25 3.83320548630907 -1.76810411307863e-217
158475 -707598.369825358 10040728.9353121 -6729.3745707282 -5728.23049545696 25 3.93390589486936 -1.37271759183098e-209
158500 -875738.192052748 9896286.68842829 -6721.48041155415 -5827.55834146603 25 4.0380701101311 -9.69621228190375e-202
158525 -1043655.23971395 9749330.38233572 -6711.52785392038 -5929.36237546094 25 4.14579611853044 -6.17919333476397e-194
158550 -1211296.15700151 9599797.59282983 -6699.36363703589 -6033.68348101814 25 4.25717805035064 -3.5213053037911e-186
158575 -1378603.63543217 9447624.9278748 -6684.82474162389 -6140.5580577439 25 4.37230478523903 -1.77750593572099e-178
158600 -1545516.16505911 9292748.15088891 -6667.7380092612 -6250.01710860995 25 4.49125834191591 -7.86853998843795e-171
158625 -1711967.77662437 9135102.32821459 -6647.91980043256 -6362.08521645498 25 4.61411202953579 -3.02222768131983e-163
158650 -1877887.77579237 8974622.00364722 -6625.17570553775 -6476.77940144336 25 4.74092833784649 -9.95875809024456e-156
158675 -2043200.47099257 8811241.40309608 -6599.30032564473 -6594.10785182947 25 4.87175654364061 -2.78183236905924e-148
158700 -2207824.89685398 8644894.67263085 -6570.0771425985 -6714.06852133812 25 5.00663001223547 -6.50432262715383e-141
158725 -2371674.5357421 8475516.15331719 -6537.27850115274 -6836.64758794051 25 5.14556317512224 -1.2560250885675e-133
158750 -2534657.040516 8303040.69635079 -6500.6657290436 -6961.81777089531 25 5.28854816880899 -1.97501154885082e-126
158775 -2696673.96231305 8127404.02204353 -6459.98942430391 -7089.53650576376 25 5.43555112560757 -2.49129434649755e-119
158800 -2857620.48794423 7948543.12617846 -6414.98994251347 -7219.74398083061 25 5.58650811507765 -2.48154716045844e-112
158825 -3017385.19234118 7766396.73710712 -6365.39811995075 -7352.36104310954 25 5.7413207454688 -1.91982057511175e-105
158850 -3175849.81243348 7580905.82668723 -6310.9362715531 -7487.28698801536 25 5.89985144822178 -1.13363133155618e-98
158875 -3332889.04983784 7392014.1777196 -6251.31950494866 -7624.39725396433 25 6.0619184858051 -5.01670245918418e-92
158900 -3488370.41079319 7199669.00990789 -6186.25739327156 -7763.54105170023 25 6.22729074420268 -1.63226549567731e-85
158925 -3642154.09284842 7003821.6654986 -6115.45604962067 -7904.53896806973 25 6.3956823964292 -3.82745805826645e-79
158950 -3794092.92886473 6804428.35462747 -6038.62064441418 -8047.18059523371 25 6.56674755251494 -6.33483473979118e-73
158975 -3944032.3998833 6601450.95897059 -5955.4584030112 -8191.22224874296 25 6.74007504415304 -7.24220972359575e-67
159000 -4091810.72926529 6394857.89054761 -5865.68211426193 -8336.38485122146 25 6.91518352790204 -5.59226387158752e-61
159025 -4237259.07115937 6184625.00043488 -5769.01417054744 -8482.35207210683 25 7.09151712822605 -2.84997598667172e-55
159050 -4380201.80669952 5970736.52971582 -5665.1911458551 -8628.76882730191 25 7.26844187883562 -9.36059745854206e-50
159075 -4520456.96127929 5753186.09224388 -5553.96890008649 -8775.24025476995 25 7.44524325514727 -1.93374297633736e-44
159087.5 -4589518.22346909 5643038.44942913 -5495.51341693681 -8848.36208090741 25 7.53335206716779 -7.32945446479756e-42
159100 -4657836.75574107 5531977.67577422 -5435.12817488149 -8921.33129175713 25 7.62112511873132 -2.45102303114253e-39
159112.5 -4725388.29297313 5420006.05525087 -5372.79064321388 -8994.08727377827 25 7.70845025350308 -7.20867535259412e-37
159125 -4792148.30274481 5307126.64472406 -5308.48061880002 -9066.56698612265 25 7.79521041308202 -1.85874475244205e-34
159137.5 -4858092.0157093 5193343.30394053 -5242.18043091319 -9138.70501975067 25 7.88128377842759 -4.18852058589694e-32
159150 -4923194.45854054 5078660.7246764 -5173.87514820188 -9210.43367301688 25 7.96654395154198 -8.22237635946827e-30
159162.5 -4987430.48947373 4963084.45883257 -5103.55278643187 -9281.68304457246 25 8.05086017955676 -1.40168438311419e-27
159175 -5050774.83643975 4846620.9452566 -5031.20451550126 -9352.38114433592 25 8.13409762310189 -2.06844239918408e-25
159187.5 -5113202.1377742 4729277.53506118 -4956.8248640885 -9422.454023167 25 8.21611767050307 -2.63394973642441e-23
159200 -5174686.98546065 4611062.51520213 -4880.41192016347 -9491.82592174102 25 8.29677829895937 -2.88524129820505e-21
159212.5 -5235203.97084458 4491985.13007355 -4801.96752547135 -9560.41943896111 25 8.37593448339646 -2.71031191718777e-19
159225 -5294727.73273041 4372055.60087489 -4721.49746199367 -9628.15572006517 25 8.45343865317298 -2.17663649160087e-17
159237.5 -5353233.00774826 4251285.14250362 -4639.01162830261 -9694.95466438282 25 8.52914119624144 -1.4899349927142e-15
159250 -5410694.68285091 4129685.97772946 -4554.52420365805 -9760.73515247733 25 8.60289100973563 -8.66702966970717e-14
159262.5 -5467087.84977382 4007271.34841058 -4468.05379765459 -9825.4152921696 25 8.67453609527975 -4.27195163700842e-12
159275 -5522387.86126406 3884055.5235204 -4379.62358321235 -9888.91268268938 25 8.74392419660005 -1.77907845056724e-10
159287.5 -5576570.38885601 3760053.80376427 -4289.26141072244 -9951.14469593515 25 8.81090347627775 -6.24263229749607e-09
159300 -5629611.48194498 3635282.52258008 -4196.99990120999 -10012.0287735535 25 8.87532322772503 -1.84064647493323e-07
159312.5 -5681487.62788348 3509759.04333452 -4102.87651646532 -10071.4827382747 25 8.93703461770899 -4.54849205824517e-06
159325 -5732175.81280004 3383501.75254795 -4006.9336042199 -10129.4251176699 12.5 8.99589145400702 -9.39647960722512e-05
159337.5 -5781653.58281761 3256530.04900545 -3909.21841660841 -10185.7754782304 12.5 9.05175097206719 -0.00161888137041726
159350 -5829899.10532741 3128864.32863952 -3809.78310036154 -10240.4547674177 12.5 9.1044746338726 -0.0232068909897932
159362.5 -5876891.22995666 3000525.96510068 -3708.68465741336 -10293.3856610963 12.5 9.15392893145635 -0.276199422346314
159375 -5922609.54885324 2871537.2859662 -3605.98487486222 -10344.4929134842 12.5 9.19998618579948 -2.7235741410921
159387.5 -5967034.45589869 2741921.54457638 -3501.75022337865 -10393.7037061125 12.5 9.24252532465183 -22.2091063046869
159400 -6010147.2044475 2611702.88754471 -3396.05172264461 -10440.9479894253 12.5 9.28143259494409 -149.494146020741
159412.5 -6051929.96315816 2480906.31812668 -3288.96476928958 -10486.1587987835 12.5 9.31660209317658 -829.293025903134
159425 -6092365.86937285 2349557.65605361 -3180.56891307078 -10529.2724897006 12.5 9.34793592796641 -3785.63156340017
159437.5 -6131439.07922204 2217683.4955531 -3070.94755022965 -10570.2287648466 12.5 9.37534409685771 -14201.6750759632
159450 -6169134.81319717 2085311.1652271 -2960.18750298024 -10608.9703295543 25 9.39874530095724 -43732.747674215
159462.5 -6205439.39593242 1952468.69440219 -2848.37853543221 -10645.4422640794 12.5 9.41807117793456 -110435.188659615
159475 -6240340.29068749 1819184.78518752 -2735.61304705565 -10679.5919591731 12.5 9.43327403247768 -228498.56432408
159487.5 -6273826.13296822 1685488.7738432 -2621.98628651111 -10711.371135145 12.5 9.44433008977184 -387126.221954038
159500 -6305886.77032211 1551410.55001667 -2507.59705977291 -10740.7404144866 12.5 9.45122724540783 -536797.775671373
159512.5 -6336513.31029686 1416980.41530879 -2392.548144624 -10767.6737225818 12.5 9.45394307865461 -609022.474505062
159525 -6365698.16629197 1282228.91258517 -2276.94542984803 -10792.1579088908 12.5 9.45243969998837 -565295.758205192
159537.5 -6393435.08430149 1147186.6993104 -2160.89586284092 -10814.1864350344 25 9.44668804266262 -429310.763966152
159550 -6419719.14333798 1011884.51325276 -2044.50555788968 -10833.7520647089 25 9.43669578427012 -266828.442193676
159562.5 -6444546.73994268 876353.202439214 -1927.87923089549 -10850.8445629117 12.5 9.42250838558196 -135782.300811595
159575 -6467915.57343574 740623.745952085 -1811.12073602528 -10865.4540195554 12.5 9.40418829711344 -56606.5778219939
159587.5 -6489824.63925893 604727.219326996 -1694.3336543524 -10877.5755741943 12.5 9.38179867538246 -19348.2119559411
159600 -6510274.22626268 468694.712686853 -1577.6213010255 -10887.2119290173 12.5 9.35540286281786 -5427.21835150736
159612.5 -6529265.91076458 332557.23417748 -1461.08625828873 -10894.3733689822 12.5 9.32507108474343 -1250.72546396368
159625 -6546802.54369781 196345.62111651 -1344.82978842678 -10899.0767639245 12.5 9.29088470142638 -237.111232408443
159637.5 -6562888.2308149 60090.4637138144 -1228.9513246172 -10901.3446603558 12.5 9.25293646163487 -37.0317475924634
159650 -6577528.30718107 -76177.9620651368 -1113.54806212724 -10901.2047209641 12.5 9.21132914469463 -4.77223340163826
159662.5 -6590729.30700391 -212429.756167931 -998.714615039249 -10898.6893812505 12.5 9.16617422796586 -0.508337765239685
159675 -6602498.9294358 -348635.452405325 -884.542712392161 -10893.8355807454 12.5 9.11759087521007 -0.0448420880970929
159687.5 -6612846.00076795 -484766.073129169 -771.120923975402 -10886.6845023251 12.5 9.0657050912352 -0.00328246689008281
159700 -6621780.43337077 -620793.180590144 -658.534413937735 -10877.2813005052 12.5 9.01064891903917 -0.000199815902876626
159712.5 -6629313.18172991 -756688.924815487 -546.864722578634 -10865.6748165198 12.5 8.95255963848445 -1.01382181942982e-05
159725 -6635456.19593383 -892426.087852697 -436.189576895327 -10851.9172822501 12.5 8.891578962481 -4.29765155491772e-07
159737.5 -6640222.37297483 -1027978.12425738 -326.582730196354 -10836.0640158446 25 8.82785223638814 -1.52588179758536e-08
159750 -6643625.50622689 -1163319.19773956 -218.113830761571 -10818.1731119327 25 8.76152764782057 -4.54941455795296e-10
159762.5 -6645680.23346174 -1298424.21391865 -110.848319207152 -10798.3051292472 25 8.69275545376056 -1.14208680035013e-11
159775 -6646401.9837582 -1433268.84917143 -4.84735391678462 -10776.5227783386 25 8.62168723127068 -2.42075897683041e-13
159787.5 -6645806.92365022 -1567829.57559043 99.8322363681878 -10752.8906119002 25 8.54847515740725 -4.34455275791152e-15
159800 -6643911.90284618 -1702083.68209978 203.13797394399 -10727.4747200362 25 8.47327132320171 -6.62126414779639e-17
159812.5 -6640734.39983647 -1836009.29180404 305.02172887301 -10700.3424325977 25 8.39622708582211 -8.59460489668205e-19
159825 -6636292.46768824 -1969585.3756705 405.439692563455 -10671.5620304894 25 8.31749246227011 -9.53035880838167e-21
159837.5 -6630604.68030657 -2102791.76266761 504.352329853248 -10641.2024676207 25 8.23721556722105 -9.05564055243403e-23
159850 -6623690.07941981 -2235609.14650204 601.724311353445 -10609.3331049411 25 8.15554209689333 -7.3960508175005e-25
159862.5 -6615568.1225246 -2368019.08911303 697.524427876413 -10576.0234577644 25 8.07261486014565 -5.20844971682986e-27
159875 -6606258.63200265 -2500004.02109659 791.725488813708 -10541.342957359 25 7.98857335735902 -3.17257564982659e-29
159887.5 -6595781.74559855 -2631547.2392428 884.30420634038 -10505.3607275567 25 7.9035534070702 -1.67681282681144e-31
159900 -6584157.8684237 -2762632.90137748 975.241067308772 -10468.1453769229 25 7.81768681979008 -7.71444822156467e-34
159912.5 -6571407.62662907 -2893246.01870513 1064.52019465876 -10429.7648068321 25 7.73110111796854 -3.09922613745871e-36
159925 -6557551.82286654 -3023372.44585318 1152.12920011561 -10390.2860356069 25 7.64391930065681 -1.09071081704329e-38
159937.5 -6542611.39363718 -3152998.86881835 1238.05902987427 -10349.7750387132 25 7.55625965107076 -3.37326816575981e-41
159950 -6526607.36860371 -3282112.79101516 1322.30380488292 -10308.2966048515 25 7.46823558497212 -9.197056889643e-44
159975 -6491492.88571013 -3538757.1384139 1485.729564176 -10222.6898924401 25 7.29152288628327 -4.74313188381753e-49
160000 -6452377.05709131 -3793221.23271967 1642.41667218197 -10133.9559728311 25 7.11458776317567 -1.53376332072627e-54
160025 -6409427.79754219 -4045432.75478119 1792.41550119939 -10042.5592525597 25 6.93815517061201 -3.18662665029097e-60
160050 -6362811.31536623 -4295330.65229431 1935.81133183394 -9948.93639341102 25 6.76286930648508 -4.35656437421672e-66
160075 -6312691.30377174 -4542864.42829329 2072.71926271888 -9853.49500060632 25 6.5892959128783 -4.01123070049795e-72
160100 -6259228.25633921 -4787993.40538287 2203.27938757159 -9756.61297712909 25 6.4179257083402 -2.54391193266015e-78
160125 -6202578.899044 -5030685.98110796 2327.65230219316 -9658.63844379472 25 6.2491786544129 -1.1356761542907e-84
160150 -6142895.73003785 -5270918.88737556 2446.01498182726 -9559.89012752255 25 6.08340879338753 -3.64436320322641e-91
160175 -6080326.65762443 -5508676.46447402 2558.55705049645 -9460.65812620181 25 5.92090943121317 -8.57685884188261e-98
160200 -6015014.72652285 -5743949.95804105 2665.47744856986 -9361.2049665209 25 5.76191847694676 -1.50914282166853e-104
160225 -5947097.92251438 -5976736.84535364 2766.98149272252 -9261.76688027957 25 5.6066237861149 -2.02214601080024e-111
160250 -5876709.04583327 -6207040.19557123 2863.27831333006 -9162.55523433064 25 5.45516838852538 -2.09985297537653e-118
160275 -5803975.64412331 -6434868.06706218 2954.57864783333 -9063.75805887115 25 5.30765551062202 -1.71833146811651e-125
160300 -5729019.99637566 -6660232.94367723 3041.09296430647 -8965.54162794207 25 5.16415332805176 -1.12578067874435e-132
160325 -5651959.13994276 -6883151.21078708 3123.02988697412 -8868.05205444776 25 5.02469940565787 -5.99465858362197e-140
160350 -5572904.93344493 -7103642.67105645 3200.59489437541 -8771.41686962246 25 4.88930479980263 -2.63167160536962e-147
160375 -5491964.1491199 -7321730.0992606 3273.98926093296 -8675.74656358161 25 4.75795781206992 -9.65421669328169e-155
160400 -5409238.58888751 -7537438.83494085 3343.40921356307 -8581.13606939347 25 4.63062739440059 -2.99752422137313e-162
160425 -5324825.21909309 -7750796.41131947 3409.0452764179 -8487.66617802285 25 4.5072662139973 -7.97267519820685e-170
160450 -5238816.3195441 -7961832.21863134 3471.08177868113 -8395.40487559662 25 4.38781339232681 -1.83731092743302e-177
160475 -5151299.64305562 -8170577.19985903 3529.6965023898 -8304.40859779577 25 4.27219693665025 -3.70816596364773e-185
160500 -5062358.58226991 -8377063.57676342 3585.06044940229 -8214.72339887677 25 4.1603358850903 -6.62104617083975e-193
160525 -4972072.34100958 -8581324.60406688 3637.33770878654 -8126.3860349515 25 4.052142187621 -1.0559014834368e-200
160550 -4880516.10786621 -8783394.34965855 3686.68540799627 -8039.4249627934 25 3.94752234581921 -1.51756070976215e-208
160575 -4787761.23011681 -8983307.49873877 3733.25373319074 -7953.86125666525 25 3.84637883397681 -1.98226589986267e-216
160600 -4693875.38640296 -9181099.17989394 3777.18600590778 -7869.70944655114 25 3.74861132343364 -2.37203490076483e-224
160625 -4598922.75690594 -9376804.81118594 3818.61880500168 -7786.97828178438 25 3.6541177309059 -2.61980164666815e-232
160650 -4502964.19000848 -9570459.96444491 3857.68212430265 -7705.67142444807 25 3.56279511027678 -2.68939617653626e-240
160675 -4406057.36465489 -9762100.24606688 3894.49955784077 -7625.788077133 25 3.47454040588111 -2.58314011953244e-248
160700 -4308256.94780923 -9951761.19273329 3929.18850571072 -7547.32354970661 25 3.38925108382554 -2.33583977008672e-256
160725 -4209614.74657078 -10139478.1805856 3961.86039474227 -7470.26976971102 25 3.30682565639538 -2.00019519488566e-264
160750 -4110179.85463936 -10325286.3465023 3992.62090909453 -7394.61574089343 25 3.22716411314646 -1.63085370858427e-272
160775 -4009998.79293479 -10509220.5202359 4021.57022672263 -7320.34795420106 25 3.1501682708925 -1.27264023838161e-280
160800 -3909115.64426669 -10691315.1662743 4048.80325838285 -7247.45075536308 25 3.07574205349349 -9.55087636122845e-289
160825 -3807572.18202622 -10871604.3343894 4074.4098864605 -7175.9066729467 25 3.00379171113722 -6.92466654990653e-297
160850 -3705407.99293271 -11050121.6179313 4098.47520143313 -7105.69671052621 25 2.93422598769128 -4.87106033327422e-305
160875 -3602660.59391673 -11226900.1190134 4121.0797342314 -7036.8006063494 25 2.86695624368544 -0
160900 -3499365.54325994 -11401972.4198167 4142.29968314082 -6969.19706363238 25 2.80189654156357 -0
160925 -3395556.54614171 -11575370.559313 4162.20713420816 -6902.86395436649 25 2.73896369901567 -0
160950 -3291265.55476501 -11747126.0147817 4180.87027438453 -6837.77849928217 25 2.67807731545889 -0
160975 -3186522.86325042 -11917269.6875519 4198.35359686094 -6773.91742638761 25 2.61915977607584 -0
161000 -3081357.19749825 -12085831.8924638 4214.71809823641 -6711.2571102856 25 2.56213623723219 -0
161025 -2975795.80022584 -12252842.3505935 4230.02146731077 -6649.77369427116 25 2.50693459657754 -0
161050 -2869864.51139072 -12418330.1848347 4244.31826541748 -6589.44319702608 25 2.453485450677 -0
161075 -2763587.84421119 -12582323.9179717 4257.66009831158 -6530.24160555348 25 2.40172204262008 -0
161100 -2656989.05699428 -12744851.4729199 4270.09577970719 -6472.14495583672 50 2.35158020170212 -0
161125 -2550090.2209781 -12905940.1748436 4281.67148662145 -6415.12940256066 50 2.30299827696698 -0
161150 -2442912.28439091 -13065616.7548921 4292.43090673004 -6359.17127910046 50 2.2559170661321 -0
161175 -2335475.13292373 -13223907.3553259 4302.41537797562 -6304.24714886087 50 2.21027974118463 -0
161200 -2227797.6468067 -13380837.5358282 4311.66402069729 -6250.3338489391 50 2.16603177173568 -0
161225 -2119897.75467281 -13536432.2808212 4320.21386256721 -6197.40852698357 50 2.12312084704525 -0
161250 -2011792.484385 -13690716.0076275 4328.09995663276 -6145.4486720305 50 2.08149679747932 -0
161275 -1903498.01099521 -13843712.5753335 4335.3554927684 -6094.43214001809 50 2.0411115160309 -0
161300 -1795029.70199635 -13995445.2942318 4342.01190284377 -6044.33717460418 50 2.00191888042506 -0
161325 -1686402.16002038 -14145936.9357308 4348.09895991282 -5995.14242384675 50 1.96387467623186 -0
161350 -1577629.26312835 -14295209.7426346 4353.64487172448 -5946.82695324622 50 1.92693652132937 -0
161375 -1468724.20283047 -14443285.4397084 4358.67636884897 -5899.37025559535 50 1.89106379198863 -0
161400 -1359699.51996743 -14590185.2444547 4363.21878770576 -5852.75225803343 50 1.85621755079307 -0
161425 -1250567.13857685 -14735929.878034 4367.2961487698 -5806.95332665844 50 1.82236047655407 -0
161450 -1141338.39786199 -14880539.5762744 4370.93123022254 -5761.95426901195 50 1.78945679634187 -0
161475 -1032024.08237352 -15024034.1007187 4374.14563730357 -5717.73633471642 50 1.75747221971468 -0
161500 -922634.450508647 -15166432.749668 4376.95986760745 -5674.28121451361 50 1.72637387519888 -0
161525 -813179.261426089 -15307754.3691826 4379.39337255903 -5631.57103792483 50 1.69613024904798 -0
161550 -703667.800469571 -15448017.3640103 4381.46461528962 -5589.58836972865 50 1.66671112628689 -0
161575 -594108.903187232 -15587239.7084127 4383.1911251246 -5548.31620542968 50 1.63808753403108 -0
161600 -484510.978029088 -15725438.9568677 4384.58954888274 -5507.73796587186 50 1.61023168705603 -0
161625 -374882.02779989 -15862632.2546281 4385.67569917627 -5467.83749113196 50 1.58311693558091 -0
161650 -265229.669940094 -15998836.3481199 4386.46459989069 -5428.59903381336 50 1.55671771522152 -0
161675 -155561.155703315 -16134067.5951661 4386.97052901327 -5390.00725184563 50 1.53100949906035 -0
161725 63797.0600073305 -16401675.0981893 4387.18709464134 -5314.70432634984 50 1.48157288577898 -0
161775 283141.267767773 -16665578.2308429 4386.42617731688 -5241.81378838369 50 1.4346299360611 -0
161825 502424.911138416 -16925894.864315 4384.77897400188 -5171.22668317212 50 1.39001735599261 -0
161875 721605.7747776 -17182737.5656866 4382.32808700696 -5102.8397554997 50 1.34758451923595 -0
161925 940645.577129324 -17436213.8760426 4379.14840357924 -5036.5551749601 50 1.30719237531356 -0
161975 1159509.60461017 -17686426.5748691 4375.30787829817 -4972.28026279388 50 1.26871245583512 -0
162025 1378166.38272579 -17933473.9309013 4370.8682296356 -4909.92722355367 50 1.23202597046755 -0
162075 1596587.38008031 -18177449.9397272 4365.88556067495 -4849.41288394408 50 1.19702298487129 -0
162125 1814746.74171124 -18418444.5485464 4360.41091278294 -4790.65844048777 50 1.16360167331466 -0
162175 2032621.04859485 -18656543.8685585 4354.49075996797 -4733.58921712647 50 1.13166763919551 -0
162225 2250189.10053024 -18891830.3754944 4348.16745072801 -4678.13443344703 50 1.10113329722361 -0
162275 2467431.71992922 -19124383.0988328 4341.47960337277 -4624.22698390007 50 1.07191731153065 -0
162325 2684331.57432032 -19354277.800255 4334.46246008702 -4571.803228134 50 1.0439440844688 -0
162375 2900873.01562222 -19581587.1418946 4327.14820437254 -4520.80279238264 50 1.01714329132523 -0
162425 3117041.93446002 -19806380.8449273 4319.56624595396 -4471.16838170812 50 0.991449456616711 -0
162475 3332825.62798928 -20028725.8390396 4311.74347675029 -4422.84560280202 50 0.966801568032641 -0
162525 3548212.67986231 -20248686.4032933 4303.70450108939 -4375.78279697782 50 0.943142724467459 -0
162575 3763192.85112046 -20466324.298886 4295.47184297066 -4329.93088294126 50 0.920419814923966 -0
162625 3977756.98092792 -20681698.8942853 4287.06613285528 -4285.24320889611 50 0.898583225380072 -0
162675 4191896.89617954 -20894867.2831926 4278.50627617619 -4241.6754135277 50 0.877586570993778 -0
162725 4405605.32911804 -21105884.3957678 4269.8096055091 -4199.18529540118 50 0.857386451277142 -0
162775 4618875.84218751 -21314803.1035247 4260.99201812425 -4157.73269031478 50 0.837942226101451 -0
162825 4831702.75943122 -21521674.3182841 4252.06810044446 -4117.27935615647 50 0.81921581060478 -0
162875 5044081.10381353 -21726547.0855479 4243.05124076382 -4077.78886482549 50 0.801171487261611 -0
162925 5256006.53990955 -21929468.6726364 4233.95373143057 -4039.22650079576 50 0.783775733543936 -0
162975 5467475.32146322 -22130484.6519122 4224.78686156479 -4001.55916591585 50 0.766997063756146 -0
163025 5678484.24336463 -22329638.9793916 4215.56100126446 -3964.75529005925 50 0.750805883763555 -0
163075 5889030.59764281 -22526974.069027 4206.2856781495 -3928.78474725781 50 0.735174357458147 -0
163125 6099112.13311013 -22722530.862926 4196.96964700222 -3893.61877697139 50 0.72007628391642 -0
163175 6308727.01833044 -22916348.897755 4187.6209531813 -3859.22991016585 50 0.705486984304339 -0
163225 6517873.80761487 -23108466.3675614 4178.24699041474 -3825.59189989107 50 0.691383197674408 -0
163275 6726551.40977834 -23298920.1832298 4168.85455351366 -3792.67965606906 50 0.677742984880947 -0
163325 6934759.05941488 -23487746.0287786 4159.44988649222 -3760.4691842202 100 0.66454563991251 -0
163375 7142496.29047329 -23674978.4146851 4150.0387265289 -3728.93752787293 100 0.651771608006062 -0
163425 7349762.91193512 -23860650.728418 4140.62634415972 -3698.06271441827 100 0.639402409966619 -0
163475 7556558.98541552 -24044795.282345 4131.21758005424 -3667.82370418632 100 0.627420572169327 -0
163525 7762884.80452411 -24227443.3591697 4121.81687868992 -3638.20034253636 100 0.615809561768949 -0
163575 7968740.8758379 -24408625.2550441 4112.42831920883 -3609.17331476603 100 0.604553726685059 -0
163625 8174127.90135217 -24588370.3204942 4103.05564371242 -3580.72410365798 100 0.593638239970291 -0
163675 8379046.76228669 -24766706.9992839 4093.70228322528 -3552.83494949444 100 0.583049048204295 -0
163725 8583498.50413642 -24943662.8653396 4084.37138153579 -3525.48881238195 100 0.572772823587916 -0
163775 8787484.32286499 -25119264.657844 4075.06581710197 -3498.66933673851 100 0.562796919440946 -0
163825 8991005.55214875 -25293538.3146073 4065.78822319243 -3472.36081780595 100 0.55310932883287 -0
163875 9194063.65158696 -25466509.00381 4056.54100641625 -3446.54817005914 100 0.543698646099628 -0
163925 9396660.19580109 -25638201.1542128 4047.32636378122 -3421.21689739271 100 0.534554031020789 -0
163975 9598796.86435299 -25808638.4839168 4038.14629840665 -3396.35306497361 100 0.525665175450933 -0
164025 9800475.43241739 -25977844.0277562 4029.00263400526 -3371.94327265575 100 0.517022272216609 -0
164075 10001697.7621499 -26145840.1633988 4019.89702823831 -3347.97462985957 100 0.508615986106176 -0
164125 10202465.7946968 -26312648.6362254 4010.83098503833 -3324.43473182628 100 0.500437426794365 -0
164175 10402781.5427965 -26478290.5830535 4001.80586598535 -3301.31163716208 100 0.492478123556562 -0
164225 10602647.0839282 -26642786.5547705 3992.822900815 -3278.59384659393 100 0.484730001639766 -0
164275 10802064.5539658 -26806156.5379317 3983.88319712941 -3256.27028286305 100 0.477185360168153 -0
164325 11001036.1412984 -26968419.9753811 3974.98774937611 -3234.33027168755 100 0.469836851471037 -0
164375 11199564.0813831 -27129595.7859455 3966.13744715384 -3212.76352373014 100 0.462677461730143 -0
164475 11595298.1670609 -27448757.6936447 3948.57535900597 -3170.71048318984 100 0.448899545475041 -0
164575 11989285.4532248 -27763783.8259204 3931.20223071765 -3130.03591795275 100 0.43580151681955 -0
164675 12381545.0482822 -28074808.4847358 3914.0221192763 -3090.66973823047 100 0.423337574048557 -0
164775 12772096.4116942 -28381959.2025634 3897.03801582389 -3052.54657565978 100 0.411465771755268 -0
164875 13160959.2551192 -28685357.1947057 3880.25199645528 -3015.6053934985 100 0.400147635238188 -0
164975 13548153.4575667 -28985117.7745519 3863.66535220106 -2979.78913443871 100 0.389347819186229 -0
165075 13933698.9926378 -29281350.7353245 3847.27870121757 -2945.04440193085 100 0.379033804945774 -0
165175 14317615.8662029 -29574160.7014806 3831.0920857379 -2911.32117140672 100 0.369175631473719 -0
165275 14699924.0631033 -29863647.4525967 3815.10505594644 -2878.57252821977 100 0.359745655765796 -0
165375 15080643.5016656 -30149906.2222652 3799.31674261245 -2846.75442949554 100 0.350718339130346 -0
165475 15459793.9949821 -30433027.9742662 3783.72592004393 -2815.82548741239 100 0.342070056171368 -0
165575 15837395.2180596 -30713099.6580471 3768.33106069259 -2785.74677171779 100 0.33377892376524 -0
165675 16213466.6800597 -30990204.4453332 3753.13038254643 -2756.48162953535 100 0.325824647674529 -0
165775 16588027.7009575 -31264421.9495106 3738.12189028283 -2727.99552073663 100 0.318188384749654 -0
165875 16961097.3920408 -31535828.4292606 3723.30341101584 -2700.25586734329 100 0.310852618932679 -0
165975 17332694.6397423 -31804496.9777774 3708.67262535429 -2673.23191559428 100 0.303801049504105 -0
166075 17702838.0923703 -32070497.6987749 3694.22709438676 -2646.8946094604 100 0.297018490208668 -0
166175 18071546.1493561 -32333897.8703717 3679.96428312491 -2621.21647451993 100 0.29049077806461 -0
166275 18438836.9526886 -32594762.0978407 3665.88158086355 -2596.17151122356 100 0.2842046908066 -0
166375 18804728.380247 -32853152.4561178 3651.97631885405 -2571.73509667952 100 0.278147872038773 -0
166475 19169238.0407809 -33109128.6228822 3638.2457856344 -2547.88389417914 100 0.272308763283996 -0
166575 19532383.2703196 -33362748.0029478 3624.68724031367 -2524.5957697635 100 0.266676542210876 -0
166675 19894181.1298176 -33614065.8446354 3611.29792406923 -2501.8497152025 100 0.261241066403201 -0
166775 20254648.4038707 -33863135.3487409 3598.07507008176 -2479.6257768204 100 0.255992822109076 -0
166875 20613801.600355 -34110007.7706558 3585.01591210353 -2457.90498965833 100 0.250922877470554 -0
166975 20971656.950862 -34354732.5161528 3572.11769183054 -2436.66931651377 100 0.246022839790226 -0
167075 21328230.4118179 -34597357.2313001 3559.3776652274 -2415.90159144171 100 0.24128481644003 -0
167175 21683537.6661874 -34837927.8869344 3546.79310793501 -2395.58546734189 100 0.236701379060548 -0
167275 22037594.125678 -35076488.8580822 3534.36131987449 -2375.70536729207 100 0.232265530736834 -0
167375 22390414.9333685 -35313082.9986885 3522.07962914718 -2356.24643931914 100 0.22797067587018 -0
167475 22742014.9666961 -35547751.7119829 3509.94539531773 -2337.19451432835 100 0.223810592494687 -0
167575 23092408.840744 -35780535.0167863 3497.95601215663 -2318.53606693664 100 0.219779406813583 -0
167675 23441610.911779 -36011471.6100354 3486.10890990958 -2300.25817897902 200 0.215871569753294 -0
167775 23789635.2809952 -36240598.925784 3474.40155715227 -2282.34850547765 200 0.212081835353793 -0
167875 24136495.7984241 -36467953.1909148 3462.83146228257 -2264.79524288194 200 0.208405240831931 -0
167975 24482206.0669785 -36693569.4777827 3451.39617469565 -2247.58709940482 200 0.204837088170654 -0
168075 24826779.4465991 -36917481.7539891 3440.09328568201 -2230.71326729555 200 0.20137292710144 -0
168175 25170229.0584785 -37139722.9294743 3428.92042908377 -2214.16339690304 200 0.19800853936017 -0
168275 25512567.7893405 -37360324.9011002 3417.87528174024 -2197.92757239618 200 0.194739924108113 -0
168375 25853808.2957545 -37579318.594883 3406.95556375023 -2181.9962890189 200 0.191563284420034 -0
168475 26193963.0084673 -37796734.0060227 3396.15903857508 -2166.36043176788 200 0.188475014750589 -0
168575 26533044.1367395 -38012600.2368681 3385.48351300386 -2151.01125539002 200 0.185471689298475 -0
168675 26871063.6726705 -38226945.5329429 3374.92683699934 -2135.94036560519 200 0.182550051195167 -0
168775 27208033.3955049 -38439797.3171519 3364.48690344135 -2121.13970146757 200 0.179707002451777 -0
168875 27543964.8759066 -38651182.2222771 3354.16164778208 -2106.60151878558 200 0.176939594603519 -0
168975 27878869.4801965 -38861126.1218653 3343.94904762622 -2092.31837452707 200 0.174245019996696 -0
169075 28212758.3745436 -39069654.1596028 3333.84712224721 -2078.28311214173 200 0.171620603667967 -0
169175 28545642.5291052 -39276790.7772657 3323.85393204968 -2064.48884773859 200 0.169063795770043 -0
169275 28877532.7221119 -39482559.7413279 3313.96757798671 -2050.92895706069 200 0.166572164501956 -0
169375 29208439.5438911 -39686984.1683048 3304.18620093994 -2037.59706320378 200 0.164143389505598 -0
169475 29538373.4008279 -39890086.5489034 3294.50798106906 -2024.48702502978 200 0.1617752556935 -0
169575 29867344.5192592 -40091888.7710469 3284.93113713683 -2011.59292622951 200 0.159465647475771 -0
169675 30195362.9492995 -40292412.1418362 3275.45392581486 -1998.90906499242 200 0.15721254335676 -0
169775 30522438.5685963 -40491677.4085069 3266.07464097483 -1986.42994424444 200 0.155014010874465 -0
169875 30848581.0860144 -40689704.7784375 3256.79161296905 -1974.15026241758 200 0.152868201857908 -0
170075 31498104.8283381 -41082124.0720589 3238.50782690735 -1950.16893485098 200 0.148727756583026 -0
170275 32144008.606979 -41469821.5899393 3220.58991238258 -1926.92625950142 200 0.144777945684062 -0
170475 32786364.3756644 -41852941.4000868 3203.02575115677 -1904.38602890784 200 0.141006598216376 -0
170675 33425241.7162414 -42231620.5720678 3185.80373883127 -1882.51443143301 200 0.137402526466856 -0
170875 34060707.9391592 -42605989.6360666 3168.91276207143 -1861.27985364309 200 0.133955430604372 -0
171075 34692828.1794493 -42976173.004398 3152.34217638304 -1840.65270206737 200 0.130655814056013 -0
171275 35321665.4883257 -43342289.3591259 3136.0817845512 -1820.60524214863 200 0.127494908242851 -0
171475 35947280.9205454 -43704452.0090281 3120.12181581709 -1801.11145247314 200 0.124464605502561 -0
171675 36569733.6176832 -44062769.2187952 3104.45290584164 -1782.14689260871 200 0.121557399189734 -0
171875 37189080.8874792 -44417344.513034 3089.06607748387 -1763.68858308555 200 0.118766330083179 -0
172075 37805378.2794251 -44768276.9573722 3073.95272240578 -1745.71489623243 200 0.116084938347149 -0
172275 38418679.6567548 -45115661.4187209 3059.10458350316 -1728.2054567348 200 0.113507220393539 -0
172475 39029037.2650015 -45459588.8065358 3044.51373815267 -1711.14105091496 200 0.111027590077706 -0
172675 39636501.7972861 -45800146.2967333 3030.17258225832 -1694.50354385069 200 0.108640843733694 -0
172875 40241122.4564919 -46137417.5397469 3016.0738150756 -1678.27580354955 200 0.106342128617543 -0
