0 314159000 0 -1169.67206477233 268.080698468253 100 0.00403837820768556 -0
100 314042012.596618 26808.0692721608 -1170.07605302124 268.080681225106 200 0.00404138750411136 -0
300 313807916.518083 80424.194007176 -1170.88493338322 268.080543048371 400 0.00404741914774444 -0
700 313339238.428602 187656.291154903 -1172.5063216971 268.079849761756 800 0.00405953489178175 -0
1500 312399931.720821 402119.092923563 -1175.76370650545 268.076777909723 1600 0.00408397825688406 -0
3100 310513461.203644 831032.753779813 -1182.33770369201 268.063749860111 1600 0.00413372923425378 -0
4700 308616408.126548 1259918.04731405 -1188.99222014204 268.041261629533 1600 0.00418466540355706 -0
6300 306708642.135704 1688759.5589974 -1195.72917037564 268.008962875177 1600 0.00423682775633418 -0
7900 304790029.761631 2117541.30132543 -1202.55053492617 267.9664875827 1600 0.00429025915314776 -0
9500 302860434.311192 2546246.68806869 -1209.45836333871 267.913453213592 1600 0.00434500442971215 -0
11100 300919715.754673 2974858.50711532 -1216.454777338 267.849459797156 1600 0.00440111051025949 -0
12700 298967730.607633 3403358.89181367 -1223.54197417744 267.774088962897 1600 0.00445862652871984 -0
14300 297004331.807255 3831729.2907161 -1230.72223018159 267.686902908745 1600 0.00451760395834609 -0
15900 295029368.582863 4259950.43561726 -1237.99790449553 267.587443300126 1600 0.00457809675047263 -0
17500 293042686.320258 4688002.30777206 -1245.37144305562 267.475230094459 1600 0.00464016148316138 -0
19100 291044126.419523 5115864.10216914 -1252.84538279738 267.349760285171 1600 0.00470385752056033 -0
20700 289033526.145885 5543514.18972626 -1260.42235611743 267.210506558746 1600 0.00476924718387867 -0
22300 287010718.473234 5970930.07726261 -1268.10509560798 267.056915857796 1600 0.00483639593497065 -0
23900 284975531.919823 6398088.36509181 -1275.89643908391 266.888407842401 1600 0.00490537257361715 -0
25500 282927790.375683 6824964.70206613 -1283.79933492397 266.704373241311 1600 0.00497624944970287 -0
27100 280867312.921228 7251533.73788834 -1291.81684774998 266.504172083738 1600 0.00504910269160654 -0
28700 278793913.636479 7677769.07249223 -1299.95216446942 266.287131801615 1600 0.0051240124522566 -0
30300 276707401.400311 8103643.20227583 -1308.20860070963 266.052545191173 1600 0.00520106317445335 -0
31900 274607579.679084 8529127.46295243 -1316.58960767398 265.799668221603 1600 0.00528034387722657 -0
33500 272494246.303924 8954191.96876425 -1325.09877945324 265.527717677341 1600 0.00536194846518353 -0
35100 270367193.235937 9378805.54778098 -1333.73986082867 265.235868619134 1600 0.00544597606301205 -0
36700 268226206.318508 9802935.6729801 -1342.51675560639 264.92325164753 1600 0.00553253137753738 -0
38300 266071065.015811 10226548.3887789 -1351.43353552667 264.588949950729 1600 0.00562172508999527 -0
39900 263901542.136579 10649608.2326574 -1360.49444979585 264.231996116827 1600 0.00571367428147944 -0
41500 261717403.542083 11072078.1514777 -1369.70393529309 263.851368688335 1600 0.00580850289485546 -0
43100 259518407.837211 11493919.4120682 -1379.06662750964 263.44598843449 1600 0.00590634223680888 -0
44700 257304306.043404 11915091.5055998 -1388.58737228379 263.014714314147 1600 0.00600733152412068 -0
46300 255074841.252148 12335552.0452358 -1398.27123840104 262.556339099049 1600 0.00611161847874369 -0
47900 252829748.257551 12755256.6564841 -1408.12353113664 262.069584623834 1600 0.00621935997679883 -0
49500 250568753.166447 13174158.859627 -1418.14980682491 261.553096625308 1600 0.00633072275722868 -0
51100 248291572.98431 13592209.9435374 -1428.35588854947 261.005439129142 1600 0.00644588419654938 -0
52700 245997915.175087 14009358.8301205 -1438.74788305801 260.425088337251 1600 0.00656503315694409 -0
54300 243687477.192925 14425551.9285421 -1449.33219901685 259.810425963489 1600 0.00668837091585577 -0
55100 242525868.232274 14633272.5846011 -1454.69856762497 259.489694605814 1600 0.00675167713782075 -0
55900 241359945.98346 14840732.9782986 -1460.11556673226 259.159731959185 1600 0.00681611218628799 -0
56700 240189669.585565 15047925.6322026 -1465.58409138279 258.820305812836 1600 0.00688170518363271 -0
57500 239014997.452541 15254842.8801739 -1471.10505948504 258.471176561551 1600 0.00694848623819953 -0
58300 237835887.254613 15461476.8613345 -1476.67941257783 258.11209691491 1600 0.00701648648571949 -0
59100 236652295.899058 15667819.5137993 -1482.30811662821 257.742811592811 1600 0.00708573813280899 -0
59900 235464179.51033 15873862.5681572 -1487.99216286259 257.363057006525 1600 0.00715627450267263 -0
60700 234271493.409513 16079597.540692 -1493.73256863307 256.972560924474 1600 0.00722813008314022 -0
61500 233074192.09306 16285015.7263287 -1499.53037832056 256.571042121871 1600 0.00730134057717719 -0
62300 231872229.210792 16490108.1912934 -1505.38666427668 256.158210013321 1600 0.00737594295601689 -0
63100 230665557.543136 16694865.7654717 -1511.3025278063 255.733764267393 1600 0.00745197551507356 -0
63900 229454128.977555 16899279.0344515 -1517.27910019297 255.297394402151 1600 0.00752947793280591 -0
64700 228237894.484136 17103338.3312343 -1523.31754376935 254.848779360513 1600 0.00760849133271293 -0
65500 227016804.09031 17307033.7275975 -1529.4190530351 254.387587064282 1600 0.00768905834865644 -0
66300 225790806.854654 17510355.0250926 -1535.58485582466 253.913473945586 1600 0.00777122319371889 -0
67100 224559850.839739 17713291.7456573 -1541.81621452767 253.426084454377 1600 0.00785503173281946 -0
67900 223323883.083978 17915833.1218247 -1548.11442736482 252.925050540564 1600 0.00794053155932826 -0
68700 222082849.572433 18117968.0865072 -1554.48082972212 252.40999110925 1600 0.00802777207593522 -0
69500 220836695.206528 18319685.2623331 -1560.91679554691 251.880511447421 1600 0.00811680458004983 -0
70300 219585363.772619 18520972.9505131 -1567.42373880884 251.336202620343 1600 0.00820768235402797 -0
71100 218328797.90937 18721819.1192105 -1574.00311502961 250.776640835796 1600 0.00830046076054437 -0
71900 217066939.073876 18922211.3913897 -1580.65642288526 250.201386774108 1600 0.00839519734345345 -0
72700 215799727.506472 19122137.0321143 -1587.38520588517 249.609984881862 1600 0.00849195193450734 -0
73500 214527102.194167 19321582.9352644 -1594.19105413209 249.00196262694 1600 0.00859078676632822 -0
74300 213249000.832641 19520535.6096427 -1601.075606168 248.37682971243 1600 0.00869176659206329 -0
75100 211965359.786719 19718981.1644331 -1608.04055091074 247.734077246729 1600 0.00879495881218374 -0
75900 210676114.04927 19916905.2939779 -1615.08762968671 247.073176866974 1600 0.00890043360892636 -0
76700 209381197.198429 20114293.2618334 -1622.21863836544 246.393579812715 1600 0.00900826408891557 -0
77500 208080541.353074 20311129.8840641 -1629.43542960215 245.694715946524 1600 0.00911852643454761 -0
78300 206774077.126464 20507399.5117302 -1636.73991519473 244.975992717952 1600 0.00923130006476569 -0
79100 205461733.577939 20703086.012523 -1644.13406856222 244.236794067003 1600 0.00934666780590698 -0
79900 204143438.162593 20898172.7514971 -1651.61992735231 243.476479262959 800 0.00946471607335852 -0
80700 202819116.678798 21092642.5708468 -1659.19959618585 242.69438167409 800 0.00958553506482144 -0
81500 201488693.213484 21286477.768668 -1666.875249547 241.889807463403 800 0.00970921896605036 -0
82300 200152090.085036 21479660.076647 -1674.64913482832 241.062034205215 800 0.00983586617000929 -0
83100 198809227.783699 21672170.6366072 -1682.52357554076 240.210309416882 800 0.00996557951046665 -0
83900 197460024.909339 21863989.9758468 -1690.50097469914 239.333848999586 800 0.0100984665111417 -0
84700 196104398.106425 22055097.9811894 -1698.58381839477 238.431835581539 800 0.010234639651613 -0
85500 194742261.996072 22245473.8716687 -1706.77467956756 237.503416756423 800 0.0103742166513069 -0
86300 193373529.10498 22435096.1697585 -1715.07622199084 236.547703209285 800 0.0105173207730045 -0
87100 191998109.791105 22623942.6710565 -1723.4912044835 235.563766721404 800 0.0106640811474354 -0
87900 190615912.16585 22811990.4123201 -1732.02248536484 234.550638044958 800 0.0108146331206721 -0
88700 189226842.0126 22999215.6377463 -1740.67302716888 233.507304637465 800 0.0109691186261979 -0
89500 187830802.701375 23185593.7633802 -1749.44590163637 232.432708245123 800 0.0111276865837003 -0
90300 186427695.099366 23371099.339525 -1758.34429500405 231.325742323182 800 0.0112904933268328 -0
91100 185017417.477116 23555706.0110194 -1767.37151361234 230.185249280394 800 0.0114577030624109 -0
91900 183599865.410086 23739386.4752353 -1776.53098985457 229.010017533421 800 0.0116294883637424 -0
92700 182174931.675306 23922112.4376379 -1785.82628849255 227.798778355761 800 0.011806030701065 -0
93500 180742506.142829 24103854.5647374 -1795.26111336571 226.550202504295 800 0.0119875210123549 -0
94300 179302475.661642 24284582.4342463 -1804.83931452311 225.262896604963 800 0.0121741603181061 -0
95100 177854723.939694 24464264.4822429 -1814.56489581034 223.935399277301 800 0.0123661603840458 -0
95900 176399131.417667 24642867.9471223 -1824.44202294617 222.566176975586 800 0.0125637444361609 -0
96700 174935575.136066 24820358.8100989 -1834.47503212677 221.153619522167 800 0.0127671479328742 -0
97500 173463928.595213 24996701.7320033 -1844.66843919907 219.696035306096 800 0.0129766193997185 -0
98300 171984061.607649 25171859.9860951 -1855.02694944821 218.191646117485 800 0.0131924213324352 -0
99100 170495840.142452 25345795.3865861 -1865.55546804862 216.638581584979 800 0.0134148311750693 -0
99900 168999126.160907 25518468.2125435 -1876.25911123266 215.034873180356 800 0.0136441423803584 -0
100700 167493777.442935 25689837.1268094 -1887.14321823605 213.378447750494 800 0.0138806655605316 -0
101500 165979647.403636 25859859.0895438 -1898.21336408489 211.667120532717 800 0.0141247297375522 -0
102300 164456584.899235 26028489.2659558 -1909.47537329555 209.898587604793 800 0.0143766837028796 -0
103100 162924434.021689 26195680.9277518 -1920.93533456575 208.070417715528 800 0.014636897497999 -0
103900 161383033.881104 26361385.3477799 -1932.59961654288 206.180043435933 800 0.0149057640282977 -0
104700 159832218.375083 26525551.6873021 -1944.47488476462 204.224751564177 800 0.0151837008243753 -0
105500 158271815.944015 26688126.8752669 -1956.56811987643 202.201672709959 800 0.0154711519665877 -0
106300 156701649.311244 26849055.4788941 -1968.8866372418 200.107769975328 800 0.0157685901905769 -0
107100 155121535.206942 27008279.5648124 -1981.43810807306 197.939826639253 800 0.0160765191937591 -0
107900 153531284.074436 27165738.5499116 -1994.23058222468 195.694432742234 800 0.0163954761652868 -0
108700 151930699.75757 27321369.0409844 -2007.27251280616 193.367970454714 800 0.0167260345649039 -0
109500 150319579.167603 27475104.6621339 -2020.57278278944 190.956598098796 800 0.0170688071794473 -0
110300 148697711.927946 27626875.8688106 -2034.14073380506 188.456232676549 800 0.0174244494895772 -0
111100 147064879.99493 27776609.747221 -2047.98619734376 185.862530739607 800 0.0177936633837274 -0
111900 145420857.252558 27924229.7977067 -2062.11952860534 183.170867413549 800 0.0181772012613537 -0
112700 143765409.079039 28069655.7005356 -2076.55164326501 180.376313366173 800 0.018575870573441 -0
113100 142933324.696905 28141519.6401316 -2083.88331854079 178.938822474495 800 0.0187811481264043 -0
113500 142098291.882577 28212803.0623402 -2091.29405745817 177.473609481645 800 0.0189905388550643 -0
113900 141260278.703918 28283494.7364138 -2098.78540049966 175.979960894012 800 0.0192041615058817 -0
114300 140419252.604008 28353583.1413908 -2106.35893133221 174.45713896535 800 0.0194221393126218 -0
114700 139575180.383566 28423056.4561888 -2114.01627839001 172.904380662703 800 0.0196446002064555 -0
115100 138728028.182704 28491902.5492746 -2121.75911652911 171.32089657905 800 0.0198716770378221 -0
115500 137877761.462024 28560108.9678877 -2129.58916875767 169.705869789446 800 0.0201035078108215 -0
115900 137024344.982992 28627662.9267946 -2137.50820804611 168.058454647198 800 0.0203402359309615 -0
116300 136167742.78758 28694551.2965485 -2145.51805922142 166.377775516397 800 0.0205820104671463 -0
116700 135307918.177129 28760760.5912292 -2153.62060095041 164.662925436828 800 0.0208289864288629 -0
117100 134444833.690399 28826276.9556339 -2161.81776781681 162.912964717018 800 0.0210813250595918 -0
117500 133578451.080774 28891086.1518916 -2170.11155249755 161.126919450877 800 0.0213391941475507 -0
117900 132708731.29257 28955173.5454662 -2178.50400804397 159.30377995305 800 0.0216027683549654 -0
118300 131835634.436411 29018524.0905181 -2186.99725027377 157.442499107722 800 0.0218722295671569 -0
118700 130959119.763623 29081122.3145862 -2195.59346028043 155.541990625264 800 0.0221477672628349 -0
119100 130079145.639604 29142952.3025535 -2204.29488706669 153.601127200643 800 0.0224295789071024 -0
119500 129195669.516109 29203997.6798556 -2213.10385030965 151.618738567098 800 0.0227178703687951 -0
119900 128308647.902409 29264241.5948878 -2222.02274326522 149.593609438058 800 0.023012856363915 -0
120300 127418036.335247 29323666.7005659 -2231.05403582029 147.52447732975 800 0.0233147609270616 -0
120700 126523789.347554 29382255.134991 -2240.20027770176 145.410030256353 800 0.023623817912924 -0
121100 125625860.435844 29439988.5011649 -2249.46410185184 143.248904288904 800 0.0239402715300708 -0
121500 124724202.02622 29496847.8457006 -2258.8482279801 141.039680968491 800 0.0242643769094664 -0
121900 123818765.438929 29552813.636467 -2268.35546630314 138.78088456345 800 0.0245964007103504 -0
122300 122909500.851377 29607865.7391041 -2277.98872148396 136.470979159528 800 0.024936621766346 -0
122700 121996357.259527 29661983.3923375 -2287.75099678355 134.108365570989 800 0.0252853317749183 -0
123100 121079282.437592 29715145.1820211 -2297.64539843844 131.6913780597 800 0.0256428360335754 -0
123500 120158222.895929 29767329.0138252 -2307.67514027894 129.21828084813 800 0.0260094542265152 -0
123900 119233123.837038 29818512.0844873 -2317.84354860388 126.68726441099 800 0.0263855212657537 -0
124300 118303929.109552 29868670.8515315 -2328.15406732875 124.096441528963 400 0.0267713881911411 -0
124700 117370581.160111 29917781.0013595 -2338.61026342576 121.44384308653 400 0.0271674231340818 -0
125100 116433020.983003 29965817.415606 -2349.2158326754 118.727413594317 400 0.0275740123502261 -0
125500 115491188.067435 30012754.1356449 -2359.97460575097 115.945006414676 400 0.0279915613268973 -0
125900 114545020.342298 30058564.3251216 -2370.89055465903 113.094378667298 400 0.0284204959715775 -0
126300 113594454.118281 30103220.2303805 -2381.96779956063 110.17318578957 400 0.0288612638883809 -0
126700 112639424.027185 30146693.1386422 -2393.21061600036 107.178975724074 400 0.0293143357501287 -0
127100 111679862.958241 30188953.3337764 -2404.62344257209 104.10918270307 400 0.0297802067743926 -0
127500 110715701.991289 30229970.0495028 -2416.21088905328 100.961120596997 400 0.0302593983127158 -0
127900 109746870.326589 30269711.419838 -2427.97774504173 97.7319757908945 400 0.0307524595631551 -0
128300 108773295.211078 30308144.4265918 -2439.92898913213 94.4187995492117 400 0.0312599694173309 -0
128700 107794901.86084 30345234.8437006 -2452.06979867254 91.0184998256136 400 0.0317825384543381 -0
129100 106811613.379549 30380947.1781649 -2464.40556014474 87.5278324701669 400 0.032320811095172 -0
129500 105823350.672631 30415244.6073417 -2476.941880216 83.9433917815428 400 0.0328754679327802 -0
129900 104830032.356857 30448088.9123161 -2489.68459751424 80.2616003466194 400 0.033447228254486 -0
130300 103831574.665075 30479440.4070567 -2502.63979518316 76.4786981039968 400 0.0340368527753619 -0
130700 102827891.345757 30509257.8630288 -2515.81381427907 72.5907305613981 400 0.0346451466031913 -0
131100 101818893.556998 30537498.4289134 -2529.21326807675 68.5935360896089 400 0.0352729624579773 -0
131500 100804489.754611 30564117.5450443 -2542.84505735829 64.4827322074308 400 0.0359212041715712 -0
131900 99784585.5738874 30589068.8521419 -2556.71638676529 60.2537007629467 400 0.0365908304959443 -0
132300 98759083.7045928 30612304.0938823 -2570.83478230312 55.9015719061099 400 0.0372828592519663 -0
132700 97727883.7587142 30633773.0127927 -2585.20811009394 51.421206736095 400 0.0379983718543312 -0
133100 96690882.1304386 30653423.2389214 -2599.8445964851 46.8071784938368 400 0.0387385182525618 -0
133500 95647971.8477986 30671200.1706683 -2614.75284962988 42.0537521554958 400 0.0395045223328953 -0
133900 94599042.4153684 30687046.8471079 -2629.94188266936 37.1548622660222 400 0.0402976878314012 -0
134300 93543979.6473448 30700903.8110629 -2645.42113865741 32.1040888332369 400 0.0411194048150069 -0
134700 92482665.4902832 30712708.9621155 -2661.20051738515 26.8946310816103 400 0.0419711567943328 -0
135100 91414977.8346956 30722397.3986543 -2677.29040427808 21.5192788408113 400 0.0428545285405131 -0
135500 90340790.3146432 30729901.2479626 -2693.70170155684 15.9703813166889 400 0.0437712146876601 -0
135900 89259972.0943774 30735149.4832444 -2710.44586187355 10.2398129611224 400 0.0447230292135347 -0
136300 88172387.6409929 30738067.7263662 -2727.53492465846 4.31893612154501 400 0.0457119159035351 -0
136700 87077896.4819559 30738578.0349543 -2744.98155543762 -1.8014398898089 400 0.0467399599175994 -0
137100 85976352.9462644 30736598.6723379 -2762.79908841155 -8.13110371357026 400 0.0478094005963671 -0
137500 84867605.887871 30732043.8586514 -2781.00157261751 -14.6804913080682 400 0.0489226456623557 -0
137900 83751498.3898648 30724823.5012153 -2799.6038220354 -21.4607402832693 400 0.0500822869944597 -0
138300 82627867.4477565 30714842.9020931 -2818.62147003917 -28.4837497969042 400 0.0512911181803387 -0
138700 81496543.6300388 30702002.4404647 -2838.07102864301 -35.7622466880879 400 0.0525521540819109 -0
139100 80357350.7140075 30686197.2271739 -2857.96995304602 -43.3098586190026 400 0.053868652685046 -0
139300 79784746.3218673 30677148.528303 -2868.09365726889 -47.1891074497785 400 0.054548791056859 -0
139500 79210105.2945576 30667316.7284307 -2878.33671203613 -51.1411951029728 400 0.0552441395467208 -0
139700 78633403.5152107 30656687.0615488 -2888.7015969356 -55.1681159333989 400 0.0559551851524008 -0
139900 78054616.3637518 30645244.3555184 -2899.19086490606 -59.2719374429692 400 0.0566824352019303 -0
140100 77473718.7019501 30632973.0171054 -2909.80714504697 -63.4548036609841 400 0.0574264184022329 -0
140300 76890684.857895 30619857.0163213 -2920.55314555993 -67.7189387134465 400 0.0581876859522821 -0
140500 76305488.6098699 30605879.8700302 -2931.43165682944 -72.0666505938378 400 0.0589668127254084 -0
140700 75718103.169595 30591024.6247804 -2942.44555465041 -76.5003351487315 400 0.0597643985257569 -0
140900 75128501.1648103 30575273.8388164 -2953.59780361083 -81.0224802926456 400 0.060581069424307 -0
141100 74536654.6211646 30558609.5632235 -2964.89146063841 -85.6356704676464 400 0.0614174791803208 -0
141300 73942534.9433786 30541013.3221548 -2976.32967872043 -90.342591364427 400 0.0622743107545785 -0
141500 73346112.8956461 30522466.0920858 -2987.91571080689 -95.1460349228986 400 0.0631522779212996 -0
141700 72747358.5812347 30502948.2800405 -2999.65291390749 -100.04890463177 400 0.0640521269862461 -0
141900 72146241.4212474 30482439.7007244 -3011.54475339386 -105.05422114815 400 0.0649746386191479 -0
142100 71542730.132502 30460919.552501 -3023.59480751906 -110.165128259921 400 0.0659206298093097 -0
142300 70936792.7044837 30438366.3921388 -3035.80677216723 -115.384899215485 400 0.0668909559540399 -0
142500 70328396.3753238 30414758.1082538 -3048.18446584726 -120.716943447528 400 0.0678865130904084 -0
142700 69717507.6067537 30390071.893365 -3060.73183494506 -126.16481371967 400 0.0689082402817853 -0
142900 69104092.0579819 30364284.2144764 -3073.45295925031 -131.732213727319 400 0.0699571221716639 -0
143100 68488114.5584362 30337370.7820897 -3086.3520577743 -137.423006186689 400 0.0710341917184236 -0
143300 67869539.0793122 30309306.517548 -3099.433494877 -143.241221448926 400 0.0721405331259624 -0
143500 67248328.7038633 30280065.5186009 -3112.70178672255 -149.191066679442 400 0.0732772849865404 -0
143700 66624445.5963659 30249621.0230727 -3126.16160808372 -155.276935646137 400 0.0744456436537317 -0
143900 65997850.969686 30217945.3705098 -3139.81779951741 -161.50341916408 400 0.0756468668651104 -0
144100 65368505.0513725 30185009.9616671 -3153.67537493489 -167.875316248458 400 0.0768822776362107 -0
144300 64736367.0481945 30150785.2156903 -3167.73952959197 -174.397646032388 200 0.0781532684494248 -0
144500 64101395.109036 30115240.5248319 -3182.01564852645 -181.075660511342 200 0.0794613057638667 -0
144700 63463546.2860567 30078344.2065301 -3196.50931547175 -187.914858181725 200 0.0808079348748521 -0
144900 62822776.4940193 30040063.4526653 -3211.22632227823 -194.920998647477 200 0.0821947851545779 -0
145100 62179040.4676795 30000364.2757907 -3226.17267887556 -202.100118275656 200 0.0836235757088423 -0
145300 61532291.7171254 29959211.4521205 -3241.35462381233 -209.458546989716 200 0.0850961214882928 -0
145500 60882482.4809496 29916568.4610369 -3256.77863541153 -217.002926297886 200 0.0866143398967647 -0
145700 60229563.6771236 29872397.4208597 -3272.45144358361 -224.740228663673 200 0.0881802579438305 -0
145900 59573484.8514417 29826659.0205972 -3288.38004234173 -232.677778336187 200 0.0897960199937935 -0
146100 58914194.1233858 29779312.4473752 -3304.57170306733 -240.823273769934 200 0.0914638961690971 -0
146300 58251638.1292597 29730315.3092106 -3321.03398857787 -249.18481177697 200 0.0931862914725689 -0
146500 57585761.9624238 29679623.5527686 -3337.7747680521 -257.77091356916 200 0.0949657557001751 -0
146700 56916509.1104543 29627191.3757079 -3354.80223287293 -266.590552864843 200 0.0968049942241462 -0
146900 56243821.3890367 29572971.1331826 -3372.12491345211 -275.653186252771 200 0.0987068797355639 -0
147100 55567638.872391 29516913.2380275 -3389.75169710604 -284.968786026966 200 0.100674465045943 -0
147300 54887899.8200097 29458966.0541101 -3407.69184705707 -294.547875729489 200 0.10271099705916 -0
147500 54204540.599477 29399075.7822816 -3425.9550226405 -304.401568664345 200 0.104819932038492 -0
147700 53517495.6051181 29337186.3383033 -3444.55130080325 -314.541609675294 200 0.107004952308743 -0
147900 52826697.1722131 29273239.2220651 -3463.49119898674 -324.980420513603 200 0.109269984550773 -0
148100 52132075.4864866 29207173.3773408 -3482.78569949346 -335.731149159411 200 0.111619219865488 -0
148300 51433558.4885674 29138925.0412505 -3502.44627544358 -346.80772350288 200 0.114057135806895 -0
148500 50731071.7730882 29068427.5825135 -3522.48491843624 -358.224909839475 200 0.116588520609591 -0
148700 50024538.4820727 28995611.3274782 -3542.91416803771 -369.998376688376 200 0.119218499865641 -0
148900 49313879.1922309 28920403.3728103 -3563.7471432274 -382.144764505174 200 0.121952565939687 -0
149100 48599011.7957588 28842727.3835944 -3584.99757594146 -394.681761930707 200 0.124796610450158 -0
149300 47879851.3742066 28762503.3754744 -3606.67984686258 -407.628189298631 200 0.127756960189421 -0
149500 47156310.0649511 28679647.4792982 -3628.80902361403 -421.004090216502 200 0.130840416907649 -0
149700 46428296.9197758 28594071.686564 -3651.40090152494 -434.830832140749 200 0.13405430144528 -0
149900 45695717.7550257 28505683.5737659 -3674.47204714266 -449.131216987055 200 0.137406502768648 -0
150100 44958474.9927695 28414386.0035169 -3698.03984467658 -463.929602956858 200 0.140905532544408 -0
150300 44216467.4923644 28320076.800075 -3722.1225455649 -479.2520389211 200 0.144560585982758 -0
150500 43469590.3717785 28222648.3966112 -3746.73932136166 -495.126412887404 200 0.148381609789704 -0
150700 42717734.8179874 28121987.4512321 -3771.91032014516 -511.582616290999 200 0.152379378197638 -0
150900 41960787.8857195 28017974.4283995 -3797.65672664883 -528.652726097928 200 0.156565578194924 -0
151000 41580368.6750155 27964671.7278791 -3810.75262716179 -537.428666862106 200 0.158733265124358 -0
151100 41198632.283752 27910483.1419081 -3824.00082630671 -546.371206989547 200 0.160952905253666 -0
151200 40815563.3342602 27855391.7761028 -3837.40429293034 -555.485064535624 200 0.163226260762036 -0
151300 40431146.1481283 27799380.2554062 -3850.9660734259 -564.775136279639 200 0.165555171062743 -0
151400 40045364.7383299 27742430.7057959 -3864.6892940991 -574.246506210015 200 0.167941556952869 -0
151500 39658202.8011111 27684524.7351185 -3878.57716360423 -583.90445449369 200 0.170387425027045 -0
151600 39269643.707631 27625643.4130018 -3892.63297545081 -593.754466962005 200 0.172894872374653 -0
151700 38879670.4953479 27565767.2497916 -3906.86011058135 -603.802245147769 200 0.17546609158151 -0
151800 38488265.859144 27504876.1744551 -3921.26204002019 -614.053716910907 200 0.178103376058826 -0
151900 38095412.1421821 27442949.5113911 -3935.84232759339 -624.515047692948 200 0.180809125724194 -0
152000 37701091.3264863 27379965.9560808 -3950.60463271895 -635.192652443787 200 0.183585853061451 -0
152100 37305285.0232403 27315903.5495117 -3965.55271326624 -646.093208267555 200 0.186436189588607 -0
152200 36907974.4627969 27250739.651297 -3980.69042848303 -657.223667838174 200 0.189362892765553 -0
152300 36509140.4843905 27184450.9114147 -3996.02174198789 -668.591273639217 200 0.192368853376092 -0
152400 36108763.5255483 27117013.2404775 -4011.55072482476 -680.203573087131 200 0.195457103421881 -0
152500 35706823.6111922 27048401.7784443 -4027.28155857589 -692.068434601686 200 0.198630824569244 -0
152600 35303300.3424272 26978590.8616744 -4043.21853852816 -704.194064692796 200 0.201893357193577 -0
152700 34898172.8850109 26907553.988219 -4059.36607688658 -716.589026138596 200 0.205248210070083 -0
152800 34491419.9574988 26835263.7812367 -4075.72870602771 -729.262257335962 200 0.208699070764159 -0
152900 34083019.8190637 26761691.9504124 -4092.31108178368 -742.223092911515 200 0.212249816779676 -0
153000 33672950.2569847 26686809.2512474 -4109.11798674609 -755.481285688711 200 0.21590452752891 -0
153100 33261188.5738056 26610585.442081 -4126.15433357681 -769.04703011484 200 0.219667497193944 -0
153200 32847711.574163 26532989.238692 -4143.42516831027 -782.93098726082 200 0.223543248556078 -0
153300 32432495.551285 26453988.2663157 -4160.93567362906 -797.144311516592 200 0.227536547877201 -0
153400 32015516.2731638 26373549.0089023 -4178.69117209149 -811.698679115831 200 0.231652420925331 -0
153500 31596748.9684106 26291636.7554239 -4196.69712928595 -826.606318635648 100 0.235896170245648 -0
153600 31176168.3117984 26208215.5430275 -4214.95915688278 -841.880043630151 100 0.240273393788498 -0
153700 30753748.4095069 26123248.0968102 -4233.48301554932 -857.533287571244 100 0.244790005017097 -0
153800 30329462.7840843 26036695.7659768 -4252.27461768816 -873.580141285985 100 0.249452254630228 -0
153900 29903284.3591461 25948518.4561212 -4271.34002995213 -890.035393097488 100 0.254266754049142 -0
154000 29475185.4438351 25858674.5573482 -4290.68547548189 -906.914571895745 100 0.259240500833474 -0
154100 29045137.7170754 25767120.8679324 -4310.31733580337 -924.233993386246 100 0.264380906208317 -0
154200 28613112.211655 25673812.5131812 -4330.24215231223 -942.010809787955 100 0.269695824903992 -0
154300 28179079.2981858 25578702.8591442 -4350.46662726078 -960.263063278477 100 0.275193587531718 -0
154400 27743008.6689924 25481743.4207765 -4370.99762414943 -979.00974351324 100 0.280883035742657 -0
154500 27304869.3219969 25382883.7641319 -4391.84216740924 -998.270849577727 100 0.286773560444981 -0
154600 26864629.5446761 25282071.4021231 -4413.00744124397 -1018.06745676741 100 0.292875143384053 -0
154700 26422256.8981828 25179251.6833437 -4434.50078747923 -1038.42178862961 100 0.299198402425078 -0
154800 25977718.2017393 25074367.6734049 -4456.32970224228 -1059.35729474546 100 0.305754640915967 -0
154900 25530979.517429 24967360.0281832 -4478.50183126762 -1080.89873477882 100 0.312555901551458 -0
155000 25082006.1355372 24858166.8583276 -4501.02496359119 -1103.0722693734 100 0.319615025208184 -0
155100 24630762.560613 24746723.5843073 -4523.90702335786 -1125.90555853948 100 0.326945715275333 -0
155200 24177212.4984587 24632962.7812173 -4547.15605942284 -1149.42786823909 100 0.334562608067437 -0
155300 23721318.8442845 24516814.0124831 -4570.78023237609 -1173.67018595276 100 0.342481349975814 -0
155400 23263043.6723071 24398203.6515242 -4594.7877985587 -1198.66534609508 100 0.350718682094296 -0
155500 22802348.2271174 24277054.6903435 -4619.18709057033 -1224.44816623835 100 0.359292533144356 -0
155600 22339192.9171975 24153286.5339109 -4643.98649368441 -1251.05559520793 100 0.368222121626169 -0
155700 21873537.3110282 24026814.7790943 -4669.19441749198 -1278.526874228 100 0.377528068237036 -0
155800 21405340.1363028 23897550.9767701 -4694.81926198241 -1306.90371242551 100 0.387232519729041 -0
155900 20934559.2828498 23765402.3756057 -4720.86937713701 -1336.23047814389 100 0.39735928552584 -0
156000 20461151.8099642 23630271.6458529 -4747.3530149559 -1366.55440767848 100 0.407933988586704 -0
156100 19985073.9589661 23492056.581324 -4774.278272656 -1397.92583322441 100 0.418984232197192 -0
156200 19506281.1719422 23350649.7775294 -4801.65302556162 -1430.39843202692 100 0.430539784583313 -0
156300 19024728.1177838 23205938.2837495 -4829.48484795485 -1464.02949894597 100 0.44263278349352 -0
156400 18540368.7268258 23057803.2265779 -4857.78091985153 -1498.8802448935 100 0.455297963174471 -0
156500 18053156.2356097 22906119.4022148 -4886.54791731175 -1535.01612387563 100 0.468572906486934 -0
156600 17563043.2435536 22750754.8345003 -4915.79188347077 -1572.50719167517 100 0.482498325272742 -0
156700 17069981.7836197 22591570.2953591 -4945.51807697337 -1611.4284995447 100 0.497118372498146 -0
156750 16822330.2546618 22510499.9174904 -4960.56339458702 -1631.45041852166 100 0.504703705326173 -0
156800 16573923.4094219 22428418.7839061 -4975.73079389478 -1651.86052662741 100 0.512480990171765 -0
156850 16324755.1346571 22345307.2121366 -4991.02062719759 -1672.66980983939 100 0.520456875499687 -0
156900 16074819.3016816 22261144.9604545 -5006.43315853061 -1693.88965535358 100 0.528638297557404 -0
156950 15824109.7709927 22175911.2073784 -5021.9685550273 -1715.53186911122 100 0.537032495078715 -0
157000 15572620.3973473 22089584.5302801 -5037.62687755608 -1737.60869418715 100 0.545647024835726 -0
157050 15320345.0353253 22002142.8830496 -5053.40807056712 -1760.13283008425 100 0.554489778092075 -0
157100 15067277.5454218 21913563.5727707 -5069.31195108107 -1783.11745298045 100 0.56356899801365 -0
157150 14813411.8007136 21823823.2353615 -5085.33819674541 -1806.57623697704 100 0.57289329809661 -0
157200 14558741.6941472 21732897.8101242 -5101.48633287743 -1830.523376399 100 0.582471681676254 -0
157250 14303261.1465019 21640762.5131542 -5117.75571840509 -1854.97360920037 100 0.592313562584192 -0
157300 14046964.1150854 21547391.8095489 -5134.1455306093 -1879.94224152989 100 0.602428787025444 -0
157350 13789844.6032251 21452759.3843592 -5150.65474856177 -1905.44517351401 100 0.612827656751367 -0
157400 13531896.6706211 21356838.1122189 -5167.28213514321 -1931.49892631685 100 0.623520953608882 -0
157450 13273114.4446381 21259600.0255892 -5184.02621751552 -1958.12067053848 100 0.634519965551101 -0
157500 13013492.1326135 21161016.2815472 -5200.88526590995 -1985.32825601454 100 0.645836514199386 -0
157550 12753024.0352727 21061057.1270496 -5217.8572705804 -2013.14024308248 100 0.657482984051808 -0
157600 12491704.5613454 20959691.8625931 -5234.9399167565 -2041.57593538055 100 0.66947235343815 -0
157650 12229528.2434875 20856888.8041972 -5252.13055741564 -2070.6554142471 100 0.681818227326789 -0
157700 11966489.7556242 20752615.2436238 -5269.42618367595 -2100.39957478856 100 0.694534872093994 -0
157750 11702583.9318364 20646837.4067516 -5286.82339259329 -2130.83016368442 100 0.70763725237144 -0
157800 11437805.7869274 20539520.4100145 -5304.31835212477 -2161.96981879731 100 0.721141070092785 -0
157850 11172150.5388178 20430628.2148136 -5321.90676299814 -2193.84211065526 100 0.735062805865044 -0
157900 10905613.6329297 20320123.5798064 -5339.58381720208 -2226.47158587068 100 0.749419762795081 -0
157950 10638190.7687379 20207968.0109758 -5357.34415278427 -2259.88381255789 50 0.764230112905538 -0
158000 10369877.9286804 20094121.7093766 -5375.18180461444 -2294.10542780591 50 0.779512946277955 -0
158050 10100671.4096387 19978543.5164566 -5393.0901507365 -2329.16418725726 50 0.795288323063261 -0
158100 9830567.85722081 19861190.8568443 -5411.06185389732 -2365.08901683517 50 0.811577328501119 -0
158150 9559564.30309576 19742019.6784967 -5429.08879780029 -2401.91006665071 50 0.828402131089322 -0
158200 9287658.20565929 19620984.390096 -5447.16201758802 -2439.65876710809 50 0.845786044042227 -0
158250 9014847.4943299 19498037.7955872 -5465.27162401097 -2478.3678872094 50 0.863753590172503 -0
158300 8741130.61780688 19373131.0257441 -5483.40672068639 -2518.07159503896 50 0.882330570322745 -0
158350 8466506.59665164 19246213.4666595 -5501.55531379543 -2558.80552038209 50 0.901544135461894 -0
158400 8190975.08058791 19117232.6850509 -5519.7042135035 -2600.60681940144 50 0.92142286254519 -0
158450 7914536.41095406 18986134.3502842 -5537.8389263217 -2643.51424125641 50 0.941996834214336 -0
158500 7637191.68878142 18852862.1530209 -5555.94353755333 -2687.56819650515 50 0.96329772238559 -0
158550 7358942.84901751 18717357.7204048 -5574.00058288964 -2732.81082707385 50 0.985358875735924 -0
158600 7079792.74146185 18579560.527717 -5591.99090813265 -2779.28607751211 50 1.00821541104957 -0
158650 6799745.21903552 18439407.806443 -5609.8935159297 -2827.03976717491 50 1.03190430832697 -0
158700 6518805.23406371 18296834.4487172 -5627.68539830449 -2876.11966287807 50 1.05646450948271 -0
158750 6236978.94331423 18151772.9081337 -5645.34135366229 -2926.57555146367 50 1.08193702036593 -0
158800 5954273.82260347 18004153.0969458 -5662.83378683374 -2978.45931158088 50 1.10836501572142 -0
158850 5670698.79185645 17853902.2797132 -5680.13249060111 -3031.82498383264 50 1.13579394656902 -0
158900 5386264.3515882 17700944.9635034 -5697.20440702613 -3086.72883825699 50 1.16427164930755 -0
158950 5100982.73186116 17545202.784812 -5714.01336676773 -3143.22943789703 50 1.1938484556409 -0
159000 4814868.05486725 17386594.3934318 -5730.51980444571 -3201.38769696261 50 1.22457730217271 -0
159050 4527936.51238348 17225035.3335867 -5746.68044797295 -3261.26693179234 50 1.25651383821282 -0
159100 4240206.5594576 17060437.9227408 -5762.4479796482 -3322.93290248089 50 1.28971652997492 -0
159150 3951699.12579336 16892711.1286108 -5777.7706666783 -3386.45384263584 50 1.32424675890982 -0
159200 3662437.84642456 16721760.4450497 -5792.59195868803 -3451.90047426238 50 1.36016891139974 -0
159250 3372449.31339156 16547487.7676305 -5806.85004968566 -3519.34600423379 50 1.39755045642253 -0
159300 3081763.35026206 16369791.2699512 -5820.47740189217 -3588.86609818076 50 1.43646200706401 -0
159350 2790413.31146817 16188565.2819116 -5833.40022882375 -3660.53882691175 50 1.47697736089472 -0
159400 2498436.40856179 16003700.1714712 -5845.5379350575 -3734.44457964911 50 1.5191735132133 -0
159450 2205874.06561613 15815082.2317133 -5856.80251022709 -3810.66593741829 50 1.56313063597189 -0
159500 1912772.3061188 15622593.5753932 -5867.09787501411 -3889.28749884864 50 1.60893201381492 -0
159550 1619182.17380568 15426112.0395714 -5876.31917725161 -3970.39564942218 50 1.65666392705837 -0
159600 1325160.18996649 15225511.1034092 -5884.35203677599 -4054.07826383105 50 1.70641546958688 -0
159650 1030768.84980416 15020659.8227634 -5891.07173839657 -4140.42432956685 50 1.75827828752833 -0
159700 736077.160437439 14811422.7858504 -5896.34237335391 -4229.52347816327 50 1.81234622216081 -0
159750 441161.223086226 14597660.0949731 -5900.01593097243 -4321.46540864919 50 1.86871483780121 -0
159800 146104.861851718 14379227.3801302 -5901.9313439573 -4416.33918575592 50 1.92748081241752 -0
159850 -148999.698722537 14155975.8512499 -5901.91349302924 -4514.23239328511 50 1.98874116541035 -0
159900 -444051.10547585 13927752.3968254 -5899.77217943633 -4615.23012082727 50 2.05259229346417 -0
159925 -591522.51627048 13811727.2051263 -5897.84140612828 -4666.91879610928 50 2.08551906443961 -0
159950 -738938.096465553 13694399.73785 -5895.30107747917 -4719.41375975848 50 2.1191287816534 -0
159975 -886282.253477948 13575749.7199279 -5892.1227104288 -4772.72437484011 50 2.15343274736119 -0
160000 -1033538.66848286 13455756.6473716 -5888.27668339693 -4826.85958251418 50 2.18844195315111 -0
160025 -1180690.26755613 13334399.7985399 -5883.73220484945 -4881.82784378357 50 2.22416701746281 -0
160050 -1327719.19204232 13211658.2469173 -5878.45728283731 -4937.63707671779 50 2.2606181173632 -0
160075 -1474606.76817646 13087510.875522 -5872.41869580508 -4994.29458891345 50 2.29780491421316 -0
160100 -1621333.47599534 12961936.3930631 -5865.58196500165 -5051.80700495222 50 2.33573647285356 -0
160125 -1767878.91758284 12834913.3519777 -5857.91132886367 -5110.18018862093 50 2.37442117393691 -0
160150 -1914221.78470385 12706420.1684794 -5849.36971978372 -5169.41915966382 50 2.41386661903219 -0
160175 -2060339.82589181 12576435.1447589 -5839.91874371891 -5229.52800484721 50 2.45407952813707 -0
160200 -2206209.81306725 12444936.4934819 -5829.51866314252 -5290.50978313015 50 2.49506562924354 -0
160225 -2351807.50777748 12311902.364732 -5818.12838389044 -5352.36642475328 50 2.53682953962188 -0
160250 -2497107.62716252 12177310.8755557 -5805.70544650625 -5415.09862408203 50 2.57937463851427 -0
160275 -2642083.80976751 12041140.1422645 -5792.20602274284 -5478.70572607019 50 2.62270293096487 -0
160300 -2786708.58133964 11903368.3156573 -5777.58491793434 -5543.18560624678 50 2.66681490255918 -0
160325 -2930953.32076567 11763973.6193237 -5761.79558000962 -5608.53454417407 50 2.71170936490268 -0
160350 -3074788.22632633 11622934.3911934 -5744.79011597664 -5674.74709037745 50 2.75738329174001 -0
160375 -3218182.28246553 11480229.1284926 -5726.51931676519 -5741.815926811 50 2.80383164570091 -0
160400 -3361103.22729478 11335836.5362687 -5706.93269137278 -5809.73172099543 50 2.85104719576154 -0
160425 -3503517.52107796 11189735.5796385 -5685.97851131333 -5878.48297404962 50 2.89902032562943 -2.82431211029784e-309
160450 -3645390.315967 11041905.5399083 -5663.60386642059 -5948.05586293346 50 2.94773883339983 -1.96749671033024e-303
160500 -3927365.30673494 10740977.282214 -5614.37605616517 -6089.59865178179 50 3.04734898806758 -6.34610765116314e-292
160550 -4206722.21301987 10432894.7268443 -5558.80528861398 -6234.19670680828 50 3.14972022604811 -1.13959904531453e-280
160600 -4483132.50797157 10117510.1844671 -5496.43457036532 -6381.63858756657 50 3.25463970149566 -1.08601485714097e-269
160625 -4620123.70929399 9957036.6915032 -5462.55393206514 -6456.34534830322 50 3.30797153157553 -2.60242422369176e-264
160650 -4756244.58003102 9794687.85760378 -5426.79834919696 -6531.65911270834 50 3.36183171134402 -5.22171699905303e-259
160675 -4891447.51384952 9630449.03031302 -5389.10922634865 -6607.53740795968 50 3.41617473151814 -8.71415863931737e-254
160700 -5025683.44218466 9464306.66933081 -5349.42822102219 -6683.9337071423 50 3.47095023518168 -1.20124617599261e-248
160725 -5158901.84370757 9296248.44987494 -5307.6974991524 -6760.79726998729 50 3.52610280708507 -1.35827013001149e-243
160750 -5291050.7604783 9126263.36989963 -5263.8600144952 -6838.07299405552 50 3.58157177754147 -1.25077482807397e-238
160775 -5422076.82138591 8954341.86087587 -5217.85981224851 -6915.70127908784 50 3.63729104504825 -9.31200788369459e-234
160800 -5551925.27348333 8780475.90176789 -5169.64235700339 -6993.61790746531 50 3.69318892212326 -5.56359732503503e-229
160825 -5680540.02182322 8604659.13576424 -5119.1548848123 -7071.75394392919 50 3.74918800918083 -2.64753481838452e-224
160850 -5807863.67839154 8426886.98924046 -5066.34677880307 -7150.03565789479 50 3.80520510156916 -9.958177940038e-220
160875 -5933837.62071594 8247156.79234538 -5011.16996736177 -7228.38447184651 25 3.8611511351346 -2.93769750651669e-215
160900 -6058402.06069656 8065467.90051404 -4953.57934345524 -7306.71693941494 25 3.91693117585265 -6.74409915050196e-211
160925 -6181496.12416456 7881821.81611959 -4893.53320316757 -7384.94475680069 25 3.97244445915227 -1.19536741977657e-206
160950 -6303057.9416192 7696222.3093844 -4830.99370098813 -7462.97481121347 25 4.02758448454152 -1.62288431909989e-202
160975 -6423024.75052553 7508675.53757995 -4765.92731881816 -7540.70926992856 25 4.08223917099954 -1.6742303802137e-198
161000 -6541333.00947153 7319190.16145637 -4698.30534506676 -7618.04571341592 25 4.13629107831432 -1.30199748325935e-194
161025 -6657918.52438528 7127777.45775894 -4628.10435959637 -7694.87731576037 25 4.18961769910099 -7.57181305879315e-191
161050 -6772716.58689894 6934451.42661263 -4555.30671966524 -7771.09307525541 25 4.24209182561663 -3.26680482831279e-187
161075 -6885662.12481761 6739228.8924885 -4479.90104141627 -7846.57809761273 25 4.29358199468373 -1.03738524868069e-183
161100 -6996689.86450757 6542129.59741197 -4401.88267089466 -7921.21393367799 25 4.34395301303908 -2.40570502067951e-180
161125 -7105734.50486161 6343176.28503323 -4321.25413806249 -7994.8789728812 25 4.3930665642365 -4.04263867479728e-177
161150 -7212730.90232984 6142394.77415906 -4238.02558683618 -8067.44889287659 25 4.44078189685732 -4.88536590240112e-174
161175 -7317614.26632582 5939814.0203448 -4152.21517382638 -8138.79716494976 25 4.48695659223498 -4.21400275263187e-171
161200 -7420320.36413147 5735466.16416746 -4063.84942823147 -8208.79561379771 25 4.53144740820207 -2.57568594684493e-168
161225 -7520785.73423414 5529386.56484896 -3972.96356524615 -8277.31502923611 25 4.57411119355231 -1.10768865567398e-165
161250 -7618947.90683886 5321613.81797354 -3879.60174541767 -8344.22582627602 25 4.61480586601571 -3.32889289375124e-163
161275 -7714745.63011214 5112189.75614642 -3783.81727262868 -8409.39874886558 25 4.65339144462344 -6.94523563240947e-161
161300 -7808119.10053597 4901159.4315729 -3685.67272382301 -8472.70561143774 25 4.68973112544701 -9.99670478934961e-159
161325 -7899010.19558574 4688571.07969786 -3585.2400042251 -8534.02007127742 25 4.72369238789766 -9.86801364559513e-157
161350 -7987362.70680005 4474476.0632337 -3482.60032263776 -8593.21842365444 25 4.75514811713514 -6.64325423712736e-155
161375 -8073122.57118692 4258928.7961184 -3377.84408243172 -8650.18041070091 25 4.78397772672882 -3.03425813269689e-153
161400 -8156238.09881652 4041986.64718172 -3271.07068505004 -8704.79003417947 25 4.81006826460704 -9.35762069035169e-152
161425 -8236660.19438758 3823709.8235525 -3162.38824422136 -8756.93636162894 25 4.83331548458387 -1.94012482321878e-150
161450 -8314342.57052816 3604161.23410911 -3051.91321057881 -8806.51431491873 25 4.85362486542113 -2.69373387115921e-149
161475 -8389241.95060382 3383406.33355234 -2939.76990798105 -8853.42543002114 25 4.87091255950795 -2.49608014346995e-148
161500 -8461318.25885904 3161512.94796029 -2826.08998448647 -8897.57857684225 25 4.88510625384693 -1.53913252406489e-147
161525 -8530534.79581254 2938551.08296029 -2711.01178259399 -8938.89062825139 25 4.89614592713288 -6.30036735342842e-147
161550 -8596858.39696275 2714592.71591814 -2594.6796349849 -8977.28706801934 25 4.90398448828693 -1.70889986434108e-146
161575 -8660259.57303491 2489711.57379199 -2477.24309352878 -9012.70252821166 25 4.90858828383234 -3.06726446966444e-146
161600 -8720712.63021318 2263982.89852169 -2358.85610070394 -9045.08124766838 25 4.90993746391918 -3.64024382721711e-146
161625 -8778195.76904507 2037483.20201762 -2239.67611378194 -9074.37744451048 25 4.90802619955287 -2.85597833073139e-146
161650 -8832691.16097717 1810290.01297104 -2119.86319309845 -9100.55559711028 25 4.90286274657218 -1.4817175085992e-146
161675 -8884185.00177351 1582481.61782714 -1999.57906644427 -9123.59062960587 25 4.89446935505975 -5.08794491498439e-147
161700 -8932667.54137477 1354136.79833786 -1878.98618204004 -9143.4679997801 25 4.88288202604921 -1.15798678098815e-147
161725 -8978133.09007047 1125334.56814421 -1758.2467626913 -9160.1836889089 25 4.86815012051223 -1.75025165021073e-148
161750 -9020580.0011696 896153.910825228 -1637.52187355652 -9173.74409496057 25 4.85033582856437 -1.76121929499691e-149
161775 -9060010.63066108 666673.521794471 -1516.97051550846 -9184.16583224167 25 4.82951350952539 -1.1834380110481e-150
161800 -9096431.27464642 436971.556327446 -1396.74875534763 -9191.47544218885 25 4.80576891582677 -5.32862645706815e-152
161825 -9129852.08559668 207125.385867258 -1277.00890316559 -9195.7090214546 25 4.77919831570853 -1.6141665147068e-153
161850 -9160286.96872945 -22788.6354140185 -1157.89874599001 -9196.91177469117 25 4.74990753114349 -3.30421284279458e-155
161875 -9187753.46001317 -252695.392019304 -1039.56084551693 -9195.13750047358 25 4.71801090843925 -4.59288055886378e-157
161900 -9212272.58748368 -482521.214938332 -922.131906292271 -9190.44801959868 25 4.6836302394913 -4.35799890010213e-159
161925 -9233868.71769814 -712194.07454818 -805.742219193354 -9182.91255554515 25 4.64689365170369 -2.83874408262256e-161
161950 -9252569.38925325 -941643.757532176 -690.515183527302 -9172.60707717648 25 4.60793448418746 -1.2770495319666e-163
161975 -9268405.13535907 -1170802.02700012 -576.566909552006 -9159.61361382536 25 4.56689016703432 -3.99279730313126e-166
162000 -9281409.29748635 -1399602.76524456 -464.005901776198 -9144.0195527287 25 4.52390111929941 -8.73389944300365e-169
162025 -9291617.8320969 -1627982.09881276 -352.932822043122 -9125.91692840956 25 4.47910967987638 -1.34582566055734e-171
162050 -9299069.1124266 -1855878.50580754 -243.440330175705 -9105.40171305368 25 4.43265908377821 -1.47132790835529e-174
162075 -9303803.72722048 -2083232.90554768 -135.612998881494 -9082.57311623311 25 4.38469249451776 -1.14960822883129e-177
162100 -9305864.27822575 -2309988.73091784 -29.5272986976849 -9057.53290152079 25 4.33535210138056 -6.46794619799568e-181
162125 -9305295.17813269 -2536091.98391516 74.7483519917309 -9030.38472664923 25 4.28477828846135 -2.64046222257407e-184
162150 -9302142.45052223 -2761491.27505472 177.153477411735 -9001.23351292572 25 4.23310888045204 -7.88249943899211e-188
162175 -9296453.53323447 -2986137.84742648 277.635381279537 -8970.18484865477 25 4.18047846837044 -1.73433419642304e-191
162200 -9288277.08642031 -3209985.58630345 376.148936320571 -8937.3444303615 25 4.12701781674494 -2.83485515753748e-195
162225 -9277662.80638151 -3432991.01528372 472.65633272647 -8902.81754468202 25 4.07285335225154 -3.4699409788465e-199
162250 -9264661.24614711 -3655113.28000961 567.126791836734 -8866.7085929055 25 4.01810673245618 -3.20612057467972e-203
162275 -9249323.64357821 -3876314.12054657 659.536251183581 -8829.1206593344 25 3.96289449216014 -2.25412394672342e-207
162300 -9231701.75764289 -4096557.83352378 749.867026800504 -8790.1551238847 25 3.9073277638843 -1.21557294268308e-211
162325 -9211847.71335908 -4315811.22514103 838.107458377516 -8749.91131868463 25 3.85151206825641 -5.06801681395972e-216
162350 -9189813.85576832 -4534043.55613246 924.25154246752 -8708.48622785273 25 3.79554716947812 -1.64654379567179e-220
162375 -9165652.61317846 -4751226.47975131 1008.29855852561 -8665.97422914458 50 3.73952699063204 -4.20126682063447e-225
162400 -9139416.36979934 -4967333.97380175 1090.25269211163 -8622.46687575222 50 3.68353958332941 -8.48428761947434e-230
162425 -9111157.3477932 -5182342.26769652 1170.12265911993 -8578.05271621612 50 3.62766714607903 -1.36644553539305e-234
162450 -9080927.49867057 -5396229.76546531 1247.92133443091 -8532.81715016273 50 3.57198608575856 -1.76838590960153e-239
162475 -9048778.40388364 -5608976.96557878 1323.66538791672 -8486.84231740459 50 3.51656711667287 -1.85260708034481e-244
162500 -9014761.1844012 -5820566.37839036 1397.37493028688 -8440.20701782742 50 3.4614753918714 -1.5825915844094e-249
162525 -8978926.41899252 -6030982.44193277 1469.07317083532 -8392.98665943266 50 3.40677066165078 -1.11027841418382e-254
162550 -8941324.07090116 -6240211.43673991 1538.78608875245 -8345.25323189677 50 3.35250745447315 -6.44181673773181e-260
162575 -8902003.42255233 -6448241.40029962 1606.5421192997 -8297.07530304259 50 3.29873527587169 -3.11221365342074e-265
162625 -8818400.61210851 -6860664.65684652 1736.30776823577 -8199.64322233164 50 3.19283819904672 -4.30719312157336e-276
162675 -8728496.61798453 -7268188.4257825 1858.63581220421 -8101.17159306623 50 3.0893833339782 -3.09894914522979e-287
162725 -8632656.20481442 -7670771.67082979 1973.81391127516 -8002.0895859552 50 2.98860862507291 -1.21734171464715e-298
162775 -8531229.3555226 -8068393.56559986 2082.14457687372 -7902.77689573739 50 2.8906935427065 -2.69677237061775e-310
162825 -8424550.68468538 -8461051.0939288 2183.93910447581 -7803.5667730328 50 2.79576640531151 -0
162850 -8369342.20020945 -8655521.59344316 2232.48372808744 -7754.09243424708 50 2.74945115299012 -0
162875 -8312939.13042577 -8848756.81021663 2279.51248895626 -7704.74936532273 50 2.70391134783869 -0
162900 -8255378.88066136 -9040760.40714579 2325.06465315003 -7655.56767328209 50 2.65915166763161 -0
162925 -8196697.87748509 -9231536.77138783 2369.17923965298 -7606.57521026069 50 2.61517480957338 -0
162950 -8136931.57600968 -9421090.95935624 2411.89493215202 -7557.79768270866 50 2.5719816619394 -0
162975 -8076114.46926852 -9609428.64442734 2453.25000114802 -7509.25875896593 50 2.52957146633924 -0
163000 -8014280.09941827 -9796556.06731067 2493.28223565312 -7460.98017473508 50 2.48794197063164 -0
163025 -7951461.07053681 -9982479.9890259 2532.02888375546 -7412.98183605837 50 2.44708957260361 -0
163050 -7887689.06280338 -10167207.6464194 2569.52660135829 -7365.28191947808 50 2.40700945459404 -0
163075 -7822994.84786512 -10350746.7101471 2605.81140842894 -7317.89696912581 50 2.36769570929814 -0
163100 -7757408.30521002 -10533105.245044 2640.91865212394 -7270.84199054423 50 2.32914145703232 -0
163125 -7690958.43938221 -10714291.6727963 2674.88297618955 -7224.13054109666 50 2.29133895477361 -0
163150 -7623673.39788967 -10894314.7368315 2707.73829607051 -7177.7748168648 50 2.25427969731239 -0
163175 -7555580.48966846 -11073183.4693343 2739.51777919359 -7131.78573597445 50 2.21795451087491 -0
163200 -7486706.2039804 -11250907.1603028 2770.25382992693 -7086.17301832297 50 2.18235363958289 -0
163225 -7417076.2296333 -11427495.3285511 2799.97807874905 -7040.94526171125 50 2.14746682512321 -0
163250 -7346715.47442373 -11602957.694572 2828.7213751947 -6996.11001440807 50 2.11328338000129 -0
163275 -7275648.08471331 -11777304.1551683 2856.51378417578 -6951.67384419502 50 2.07979225474897 -0
163325 -7131486.29776143 -12122689.6883395 2909.36227493593 -6864.02049388916 50 2.01484131995795 -0
163375 -6984769.55604899 -12463733.7679284 2958.74841625792 -6778.02055219011 50 1.95252059317281 -0
163425 -6835665.61315584 -12800519.6978297 3004.88472658567 -6693.69752805031 50 1.89273426904683 -0
163475 -6684331.89970593 -13133131.6961346 3047.97166098978 -6611.06473809352 50 1.83538545684734 -0
163525 -6530916.11758943 -13461654.4226906 3088.19798130873 -6530.1267645487 50 1.78037723340436 -0
163575 -6375556.81402614 -13786172.5753155 3125.74118870246 -6450.88074597892 50 1.72761349100525 -0
163625 -6218383.93286176 -14106770.5466796 3160.76799882525 -6373.31751575584 50 1.67699961086052 -0
163675 -6059519.34137988 -14423532.1346095 3193.43484364449 -6297.42260281967 50 1.62844298913462 -0
163725 -5899077.33162853 -14736540.299277 3223.8883871604 -6223.1771085835 50 1.5818534391306 -0
163775 -5737165.09582728 -15045876.961411 3252.26604498638 -6150.55847298841 50 1.53714349008713 -0
163825 -5573883.17586537 -15351622.8362925 3278.69649999712 -6079.54114176848 50 1.49422860021572 -0
163875 -5409325.88724284 -15653857.2988768 3303.30020810516 -6010.09714599653 50 1.45302729907783 -0
163925 -5243581.71806453 -15952658.2759125 3326.18988974327 -5942.19660399269 50 1.41346127216691 -0
163975 -5076733.70388604 -16248102.1614056 3347.47100386185 -5875.80815471687 50 1.37545539860268 -0
164025 -4908859.77934451 -16540263.7522145 3367.24220224257 -5810.89933085008 50 1.33893775114183 -0
164075 -4740033.10759655 -16829216.2009448 3385.59576272183 -5747.43687891123 50 1.3038395662372 -0
164125 -4570322.38863963 -17115030.9836652 3402.61800054394 -5685.38703296066 50 1.27009519061204 -0
164175 -4399792.14761946 -17397777.88027 3418.38965755368 -5624.71574771238 50 1.23764200973304 -0
164225 -4228503.00423061 -17677524.9655913 3432.98626931548 -5565.38889621361 50 1.20642036264346 -0
164275 -4056511.92430568 -17954338.6096057 3446.4785105332 -5507.37243665027 50 1.17637344683506 -0
164325 -3883872.45466417 -18228283.4852946 3458.93251935682 -5450.63255229803 50 1.1474472161758 -0
164375 -3710634.94225861 -18499422.5829045 3470.41020131545 -5395.13576815608 50 1.11959027435267 -0
164425 -3536846.73861603 -18767817.229522 3480.96951372199 -5340.84904737068 50 1.09275376582096 -0
164475 -3362552.39052842 -19033527.1130226 3490.66473146242 -5287.73987017339 50 1.06689126585932 -0
164525 -3187793.81789932 -19296610.309579 3499.54669512119 -5235.77629772042 50 1.04195867100289 -0
164575 -3012610.47960567 -19557123.3140282 3507.66304240966 -5184.92702292019 50 1.01791409085518 -0
164625 -2837039.5281855 -19815121.0724937 3515.05842386213 -5135.16141007234 50 0.994717742053958 -0
164675 -2661115.95411429 -20070657.0167424 3521.77470374834 -5086.44952490897 50 0.972331844980362 -0
164725 -2484872.72038605 -20323783.0998341 3527.8511471261 -5038.76215642461 50 0.950720523647833 -0
164775 -2308340.88806958 -20574549.8326816 3533.3245939249 -4992.07083170206 50 0.929849709082233 -0
164825 -2131549.73346694 -20823006.3212003 3538.22962091405 -4946.34782478401 50 0.9096870464027 -0
164875 -1954526.85745933 -21069200.3037708 3542.5986923685 -4901.56616050252 50 0.890201805730456 -0
164925 -1777298.28758615 -21313178.1887843 3546.46230020295 -4857.699614058 50 0.871364796986559 -0
164975 -1599888.57336535 -21554985.0920746 3549.84909430218 -4814.72270703385 50 0.853148288586868 -0
165025 -1422320.87532803 -21794664.874075 3552.78600373246 -4772.6107004408 50 0.835525930000937 -0
165075 -1244617.04820693 -22032260.1765635 3555.2983494767 -4731.33958530477 50 0.818472678109207 -0
165125 -1066797.7186875 -22267812.4588851 3557.40994929533 -4690.88607124173 50 0.801964727268129 -0
165175 -888882.358100922 -22501362.0335616 3559.14321527487 -4651.22757340197 50 0.785979442974353 -0
165225 -710889.350411579 -22732948.1012138 3560.51924458886 -4612.34219811291 50 0.770495299005748 -0
165275 -532836.055825874 -22962608.7847397 3561.55790395938 -4574.20872750317 50 0.755491817907741 -0
165325 -354738.870325939 -23190381.1627036 3562.27790827363 -4536.80660335021 50 0.740949514687613 -0
165375 -176613.281409785 -23416301.3019026 3562.69689377769 -4500.11591035868 100 0.726849843576216 -0
165425 1526.07970090877 -23640404.2890861 3562.83148623951 -4464.11735904624 100 0.713175147715511 -0
165475 179665.389143004 -23862724.2618136 3562.69736444482 -4428.79226838695 100 0.699908611631083 -0
165525 357791.584559315 -24083294.4384406 3562.30931936306 -4394.12254833934 100 0.687034216350707 -0
165575 535892.322102627 -24302147.1472311 3561.68130929603 -4360.09068236634 100 0.674536697033167 -0
165625 713955.936102797 -24519313.8545969 3560.82651129861 -4326.67971003707 100 0.662401502975258 -0
165675 891971.401217308 -24734825.1924715 3559.75736913979 -4293.87320978527 100 0.650614759869309 -0
165725 1069928.29689861 -24948710.9848264 3558.48563805225 -4261.65528188647 100 0.639163234188306 -0
165775 1247816.77402347 -25161000.2733433 3557.02242650022 -4230.01053170468 100 0.62803429958073 -0
165825 1425627.52354064 -25371721.3422561 3555.37823517857 -4198.92405324985 100 0.617215905162368 -0
165875 1603351.74700337 -25580901.7423792 3553.56299343986 -4168.38141307902 100 0.606696545597625 -0
165925 1780981.12886287 -25788568.31434 3551.58609333172 -4138.36863456687 100 0.596465232868038 -0
165975 1958507.81040736 -25994747.2110346 3549.45642141334 -4108.8721825655 100 0.586511469630913 -0
166025 2135924.36523972 -26199463.9193268 3547.18238850714 -4079.87894846782 100 0.576825224076007 -0
166075 2313223.77619421 -26402743.2810099 3544.77195753036 -4051.37623568465 100 0.567396906193147 -0
166125 2490399.41359945 -26604609.5130537 3542.23266954041 -4023.35174554166 100 0.558217345368416 -0
166175 2667445.01480176 -26805086.2271561 3539.57166811805 -3995.79356359932 100 0.549277769231137 -0
166225 2844354.66486839 -27004196.448622 3536.79572220324 -3968.6901463961 100 0.540569783678282 -0
166275 3021122.77839617 -27201962.6345892 3533.91124749016 -3942.030308613 100 0.532085354007155 -0
166325 3197744.08235593 -27398406.6916237 3530.92432648003 -3915.80321065563 100 0.523816787091197 -0
166375 3374213.59990793 -27593549.9927039 3527.84072728311 -3889.99834664836 100 0.51575671453761 -0
166425 3550526.63512794 -27787413.3936148 3524.66592125478 -3864.60553283393 100 0.507898076769064 -0
166475 3726678.75858752 -27980017.2487724 3521.40509954429 -3839.61489637079 100 0.500234107975255 -0
166575 4078483.80406112 -28361525.3237002 3514.64486491051 -3790.80215419145 100 0.485464498300672 -0
166675 4429598.13176892 -28738227.5927701 3507.59651558276 -3743.48695422187 100 0.471399112557833 -0
166775 4779994.60395401 -29110270.333217 3500.29296157316 -3697.60045179329 100 0.457993043683636 -0
166875 5129649.21063507 -29477793.1415302 3492.76390737789 -3653.07782944223 100 0.445204894642351 -0
166975 5478540.76606145 -29840929.3223542 3485.03618537 -3609.85802392587 100 0.432996459225917 -0
167075 5826650.63657145 -30199806.2510884 3477.13405130761 -3567.88347294557 100 0.421332435416779 -0
167175 6173962.49630491 -30554545.7120896 3469.07944663732 -3527.09988026051 100 0.410180167695356 -0
167275 6520462.1076574 -30905264.2142515 3460.89223165114 -3487.45599791517 100 0.399509415099794 -0
167375 6866137.12374155 -31252073.2856116 3452.59039302112 -3448.90342435951 100 0.389292142220009 -0
167475 7210976.91045022 -31595079.7485167 3444.19022877681 -3411.39641730309 100 0.37950233063714 -0
167575 7554972.38600234 -31934385.9767641 3435.70651339516 -3374.8917202112 100 0.370115808608769 -0
167675 7898115.87610159 -32270090.1360317 3427.15264533139 -3339.34840141925 100 0.361110097054422 -0
167775 8240400.98305611 -32602286.4088109 3418.54077902498 -3304.72770490989 100 0.35246427011926 -0
167875 8581822.46739776 -32931065.2049621 3409.88194316018 -3270.99291186374 100 0.34415882879026 -0
167975 8922376.14070579 -33256513.3589303 3401.18614673993 -3238.10921215884 100 0.336175586211921 -0
168075 9262058.76848645 -33578714.3145751 3392.46247434088 -3206.04358505516 100 0.328497563500532 -0
168175 9600867.98208772 -33897748.2984998 3383.71917175085 -3174.76468835804 100 0.321108894989925 -0
168275 9938802.19874161 -34213692.4826922 3374.96372304601 -3144.24275540926 100 0.313994741959567 -0
168375 10275860.5489254 -34526621.1372315 3366.20292003887 -3114.44949930468 100 0.30714121399994 -0
168475 10612042.8103206 -34836605.7737552 3357.44292491863 -3085.3580237852 100 0.30053529726194 -0
168575 10947349.3477271 -35143715.2803264 3348.68932680965 -3056.94274029131 100 0.294164788918225 -0
168675 11281781.0583546 -35448016.0482961 3339.94719288972 -3029.17929071223 100 0.28801823723615 -0
168775 11615339.3219794 -35749572.091706 3331.22111463682 -3002.0444753982 100 0.282084886725484 -0
168875 11948025.9555023 -36048445.1597403 3322.51524970825 -2975.51618603891 100 0.276354627880359 -0
168975 12279843.1714959 -36344694.8426918 3313.83335989984 -2949.57334304299 100 0.270817951084827 -0
169075 12610793.5403678 -36638378.6718779 3305.17884558303 -2924.19583708266 100 0.265465904295724 -0
169175 12940879.9558067 -36929552.2139065 3296.55477697396 -2899.3644744945 100 0.260290054155934 -0
169275 13270105.6032104 -37218269.1596616 3287.96392255016 -2875.06092625214 100 0.255282450226164 -0
169375 13598473.9308244 -37504581.4083555 3279.40877489613 -2851.26768024903 100 0.250435592054581 -0
169475 13925988.6233471 -37788539.146963 3270.89157422952 -2827.96799665052 100 0.24574239883148 -0
169575 14252653.5777819 -38070190.9253361 3262.41432983243 -2805.14586609329 100 0.241196181400956 -0
169675 14578472.8813348 -38349583.7272722 3253.97883958917 -2782.78597052779 100 0.236790616423772 -0
169775 14903450.7911797 -38626763.03779 3245.58670781067 -2760.87364651528 100 0.232519722505435 -0
169875 15227591.7159272 -38901772.9068519 3237.23936150739 -2739.39485080581 100 0.22837783812124 -0
169975 15550900.1986488 -39174656.0097502 3228.93806525578 -2718.336128037 200 0.224359601185986 -0
170075 15873380.9013232 -39445453.7043639 3220.68393478886 -2697.68458040557 200 0.220459930130309 -0
170175 16195038.5905827 -39714206.085475 3212.47794942839 -2677.42783917533 200 0.216674006358402 -0
170275 16515878.1246496 -39980952.0363229 3204.32096346429 -2657.55403789541 200 0.21299725797344 -0
170375 16835904.4413616 -40245729.2775599 3196.21371657665 -2638.05178721226 200 0.209425344667342 -0
170475 17155122.5471953 -40508574.4137644 3188.15684338641 -2618.9101511675 200 0.205954143680876 -0
170575 17473537.5072042 -40769522.9776537 3180.15088221222 -2600.11862488213 200 0.2025797367485 -0
170675 17791154.4357964 -41028609.4721296 3172.19628310389 -2581.66711353468 200 0.199298397949939 -0
170775 18107978.4882813 -41285867.4102846 3164.29341521576 -2563.54591254776 200 0.196106582397336 -0
170875 18424014.8531233 -41541329.3534826 3156.44257357758 -2545.74568890402 200 0.193000915693026 -0
170975 18739268.7448449 -41795026.9476249 3148.64398531503 -2528.25746351781 200 0.189978184098576 -0
171075 19053745.3975265 -42046990.9577037 3140.89781536709 -2511.07259459466 200 0.187035325360809 -0
171175 19367450.0588535 -42297251.3007375 3133.20417174325 -2494.18276191516 200 0.184169420145156 -0
171275 19680387.9846691 -42545837.0771798 3125.56311035939 -2477.57995198464 200 0.181377684030806 -0
171375 19992564.4339905 -42792776.6008823 3117.97463948793 -2461.25644399404 200 0.178657460025963 -0
171475 20303984.6644519 -43038097.427694 3110.43872385435 -2445.20479654124 200 0.176006211564935 -0
171575 20614653.928141 -43281826.3827674 3102.95528840953 -2429.4178350657 200 0.173421515951916 -0
171675 20924577.4677982 -43523989.586643 3095.52422180455 -2413.88863995248 200 0.170901058219168 -0
171775 21233760.5133482 -43764612.4801746 3088.14537959241 -2398.61053526475 200 0.168442625369934 -0
171875 21542208.2787401 -44003719.8483596 3080.81858717896 -2383.57707806669 200 0.166044100978742 -0
171975 21849925.9590706 -44241335.8431273 3073.54364254311 -2368.78204830137 200 0.163703460123942 -0
172075 22156918.7279681 -44477484.0051435 3066.32031874529 -2354.21943919029 200 0.161418764629297 -0
172175 22463191.7352184 -44712187.2846785 3059.14836624066 -2339.88344812395 200 0.159188158593237 -0
172375 23073598.9319923 -45177348.1643882 3044.95747654239 -2311.86907907342 200 0.154882177697068 -0
172575 23681188.1940373 -45636991.0151109 3030.96860204157 -2284.69628573702 200 0.150772162117736 -0
172775 24285999.6667305 -46091280.1180485 3017.17913012273 -2258.3251690583 200 0.146845828489771 -0
