0 314159000 0 -1181.26546307561 211.215306606258 100 0.00403837820768556 -0
100 314040853.256738 21121.5302078569 -1181.66945281648 211.215293020635 200 0.00404141735439375 -0
300 313804438.497247 63364.5797433041 -1182.47834514431 211.215184151391 400 0.00404750896740911 -0
700 313331123.03265 147850.558797111 -1184.09979360135 211.214637893038 800 0.00405974573369662 -0
1500 312382541.453571 316821.419650115 -1187.35744584023 211.21221733289 1600 0.00408443554390261 -0
3100 310477520.149557 654753.729940534 -1193.93258532845 211.201950025198 1600 0.00413469756255516 -0
4700 308561913.786249 992663.681966134 -1200.58909131167 211.184224004218 1600 0.00418617006437133 -0
6300 306635590.61701 1330539.12015387 -1207.32892529058 211.158760181217 1600 0.00423889542065909 -0
7900 304698415.702263 1668367.43237612 -1214.15411744818 211.125266839389 1600 0.00429291795946403 -0
9500 302750250.797093 2006135.52919511 -1221.06676982141 211.083438938214 1600 0.00434828407817925 -0
11100 300790954.23362 2343829.82195817 -1228.06905965519 211.032957372016 1600 0.00440504236394161 -0
12700 298820380.797849 2681436.1996677 -1235.16324295162 210.973488179223 1600 0.00446324372244507 -0
14300 296838381.60069 3018940.00454402 -1242.35165822785 210.904681698461 1600 0.00452294151586029 -0
15900 294844803.942771 3356326.00619253 -1249.63673049746 210.826171667311 1600 0.00458419171061463 -0
17500 292839491.172707 3693578.37428022 -1257.02097549126 210.737574259164 1600 0.00464705303585853 -0
19100 290822282.538402 4030680.64961811 -1264.50700413484 210.638487053184 1600 0.00471158715352364 -0
20700 288793013.030971 4367615.71353867 -1272.09752730171 210.528487931938 1600 0.00477785884096645 -0
22300 286751513.220831 4704365.75544757 -1279.79536086224 210.407133900737 1600 0.00484593618728897 -0
23900 284697609.085452 5040912.23841948 -1287.60343105076 210.273959822165 1600 0.00491589080453707 -0
25500 282631121.828255 5377235.86269654 -1295.52478017475 210.128477058645 1600 0.00498779805509827 -0
27100 280551867.688085 5713316.52693612 -1303.56257269246 209.970172015212 1600 0.00506173729675558 -0
28700 278459657.738646 6049133.28704162 -1311.72010168743 209.798504573858 1600 0.00513779214700537 -0
30300 276354297.677233 6384664.31239513 -1320.0007957713 209.612906410007 1600 0.00521605076841492 -0
31900 274235587.602066 6719886.83929526 -1328.40822644868 209.412779180665 1600 0.00529660617698447 -0
33500 272103321.777432 7054777.12138587 -1336.94611598169 209.197492572776 1600 0.00537955657568917 -0
35100 269957288.385829 7389310.37684186 -1345.61834579457 208.966382199104 1600 0.00546500571561368 -0
36700 267797269.266194 7723460.73205723 -1354.42896546333 208.718747327624 1600 0.00555306328735799 -0
38300 265623039.637251 8057201.16155667 -1363.38220233925 208.453848428955 1600 0.00564384534569272 -0
39900 263434367.804914 8390503.42382625 -1372.4824718601 208.170904524662 1600 0.00573747477077975 -0
41500 261231014.852609 8723337.99272947 -1381.73438860839 207.869090317415 1600 0.00583408176965469 -0
43100 259012734.313257 9055673.98414319 -1391.14277818159 207.547533081875 1600 0.00593380442209859 -0
44700 256779271.821571 9387479.07741197 -1400.71268994634 207.205309292838 1600 0.00603678927551394 -0
46300 254530364.745185 9718719.43118012 -1410.44941075595 206.841440964464 1600 0.00614319199397285 -0
47900 252265741.793006 10049359.5931161 -1420.35847971871 206.454891671439 1600 0.00625317806723387 -0
49500 249985122.599035 10379362.4029947 -1430.44570411425 206.044562219501 1600 0.00636692358623927 -0
51100 247688217.279728 10708688.8885481 -1440.71717656536 205.609285928909 1600 0.00648461609241972 -0
52700 245374725.962804 11037298.153433 -1451.17929358481 205.147823490028 1600 0.00660645550906546 -0
53500 244211663.99094 11201320.4923991 -1456.48393071443 204.906863949013 1600 0.0066689964201629 -0
54300 243044338.285121 11365147.2565842 -1461.83877562897 204.658857345422 1600 0.00673265516409276 -0
55100 241872708.322938 11528772.7375388 -1467.24472256324 204.403625750619 1600 0.00679746068580134 -0
55900 240696732.85742 11692191.0822093 -1472.70268881046 204.140985546182 1600 0.0068634429147365 -0
56700 239516369.898279 11855396.2882968 -1478.21361550306 203.870747199067 1600 0.0069306328064258 -0
57500 238331576.692518 12018382.199432 -1483.77846842625 203.592715026099 1600 0.00699906238615702 -0
58300 237142309.704366 12181142.5001571 -1489.39823886609 203.306686947212 1600 0.00706876479488545 -0
59100 235948524.59453 12343670.7107057 -1495.07394449375 203.012454226802 1600 0.00713977433750017 -0
59900 234750176.198722 12505960.1815707 -1500.80663028788 202.709801202513 1600 0.0072121265335911 -0
60700 233547218.505425 12668004.0878502 -1506.59736949699 202.398505000756 1600 0.0072858581708678 -0
61500 232339604.632885 12829795.4233597 -1512.44726464396 202.078335238193 1600 0.00736100736139204 -0
62300 231127286.805271 12991326.9945003 -1518.35744857485 201.749053708361 1600 0.00743761360079699 -0
63100 229910216.327981 13152591.4138695 -1524.32908555442 201.410414052596 1600 0.00751571783067826 -0
63900 228688343.562056 13313581.0936024 -1530.36337241078 201.06216141431 1600 0.00759536250435534 -0
64700 227461617.897651 13474288.2384291 -1536.46153973184 200.704032075643 1600 0.00767659165621587 -0
65500 226229987.726532 13634704.8384341 -1542.62485311634 200.335753075435 1600 0.00775945097487086 -0
66300 224993400.413546 13794822.6615026 -1548.85461448251 199.957041807394 1600 0.00784398788036541 -0
67100 223751802.267024 13954633.2454363 -1555.15216343749 199.567605597244 1600 0.00793025160570756 -0
67900 222505138.508063 14114127.8897228 -1561.51887871086 199.167141257584 1600 0.00801829328299743 -0
68700 221253353.238624 14273297.646939 -1567.95617965593 198.755334619046 1600 0.00810816603445974 -0
69500 219996389.408419 14432133.3137698 -1574.46552782266 198.331860036308 1600 0.00819992506870605 -0
70300 218734188.780491 14590625.4216207 -1581.04842860617 197.896379867349 1600 0.00829362778257759 -0
71100 217466691.895457 14748764.2268029 -1587.70643297535 197.448543924259 1600 0.00838933386894684 -0
71900 216193838.034327 14906539.7002669 -1594.44113928614 196.98798889377 1600 0.00848710543088518 -0
72700 214915565.179841 15063941.5168594 -1601.25419518446 196.514337725559 1600 0.00858700710263598 -0
73500 213631809.976244 15220959.0440782 -1608.14729960416 196.0271989862 1600 0.00868910617786731 -0
74300 212342507.687421 15377581.3302945 -1615.12220486559 195.526166176521 1600 0.00879347274571629 -0
75100 211047592.153317 15533797.0924149 -1622.18071888094 195.010817009902 1600 0.00890017983517828 -0
75900 209746995.744539 15689594.7029486 -1629.32470747283 194.480712648911 1600 0.00900930356843954 -0
76700 208440649.315066 15844962.1764468 -1636.55609681313 193.935396897441 1600 0.0091209233238008 -0
77500 207128482.152945 15999887.155277 -1643.87687598948 193.374395345295 1600 0.00923512190889334 -0
78300 205810421.928893 16154356.8946923 -1651.28909970752 192.797214461929 800 0.00935198574494784 -0
79100 204486394.642671 16308358.2471552 -1658.79489113749 192.203340635811 800 0.00947160506294081 -0
79900 203156324.567125 16461877.6458688 -1666.39644491438 191.592239155535 800 0.00959407411251399 -0
80700 201820134.189753 16614901.0874689 -1674.09603030159 190.963353128553 800 0.00971949138463976 -0
81500 200477744.151691 16767414.1138245 -1681.89599452884 190.316102333025 800 0.00984795984909036 -0
82300 199129073.183932 16919401.7928913 -1689.79876631577 189.649881997914 800 0.0099795872078626 -0
83100 197774038.040664 17070848.6985586 -1697.80685959363 188.964061506057 800 0.0101144861658121 -0
83900 196412553.429544 17221738.8894268 -1705.92287743858 188.257983014473 800 0.0102527747198651 -0
84700 195044531.93873 17372055.8864451 -1714.14951623071 187.530959985704 800 0.0103945764682994 -0
85500 193669883.960496 17521782.6493367 -1722.48957005476 186.782275623426 800 0.0105400209417253 -0
86300 192288517.611222 17670901.551732 -1730.94593535897 186.011181204971 800 0.0106892439575481 -0
87100 190900338.647549 17819394.3549238 -1739.52161589058 185.216894302773 800 0.0108423879998625 -0
87900 189505250.378467 17967242.1801524 -1748.2197279275 184.398596886011 800 0.0109996026269159 -0
88700 188103153.573094 18114425.4793205 -1757.04350582755 183.555433292941 800 0.0111610449084818 -0
89500 186693946.363875 18260924.0040318 -1765.99630791849 182.686508063523 800 0.011326879895716 -0
90300 185277524.144935 18406716.7728348 -1775.0816227538 181.790883621017 800 0.0114972811263205 -0
91100 183853779.465262 18551782.0365486 -1784.30307576174 180.867577790116 800 0.011672431168123 -0
91900 182422601.916411 18696097.2415325 -1793.66443631715 179.915561138032 800 0.011852522204494 -0
92700 180983878.014364 18839638.990753 -1803.16962526847 178.933754123644 800 0.0120377566653761 -0
93500 179537491.075178 18982383.002488 -1812.82272295501 177.92102403834 800 0.0122283479080878 -0
94300 178083321.084014 19124304.0664941 -1822.62797775311 176.876181720607 800 0.0124245209525048 -0
95100 176621244.557098 19265375.9974495 -1832.58981519279 175.797978024619 800 0.0126265132757101 -0
95900 175151134.396147 19405571.5854645 -1842.712847691 174.685100021055 800 0.0128345756717509 -0
96700 173672859.734747 19544862.5434396 -1853.00188495136 173.536166906201 800 0.0130489731827589 -0
97500 172186285.776125 19683219.451024 -1863.46194508541 172.349725592849 800 0.0132699861083788 -0
98300 170691273.621714 19820611.6949102 -1874.09826651557 171.124245953777 800 0.013497911101231 -0
99100 169187680.089865 19957007.4051746 -1884.91632072581 169.858115685442 800 0.0137330623570096 -0
99900 167675357.523992 20092373.3873439 -1895.92182593272 168.549634756056 800 0.0139757729088083 -0
100700 166154153.58939 20226675.049842 -1907.120761757 167.197009398283 800 0.0142263960363864 -0
101500 164623911.057876 20359876.3264334 -1918.5193849833 165.798345602384 800 0.0144853068023543 -0
102300 163084467.579372 20491939.5932452 -1930.12424650577 164.351642060675 800 0.014752903728698 -0
103100 161535655.439403 20622825.5799078 -1941.94220956656 162.854782508568 800 0.0150296106286958 -0
103900 159977301.301463 20752493.2743061 -1953.98046940621 161.3055274011 800 0.0153158786111417 -0
104700 158409225.933043 20880899.8203841 -1966.24657445741 159.701504856729 800 0.0156121882759116 -0
105500 156831243.914043 21008000.4083862 -1978.74844922824 158.040200791999 800 0.0159190521223365 -0
106300 155243163.326148 21133748.1568547 -1991.49441903719 156.318948161462 800 0.0162370171946185 -0
107100 153644785.421611 21258093.9856285 -2004.49323678036 154.534915206708 800 0.0165666679917133 -0
107900 152035904.269752 21380986.4790106 -2017.75411193229 152.685092606385 800 0.0169086296727636 -0
108700 150416306.379279 21502371.7381752 -2031.28674200498 150.766279405336 800 0.0172635715933797 -0
109500 148785770.294383 21622193.2217839 -2045.10134671643 148.775067585328 800 0.0176322112129363 -0
110300 147144066.162316 21740391.5736648 -2059.20870515008 146.707825121807 800 0.0180153184186795 -0
111100 145490955.269949 21856904.4362733 -2073.62019622115 144.560677350416 800 0.0184137203189695 -0
111500 144660045.146376 21914508.4522585 -2080.94372220052 143.455856786709 800 0.0186189321951941 -0
111900 143826189.546442 21971666.2484829 -2088.34784280278 142.329486443795 800 0.0188283065655903 -0
112300 142989355.911544 22028369.0932557 -2095.83416941086 141.181004259951 800 0.0190419653800588 -0
112700 142149511.029279 22084608.0262079 -2103.40435992185 140.009828767718 800 0.0192600352737974 -0
113100 141306621.014491 22140373.8503623 -2111.06012050739 138.815358251888 800 0.0194826477906742 -0
113500 140460651.289594 22195657.1238594 -2118.80320745673 137.596969863285 800 0.0197099396193506 -0
113900 139611566.564144 22250448.1513185 -2126.63542910708 136.354018685583 800 0.0199420528430024 -0
114300 138759330.813615 22304736.974816 -2134.5586478662 135.085836752257 800 0.0201791352035553 -0
114700 137903907.257355 22358513.3644597 -2142.57478233256 133.791732010508 800 0.0204213403814182 -0
115100 137045258.335662 22411766.808538 -2150.68580951868 132.470987228794 800 0.0206688282917764 -0
115500 136183345.685963 22464486.5032201 -2158.89376718355 131.122858844364 800 0.0209217653985893 -0
115900 135318130.118023 22516661.3417821 -2167.20075628078 129.746575746896 800 0.0211803250475286 -0
116300 134449571.588162 22568279.9033334 -2175.60894352909 128.341337994075 800 0.0214446878191903 -0
116700 133577629.172412 22619330.4410154 -2184.12056411266 126.906315454615 800 0.0217150419040238 -0
117100 132702261.038566 22669800.8696413 -2192.73792451909 125.440646373904 800 0.0219915835005364 -0
117500 131823424.417069 22719678.7527467 -2201.46340552343 123.943435857059 800 0.0222745172384634 -0
117900 130941075.570674 22768951.2890148 -2210.29946532718 122.41375426379 800 0.0225640566287293 -0
118300 130055169.762825 22817605.2980423 -2219.24864286208 120.850635509026 800 0.0228604245421858 -0
118700 129165661.224667 22865627.2054046 -2228.3135612689 119.253075262784 800 0.0231638537192736 -0
119100 128272503.120641 22913003.0269799 -2237.49693156236 117.62002904222 800 0.0234745873129448 -0
119500 127375647.512567 22959718.3524876 -2246.80155649416 115.950410188266 800 0.0237928794673817 -0
119900 126475045.32214 23005758.3281924 -2256.23033462696 114.243087718592 800 0.0241189959352705 -0
120300 125570646.291757 23051107.6387239 -2265.78626463306 112.496884047998 800 0.0244532147366334 -0
120700 124662398.943571 23095750.4879558 -2275.47244983262 110.710572566554 800 0.0247958268624894 -0
121100 123750250.536683 23139670.5788867 -2285.2921029875 108.882875065037 800 0.02514713702691 -0
121500 122834147.022362 23182851.0924576 -2295.24855136797 107.012458996268 800 0.0255074644713624 -0
121900 121914032.997177 23225274.6652408 -2305.34524211073 105.097934560033 800 0.0258771438255913 -0
122300 120989851.653932 23266923.3659233 -2315.58574788865 103.137851598149 400 0.0262565260296863 -0
122700 120061544.730259 23307778.6705095 -2325.97377291364 101.130696285083 400 0.0266459793224235 -0
123100 119129052.454744 23347821.4361556 -2336.5131592963 99.0748875982268 400 0.0270458903014517 -0
123500 118192313.49043 23387031.8735455 -2347.20789378782 96.9687735504845 400 0.0274566650614341 -0
123900 117251264.87555 23425389.5177094 -2358.06211493148 94.8106271662856 400 0.0278787304168532 -0
124300 116305841.961301 23462873.1971774 -2369.08012065384 92.5986421803588 400 0.0283125352168469 -0
124700 115355978.346499 23499461.001354 -2380.26637632787 90.330928436705 400 0.0287585517601844 -0
125100 114401605.8089 23535130.245988 -2391.62552334329 88.0055069630662 400 0.0292172773193074 -0
125500 113442654.232993 23569857.4366025 -2403.16238822244 85.6203046938386 400 0.0296892357832788 -0
125900 112479051.534024 23603618.2297396 -2414.8819923232 83.1731488117612 400 0.0301749794305008 -0
126300 111510723.578016 23636387.3918591 -2426.78956217455 80.661760675815 400 0.030675090843204 -0
126700 110537594.097523 23668138.7557209 -2438.89054049409 78.0837492995426 400 0.0311901849769868 -0
127100 109559584.602828 23698845.1740612 -2451.19059794155 75.4366043404132 400 0.0317209114001118 -0
127500 108576614.288285 23728478.4703601 -2463.69564566748 72.7176885568615 400 0.0322679567188721 -0
127900 107588599.933468 23757009.386478 -2476.41184872147 69.9242296851684 400 0.0328320472071426 -0
128300 106595455.798779 23784407.5269167 -2489.34564039079 67.0533116833724 400 0.033413951660258 -0
128700 105597093.515118 23810641.2994435 -2502.50373754687 64.1018652838234 400 0.0340144844956476 -0
129100 104593421.967199 23835677.8517862 -2515.89315708474 61.0666577897471 400 0.0346345091252353 -0
129500 103584347.170055 23859483.0040841 -2529.52123354894 57.9442820441792 400 0.0352749416275302 -0
129900 102569772.138241 23882021.176748 -2543.39563804882 54.7311444917529 400 0.0359367547506368 -0
130300 101549596.747197 23903255.313349 -2557.52439857636 51.4234522449597 400 0.0366209822811578 -0
130700 100523717.586173 23923146.7981181 -2571.91592185186 48.0171990565083 400 0.0373287238182195 -0
131100 99492027.8020951 23941655.367598 -2586.57901683512 44.5081500881252 400 0.0380611499966938 -0
131500 98454416.9336706 23958739.0159422 -2601.5229200552 40.8918253533761 400 0.0388195082092104 -0
131900 97410770.7349621 23974353.8933025 -2616.75732292748 37.1634816976262 400 0.0396051288828641 -0
132300 96360970.987612 23988454.196691 -2632.29240124582 33.3180931618478 400 0.0404194323737404 -0
132700 95304895.3007989 24000992.0526367 -2648.13884705791 29.3503295583155 400 0.0412639365506593 -0
133100 94242416.8979298 24011917.3908818 -2664.30790315548 25.2545330649724 400 0.0421402651490521 -0
133500 93173404.3889693 24021177.8082847 -2680.81140043751 21.0246926209788 400 0.043050156986837 -0
133900 92097721.5272035 24028718.4220006 -2697.66179843432 16.6544158781987 400 0.0439954761467971 -0
134300 91015226.9491069 24034481.710908 -2714.87222931432 12.1368984315692 400 0.0449782232445786 -0
134700 89925773.8958526 24038407.3441323 -2732.45654573378 7.4648900147626 400 0.0460005479183666 -0
135100 88829209.9148461 24040431.9953818 -2750.42937293357 2.63065730549836 400 0.0470647626959755 -0
135500 87725376.5394969 24040489.1416608 -2768.80616553672 -2.37405706364601 400 0.048173358418009 -0
135900 86614108.9452468 24038508.8447534 -2787.60326955768 -7.55807974917029 400 0.0493290214225018 -0
136300 85495235.5796572 24034417.5136716 -2806.83799019943 -12.9308567205911 400 0.0505346527277765 -0
136700 84368577.7641128 24028137.6460397 -2826.52866608903 -18.5025086651868 400 0.0517933894870084 -0
136900 83802271.7969619 24024151.6531191 -2836.55102052224 -21.3662749508768 400 0.0524437231983887 -0
137100 83233949.2643662 24019587.5460965 -2846.69475068493 -24.2838924602286 400 0.0531086290313303 -0
137300 82663585.6304544 24014434.4072878 -2856.96247712083 -27.2568445416725 400 0.0537885767332591 -0
137500 82091155.8271664 24008681.0168838 -2867.35690171051 -30.2866695146592 400 0.0544840558689214 -0
137700 81516634.2376587 24002315.841701 -2877.88081097206 -33.3749632458578 400 0.0551955768565866 -0
137900 80939994.6790329 23995327.0234019 -2888.53707952762 -36.5233818719207 400 0.0559236720690673 -0
138100 80361210.3843538 23987702.3661565 -2899.32867374559 -39.7336446786531 400 0.0566688970042864 -0
138300 79780253.9839204 23979429.32371 -2910.25865556932 -43.007537147187 400 0.0574318315305209 -0
138500 79197097.4857518 23970494.9858247 -2921.33018654352 -46.3469141785926 400 0.0582130812118776 -0
138700 78611712.2552467 23960886.0640581 -2932.54653205076 -49.7537035092611 400 0.0590132787200399 -0
138900 78024068.9939739 23950588.8768365 -2943.91106577099 -53.2299093303801 400 0.0598330853388341 -0
139100 77434137.717547 23939589.333785 -2955.42727437816 -56.7776161258973 400 0.060673192568744 -0
139300 76841887.7325353 23927872.9192651 -2967.09876248912 -60.3989927445431 400 0.061534323839122 -0
139500 76247287.612358 23915424.6750741 -2978.92925788076 -64.0962967227629 400 0.0624172363365373 -0
139700 75650305.1721069 23902229.1822529 -2990.92261699297 -67.8718788768148 400 0.06332272295846 -0
139900 75050907.442238 23888270.5419468 -3003.08283073602 -71.7281881838234 400 0.0642516144023129 -0
140100 74449060.6410702 23873532.35526 -3015.41403062251 -75.6677769732629 400 0.0652047814008456 -0
140300 73844730.1460227 23857997.7020377 -3027.92049524551 -79.6933064521881 400 0.0661831371158003 -0
140500 73237880.4635207 23841649.1185088 -3040.60665712634 -83.8075525895578 400 0.0671876397029624 -0
140700 72628475.1974922 23824468.5737132 -3053.47710995712 -88.0134123872226 400 0.0682192950629308 -0
140900 72016477.0163745 23806437.4446333 -3066.53661626529 -92.3139105675956 400 0.0692791597933161 -0
141100 71401847.6185437 23787536.4899441 -3079.79011552946 -96.7122067107233 400 0.0703683443596027 -0
141300 70784547.6960724 23767745.822288 -3093.24273277845 -101.211602876446 400 0.0714880165035973 -0
141500 70164536.8967175 23747044.8789732 -3106.89978770769 -105.815551750615 400 0.0726394049102702 -0
141700 69541773.784029 23725412.3909868 -3120.76680435035 -110.52766535796 400 0.0738238031558823 -0
141900 68916215.7954661 23702826.3502057 -3134.84952134352 -115.351724388206 200 0.0750425739626197 -0
142100 68287819.1983969 23679263.9746751 -3149.15390283303 -120.29168818647 200 0.0762971537875542 -0
142300 67656539.0438498 23654701.6718199 -3163.68615006457 -125.3517054639 200 0.0775890577766427 -0
142500 67022329.1178728 23629114.9994349 -3178.45271371257 -130.536125789954 200 0.0789198851177208 -0
142700 66385141.8903498 23602478.6242946 -3193.46030700311 -135.849511933801 200 0.0802913248300693 -0
142900 65744928.4611068 23574766.2782022 -3208.71591969169 -141.296653129063 200 0.0817051620321959 -0
143100 65101638.5031321 23545950.7112873 -3224.22683296274 -146.882579343632 200 0.0831632847340384 -0
143300 64455220.2027187 23516003.642342 -3240.00063532322 -152.612576644678 200 0.0846676912049187 -0
143500 63805620.1963213 23484895.7059653 -3256.04523956959 -158.492203758341 200 0.0862204979743507 -0
143700 63152783.5039059 23452596.3962682 -3272.36890091496 -164.527309934036 200 0.0878239485293113 -0
143900 62496653.45855 23419074.0068642 -3288.98023637088 -170.724054235091 200 0.0894804227789258 -0
144100 61837171.6320326 23384295.566849 -3305.88824548773 -177.088926390521 200 0.09119244736583 -0
144300 61174277.7561306 23348226.7724409 -3323.10233256744 -183.628769357593 200 0.0929627069128751 -0
144500 60507909.6393151 23310831.9139238 -3340.63233047319 -190.350803761406 200 0.0947940563045178 -0
144700 59838003.0785152 23272073.7974995 -3358.48852617359 -197.262654396492 200 0.0966895341143661 -0
144900 59164491.7655863 23231913.6616168 -3376.68168817181 -204.372378996575 200 0.0986523773041603 -0
145100 58487307.1880913 23190311.0873 -3395.22309598612 -211.688499502521 200 0.100686037335215 -0
145300 57806378.5239644 23147223.9019539 -3414.12457186479 -219.220036085629 200 0.102794197851346 -0
145500 57121632.5295929 23102608.0760641 -3433.39851493774 -226.976544214074 200 0.104980794112886 -0
145700 56432993.4208055 23056417.6121533 -3453.05793802825 -234.968155085278 200 0.10725003438504 -0
145900 55740382.7462128 23008604.4252849 -3473.11650737214 -243.205619786668 200 0.10960642351095 -0
146100 55043719.25229 22959118.2143281 -3493.58858551849 -251.700357592681 200 0.112054788931115 -0
146300 54342918.7395362 22907906.3231115 -3514.48927771597 -260.464508857629 200 0.114600309446888 -0
146500 53637893.9089808 22854913.5904965 -3535.83448212253 -269.510993023425 200 0.117248547067475 -0
146700 52928554.1982335 22800082.1882893 -3557.6409442145 -278.853572329257 200 0.120005482328249 -0
146900 52214805.6061988 22743351.4457855 -3579.92631581383 -288.506921888608 200 0.122877553524349 -0
147100 51496550.5054848 22684657.6596012 -3602.70921920062 -298.486706889316 200 0.125871700368982 -0
147300 50773687.4414374 22623933.8872802 -3626.00931683334 -308.809667776654 200 0.128995412662226 -0
147500 50046110.9166218 22561109.7229864 -3649.84738726079 -319.493714400135 200 0.132256784645555 -0
147700 49313711.1594488 22496111.0533782 -3674.24540788076 -330.558030244976 200 0.135664575822197 -0
147900 48576373.8755038 22428859.7915219 -3699.22664528046 -342.02318803221 200 0.139228279146921 -0
148100 47833979.9799816 22359273.5864285 -3724.81575398512 -353.911278161753 200 0.142958197634514 -0
148300 47086405.309454 22287265.5054766 -3751.03888454525 -366.24605169533 200 0.146865530608618 -0
148500 46333520.3109999 22212743.6866253 -3777.92380201229 -379.053079837267 200 0.150962471017213 -0
148600 45955044.3977337 22174509.9775557 -3791.62358062206 -385.642221518563 200 0.153086152791357 -0
148700 45575189.7064566 22135610.956852 -3805.50001598112 -392.359932171736 200 0.15526231548509 -0
148800 45193938.3732997 22096033.5792869 -3819.5570928263 -399.210002986581 200 0.15749281408549 -0
148900 44811272.129579 22055764.4130171 -3833.79892357579 -406.196376316182 200 0.159779589062514 -0
149000 44427172.2887658 22014789.6240904 -3848.22975361206 -413.323153305104 200 0.162124671237633 -0
149100 44041619.7329146 21973094.9601649 -3862.85396683147 -420.594601984653 200 0.164530186983423 -0
149200 43654594.8985231 21930665.7333954 -3877.67609147626 -428.015165868924 200 0.166998363780325 -0
149300 43266077.761793 21887486.802433 -3892.70080626581 -435.589473088148 200 0.169531536159143 -0
149400 42876047.8232631 21843542.5534828 -3907.93294684524 -443.322346098926 200 0.172132152060461 -0
149500 42484484.09178 21798816.8803603 -3923.37751257042 -451.218812014291 200 0.174802779645059 -0
149600 42091365.0677734 21753293.1634814 -3939.03967364991 -459.284113600268 200 0.177546114592579 -0
149700 41696668.7257974 21706954.247718 -3954.92477866596 -467.523720989598 200 0.180364987929212 -0
149800 41300372.496301 21659782.4190435 -3971.03836249783 -475.943344167788 200 0.183262374429085 -0
149900 40902453.2465844 21611759.3798886 -3987.38615467259 -484.548946291521 200 0.186241401638325 -0
150000 40502887.2608977 21562866.2231217 -4003.97408817034 -493.346757904859 200 0.189305359575574 -0
150100 40101650.2196353 21513083.4045587 -4020.80830871245 -502.343292124595 200 0.192457711168031 -0
150200 39698717.1775765 21462390.7139034 -4037.89518456384 -511.545360872668 200 0.195702103488015 -0
150300 39294062.5411177 21410767.2440087 -4055.24131688204 -520.96009224079 200 0.19904237986159 -0
150400 38887660.0444423 21358191.3583406 -4072.85355064864 -530.594949080427 200 0.202482592928137 -0
150500 38479482.7245656 21304640.6565179 -4090.73898622074 -540.457748920094 200 0.206027018737903 -0
150600 38069502.8951923 21250091.937789 -4108.90499154342 -550.556685321784 200 0.20968017198367 -0
150700 37657692.1193182 21194521.1622966 -4127.35921506641 -560.900350799159 200 0.213446822472908 -0
150800 37244021.1805028 21137903.4099662 -4146.10959941202 -571.49776143224 200 0.217332012958151 -0
150900 36828460.0527349 21080212.8368426 -4165.16439584434 -582.358383326755 100 0.221341078456158 -0
151000 36410977.8688105 21021422.6286813 -4184.53217959358 -593.492161081219 100 0.225479667200774 -0
151100 35991542.8871313 20961504.9515859 -4204.22186609331 -604.909548441513 100 0.229753763390555 -0
151200 35570122.4568328 20900430.8994618 -4224.24272819257 -616.621541341276 100 0.2341697119104 -0
151300 35146682.9811386 20838170.4380378 -4244.60441440941 -628.639713547222 100 0.238734245226935 -0
151400 34721189.878835 20774692.3451831 -4265.31696829708 -640.976255151737 100 0.243454512680519 -0
151500 34293607.54375 20709964.1472215 -4286.39084899969 -653.644014181133 100 0.248338112422921 -0
151600 33863899.3021136 20643952.0509167 -4307.83695307912 -666.656541617188 100 0.253393126279359 -0
151700 33432027.3676686 20576620.8707709 -4329.66663770143 -680.028140162434 100 0.258628157847189 -0
151800 32997952.7943907 20507933.9512453 -4351.89174527681 -693.773917116622 100 0.26405237418175 -0
151900 32561635.4266675 20437853.0834695 -4374.52462965413 -707.909841773459 100 0.26967555146333 -0
152000 32123033.8467764 20366338.4159672 -4397.57818397796 -722.452807793741 100 0.275508125088782 -0
152100 31682105.3194886 20293348.3588746 -4421.06587032318 -737.420701064199 100 0.281561244687945 -0
152200 31238805.7336154 20218839.4810751 -4445.00175123024 -752.832473611589 100 0.28784683462974 -0
152300 30793089.5403013 20142766.3996135 -4469.4005232718 -768.708224209914 100 0.294377660657103 -0
152400 30344909.6878519 20065081.6606853 -4494.27755278989 -785.069286396279 100 0.301167403375136 -0
152500 29894217.5528749 19985735.6114212 -4519.64891395049 -801.938324699303 100 0.308230739414969 -0
152600 29440962.8674922 19904676.2616007 -4545.53142927131 -819.339439984793 100 0.315583431208953 -0
152700 28985093.6423692 19821849.1343333 -4571.94271278568 -837.298284938583 100 0.323242426443482 -0
152800 28526556.085289 19737197.104637 -4598.90121601366 -855.842190838268 100 0.331225968407054 -0
152900 28065294.5149813 19650660.2247221 -4626.42627691746 -875.000306916794 100 0.33955371862677 -0
153000 27601251.2698996 19562175.5346474 -4654.53817202383 -894.803753794627 100 0.348246893390655 -0
153100 27134366.6116195 19471676.8568619 -4683.25817189949 -915.285792657399 100 0.357328415991179 -0
153200 26664578.6225139 19379094.5729622 -4712.60860016597 -936.482012086834 100 0.366823086803449 -0
153300 26191823.097343 19284355.3807951 -4742.61289623759 -958.430534719913 100 0.376757773637199 -0
153400 25716033.4283762 19187382.0298006 -4773.29568195776 -981.172246220818 100 0.387161625184163 -0
153500 25237140.4836485 19088093.0322253 -4804.6828322939 -1004.75104940988 100 0.398066310832513 -0
153600 24755072.4779395 18986402.3475313 -4836.8015502273 -1029.21414681263 100 0.409506290651405 -0
153700 24269754.8360486 18882219.0369741 -4869.68044593803 -1054.61235538084 100 0.4215191199775 -0
153800 23781110.0479352 18775446.8849238 -4903.34962033305 -1081.00045770974 100 0.434145793781636 -0
153900 23289057.5152889 18665983.9830333 -4937.84075289301 -1108.43759474649 100 0.447431136882184 -0
154000 22793513.3891048 18553722.2728245 -4973.18719371349 -1136.98770577445 100 0.461424247132177 -0
154050 22544404.8446573 18496506.2916239 -4991.19205697469 -1151.70153993125 100 0.468702849181536 -0
154100 22294390.3978221 18438547.0415773 -5009.42405947011 -1166.72002236847 100 0.476178999979333 -0
154150 22043458.5750947 18379829.0526105 -5027.88788313655 -1182.05272511414 100 0.483860274894207 -0
154200 21791597.6658123 18320336.3660336 -5046.58833291715 -1197.7096242365 100 0.49175462431188 -0
154250 21538795.7159221 18260052.513809 -5065.53034000967 -1213.7011212486 100 0.499870396377613 -0
154300 21285040.521587 18198960.4967159 -5084.71896513404 -1230.03806587605 100 0.508216361370815 -0
154350 21030319.6226277 18137042.7613402 -5104.15940180734 -1246.73178028905 100 0.51680173784703 -0
154400 20774620.2958009 18074281.1758144 -5123.85697961199 -1263.79408490862 100 0.525636220695242 -0
154450 20517929.5479148 18010657.0042239 -5143.81716744069 -1281.23732590622 100 0.534730011272463 -0
154500 20260234.1087835 17946150.8795952 -5164.04557669863 -1299.07440452621 100 0.54409384979309 -0
154550 20001520.4240225 17880742.7753682 -5184.54796444019 -1317.31880837211 100 0.553739050167663 -0
154600 19741774.6476896 17814411.9752524 -5205.33023641396 -1335.98464480966 100 0.563677537504709 -0
154650 19480982.6347768 17747137.0413563 -5226.39844998499 -1355.08667665357 100 0.573921888510458 -0
154700 19219129.9335594 17678895.7804722 -5247.75881689885 -1374.64036031969 100 0.584485375044595 -0
154750 18956201.7778118 17609665.2083871 -5269.41770584602 -1394.66188664074 100 0.595382011116301 -0
154800 18692183.0789016 17539421.5120817 -5291.38164477871 -1415.16822456193 100 0.606626603633725 -0
154850 18427058.4177747 17468140.0096683 -5313.65732292473 -1436.1771679527 100 0.6182348072523 -0
154900 18160812.0368483 17395795.1079047 -5336.25159243438 -1457.7073857928 100 0.630223183703211 -0
154950 17893427.831833 17322360.2571078 -5359.17146958641 -1479.77847601531 100 0.642609266023425 -0
155000 17624889.3435068 17247807.9032788 -5382.42413546768 -1502.41102331592 100 0.655411628153429 -0
155050 17355179.7494706 17172109.4372301 -5406.01693602791 -1525.62666126742 100 0.66864996041891 -0
155100 17084281.8559189 17095235.1404926 -5429.95738139589 -1549.44813911129 50 0.682345151468569 -0
155150 16812178.0894655 17017154.127757 -5454.25314432585 -1573.89939363457 50 0.6965193773031 -0
155200 16538850.4890721 16937834.2855853 -5478.9120576225 -1599.00562658021 50 0.711196198100686 -0
155250 16264280.698135 16857242.2071038 -5503.94211037005 -1624.79338808425 50 0.726400663623501 -0
155300 15988449.9567934 16775343.1223612 -5529.3514427632 -1651.29066668202 50 0.742159428078499 -0
155350 15711339.0945372 16692100.8240108 -5555.14833930712 -1678.52698648139 50 0.758500875405837 -0
155400 15432928.5232002 16607477.5879412 -5581.34122011695 -1706.53351216155 50 0.775455256080944 -0
155450 15153198.2304422 16521434.0884458 -5607.93863000542 -1735.34316252434 50 0.793054836643304 -0
155500 14872127.7738403 16433929.3074848 -5634.94922499826 -1764.99073340062 50 0.811334063308556 -0
155550 14589696.2757261 16344920.43755 -5662.38175586037 -1795.51303079879 50 0.830329741182697 -0
155600 14305882.4189323 16254362.7775953 -5690.24504814944 -1826.94901527629 50 0.850081230780708 -0
155650 14020664.443634 16162209.621446 -5718.54797823695 -1859.33995862008 50 0.870630663759882 -0
155700 13734020.145504 16068412.1380416 -5747.29944464612 -1892.72961403889 50 0.892023180013895 -0
155750 13445926.8754331 15972919.2428034 -5776.5083339518 -1927.16440120077 50 0.914307188541351 -0
155800 13156361.5411094 15875677.4593488 -5806.18348036389 -1962.69360759524 50 0.937534654806699 -0
155850 12865300.610798 15776630.7706959 -5836.33361797218 -1999.36960786199 50 0.961761417657404 -0
155900 12572720.1197155 15675720.459014 -5866.9673244612 -2037.24810291042 50 0.987047539255141 -0
155950 12278595.679461 15572884.9328824 -5898.09295490512 -2076.38838085694 50 1.01345769192765 -0
156000 11982902.4910384 15468059.5409102 -5929.71856401909 -2116.85360203419 50 1.04106158635976 -0
156050 11685615.3620939 15361176.3704518 -5961.85181496757 -2158.71111057916 50 1.06993444612623 -0
156100 11386708.7290944 15252164.0300217 -5994.49987250514 -2202.03277538991 50 1.10015753423616 -0
156150 11086156.6852947 15140947.4138627 -6027.66927784055 -2246.89536355489 50 1.13181873812081 -0
156200 10783933.0154801 15027447.4469601 -6061.3658021591 -2293.38094970895 50 1.16501322036769 -0
156250 10480011.2386413 14911580.8086101 -6095.5942751983 -2341.57736515891 50 1.19984414349925 -0
156300 10174364.6599309 14793259.6324506 -6130.35838462917 -2391.57869105196 50 1.2364234782324 -0
156350 9866966.43348305 14672391.1806335 -6165.66044123166 -2443.48580033539 50 1.27487290595514 -0
156400 9557789.63795079 14548877.4895714 -6201.50110394109 -2497.40695377896 50 1.31532482764058 -0
156450 9246807.3669383 14422614.9844109 -6237.87905775441 -2553.45845590211 50 1.35792349311143 -0
156500 8933992.83688597 14293494.0590786 -6274.79063618334 -2611.7653772685 50 1.40282626649486 -0
156550 8619319.5154214 14161398.6184058 -6312.22937838164 -2672.46235027686 50 1.45020504589653 -0
156575 8461277.62216692 14094197.2786433 -6331.14352664171 -2703.752007363 50 1.47488101857413 -0
156600 8302761.27372951 14026205.5784006 -6350.18550920365 -2735.69444623621 50 1.50024785781061 -0
156625 8143767.29667328 13957406.9506738 -6369.35348612337 -2768.30959052848 50 1.52633188096458 -0
156650 7984292.5671262 13887784.3207076 -6388.64532819489 -2801.61814253433 50 1.55316064951762 -0
156675 7824334.01832328 13817320.0860849 -6408.05859167074 -2835.64161901047 50 1.58076303781005 -0
156700 7663888.64880848 13745996.0958993 -6427.59049082087 -2870.40238876379 50 1.60916930599531 -0
156725 7502953.53135156 13673793.6289648 -6447.23786813617 -2905.92371211303 50 1.63841117748401 -0
156750 7341525.82264159 13600693.3710137 -6466.99716196409 -2942.22978231154 50 1.66852192116471 -0
156775 7179602.77382392 13526675.390835 -6486.86437134409 -2979.34576902052 50 1.69953643870577 -0
156800 7017181.74195404 13451719.115298 -6506.83501778779 -3017.29786392374 50 1.73149135725953 -0
156825 6854260.20244794 13375803.3032088 -6526.90410372468 -3056.1133285752 50 1.76442512790818 -0
156850 6690835.76261617 13298906.0179409 -6547.06606730705 -3095.82054457177 50 1.7983781302083 -0
156875 6526906.17637677 13221004.5987823 -6567.31473323839 -3136.44906614178 50 1.83339278320932 -0
156900 6362469.36025095 13142075.6309361 -6587.64325925676 -3178.02967523876 50 1.86951366333869 -0
156925 6197523.41075529 13062094.9141118 -6608.04407786881 -3220.59443922627 50 1.90678762956374 -0
156950 6032066.62331435 12981037.4296414 -6628.50883289102 -3264.1767712348 50 1.94526395625672 -0
156975 5866097.51282988 12898877.3060522 -6649.02831031089 -3308.81149326486 50 1.98499447420374 -0
157000 5699614.83605487 12815587.7830267 -6669.59236293376 -3354.53490210094 50 2.02603372021151 -0
157025 5532617.61593523 12731141.1736799 -6690.18982822806 -3401.38483808877 50 2.06843909577513 -0
157050 5365105.16809699 12645508.8250797 -6710.80843872493 -3449.40075681248 50 2.11227103527607 -0
157075 5197077.12967392 12558661.0769404 -6731.43472426446 -3498.62380368836 50 2.15759318418051 -0
157100 5028533.49068882 12470567.2184132 -6752.05390531212 -3549.09689146686 50 2.20447258770209 -0
157125 4859474.62822247 12381195.4429049 -6772.649776493 -3600.86478060353 25 2.25297989037939 -0
157150 4689901.343626 12290512.8008511 -6793.20457940848 -3653.97416242183 25 2.30318954699378 -0
157175 4519814.90305752 12198485.1503769 -6813.69886370939 -3708.47374494416 25 2.35518004521605 -0
157200 4349217.08165023 12105077.1057809 -6834.11133530091 -3764.41434121149 25 2.40903414031596 -0
157225 4178110.21164907 12010251.9837815 -6854.41869044674 -3821.84895984389 25 2.4648391021959 -0
157250 4006497.23488487 11913971.7474753 -6874.59543442296 -3880.83289751275 25 2.52268697491082 -0
157275 3834381.75999057 11816196.9479641 -6894.6136832455 -3941.42383289748 25 2.5826748487088 -0
157300 3661768.12480247 11716886.6636195 -6914.44294685818 -4003.68192158241 25 2.64490514446121 -0
157325 3488661.4644317 11615998.436971 -6934.04989202116 -4067.66989121039 25 2.70948591014207 -0
157350 3315067.78553706 11513488.2092198 -6953.39808298213 -4133.45313604341 25 2.77653112875251 -0
157375 3140994.04738026 11409310.2524075 -6972.44769784507 -4201.09980988437 25 2.8461610367572 -0
157400 2966448.25029916 11303417.0992947 -6991.15521837432 -4270.68091608094 25 2.9185024516924 -6.37872697780806e-307
157425 2791439.53229323 11195759.4710423 -7009.47309078652 -4342.27039305795 25 2.99368910710289 -4.72252638503518e-298
157450 2615978.27447922 11086286.2028293 -7027.349354891 -4415.94519350062 25 3.07186199234967 -3.53588215742421e-289
157475 2440076.21624317 10974944.1675933 -7044.72723874354 -4491.78535492992 25 3.15316969407904 -2.6693252232122e-280
157500 2263746.58098863 10861678.1981426 -7061.54471578292 -4569.87405896402 25 3.23776873523132 -2.02521286940926e-271
157525 2087004.21345878 10746431.0079602 -7077.73402122841 -4650.29767603584 25 3.32582390636154 -1.53876242087843e-262
157550 1909865.72969306 10629143.111112 -7093.22112433831 -4733.14579172442 25 3.4175085827118 -1.16638469768056e-253
157575 1732349.68076601 10509752.7417723 -7107.92515297185 -4818.51121014364 25 3.51300501887201 -8.78375108289314e-245
157600 1554476.73154649 10388195.7740074 -7121.75776677325 -4906.48992900165 25 3.61250461094542 -6.54236040731886e-236
157625 1376269.8558087 10264405.642601 -7134.62247522167 -4997.18107998127 25 3.71620811384376 -4.79612865807676e-227
157650 1197754.54912022 10138313.2658807 -7146.41389678576 -5090.68682697903 25 3.82432579861052 -3.44238085669522e-218
157675 1018959.06102592 10009846.9717046 -7157.0169555107 -5187.11221345845 25 3.9370775314416 -2.40523968236829e-209
157700 839914.648135574 9878932.42800511 -7166.30601158254 -5286.56494870367 25 4.05469275226336 -1.62593454907122e-200
157725 660655.849805108 9745492.57956176 -7174.14392279873 -5389.1551210818 25 4.17741032625508 -1.05629316622154e-191
157750 481220.788171383 9609447.59299675 -7180.38103447596 -5494.99482451905 25 4.30547823647936 -6.54716873113757e-183
157775 301651.494351404 9470714.81235695 -7184.85409620812 -5604.19768225021 25 4.43915307971956 -3.84150338045126e-174
157800 121994.262642211 9329208.7280746 -7187.38510512353 -5716.87824950209 25 4.57869932063217 -2.11561969574354e-165
157825 -57699.9654537089 9184840.96259002 -7187.78007697449 -5833.15127411588 25 4.72438825132829 -1.08360098773758e-156
157850 -237375.185612582 9037520.27648028 -7185.82774863074 -5953.13079120885 25 4.87649659444718 -5.11064704843512e-148
157875 -416969.88184251 8887152.59957407 -7181.29821847376 -6076.92902484689 25 5.03530467765847 -2.1957519542226e-139
157900 -596416.542972555 8733641.09224944 -7173.94153495077 -6204.65506639639 25 5.20109409636738 -8.49448950498341e-131
157925 -775641.143358527 8576886.24291216 -7163.48624832004 -6336.41329582801 25 5.37414476932344 -2.92195929909928e-122
157950 -954562.587134028 8416786.00853738 -7149.63794659863 -6472.30150888372 25 5.55473127909663 -8.81637550439213e-114
157975 -1133092.1159499 8253236.00612503 -7132.07780412215 -6612.40870987693 25 5.74311837640434 -2.29937058867118e-105
158000 -1311132.68096487 8086129.76395915 -7110.46118017 -6756.81252723594 25 5.93955551469915 -5.10210074810422e-97
158025 -1488578.28091866 7915359.04265907 -7084.41631601989 -6905.57620707796 25 6.14427027021904 -9.46864922392612e-89
158050 -1665313.26948597 7740814.2371374 -7053.54319177657 -7058.74513959038 25 6.35746049420979 -1.44287205209674e-80
158075 -1841211.63682829 7562384.87169803 -7017.41261952132 -7216.34287441073 25 6.5792850400974 -1.76993957043266e-72
158100 -2016136.27238821 7379960.20155688 -6975.56566680965 -7378.36658531329 25 6.80985291145628 -1.71089096287696e-64
158125 -2189938.21856311 7193429.9349729 -6927.51352421044 -7544.78195228442 25 7.04921068982063 -1.27373626488849e-56
158150 -2362455.92800289 7002685.09082802 -6872.73795210771 -7715.5174416401 25 7.2973281286166 -7.12647053847629e-49
158175 -2533514.54094 6807619.00675985 -6810.69246472595 -7890.45798352055 25 7.55408184542801 -2.91881219225316e-41
158200 -2702925.2031957 6608128.51265653 -6740.80443219809 -8069.43807232818 25 7.81923711481627 -8.50945821955605e-34
158225 -2870484.45029895 6404115.28326346 -6662.47830279912 -8252.23435093623 25 8.09242786381332 -1.71394886335116e-26
158250 -3035973.68843536 6195487.38158362 -6575.10016483157 -8438.55778515329 25 8.37313510778698 -2.31061054385683e-19
158275 -3199158.80857752 5982161.00140141 -6478.04387784696 -8628.04559200743 25 8.66066424061548 -2.01611852790878e-12
158300 -3359789.9759045 5764062.41233512 -6370.67900178499 -8820.25315426213 25 8.95412181297465 -1.09900239767388e-05
158312.5 -3439065.45151225 5653203.77761958 -6312.93505625053 -8917.21359549025 25 9.10273454346284 -0.021262357242438
158325 -3517601.64219818 5541130.1040911 -6252.38073480963 -9014.64623265916 25 9.25239254501968 -36.0610728629823
158337.5 -3595362.94539374 5427835.99610918 -6188.94023094162 -9112.46827312145 12.5 9.40270257484669 -53351.9538342577
158340.625 -3614677.92958572 5399321.25073017 -6172.61793339224 -9136.97061251998 6.25 9.43936144457028 -323709.840318032
158343.75 -3633941.60045705 5370729.93122226 -6156.09553071205 -9161.46952527819 3.125 9.47068836764477 -1946616.90163836
158345.3125 -3643553.98410777 5356405.58015952 -6147.74344992811 -9173.69408474354 3.125 9.47852615852239 -4757428.67473913
158346.875 -3653153.25304772 5342062.16703144 -6139.30255967896 -9185.85974923821 1.5625 9.47093319158891 -11600322.944468
158348.4375 -3662739.22855081 5327699.84392802 -6130.71302668101 -9197.87653236756 1.5625 9.42773988497574 -28219718.1064609
158350 -3672311.58194191 5313318.98882834 -6121.83051807794 -9209.52674049979 1.5625 9.30893916863113 -68481759.6314827
158350.78125 -3677092.45935808 5306121.86319806 -6117.1846608863 -9215.07116398997 1.5625 9.20487092153732 -106576193.358026
158351.5625 -3681869.6231223 5298920.52571327 -6112.30755324969 -9220.28480929871 1.5625 9.07141843435149 -165742537.107049
158352.34375 -3686642.84878196 5291715.30120821 -6107.07832491593 -9224.98430650828 0.78125 8.94298987575832 -257549889.132249
158353.125 -3691411.79350044 5284506.69424921 -6101.31002650056 -9228.88564340904 0.78125 8.94783696773103 -399842208.025806
158353.90625 -3696175.9314751 5277295.48757131 -6094.71392856451 -9231.5495714871 0.78125 9.44143838600993 -620058951.046977
158354.6875 -3700934.4546098 5270082.89368971 -6086.84498816719 -9232.29808948727 0.78125 11.1661019566375 -960211210.984939
158355.46875 -3705686.12029072 5262870.78758705 -6077.01910375728 -9230.08752755454 0.78125 15.1934440750254 -1484203765.23887
158355.859375 -3708058.81954787 5259265.76856951 -6071.06370343777 -9227.40121451843 0.78125 18.4354306236217 -1843594501.36242
158356.25 -3710429.01926774 5255662.06204818 -6064.18884307324 -9223.31762987034 0.78125 22.7100072693639 -2288291862.04894
158356.640625 -3712796.31922343 5252060.27666658 -6056.17674856079 -9217.50349320482 0.78125 28.2121482249934 -2837712509.39611
158357.03125 -3715160.22468314 5248461.16575366 -6046.75971285298 -9209.54880203874 0.78125 35.1812208380827 -3515267309.99203
158357.421875 -3717520.12490275 5244865.66038446 -6035.60956157983 -9198.95056568478 0.78125 43.9121287026019 -4348957778.09432
158357.8125 -3719875.26716562 5241274.90932096 -6022.3253745127 -9185.09382147935 0.78125 54.7647381332891 -5371934533.87013
158358.203125 -3722224.72567887 5237690.3269111 -6006.41943693663 -9167.22988139377 0.390625 68.1720884042491 -6622926654.49874
158358.59375 -3724567.3646564 5234113.64999756 -5987.30156862165 -9144.45202136237 0.390625 84.6470081471594 -8146398414.7125
158358.984375 -3726901.79502786 5230547.0047262 -5964.26226286427 -9115.66926104969 0.390625 104.785787218762 -9992219323.9888
158359.375 -3729226.32446154 5226992.98376885 -5936.45550652613 -9079.57955427705 0.390625 129.266528192196 -12214544713.138
158359.765625 -3731538.90084697 5223454.7337787 -5902.88279019684 -9034.64469186737 0.390625 158.838669522624 -14869504168.4129
158360.15625 -3733837.05013518 5219936.05174627 -5862.38069383179 -8979.07056980798 0.390625 194.298957941653 -18011203307.9672
158360.546875 -3736117.81057836 5216441.48717021 -5813.61555497168 -8910.79821033102 0.390625 236.448041750255 -21685501167.3113
158360.9375 -3738377.66703122 5212976.44446306 -5755.09003108567 -8827.51294816538 0.390625 286.02129759737 -25921100778.6156
158361.328125 -3740612.4911142 5209547.27671424 -5685.16766306647 -8726.68121734329 0.390625 343.588252122682 -30717786935.7018
158361.71875 -3742817.49562143 5206161.35793538 -5602.12244319257 -8605.62579756566 0.78125 409.418107158462 -36032283250.6476
158362.109375 -3744987.21431039 5202827.11663166 -5504.22024576846 -8461.65021451437 0.78125 483.315652797513 -41763269217.5866
158362.5 -3747115.52056525 5199554.00985106 -5389.83692156768 -8292.21988912671 0.390625 564.443067150161 -47738553130.0314
158362.890625 -3749195.69945326 5196352.41518995 -5257.61298182038 -8095.20018534169 0.390625 651.158113650458 -53708919431.227
158363.28125 -3751220.58617216 5193233.42046581 -5106.63661080653 -7869.13892738983 0.390625 740.914653105291 -59354054091.1807
158363.671875 -3753182.77859406 5190208.49880911 -4936.635858265 -7613.56414984179 0.390625 830.280240808892 -64305182248.9941
158364.0625 -3755074.92189395 5187289.07181662 -4748.14965851075 -7329.25044707776 0.390625 915.11856795581 -68185740907.4043
158364.453125 -3756890.04976242 5184485.98418271 -4542.64004732026 -7018.39583574374 0.390625 990.954348082905 -70665601578.8364
158364.84375 -3758621.95195753 5181808.93604635 -4322.50955427486 -6684.65320748577 0.390625 1053.48651876937 -71517766884.9427
158365.234375 -3760265.52614217 5179265.93770808 -4091.00139569177 -6332.98119182024 0.390625 1099.15773378579 -70662309539.1127
158365.625 -3761817.06769012 5176862.85824892 -3851.98435654811 -5969.31649763785 0.390625 1125.65021009347 -68183718554.8467
158365.8203125 -3762557.59943491 5175714.96015843 -3730.96704139388 -5784.9976439365 0.390625 1131.39780028842 -66403929867.8227
158366.015625 -3763274.45734388 5174603.13034761 -3609.65215443599 -5600.11289998924 0.390625 1132.18357109031 -64315420152.6922
158366.2109375 -3763967.6343255 5173527.40057674 -3488.55953474977 -5415.46484417931 0.390625 1128.15479412631 -61963416251.7833
158366.6015625 -3765283.41056674 5171483.60570933 -3249.0085814966 -5049.92136040795 0.390625 1106.65474318086 -56662411185.5266
158366.9921875 -3766506.76650146 5169580.89853355 -3015.91879561845 -4693.95112823652 0.390625 1069.53855362732 -50887404985.0052
158367.3828125 -3767640.82675163 5167814.60638668 -2792.24711184956 -4352.14993480421 0.390625 1020.13370079322 -44990545578.9366
158367.7734375 -3768689.72764285 5166178.48099495 -2580.20909056616 -4027.97700791267 0.390625 961.987006394612 -39256199731.0158
158368.1640625 -3769658.32457753 5164665.14786292 -2381.2771186839 -3723.74845924099 0.390625 898.477695997837 -33887318023.7562
158368.5546875 -3770551.9130661 5163266.53597146 -2196.24764864541 -3440.73779596566 0.390625 832.555796104328 -29007946724.3612
158368.9453125 -3771375.98498475 5161974.25423581 -2025.34973040473 -3179.34093923064 0.390625 766.609408639987 -24675745378.9722
158369.3359375 -3772136.03109507 5160779.89737276 -1868.36960523084 -2939.26686105833 0.390625 702.43737993821 -20898578313.0241
158369.7265625 -3772837.39219218 5159675.27721445 -1724.7725777623 -2719.72476179922 0.390625 641.29322124951 -17650893173.2829
158370.1171875 -3773485.15534691 5158652.5846635 -1593.81068034993 -2519.58990346608 0.390625 583.96751511861 -14887521874.7749
158370.5078125 -3774084.08849116 5157704.49251477 -1474.61087511803 -2337.53981694758 0.390625 530.883529255599 -12554076159.4472
158370.8984375 -3774638.6054663 5156824.21117546 -1366.24295060813 -2172.15942802436 0.390625 482.18965163432 -10594066134.1242
158371.2890625 -3775152.7538902 5156005.50900647 -1267.76888857284 -2022.01772161467 0.390625 437.839906996219 -8953322253.18951
158371.6796875 -3775630.21916767 5155242.70755151 -1178.2766969564 -1885.72048215019 0.390625 397.659274149035 -7582417678.86569
158372.0703125 -3776074.33922003 5154530.66001757 -1096.90199937363 -1761.94413242212 0.390625 361.393866038576 -6437725841.84472
158372.4609375 -3776488.12576185 5153864.71945514 -1022.84044153384 -1649.45536181975 0.390625 328.747751207826 -5481616555.04692
158372.8515625 -3776874.28906078 5153240.70138492 -955.353506895179 -1547.12052883288 0.390625 299.408838207411 -4682155010.22724
158373.2421875 -3777235.26402612 5152654.84421879 -893.769804354493 -1453.90801628894 0.390625 273.06626766831 -4012549300.20728
158373.6328125 -3777573.23617839 5152103.76973196 -837.483395018226 -1368.88595914864 0.390625 249.421476161386 -3450501756.24972
158374.0234375 -3777890.16657948 5151584.44502866 -785.950304443184 -1291.2171189633 0.390625 228.194706261643 -2977555683.70014
158374.4140625 -3778187.81518272 5151094.14685544 -738.684031333609 -1220.15216300688 0.390625 209.128344705318 -2578486761.67095
158374.8046875 -3778467.76232612 5150630.42870555 -695.250607760431 -1155.02221148699 0.390625 191.988124707704 -2240761725.05984
158375.1953125 -3778731.42827071 5150191.09088062 -655.263577189667 -1095.23122458338 0.390625 176.56294599137 -1954071078.70879
158375.5859375 -3778980.09080028 5149774.15349584 -618.379121221432 -1040.24859147864 0.390625 162.663846369519 -1709933781.05383
158375.9765625 -3779214.90097002 5149377.8323036 -584.291471291669 -989.602136704668 0.390625 150.1224937809 -1501367440.22668
158376.3671875 -3779436.89713095 5149000.51714764 -552.728677076046 -942.871658791009 0.390625 138.78944715514 -1322615813.69179
158376.7578125 -3779647.01737633 5148640.75282844 -523.448760576697 -899.683049491859 0.390625 128.532348375729 -1168925145.80761
158377.1484375 -3779846.11056164 5148297.22215109 -496.236257489317 -859.702998972102 0.78125 119.234147296883 -1036361402.04937
158377.5390625 -3780034.94604689 5147968.73093006 -470.899130722146 -822.634265975164 0.78125 110.791420333172 -921661335.982891
158377.9296875 -3780214.22230209 5147654.19473693 -447.266031454372 -788.211476902437 0.78125 103.112815245255 -822111310.311348
158378.3203125 -3780384.57450597 5147352.62719287 -425.183878451563 -756.197410150563 0.78125 96.1176364038426 -735448754.546126
158378.7109375 -3780546.58125618 5147063.12962528 -404.515724801441 -726.379719346966 0.78125 89.7345731136971 -659782015.145902
158379.1015625 -3780700.77049751 5146784.88192624 -385.138881624011 -698.568049478312 0.78125 83.9005664223545 -593525114.598855
158379.4921875 -3780847.62476245 5146517.13446784 -366.943269851738 -672.591502085936 0.78125 78.5598057442402 -535344580.763791
158379.8828125 -3780987.58580822 5146259.2009463 -349.82997333892 -648.296408880792 0.78125 73.6628445573259 -484116044.570726
158380.6640625 -3781248.41554388 5145770.30984161 -318.503014677992 -604.210576509703 0.78125 65.0297915213109 -398856452.818875
158381.4453125 -3781486.12318335 5145313.76088089 -290.545404480392 -565.357233395771 0.78125 57.7059146630949 -331735365.034622
158382.2265625 -3781703.13896371 5144885.78104075 -265.456409994544 -530.955934148126 0.78125 51.4569024440262 -278384839.693021
158383.0078125 -3781901.53796707 5144483.15130104 -242.824210707056 -500.363696388918 0.78125 46.095870108411 -235596121.381159
158383.7890625 -3782083.10233134 5144103.11044474 -222.308077510794 -473.047492379134 0.78125 41.4728609477301 -200987131.310654
158384.5703125 -3782249.3711372 5143743.27788727 -203.624469458112 -448.562772895571 0.78125 37.4668167260744 -172771585.087535
158385.3515625 -3782401.68065651 5143401.59139915 -186.536129345921 -426.536612677399 0.78125 33.9794164265932 -149597013.330178
158386.1328125 -3782541.19702078 5143076.25654776 -170.843483537848 -406.654409971986 0.78125 30.9303287796896 -130429958.160657
158386.9140625 -3782668.94289522 5142765.7054119 -156.377820313046 -388.649331629718 0.78125 28.2535367355837 -114473790.977941
158387.6953125 -3782785.81938485 5142468.56267502 -142.995847791005 -372.293889744887 0.78125 25.8944773407351 -101109310.262239
158388.4765625 -3782892.62412636 5142183.61762287 -130.575327556584 -357.393181888894 0.78125 23.8078044165534 -89851401.7004295
158389.2578125 -3782990.06631139 5141909.80089181 -119.01155151399 -343.779436751788 0.78125 21.9556291448012 -80317131.3547665
158390.0390625 -3783078.77922707 5141646.16506051 -108.214483269887 -331.307589720893 1.5625 20.3061292057026 -72202051.7075212
158390.8203125 -3783159.33077682 5141391.86836672 -98.1064259854393 -319.851675466992 1.5625 18.8324436093616 -65262459.9113717
158391.6015625 -3783232.23234906 5141146.16097848 -88.6201094824178 -309.301872091714 1.5625 17.5117901513265 -59302006.8869228
158392.3828125 -3783297.94632739 5140908.37336308 -79.6971129097076 -299.562067602354 1.5625 16.3247572493027 -54161513.0235014
158393.1640625 -3783356.89247765 5140677.90638695 -71.2865573017877 -290.547847228676 1.5625 15.2547330658083 -49711165.9554986
158393.9453125 -3783409.45340175 5140454.22285026 -63.3440162453632 -282.184821463116 1.5625 14.2874432383982 -45844501.4195809
158394.7265625 -3783455.97921198 5140236.84021584 -55.8306036217238 -274.407231241009 1.5625 13.4105749232545 -42473728.6171602
158395.5078125 -3783496.79155098 5140025.3243363 -48.7122057617488 -267.156779538072 1.5625 12.613469724262 -39526076.5296211
158397.0703125 -3783562.44035715 5139618.36634797 -35.5440621203668 -254.035675360396 1.5625 11.2227207627246 -34667512.5890729
158398.6328125 -3783608.52420334 5139230.65370737 -23.6397434698956 -242.470643665743 1.5625 10.0544881127422 -30891817.3722323
158400.1953125 -3783636.89080233 5138859.98229751 -12.8429599020011 -232.181096506324 1.5625 9.06234005828614 -27930229.7149014
158401.7578125 -3783649.17062536 5138504.54184302 -3.0304138535687 -222.941312431739 1.5625 8.21054069047755 -25587766.7936141
158403.3203125 -3783646.82194089 5138162.83952676 5.89617246410544 -214.569028218605 1.5625 7.47149507197244 -23720620.0401451
158404.8828125 -3783631.16493059 5137833.63910889 14.0161630852915 -206.916841534019 1.5625 6.82387893697154 -22221070.040245
158406.4453125 -3783603.4073959 5137515.91183268 21.3947322639455 -199.86560914746 1.5625 6.25123259734686 -21007266.6250604
158408.0078125 -3783564.6639405 5137208.79646719 28.0865366389489 -193.319275450363 1.5625 5.74087712380305 -20016211.3835369
158409.5703125 -3783515.97008253 5136911.56657769 34.1385650779157 -187.200738277583 1.5625 5.28306176635494 -19198879.2620934
158411.1328125 -3783458.29244613 5136623.60362917 39.5923304936413 -181.448479097443 1.5625 4.87028417798166 -18516785.9884766
158412.6953125 -3783392.5359606 5136344.37488519 44.4855262731109 -176.013768878809 1.5625 4.49674544417493 -17939541.3310671
158414.2578125 -3783319.5488257 5136073.41531028 48.8532436082922 -170.858319978498 3.125 4.15791439396199 -17443078.4791243
158415.8203125 -3783240.12586524 5135810.31285262 52.7288292613538 -165.952295354273 3.125 3.85018304537537 -17008348.8320676
158417.3828125 -3783155.01077631 5135554.69659914 56.1444521994486 -161.272614268703 3.125 3.57059925282498 -16620338.1477162
158418.9453125 -3783064.89768075 5135306.22737486 59.131439457188 -156.801512007317 3.125 3.31666494845984 -16267305.7310302
158420.5078125 -3782970.43229684 5135064.59041492 61.7204348564243 -152.525322687318 3.125 3.08618962786201 -15940180.109313
