0 314159000 0 -1180.54753201038 215.191832243234 100 0.00403837820768556 -0
100 314040925.049848 21519.1827630304 -1180.95152165885 215.191818401842 200 0.00404141550587678 -0
300 313804653.87665 64557.5372039955 -1181.76041324568 215.191707483095 400 0.00404750340513407 -0
700 313331625.585457 150634.123809635 -1183.38185797815 215.191150942418 800 0.00405973267649532 -0
1500 312383618.360684 322786.179115437 -1186.63949365467 215.188684830274 1600 0.00408440722304007 -0
3100 310479745.829957 667080.70125138 -1193.21456239141 215.178224396216 1600 0.00413463758482369 -0
4700 308565288.394754 1011352.44470557 -1199.87094513184 215.160165154664 1600 0.00418607685554136 -0
6300 306640114.394738 1355589.02573397 -1206.61060045163 215.13422295582 1600 0.00423876732017056 -0
7900 304704088.981453 1699777.59576578 -1213.43555544163 215.100100801884 1600 0.00429275321490754 -0
9500 302757074.006188 2043904.82028691 -1220.34790886853 215.057488139841 1600 0.004348080839367 -0
11100 300798927.902649 2387956.85655497 -1227.34983451717 215.006060107722 1600 0.00440479867653322 -0
12700 298829505.564129 2731919.33006892 -1234.44358472713 214.945476730785 1600 0.00446295752108981 -0
14300 296848658.21485 3075777.30970981 -1241.63149413699 214.875382063707 1600 0.00452261061681362 -0
15900 294856233.275145 3419515.28146306 -1248.91598365102 214.795403274531 1600 0.00458381380378259 -0
17500 292852074.220102 3763117.12062547 -1256.29956464424 214.705149665759 1600 0.00464662567621908 -0
19100 290836020.431275 4106566.06239226 -1263.78484342287 214.60421162751 1600 0.00471110775186876 -0
20700 288807907.041046 4449844.67071122 -1271.37452595905 214.492159517229 1600 0.00477732465390304 -0
22300 286767564.769178 4792934.80528164 -1279.07142291991 214.368542459916 1600 0.0048453443064303 -0
23900 284714819.751067 5135817.58656564 -1286.87845501305 214.23288706223 1600 0.0049152381448093 -0
25500 282649493.35718 5478473.35866835 -1294.79865867252 214.084696033254 1600 0.00498708134207836 -0
27100 280571402.003095 5820881.6499315 -1302.83519211106 213.923446703936 1600 0.00506095305294843 -0
28700 278480356.949562 6163021.1310711 -1310.99134176729 213.74858943649 1600 0.00513693667695735 -0
30300 276376164.091891 6504869.57067601 -1319.27052917869 213.559545914147 1600 0.00521512014255032 -0
31900 274258623.737999 6846403.78786724 -1327.67631831422 213.355707300687 1600 0.00529559621403816 -0
33500 272127530.374324 7187599.6019007 -1336.21242340362 213.136432258101 1600 0.00537846282359493 -0
35100 269982672.418785 7528431.77847627 -1344.88271730378 212.901044809531 1600 0.0054638234306913 -0
36700 267823831.959906 7868873.97249435 -1353.69124044665 212.648832033303 1600 0.00555178741162428 -0
38300 265650784.481118 8208898.66697747 -1362.64221041721 212.379041572343 1600 0.00564247048210105 -0
39900 263463298.5692 8548477.10784769 -1371.74003221503 212.090878941595 1600 0.00573599515616934 -0
41500 261261135.605717 8887579.2342217 -1380.98930925812 211.783504614173 1600 0.0058324912451648 -0
43100 259044049.440212 9226173.60385248 -1390.39485519373 211.456030864835 1600 0.00593209640077276 -0
44700 256811786.043814 9564227.31331081 -1399.96170658738 211.107518346997 1600 0.00603495670678539 -0
46300 254564083.141781 9901705.91245932 -1409.69513656885 210.736972376792 1600 0.00614122732468338 -0
47900 252300669.823392 10238573.3127272 -1419.60066952203 210.343338894631 1600 0.00625107319879454 -0
49500 250021266.127436 10574791.6886436 -1429.6840969149 209.925500071295 1600 0.00636466982749018 -0
51100 247725582.601388 10910321.3720322 -1439.95149437635 209.482269521675 1600 0.00648220410768867 -0
52700 245413319.832194 11245120.7382068 -1450.40924013811 209.012387084824 1600 0.00660387526085833 -0
53500 244250874.818866 11412232.9796725 -1455.71157444538 208.767036043331 1600 0.00666632803970259 -0
54300 243084167.946291 11579146.0834256 -1461.06403497273 208.514513124164 1600 0.00672989584977205 -0
55100 241913158.758383 11745854.2399839 -1466.46751325432 208.254637432364 1600 0.00679460752937006 -0
55900 240737806.076701 11912351.4928528 -1471.9229237783 207.987222294924 1600 0.00686049289645627 -0
56700 239558067.981772 12078631.7338122 -1477.43120476291 207.712075032741 1600 0.0069275827899667 -0
57500 238373901.793787 12244688.6980174 -1482.99331896491 207.428996721762 1600 0.00699590911322035 -0
58300 237185264.052638 12410515.9589032 -1488.61025452246 207.137781942729 1600 0.00706550487953557 -0
59100 235992110.497263 12576106.922884 -1494.28302583372 206.838218518888 1600 0.0071364042601874 -0
59900 234794396.044272 12741454.8238384 -1500.01267447338 206.53008724097 1600 0.00720864263484612 -0
60700 233592074.765827 12906552.7173692 -1505.80027014879 206.213161578736 1600 0.00728225664464687 -0
61500 232385099.866742 13071393.4748259 -1511.64691169792 205.887207378309 1600 0.00735728424805067 -0
62300 231173423.660759 13235969.7770803 -1517.5537281313 205.551982544465 1600 0.00743376477966808 -0
63100 229956997.545984 13400274.1080406 -1523.52187972015 205.20723670702 1600 0.0075117390122292 -0
63900 228735771.979425 13564298.7478929 -1529.55255913334 204.852710870374 1600 0.0075912492218963 -0
64700 227509696.450599 13728035.7660543 -1535.64699262566 204.488137045205 1600 0.00767233925712983 -0
65500 226278719.454175 13891477.0138246 -1541.80644128022 204.113237861258 1600 0.0077550546113334 -0
66300 225042788.461592 14054614.11672 -1548.03220230795 203.727726160096 1600 0.00783944249952011 -0
67100 223801849.891617 14217438.4664725 -1554.32561040734 203.331304566567 1600 0.00792555193926009 -0
67900 222555849.079792 14379941.2126777 -1560.68803918771 202.923665037721 1600 0.00801343383618854 -0
68700 221304730.246713 14542113.2540723 -1567.12090265969 202.504488387755 1600 0.00810314107437455 -0
69500 220048436.465089 14703945.2294212 -1573.6256567965 202.073443787495 1600 0.00819472861187331 -0
70300 218786909.62552 14865427.5079938 -1580.20380117036 201.630188236829 1600 0.00828825358180915 -0
71100 217520090.400944 15026550.1796063 -1586.85688066806 201.174366008354 1600 0.0083837753993636 -0
71900 216247918.209663 15187303.0442077 -1593.5864872905 200.705608060402 1600 0.00848135587507132 -0
72700 214970331.176908 15347675.6009826 -1600.394262041 200.223531417466 1600 0.00858105933485877 -0
73500 213687266.094848 15507657.0369447 -1607.28189690765 199.727738515894 1600 0.00868295274729436 -0
74300 212398658.380978 15667236.2149922 -1614.25113694541 199.217816512573 1600 0.00878710585855666 -0
75100 211104442.034797 15826401.661395 -1621.30378246382 198.693336554124 1600 0.00889359133566774 -0
75900 209804549.592689 15985141.5526799 -1628.44169132688 198.153853003981 1600 0.00900248491858337 -0
76700 208498912.080926 16143443.7018803 -1635.66678137189 197.598902624481 1600 0.0091138655817803 -0
77500 207187458.966676 16301295.5441117 -1642.98103295472 197.028003710895 1600 0.00922781570603398 -0
78300 205870118.106925 16458684.1214353 -1650.38649162937 196.440655174083 800 0.00934442126113829 -0
79100 204546815.695202 16615596.0669649 -1657.88527097036 195.836335568177 800 0.00946377200038227 -0
79900 203217476.205983 16772017.5881733 -1665.479555547 195.214502059428 800 0.0095859616676685 -0
80700 201882022.336647 16927934.4493486 -1673.17160405951 194.574589332022 800 0.00971108821823442 -0
81500 200540374.946869 17083331.9531483 -1680.96375264732 193.916008426337 800 0.00983925405402162 -0
82300 199192452.995274 17238194.9211963 -1688.85841838114 193.238145504728 800 0.00997056627483009 -0
83100 197838173.47324 17392507.6736601 -1696.85810295085 192.540360539516 800 0.0101051369464964 -0
83900 196477451.335649 17546254.0077469 -1704.96539656251 191.821985917418 800 0.0102430833874453 -0
84700 195110199.428451 17699417.1750471 -1713.18298205863 191.082324954143 800 0.0103845284750893 -0
85500 193736328.412819 17851979.8576513 -1721.51363927714 190.320650312349 800 0.0105296009736823 -0
86300 192355746.685729 18003924.1429605 -1729.96024966559 189.536202315553 800 0.0106784358853895 -0
87100 190968360.296737 18155231.4971034 -1738.52580116856 188.728187149938 800 0.0108311748264946 -0
87900 189574072.860727 18305882.7368674 -1747.21339340767 187.895774945268 800 0.0109879664308529 -0
88700 188172785.466394 18455858.0000424 -1756.02624317524 187.038097725334 800 0.0111489667829015 -0
89500 186764396.5802 18605136.7140696 -1764.96769026445 186.154247217491 800 0.0113143398827603 -0
90300 185348801.945521 18753697.5628782 -1774.04120366063 185.243272509837 800 0.0114842581462108 -0
91100 183925894.476688 18901518.4517817 -1783.25038812068 184.304177543571 800 0.0116589029426159 -0
91900 182495564.147601 19048576.4702991 -1792.59899116981 183.335918426829 800 0.0118384651741524 -0
92700 181057697.874565 19194847.8527492 -1802.09091054732 182.337400555017 800 0.0120231459000756 -0
93500 179612179.392981 19340307.9364598 -1811.7302021362 181.307475521204 800 0.0122131570101158 -0
94300 178158889.12749 19484931.1174142 -1821.52108841417 180.2449377985 800 0.012408721951541 -0
95100 176697704.055126 19628690.8031465 -1831.4679674675 179.148521174555 800 0.0126100765148969 -0
95900 175228497.561026 19771559.3626777 -1841.57542261256 178.01689491634 800 0.0128174696839768 -0
96700 173751139.286176 19913508.0732683 -1851.84823267444 176.848659641085 800 0.0130311645561758 -0
97500 172265494.966664 20054507.0637406 -1862.29138297656 175.642342866808 800 0.0132514393400659 -0
98300 170771426.263823 20194525.2541043 -1872.91007710038 174.396394213057 800 0.013478588437789 -0
99100 169268790.584653 20333530.2911918 -1883.70974948017 173.10918021937 800 0.0137129236207283 -0
99900 167757440.891792 20471488.4799829 -1894.69607890418 171.778978745472 800 0.0139547753078876 -0
100700 166237225.502317 20608364.7102705 -1905.87500300059 170.403972913292 800 0.0142044939575096 -0
101500 164707987.874514 20744122.3782808 -1917.2527337948 168.982244546476 800 0.0144624515837024 -0
102300 163169566.381759 20878723.302828 -1928.83577443337 167.511767058094 800 0.0147290434112581 -0
103100 161621794.072507 21012127.6355415 -1940.63093717991 165.990397731642 800 0.0150046896834457 -0
103900 160064498.415342 21144293.7646534 -1952.64536279934 164.415869334094 800 0.0152898376393852 -0
104700 158497501.027926 21275178.2117877 -1964.88654145969 162.785780992583 800 0.0155849636796854 -0
105500 156920617.388557 21404735.5211313 -1977.36233529424 161.097588258185 800 0.0158905757414034 -0
106300 155333656.528983 21532918.1403015 -1990.0810027832 159.348592271009 800 0.0162072159060986 -0
107100 153736420.706904 21659676.2921555 -2003.05122513146 157.535927930322 800 0.0165354632678678 -0
107900 152128705.05652 21784957.8367019 -2016.28213483952 155.656550961435 800 0.016875937091827 -0
108700 150510297.215272 21908708.122184 -2029.78334668727 153.707223757398 800 0.0172293002976252 -0
109500 148880976.924743 22030869.8243018 -2043.56499137651 151.684499857901 800 0.0175962633073267 -0
110300 147240515.603499 22151382.7724197 -2057.63775210704 149.584706909799 800 0.0179775883024981 -0
111100 145588675.889391 22270183.7614787 -2072.01290439518 147.403927933033 800 0.0183740939417058 -0
111500 144758412.438239 22328921.6402337 -2079.31757353538 146.281872703622 800 0.0185783120535384 -0
111900 143925211.148523 22387206.3481554 -2086.70235947937 145.137980692609 800 0.0187866605970473 -0
112300 143089039.655822 22445029.0375776 -2094.16885823716 143.971683942596 800 0.0189992602165378 -0
112700 142249864.948187 22502380.6297688 -2101.7187117128 142.782394945898 800 0.0192162361768631 -0
113100 141407653.347443 22559251.8069438 -2109.35360943438 141.569505798941 800 0.0194377185829942 -0
113500 140562370.489778 22615633.0039297 -2117.07529036489 140.332387312403 800 0.0196638426120811 -0
113900 139713981.305593 22671514.3994651 -2124.88554479862 139.070388074371 800 0.0198947487588331 -0
114300 138862449.998575 22726885.9071158 -2132.78621634764 137.782833463587 800 0.0201305830951123 -0
114700 138007740.023959 22781737.1657848 -2140.77920402383 136.469024609655 800 0.0203714975447002 -0
115100 137149814.065932 22836057.5297954 -2148.86646442167 135.12823729685 800 0.0206176501742744 -0
115500 136288634.014146 22889836.058524 -2157.05001400782 133.759720807924 800 0.02086920550171 -0
115900 135424160.939296 22943061.5055575 -2165.33193152364 132.362696704038 800 0.0211263348229119 -0
116300 134556355.067704 22995722.3073494 -2173.71436050738 130.936357536671 800 0.0213892165584786 -0
116700 133685175.754882 23047806.5713463 -2182.1995119431 129.479865487019 800 0.021658036621602 -0
117100 132810581.457993 23099302.063555 -2190.78966704407 127.992350928092 800 0.0219329888087233 -0
117500 131932529.707188 23150196.195518 -2199.48718017866 126.472910904321 800 0.0222142752145899 -0
117900 131050977.075726 23200476.0106631 -2208.29448194766 124.920607523096 800 0.0225021066734922 -0
118300 130165879.148845 23250128.1699916 -2217.21408242221 123.334466252228 800 0.0227967032286106 -0
118700 129277190.491294 23299138.9370653 -2226.24857455249 121.713474116838 800 0.0230982946315656 -0
119100 128384864.613469 23347494.1622509 -2235.40063775798 120.056577788671 800 0.023407120874441 -0
119500 127488853.936082 23395179.2661774 -2244.67304171086 118.362681560269 800 0.0237234327567474 -0
119900 126589109.753259 23442179.2223591 -2254.06865032483 116.630645195807 800 0.0240474924900087 -0
120300 125685582.194019 23488478.5389323 -2263.59042596308 114.859281649745 800 0.024379574342889 -0
120700 124778220.182007 23534061.2394517 -2273.2414338794 113.047354643697 800 0.024719965330037 -0
121100 123866971.393411 23578910.8426876 -2283.02484690829 111.193576091124 800 0.0250689659481134 -0
121500 122951782.21295 23623010.3413603 -2292.94395042055 109.296603358563 800 0.0254268909627771 -0
121900 122032597.687817 23666342.1797448 -2303.00214756247 107.355036351149 800 0.0257940702507588 -0
122300 121109361.479474 23708888.2300719 -2313.20296479805 105.367414409134 400 0.0261708497015277 -0
122700 120182015.813161 23750629.7676479 -2323.55005777526 103.332213000911 400 0.0265575921834878 -0
123100 119250501.424994 23791547.4446081 -2334.04721753905 101.247840196797 400 0.0269546785801016 -0
123500 118314757.506498 23831621.2622136 -2344.69837711571 99.1126329064148 400 0.0273625089018647 -0
123900 117374721.646437 23870830.5415917 -2355.50761849517 96.9248528609424 400 0.0277815034806258 -0
124300 116430329.769758 23909153.8928161 -2366.47918004003 94.682682319795 400 0.0282121042533874 -0
124700 115481516.073486 23946569.1822097 -2377.61746435275 92.3842194794124 400 0.0286547761434336 -0
125100 114528212.959371 23983053.4977483 -2388.92704663478 90.0274735597201 400 0.0291100085474193 -0
125500 113570350.96309 24018583.1124291 -2400.41268357472 87.6103595415205 400 0.029578316937936 -0
125900 112607858.679784 24053133.4454605 -2412.07932280555 85.1306925254984 400 0.0300602445920537 -0
126300 111640662.685682 24086679.0211137 -2423.93211297467 82.5861816806742 400 0.0305563644574307 -0
126700 110668687.455574 24119193.4250662 -2435.97641447444 79.9744237469713 400 0.031067281168813 -0
127100 109691855.275849 24150649.2580502 -2448.2178108852 77.2928960530408 400 0.0315936332291174 -0
127500 108710086.152808 24181018.086605 -2460.66212118747 74.5389490065636 400 0.0321360953708316 -0
127900 107723297.715915 24210270.3907115 -2473.3154128055 71.7097980098752 400 0.0326953811151953 -0
128300 106731405.115671 24238375.5080696 -2486.18401555005 68.8025147488727 400 0.0332722455485702 -0
128700 105734320.915707 24265301.5747564 -2499.27453653484 65.8140177976991 400 0.0338674883375992 -0
129100 104731954.978702 24291015.4619789 -2512.59387614832 62.7410624755866 400 0.034481957007224 -0
129500 103724214.345693 24315482.7086086 -2526.14924517038 59.5802298853741 400 0.0351165505084226 -0
129900 102711003.108288 24338667.4491541 -2539.94818313273 56.3279150555161 400 0.0357722231056883 -0
130300 101692222.273273 24360532.3367979 -2553.99857803123 52.9803140987288 400 0.0364499886178499 -0
130700 100667769.619034 24381038.461083 -2568.30868751005 49.5334102906598 400 0.0371509250498984 -0
131100 99637539.5432023 24400145.2597984 -2582.88716164951 45.982958960947 400 0.03787617965811 -0
131500 98601422.9008312 24417810.4245627 -2597.7430675036 42.3244710765852 400 0.0386269744960187 -0
131900 97559306.8323825 24433989.799558 -2612.88591554854 38.5531953834167 400 0.0394046124948055 -0
132300 96511074.5807238 24448637.2728068 -2628.32568822143 34.6640989555752 400 0.0402104841385469 -0
132700 95456605.2962581 24461704.6593233 -2644.07287074744 30.6518459845437 400 0.0410460748026379 -0
133100 94395773.829229 24473141.5753961 -2660.13848447624 26.5107746188059 400 0.0419129728327526 -0
133500 93328450.508149 24482895.303183 -2676.53412297337 22.2348716414849 400 0.042812878452105 -0
133900 92254500.9031947 24490910.6447038 -2693.2719911403 17.8177447464076 400 0.0437476135967656 -0
134300 91173785.5732982 24497129.7642199 -2710.36494766899 13.2525921421718 400 0.0447191327926488 -0
134700 90086159.7955336 24501492.0178697 -2727.82655117287 8.53216917837614 400 0.0457295352038251 -0
135100 88991473.275252 24503933.769303 -2745.67111037751 3.64875164744905 400 0.0467810780004396 -0
135500 87889569.8352586 24504388.1899054 -2763.91373880074 -1.40590463142047 400 0.0478761912161789 -0
135900 86780287.0821391 24502785.0420399 -2782.57041440596 -6.64060839396492 400 0.0490174942904973 -0
136300 85663456.0476411 24499050.4435387 -2801.65804477302 -12.0647821886205 400 0.0502078145203559 -0
136700 84538900.8027825 24493106.61146 -2821.19453840125 -17.6885168937601 400 0.0514502076808626 -0
137100 83406438.0420976 24484871.5828775 -2841.19888283992 -23.5226321625142 400 0.0527479811149146 -0
137300 82837181.9336752 24479868.0390846 -2851.38274870417 -26.5221792945418 400 0.0534187440786675 -0
137500 82265876.6350776 24474258.9101461 -2861.69123042927 -29.5787435599056 400 0.0541047196400224 -0
137700 81692496.9528724 24468032.6347488 -2872.12704451796 -32.6939135212164 400 0.0548064040340162 -0
137900 81117017.1418742 24461177.3279583 -2882.69299256655 -35.8693372864486 400 0.0555243146767504 -0
138100 80539410.8877797 24453680.76903 -2893.3919647487 -39.1067253313913 400 0.0562589912858273 -0
138300 79959651.2890899 24445530.3886401 -2904.22694347561 -42.4078534845022 400 0.0570109970716871 -0
138500 79377710.8382807 24436713.2555021 -2915.20100724343 -45.7745660851893 400 0.0577809200050798 -0
138700 78793561.402185 24427216.0623337 -2926.31733467921 -49.2087793274098 400 0.0585693741663492 -0
138900 78207174.201544 24417025.1111346 -2937.57920879773 -52.7124848014168 400 0.0593770011826927 -0
139100 77618519.7896861 24406126.2977362 -2948.99002148225 -56.2877532475122 400 0.0602044717600916 -0
139300 77027568.0302846 24394505.0955769 -2960.55327820325 -59.9367385367822 400 0.0610524873171891 -0
139500 76434288.0741481 24382146.5386579 -2972.27260299036 -63.6616818950168 400 0.0619217817290377 -0
139700 75838648.334989 24369035.2036284 -2984.15174367358 -67.4649163873506 400 0.062813123189338 -0
139900 75240616.4641153 24355155.1909459 -2996.19457741119 -71.3488716826224 400 0.0637273162005727 -0
140100 74640159.3239871 24340490.1050547 -3008.40511652327 -75.316079118055 400 0.0646652037022877 -0
140300 74037242.9605739 24325023.0335182 -3020.78751465071 -79.369177086607 400 0.0656276693487214 -0
140500 73431832.5744458 24308736.5250411 -3033.34607326174 -83.5109167712753 400 0.0666156399480183 -0
140700 72823892.4905266 24291612.5663067 -3046.08524852901 -87.7441682527377 400 0.0676300880764176 -0
140900 72213386.1264324 24273632.5575535 -3059.00965860281 -92.0719270190463 400 0.0686720348820754 -0
141100 71600275.9593139 24254777.2868068 -3072.12409130735 -96.497320908638 400 0.0697425530945893 -0
141300 70984523.4911143 24235026.9026757 -3085.43351228973 -101.02361752074 400 0.0708427702578582 -0
141500 70366089.2121501 24214360.8856183 -3098.9430736532 -105.654232130347 400 0.0719738722056382 -0
141700 69744932.5629131 24192758.0175698 -3112.65812310923 -110.392736148377 400 0.0731371068010845 -0
141900 69121011.893988 24170196.3498206 -3126.58421368555 -115.242866171372 400 0.0743337879637131 -0
142100 68494284.4239688 24146653.1690217 -3140.72711403046 -120.208533669331 200 0.0755653000095973 -0
142300 67864706.1952513 24122104.9611837 -3155.09281935721 -125.293835364837 200 0.0768331023332801 -0
142500 67232232.0275688 24096527.3735266 -3169.68756307585 -130.503064361834 200 0.0781387344628522 -0
142700 66596815.4691285 24069895.1740236 -3184.51782916421 -135.840722088053 200 0.0794838215229687 -0
142900 65958408.7451951 24042182.2084687 -3199.59036533392 -141.311531121458 200 0.0808700801442954 -0
143100 65316962.7039564 24013361.3548848 -3214.91219705266 -146.920448978105 200 0.082299324862048 -0
143300 64672426.7594938 23983404.4750707 -3230.49064248895 -152.672682946657 200 0.0837734750509643 -0
143500 64024748.8316652 23952282.3630692 -3246.33332845212 -158.573706063579 200 0.0852945624493153 -0
143700 63373875.2826944 23919964.6903168 -3262.44820740631 -164.629274332775 200 0.0868647393304825 -0
143900 62719750.8502421 23886419.9472163 -3278.84357564515 -170.845445304418 200 0.0884862873873114 -0
144100 62062318.5767194 23851615.3808468 -3295.52809272143 -177.228598139948 200 0.0901616274019895 -0
144300 61401519.7345804 23815516.9285009 -3312.5108022353 -183.785455303979 200 0.0918933297827355 -0
144500 60737293.7473125 23778089.1467071 -3329.80115409423 -190.523106039314 200 0.0936841260582438 -0
144700 60069578.1058168 23739295.1353658 -3347.40902836924 -197.449031798618 200 0.0955369214318006 -0
144900 59398308.2798464 23699096.4565864 -3365.34476088378 -204.571133825955 200 0.0974548085094501 -0
145100 58723417.624142 23657453.0477756 -3383.61917068547 -211.897763103433 200 0.0994410823307846 -0
145300 58044837.2788703 23614323.1284804 -3402.24358956599 -219.437752903283 200 0.10149925684712 -0
145500 57362496.063939 23569663.1004377 -3421.22989381114 -227.20045421398 200 0.103633083010322 -0
145700 56676320.3667222 23523427.4402264 -3440.59053838202 -235.195774341155 200 0.105846568656724 -0
145900 55986234.0226882 23475568.5838544 -3460.3385937492 -243.434219020596 200 0.10814400039489 -0
146100 55292158.1883745 23426036.8025404 -3480.48778562544 -251.926938422207 200 0.110529967733887 -0
146300 54594011.2061047 23374780.0688706 -3501.05253786855 -260.685777471267 200 0.11300938972092 -0
146500 53891708.4597827 23321743.9124203 -3522.04801885598 -269.723330967574 200 0.115587544394301 -0
146700 53185162.2210363 23266871.2638264 -3543.49019166543 -279.053004045192 200 0.118270101400692 -0
146900 52474281.4849153 23210102.2861846 -3565.39586843374 -288.689078586848 200 0.121063158175337 -0
147100 51758971.794264 23151374.1925096 -3587.7827693078 -298.646786289064 200 0.123973280141903 -0
147300 51039135.0518074 23090621.0478532 -3610.66958644921 -308.942389168667 200 0.127007545455916 -0
147500 50314669.3188882 23027773.5545026 -3634.0760536079 -319.593268410627 200 0.130173594894533 -0
147700 49585468.5996852 22962758.8184906 -3658.02302184061 -330.618022583664 200 0.133479687587504 -0
147900 48851422.6096195 22895500.0954294 -3682.53254201906 -342.036576397046 200 0.136934763392365 -0
148100 48112416.5265215 22825916.5134288 -3707.62795485068 -353.870301342927 200 0.140548512844195 -0
148300 47368330.7229752 22753922.77057 -3733.33398922355 -366.142149768112 200 0.144331455760498 -0
148500 46619040.478086 22679428.8040769 -3759.67686978816 -378.876804152551 200 0.148295029759666 -0
148700 45864415.6667238 22602339.4279416 -3786.68443480382 -392.100843645706 200 0.15245169016257 -0
148800 45485060.574761 22562790.2176661 -3800.4466462122 -398.905252778476 200 0.154606625841142 -0
148900 45104320.4240279 22522553.9352784 -3814.38626540163 -405.842930227199 200 0.156815022998735 -0
149000 44722177.2751242 22481617.0581085 -3828.50728563203 -412.917818389179 200 0.159078777576337 -0
149100 44338612.7829942 22439965.6614303 -3842.81382760818 -420.134017279006 200 0.161399873136712 -0
149200 43953608.1839219 22397585.4023051 -3857.31014471963 -427.49579250037 200 0.16378038586731 -0
149300 43567144.2819903 22354461.5026043 -3872.0006285427 -435.007583706894 200 0.16622248992399 -0
149400 43179201.4349755 22310578.7311591 -3886.88981461982 -442.674013587332 200 0.168728463142597 -0
149500 42789759.5396497 22265921.3849846 -3901.98238853235 -450.499897413407 200 0.171300693147877 -0
149600 42398798.0164599 22220473.2695195 -3917.28319228447 -458.490253191824 200 0.173941683891904 -0
149700 42006295.7935537 22174217.6778176 -3932.79723101652 -466.65031246548 200 0.176654062657181 -0
149800 41612231.2901147 22127137.3686256 -3948.52968006765 -474.985531812813 200 0.179440587562887 -0
149900 41216582.3989748 22079214.5432735 -3964.48589240886 -483.501605098457 200 0.182304155616337 -0
150000 40819326.4684627 22030430.8212998 -3980.67140646895 -492.204476533046 200 0.185247811355791 -0
150100 40420440.2834496 21980767.214728 -3997.09195437745 -501.100354605167 200 0.188274756135191 -0
150200 40019900.045549 21930204.1009032 -4013.75347065022 -510.195726954083 200 0.191388358106342 -0
150300 39617681.3524239 21878721.1937915 -4030.66210134523 -519.497376258133 200 0.194592162959577 -0
150400 39213759.176154 21826297.5136364 -4047.82421371777 -529.012397220536 200 0.197889905490002 -0
150500 38808107.840612 21772911.3548576 -4065.24640640652 -538.748214741958 200 0.20128552206328 -0
150600 38400700.9977916 21718540.2520699 -4082.935520184 -548.712603377592 200 0.204783164062405 -0
150700 37991511.6030324 21663160.9440872 -4100.89864930724 -558.913708185768 200 0.208387212405434 -0
150800 37580511.8890775 21606749.3357677 -4119.14315350699 -569.360067085435 200 0.212102293233522 -0
150900 37167673.3388979 21549280.4575418 -4137.67667065645 -580.060634851237 200 0.215933294879183 -0
151000 36752966.6572156 21490728.4224537 -4156.50713016337 -591.024808887628 200 0.219885386236499 -0
151100 36336361.7406482 21431066.3805295 -4175.64276713242 -602.262456937524 100 0.223964036668237 -0
151200 35917827.6463974 21370266.4702711 -4195.09213734775 -613.783946896709 100 0.228175037599715 -0
151300 35497332.5593954 21308299.7670556 -4214.86413312954 -625.600178922696 100 0.232524525965949 -0
151400 35074843.7578203 21245136.2282 -4234.96800012152 -637.722620046254 100 0.237019009697441 -0
151500 34650327.5768832 21180744.6344304 -4255.41335507069 -650.163341515639 100 0.241665395451198 -0
151600 34223749.3707849 21115092.5274703 -4276.21020466439 -662.935059127969 100 0.246471018817495 -0
151700 33795073.4727335 21048146.1434334 -4297.36896549438 -676.051176829528 100 0.251443677260007 -0
151800 33364263.152906 20979870.3416815 -4318.90048522192 -689.525833897467 100 0.256591666077617 -0
151900 32931280.5742304 20910228.5287698 -4340.81606502291 -703.373956049887 100 0.261923817711003 -0
152000 32496086.745855 20839182.5770693 -4363.12748339698 -717.611310870041 100 0.267449544756645 -0
152100 32058641.4741657 20766692.7376137 -4385.84702142946 -732.254567974189 100 0.273178887095941 -0
152200 31618903.3112003 20692717.5466715 -4408.98748960085 -747.321364401953 100 0.279122563598383 -0
152300 31176829.5003002 20617213.7254976 -4432.56225624318 -762.830375763877 100 0.285292028916397 -0
152400 30732375.9188299 20540136.0726558 -4456.58527774859 -778.80139374408 100 0.291699535956467 -0
152500 30285497.0177835 20461437.3482473 -4481.07113064029 -795.255410627565 100 0.298358204688057 -0
152600 29836145.7580862 20381068.1493034 -4506.0350456212 -812.214711603238 100 0.305282098040062 -0
152700 29384273.5433866 20298976.7755242 -4531.4929437202 -829.702975686344 100 0.312486305736125 -0
152800 28929830.1491253 20215109.0844561 -4557.46147465969 -847.745386209769 100 0.319987037037208 -0
152900 28472763.6476496 20129408.3350966 -4583.95805757105 -866.368751954351 100 0.327801723495091 -0
153000 28013020.3291341 20041815.0188047 -4611.00092418624 -885.601640126552 100 0.335949132977062 -0
153100 27550544.6180534 19952266.6762653 -4638.60916463317 -905.474522550228 100 0.344449496403746 -0
153200 27085278.9849392 19860697.6991094 -4666.80277595973 -926.019936621257 100 0.353324648853269 -0
153300 26617163.8531443 19767039.1146293 -4695.60271350464 -947.272662783295 100 0.36259818693115 -0
153400 26146137.500322 19671218.3518365 -4725.03094522273 -969.269920524609 100 0.372295644592879 -0
153500 25672135.9543217 19573158.986902 -4755.11050905488 -992.051585175333 100 0.382444689942888 -0
153600 25195092.8831926 19472780.4657681 -4785.86557340875 -1015.66042810815 100 0.393075345928873 -0
153700 24714939.4789819 19369997.8014487 -4817.32150078126 -1040.14238332118 100 0.404220238315569 -0
153800 24231604.3350145 19264721.2432119 -4849.50491450637 -1065.54684381934 100 0.415914874870878 -0
153900 23745013.3163441 19156855.9144721 -4882.44376854724 -1091.92699172031 100 0.42819796034652 -0
154000 23255089.4230803 19046301.4158012 -4916.16742016546 -1119.34016660805 100 0.44111175260554 -0
154100 22761752.6463154 18932951.3889763 -4950.70670518613 -1147.84827735576 100 0.454702466165349 -0
154150 22513778.5638685 18875193.0691375 -4968.2922697278 -1162.53364201258 100 0.461767303899541 -0
154200 22264919.8163836 18816693.037368 -4986.09401541806 -1177.51826344286 100 0.469020730520042 -0
154250 22015165.4876181 18757436.1014234 -5004.11624731628 -1192.81138005536 100 0.476469850123961 -0
154300 21764504.4434077 18697406.5976536 -5022.36337764679 -1208.42261287029 100 0.484122111903164 -0
154350 21512925.3262461 18636588.3713811 -5040.83992828521 -1224.36198538012 100 0.491985330657469 -0
154400 21260416.5497401 18574964.7562553 -5059.55053322544 -1240.63994464779 100 0.500067708749206 -0
154450 21006966.2929434 18512518.5525186 -5078.49994101364 -1257.26738373237 100 0.508377859615933 -0
154500 20752562.4945685 18449232.0041169 -5097.69301713317 -1274.25566553919 100 0.516924832968804 -0
154550 20497192.8470822 18385086.7745793 -5117.13474632235 -1291.61664819987 100 0.525718141815898 -0
154600 20240844.790686 18320063.9215882 -5136.83023480381 -1309.36271209645 100 0.534767791462824 -0
154650 19983505.5071891 18254143.8701546 -5156.78471240102 -1327.50678865336 100 0.54408431065731 -0
154700 19725161.9137776 18187306.3843069 -5177.00353451412 -1346.06239103193 100 0.553678785060364 -0
154750 19465800.6566906 18119530.5371946 -5197.49218392261 -1365.04364687336 100 0.563562893244172 -0
154800 19205408.10481 18050794.6794994 -5218.25627237809 -1384.46533324906 100 0.573748945436341 -0
154850 18943970.3431771 17981076.4060415 -5239.30154194457 -1404.34291399116 100 0.584249925251684 -0
154900 18681473.1664501 17910352.5204547 -5260.63386603753 -1424.69257959144 100 0.595079534676622 -0
154950 18417902.0723174 17838598.9977989 -5282.25925010612 -1445.53128987348 100 0.606252242597855 -0
155000 18153242.2548877 17765790.9449646 -5304.18383189445 -1466.87681966187 100 0.617783337196428 -0
155050 17887478.5980791 17691902.558714 -5326.41388120871 -1488.74780769209 100 0.629688982561166 -0
155100 17620595.6690331 17616907.0811907 -5348.95579910625 -1511.16380902778 100 0.641986279911934 -0
155150 17352577.7115865 17540776.752714 -5371.81611641049 -1534.14535127628 100 0.65469333386396 -0
155200 17083408.6398365 17463482.7616611 -5395.00149144137 -1557.71399492091 100 0.667829324209804 -0
155250 16813072.0318407 17384995.1912234 -5418.51870683533 -1581.89239811863 50 0.681414583746335 -0
155300 16541551.123503 17305282.962802 -5442.37466530992 -1606.70438634463 50 0.695470682730712 -0
155350 16268828.8027005 17224313.7757922 -5466.57638420731 -1632.17502730242 50 0.710020520612829 -0
155400 15994887.6037169 17142054.0434814 -5491.13098862623 -1658.33071155849 50 0.725088425762681 -0
155450 15719709.7020609 17058468.8247609 -5516.04570292393 -1685.19923940547 50 0.740700263990743 -0
155500 15443276.9097535 16973521.7513282 -5541.32784033742 -1712.80991450756 50 0.756883556748808 -0
155550 15165570.6711884 16887174.9500247 -5566.9847904356 -1741.19364493702 50 0.773667609999101 -0
155600 14886572.0596806 16799388.9599229 -5593.02400407094 -1770.3830522715 50 0.79108365485229 -0
155650 14606261.7748369 16710122.6437419 -5619.45297544923 -1800.41258948984 50 0.809165001202061 -0
155700 14324620.1409057 16619333.0931316 -5646.2792208783 -1831.31866847879 50 0.827947205726943 -0
155750 14041627.1062808 16526975.5273229 -5673.51025368936 -1863.13979804673 50 0.847468255791361 -0
155800 13757262.2443683 16433003.1845937 -5701.15355474703 -1895.91673343267 50 0.867768770959952 -0
155850 13471504.7560516 16337367.2059499 -5729.21653787353 -1929.6926384016 50 0.888892224044743 -0
155900 13184333.4740282 16240016.5103624 -5757.70650940769 -1964.51326113133 50 0.910885183837233 -0
155950 12895726.8693335 16140897.6608366 -5786.63062099655 -2000.4271252223 50 0.933797581940336 -0
156000 12605663.0604168 16039954.7205241 -5815.99581457482 -2037.48573730265 50 0.957683006412813 -0
156050 12314119.8251868 15937129.0980048 -5845.80875832041 -2075.74381285644 50 0.982599025276078 -0
156100 12021074.6165151 15832359.3807856 -5876.07577217908 -2115.2595220761 50 1.00860754331544 -0
156150 11726504.5817573 15725581.1559637 -5906.80274132257 -2156.09475773155 50 1.03577519604136 -0
156200 11430386.5869416 15616726.8169022 -5937.9950156366 -2198.31542726083 50 1.06417378516802 -0
156250 11132697.2463788 15505725.3546438 -5969.65729301975 -2241.99177152104 50 1.09388076052432 -0
156300 10833412.9585635 15392502.1326656 -6001.79348390382 -2287.1987128975 50 1.12497975394564 -0
156350 10532509.9493826 15276978.6434327 -6034.40655396947 -2334.01623575291 50 1.15756117141249 -0
156400 10229964.3238043 15159072.2450534 -6067.49834151573 -2382.5298025107 50 1.19172285051673 -0
156450 9925752.12741826 15038695.8761637 -6101.0693453327 -2432.83080900699 50 1.22757079125811 -0
156500 9619849.41941879 14915757.74698 -6135.11847820664 -2485.01708311586 50 1.26521996921816 -0
156550 9312232.35888954 14790161.0042489 -6169.64278033183 -2539.1934310514 50 1.30479524133731 -0
156600 9002877.30655796 14661803.3675882 -6204.6370858902 -2595.47223617659 50 1.34643235585069 -0
156650 8691760.94455424 14530576.7344681 -6240.09363485431 -2653.97411559944 50 1.39027907943142 -0
156700 8378860.41714154 14396366.7507972 -6276.0016206351 -2714.82864030453 50 1.43649645626181 -0
156750 8064153.49589488 14259052.3437861 -6312.34666248621 -2778.17512504306 50 1.4852602156136 -0
156775 7906115.90974468 14189191.184874 -6330.67745861712 -2810.82926409033 50 1.51065630336499 -0
156800 7747618.77341512 14118505.2133663 -6349.110189541 -2844.16349462028 50 1.53676234658566 -0
156825 7588659.5764954 14046977.1716517 -6367.64176114075 -2878.19837089035 50 1.56360517364022 -0
156850 7429235.89034855 13974589.2784984 -6386.26872090079 -2912.95523394732 50 1.59121286083676 -0
156875 7269345.37743544 13901323.2089528 -6404.98722839355 -2948.45624641173 50 1.6196147994624 -0
156900 7108985.80140668 13827160.0733489 -6423.79302332806 -2984.72442886728 50 1.64884176673621 -0
156925 6948155.03802597 13752080.3953868 -6442.68139094889 -3021.78369791633 50 1.67892600090813 -0
156950 6786851.08699398 13676064.0892389 -6461.64712455422 -3059.65890596219 50 1.70990128074297 -0
156975 6625072.08474786 13599090.4356388 -6480.68448488062 -3098.37588277723 50 1.74180300963915 -0
157000 6462816.31831823 13521138.0569085 -6499.78715607919 -3137.96147891373 50 1.77466830464143 -0
157025 6300082.24033241 13442184.8908764 -6518.94819798182 -3178.44361101083 50 1.80853609061657 -0
157050 6136868.48526073 13362208.1636387 -6538.15999432929 -3219.85130904656 50 1.84344719986903 -0
157075 5973173.88701143 13281184.3611148 -6557.41419660188 -3262.21476557762 50 1.87944447748109 -0
157100 5808997.49798873 13199089.1993458 -6576.70166306059 -3305.56538700205 50 1.91657289266701 -0
157125 5644338.60973913 13115897.5934869 -6596.01239257045 -3349.93584686954 50 1.95487965643432 -0
157150 5479196.77532231 13031583.6254403 -6615.33545273805 -3395.36014125212 50 1.99441434584536 -0
157175 5313571.8335548 12946120.5100791 -6634.65890185201 -3441.87364617224 50 2.035229035169 -0
157200 5147463.93528846 12859480.5600087 -6653.96970406837 -3489.51317706676 50 2.07737843420458 -0
157225 4980873.57189998 12771635.1488183 -6673.25363723126 -3538.31705024197 50 2.12092003404646 -0
157250 4813801.60618388 12682554.67277 -6692.49519266357 -3588.32514624766 50 2.16591426053686 -0
157275 4646249.30585856 12592208.510882 -6711.67746620168 -3639.57897506441 50 2.21242463562571 -0
157300 4478218.37991406 12500564.9833602 -6730.78203968265 -3692.1217429586 50 2.26051794681595 -0
157325 4309711.01805102 12407591.30834 -6749.7888520209 -3745.9984208122 25 2.31026442482053 -0
157350 4140729.93348244 12313253.5569037 -6768.67605893474 -3801.25581367748 25 2.36173792948885 -0
157375 3971278.40939476 12217516.6063467 -6787.41988030018 -3857.94263123991 25 2.41501614397359 -0
157400 3801360.34939126 12120344.0916753 -6805.99443402067 -3916.1095587933 25 2.47018077699917 -0
157425 3630980.33226971 12021698.3553285 -6824.37155520619 -3975.80932823743 25 2.52731777295634 -0
157450 3460143.67151762 11921540.3951306 -6842.52059935433 -4037.09678849856 25 2.58651752937829 -0
157475 3288856.47994271 11819829.810498 -6860.40822811832 -4100.02897464381 25 2.64787512114529 -0
157500 3117125.7398925 11716524.7469436 -6877.99817613499 -4164.66517480879 25 2.71149053051055 -0
157525 2944959.37955699 11611581.838946 -6895.25099726791 -4231.06699388067 25 2.77746888173064 -0
157550 2772366.35589089 11504956.1512804 -6912.12378849986 -4299.29841267151 25 2.84592067870859 -0
157575 2599356.74473738 11396601.1189412 -6928.56988958584 -4369.42584107541 25 2.91696204360587 -4.16338198652083e-307
157600 2425941.83878448 11286468.4858303 -6944.53855645417 -4441.51816342184 25 2.99071495383569 -2.13643975432262e-298
157625 2252134.25403652 11174508.2424296 -6959.97460622318 -4515.64677391131 25 3.06730747419901 -1.09845604862988e-289
157650 2077948.04553838 11060668.5627384 -6974.81803158711 -4591.88559964105 25 3.1468739801469 -5.64010674352956e-281
157675 1903398.83314727 10944895.7408187 -6989.00358222319 -4670.31110829085 25 3.22955536722757 -2.88175795511065e-272
157700 1728503.93820688 10827134.1273771 -7002.46031078824 -4751.00229703407 25 3.31549924067767 -1.45956803069955e-263
157725 1553282.53204005 10707326.0668979 -7015.1110810162 -4834.04065865774 25 3.40486007781835 -7.29773030308331e-255
157750 1377755.79723897 10585411.8359582 -7026.8720354085 -4919.51012020789 25 3.49779935438452 -3.58596968321253e-246
157775 1201947.10279404 10461329.5834739 -7037.65202004004 -5007.4969487131 25 3.59448562411548 -1.72340501773471e-237
157800 1025882.19416355 10335015.273781 -7047.35196410143 -5098.08961766813 25 3.69509453882738 -8.05884525102854e-229
157825 849589.399443788 10206402.6336192 -7055.8642119843 -5191.37862697085 25 3.79980879373082 -3.64610691385916e-220
157850 673099.852850273 10075423.1042853 -7063.07180601494 -5287.45626788803 25 3.90881797990362 -1.5864762665602e-211
157875 496447.736763301 9942005.80044996 -7068.84771838507 -5386.41632336924 25 4.02231832253418 -6.59564686987056e-203
157900 319670.543619629 9806077.47738759 -7073.05403145305 -5488.35369262493 25 4.14051227976635 -2.60167398233352e-194
157925 142809.358942805 9667562.50866917 -7075.54106644095 -5593.36392733013 25 4.26360797265948 -9.66352015550586e-186
157950 -34090.8332095585 9526382.87670183 -7076.14646168633 -5701.54266510767 25 4.39181841188988 -3.35247604325336e-177
157975 -210980.821149901 9382458.17888227 -7074.69420308629 -5812.98494409221 25 4.52536048133766 -1.07679042234342e-168
158000 -387806.811673308 9235705.6525597 -7070.9936112706 -5927.78438039355 25 4.66445363262196 -3.17194367441073e-160
158025 -564510.050377978 9086040.22248487 -7064.83829244706 -6046.03218819546 25 4.80931823799443 -8.48256058915184e-152
158050 -741026.415402838 8933374.57495479 -7056.00506287449 -6167.81602009156 25 4.96017354184745 -2.03693091426711e-143
158075 -917285.984085454 8777619.26344926 -7044.25286064599 -6293.21860314556 25 5.11723514357409 -4.34062595786153e-135
158100 -1093212.57244058 8618682.8511935 -7029.32166302845 -6422.31614417063 25 5.28071193685211 -8.10489476292409e-127
158125 -1268723.24788283 8456472.09676612 -7010.93143312786 -6555.17647599669 25 5.45080242294946 -1.3080996958479e-118
158150 -1443727.81629131 8290892.18959443 -6988.78112626104 -6691.85691522447 25 5.62769030884728 -1.79834330461182e-110
158175 -1618128.28536881 8121847.0429255 -6962.54779422951 -6832.40180140497 25 5.81153929552354 -2.07307606251294e-102
158200 -1791818.307314 7949239.65260947 -6931.88583480446 -6976.83968805586 25 6.00248695854419 -1.97036209631176e-94
158225 -1964682.6051359 7772972.53075095 -6896.42644419479 -7125.18015783904 25 6.20063762336438 -1.51641807785736e-86
158250 -2136596.38852889 7592948.2239327 -6855.77734206535 -7277.41023807573 25 6.40605414297449 -9.26908468457391e-79
158275 -2307424.7671259 7409069.92623749 -6809.52285167791 -7433.49039916524 25 6.61874849763174 -4.40783051943458e-71
158300 -2477022.17118464 7221242.19761708 -6757.2244316717 -7593.3501280928 25 6.83867115768493 -1.5951645283537e-63
158325 -2645231.79235425 7029371.79819158 -6698.42177040831 -7756.88308283815 25 7.06569918358986 -4.29117149905712e-56
158350 -2811885.0601213 6833368.64869737 -6632.63456793663 -7923.94185195471 25 7.29962308509032 -8.36930184331667e-49
158375 -2976801.17282404 6633146.92640616 -6559.36514340841 -8094.33236769959 25 7.54013252731318 -1.15249912807348e-41
158400 -3139786.7057019 6428626.30426113 -6478.10201571387 -8267.80805158083 25 7.78680105817027 -1.08957970060259e-34
158425 -3300635.32221797 6219733.33855199 -6388.32461026828 -8444.06380854815 25 8.03907014138823 -6.86605491591718e-28
158450 -3459127.61870809 6006403.0070056 -6289.50924283768 -8622.73003037737 25 8.29623291393011 -2.79570607078133e-21
158475 -3615031.1360546 5788580.39453237 -6181.13651915472 -8803.36681954888 25 8.55741824475914 -7.12003177834446e-15
158487.5 -3691935.93749165 5677970.53211257 -6123.20717567023 -8894.26617253817 25 8.68919852460162 -9.42916377039522e-12
158500 -3768100.57531865 5566222.51794144 -6062.70026360226 -8985.45870045671 25 8.82157584987087 -1.09634501302926e-08
158512.5 -3843492.45606914 5453333.16305651 -5999.55630384446 -9076.86742431777 25 8.9543888253005 -1.11423532800321e-05
158525 -3918078.25630859 5339300.27327996 -5933.71804801456 -9168.41014400692 25 9.08746340962859 -0.00985381956066126
158537.5 -3991823.95309594 5224122.71493651 -5865.13089475387 -9259.99937008202 25 9.22061267620322 -7.54822493349752
158550 -4064694.85969814 5107800.48140205 -5793.74327348578 -9351.54219488205 25 9.35361884281769 -4985.25254425733
158556.25 -4100791.25329691 5049210.43777776 -5756.98291765632 -9397.26374195214 6.25 9.41960635568453 -121010.886744429
158559.375 -4118752.7276671 5019808.30074971 -5738.32941545626 -9420.09965478062 3.125 9.45112731308752 -587603.148090937
158562.5 -4136655.60571951 4990334.86031438 -5719.47626302776 -9442.88953820571 3.125 9.47649288751373 -2825465.86186464
158564.0625 -4145584.86033095 4975571.47270461 -5709.95735392678 -9454.23806396347 3.125 9.4815953624381 -6172805.93196162
158565.625 -4154499.17670964 4960790.40531871 -5700.34976266924 -9465.51035780839 1.5625 9.47375784707935 -13452035.4614026
158567.1875 -4163398.38171503 4945991.83508658 -5690.60280323969 -9476.62162448641 1.5625 9.43959850007744 -29240633.5973759
158568.75 -4172282.18309695 4931176.13847401 -5680.6073203745 -9487.38880167164 1.5625 9.35630863008201 -63393052.8626562
158569.53125 -4176718.15240527 4923762.09236109 -5675.45109854763 -9492.53362727376 1.5625 9.28834970429475 -93243585.664535
158570.3125 -4181150.03239187 4916344.12228999 -5670.12882018347 -9497.41755371488 1.5625 9.2037023374476 -137049365.66964
158571.09375 -4185577.66699209 4908922.47649955 -5664.56852928849 -9501.91919404386 1.5625 9.11747217285306 -201276616.485671
158571.875 -4190000.83177773 4901497.51864442 -5658.66509622922 -9505.86093994122 0.78125 9.07914382631471 -295348730.93962
158572.65625 -4194419.20250381 4894069.78114376 -5652.26511498701 -9508.98324225382 0.78125 9.21700460997421 -432966976.233653
158573.4375 -4198832.30938657 4886640.04284915 -5645.14507844806 -9510.9073854396 0.78125 9.81258726878314 -633990918.434966
158574.21875 -4203239.4708096 4879209.44183142 -5636.97998363598 -9511.08185189459 0.78125 11.3661759287028 -927084136.553553
158575 -4207639.69753259 4871779.63860604 -5627.29846111721 -9508.70553499912 0.78125 14.5569816046991 -1353370631.86441
158575.78125 -4212031.55493637 4864353.05123747 -5615.4192381184 -9502.61881621592 0.78125 20.1394679894747 -1971349438.04111
158576.5625 -4216412.96624791 4856933.19172339 -5600.36239049164 -9491.15113178901 0.78125 28.9876574132921 -2863208176.76919
158576.953125 -4218598.86362527 4853227.29523986 -5591.22537256455 -9482.68759479119 0.78125 34.986719746118 -3445836129.1183
158577.34375 -4220780.93411213 4849525.14278024 -5580.7278964493 -9471.91193222552 0.78125 42.276260785771 -4142313175.78819
158577.734375 -4222958.59559192 4845827.72422482 -5568.60289812385 -9458.36723772417 0.78125 51.0780854103646 -4972931142.16589
158578.125 -4225131.15233705 4842136.22391086 -5554.53458402725 -9441.51277081592 0.78125 61.6513411186227 -5960756246.88719
158578.515625 -4227297.77456932 4838452.05581761 -5538.15115756702 -9420.71133066833 0.78125 74.2949922591009 -7131627576.46699
158578.90625 -4229457.47509823 4834776.90383078 -5519.01717502022 -9395.21594803028 0.78125 89.3489095548216 -8513946258.49704
158579.296875 -4231609.08295375 4831112.76724978 -5496.62587250875 -9364.15647249956 0.78125 107.192777992249 -10138151811.0385
158579.6875 -4233751.21410006 4827462.0114119 -5470.39200393581 -9326.52697247701 0.78125 128.241691464806 -12035754462.0143
158580.078125 -4235882.23957672 4823827.42286625 -5439.64598903267 -9281.17531145998 0.78125 152.936957892345 -14237767075.0425
158580.46875 -4238000.25178636 4820212.26789202 -5403.63049244549 -9226.79681992357 0.78125 181.730321342597 -16772366139.7573
158580.859375 -4240103.03015758 4816620.35228235 -5361.50092761314 -9161.93462816055 0.78125 215.059599614169 -19661621824.4285
158581.25 -4242188.00807184 4813056.07917972 -5312.33176925069 -9084.9899051217 0.78125 253.313775535202 -22917192112.303
158581.640625 -4244252.24374821 4809524.50035916 -5255.13089791638 -8994.24584633212 0.78125 296.786069567844 -26535000143.7996
158582.421875 -4248304.72822328 4802583.08660494 -5112.49394206665 -8764.17596050323 0.78125 399.713266428553 -34725510829.954
158582.8125 -4250285.08943314 4799186.83357419 -5025.02860283287 -8621.31580130668 0.78125 458.6955681697 -39156328833.6743
158583.203125 -4252228.97209053 4795850.37593538 -4925.5909772335 -8457.7896445321 0.390625 521.804506932933 -43656620856.379
158583.59375 -4254131.55803287 4792582.03654671 -4813.49568432369 -8272.38270230137 0.390625 587.858176095997 -48064688728.6477
158583.984375 -4255987.81279793 4789390.52533602 -4688.33515429019 -8064.35306547397 0.390625 655.230292326451 -52188030551.3088
158584.375 -4257792.6108706 4786284.7255897 -4550.06418556046 -7833.57839282754 0.390625 721.882063286447 -55815847167.2745
158584.765625 -4259540.89188959 4783273.42637167 -4399.07180059341 -7580.68141867557 0.390625 785.458155911999 -58737947705.1034
158585.15625 -4261227.84032873 4780365.01369829 -4236.22741110875 -7307.11186004251 0.390625 843.449024770619 -60768109981.1979
158585.546875 -4262849.07620036 4777567.14169453 -4062.88934701246 -7015.16396969675 0.390625 893.406726244684 -61768142653.4741
158585.9375 -4264400.84037703 4774886.41185734 -3880.86799237575 -6707.91606888441 0.390625 933.185212989068 -61667765642.36
158586.328125 -4265880.15638722 4772328.09168848 -3692.34274822569 -6389.09032595621 0.390625 961.164615657302 -60475642200.4122
158586.71875 -4267284.9518462 4769895.90186635 -3499.74033153265 -6062.84531967478 0.390625 976.417467168303 -58278678864.7537
158587.109375 -4268614.12712437 4767591.89361797 -3305.58928795286 -5733.52670278473 0.390625 978.785339927843 -55229585638.5524
158587.5 -4269867.5656294 4765416.42637602 -3112.36986608484 -5405.40879596324 0.390625 968.854271162206 -51525631022.0638
158587.890625 -4271046.08769495 4763368.24270853 -2922.37835777401 -5082.46005740952 0.390625 947.840000831541 -47383446616.6527
158588.28125 -4272151.35684184 4761444.62579431 -2737.62089310586 -4768.15845120188 0.390625 917.411888795981 -43015032726.8179
158588.671875 -4273185.75177867 4759641.61668739 -2559.74500539738 -4465.37134724516 0.390625 879.492403539246 -38608923586.0344
158589.0625 -4274152.219342 4757954.26532857 -2390.01012094134 -4176.30227742466 0.390625 836.066618540376 -34318479287.3174
158589.453125 -4275054.12281971 4756376.89044051 -2229.29227547286 -3902.49674870405 0.78125 789.026297658437 -30257301790.7381
158589.84375 -4275895.09748989 4754903.32784117 -2078.11480122005 -3644.89310097186 0.390625 740.060574454097 -26500397320.444
158590.234375 -4276678.92168344 4753527.15271881 -1936.69556346855 -3403.90229498435 0.390625 690.59399879452 -23089108496.3704
158590.625 -4277409.40808632 4752241.86757156 -1805.0020257678 -3179.50163727956 0.390625 641.765094727068 -20037885411.7186
158591.015625 -4278090.3169176 4751041.05282164 -1682.80721060513 -2971.33046718943 0.390625 594.434951275975 -17341385958.5084
158591.40625 -4278725.29032956 4749918.4810789 -1569.74177623623 -2778.77950589533 0.390625 549.214950005829 -14980934334.9695
158591.796875 -4279317.80591254 4748868.19857866 -1465.33944369259 -2601.06902208135 0.390625 506.504276965734 -12929851863.0708
158592.1875 -4279871.14643621 4747884.57864479 -1369.07461513153 -2437.31373893701 0.390625 466.530233427532 -11157529607.7524
158592.578125 -4280388.3827415 4746962.35243178 -1280.39215093418 -2286.57435778157 0.390625 429.386759351275 -9632329319.12483
158592.96875 -4280872.36683209 4746096.6219925 -1198.7299609425 -2147.89677274831 0.390625 395.068593868227 -8323504260.87511
158593.359375 -4281325.73254707 4745282.86016282 -1123.53541038675 -2020.34065975578 0.390625 363.499975432807 -7202360791.49843
158593.75 -4281750.90161436 4744516.90104827 -1054.27664806718 -1902.99931986581 0.390625 334.557754565735 -6242867553.67095
158594.140625 -4282150.09331289 4743794.92416848 -990.449924114709 -1795.01259790587 0.390625 308.089353567698 -5421885387.65998
158594.53125 -4282525.33636661 4743113.4346394 -931.583845936129 -1695.57450031955 0.390625 283.926276362651 -4719152329.70811
158594.921875 -4282878.48203553 4742469.2411879 -877.241370571015 -1603.9368825487 0.390625 261.893950815665 -4117122125.91393
158595.3125 -4283211.21765025 4741859.43330884 -827.02017847032 -1519.41031591398 0.390625 241.818654630791 -3600724882.81945
158595.703125 -4283525.0800606 4741281.35848916 -780.551933358587 -1441.36300444411 0.390625 223.532189237611 -3157095458.46074
158596.09375 -4283821.46864182 4740732.60012493 -737.500812361633 -1369.21841584367 0.390625 206.874858894995 -2775298341.9905
158596.484375 -4284101.65763198 4740210.95653203 -697.561591665022 -1302.45212101244 0.390625 191.697204873062 -2446065952.02758
158596.875 -4284366.80766938 4739714.42128562 -660.457494402344 -1240.58820137751 0.390625 177.860847442181 -2161559320.10655
158597.265625 -4284617.97646755 4739241.16500463 -625.937946684132 -1183.1954785089 0.390625 165.238705744997 -1915154971.99592
158597.65625 -4284856.12861255 4738789.51861414 -593.776341668046 -1129.88374100655 0.390625 153.714798151944 -1701258637.88472
158598.046875 -4285082.14449962 4738357.95806259 -563.767877422295 -1080.30008452465 0.78125 143.183772251694 -1515144578.28519
158598.4375 -4285296.82844661 4737945.09043409 -535.727509458303 -1034.12543762727 0.78125 133.550272264785 -1352818346.49438
158598.828125 -4285500.91603408 4737549.64137443 -509.488041031138 -991.07131523078 0.78125 124.728220264384 -1210900398.86404
158599.21875 -4285695.0807281 4737170.4437372 -484.898361868357 -950.876819670189 0.78125 116.640064125105 -1086527891.97591
158599.609375 -4285879.93984461 4736806.42735199 -461.821837504935 -913.30589455137 0.78125 109.216027852413 -977272126.276731
158600 -4286056.05991351 4736456.60981667 -440.134845805764 -878.144826680554 0.78125 102.393387412183 -881069315.500248
158600.390625 -4286223.96149868 4736120.08821859 -419.725453737831 -845.199985102057 0.78125 96.1157862196954 -796162622.256655
158600.78125 -4286384.12352719 4735796.03169513 -400.492225405828 -814.295782578059 0.78125 90.3325981426708 -721053667.778906
158601.171875 -4286536.98717678 4735483.67474974 -382.343151339811 -785.272842936518 0.78125 84.9983415214524 -654461978.49729
158601.953125 -4286822.41587042 4734891.28906248 -348.970904433978 -732.304615621522 0.78125 75.5172632193577 -542600036.600124
158602.734375 -4287083.14614003 4734337.90093332 -319.027130101595 -685.286190204962 0.78125 67.3925150216577 -453533110.780354
158603.515625 -4287321.66219501 4733819.19960442 -292.029281727494 -643.379044043141 0.78125 60.3971535214232 -382033085.021786
158604.296875 -4287540.10372166 4733331.4734588 -267.575150592926 -605.883128341491 0.78125 54.3466422686755 -324186301.554718
158605.078125 -4287740.32259878 4732871.51223492 -245.327940531128 -572.211207421537 0.78125 49.0903429207177 -277038292.469599
158605.859375 -4287923.92916681 4732436.52720955 -225.004334538974 -541.868322606925 0.78125 44.5047676571961 -238340188.535582
158606.640625 -4288092.3301354 4732024.0857765 -206.364929736083 -514.435317480835 0.78125 40.4882364395915 -206366380.148569
158607.421875 -4288246.75977869 4731632.05759086 -189.206546117889 -489.555579934059 0.78125 36.9566452841762 -179782412.804154
158608.203125 -4288388.30572393 4731258.57003648 -173.356019342204 -466.924334505017 0.78125 33.8401092155133 -157548537.704645
158608.984375 -4288517.93036844 4730901.97123714 -158.665171294449 -446.279960734015 0.78125 31.0802925843491 -138848749.845955
158609.765625 -4288636.48874724 4730560.79919618 -145.006717980148 -427.396925521469 0.78125 28.6282795588606 -123038179.044664
158610.546875 -4288744.74350701 4730233.75593513 -132.270925818364 -410.080005511952 0.78125 26.4428696714196 -109603794.396919
158611.328125 -4288843.37751056 4729919.68572705 -120.362867625874 -394.159544317629 0.78125 24.4892085757429 -98134837.810866
158612.109375 -4288933.0044927 4729617.55669817 -109.200160938701 -379.487543084608 1.5625 22.7376839129425 -88300419.1894025
158612.890625 -4289014.17810675 4729326.44521124 -98.7110957782124 -365.934424821535 1.5625 21.163031534577 -79832421.1700104
158613.671875 -4289087.39963587 4729045.5225558 -88.8330780795185 -353.386345677859 1.5625 19.74360923645 -72512367.8965671
158614.453125 -4289153.12459212 4728774.04355897 -79.511329965082 -341.742952030267 1.5625 18.4608043847822 -66161273.4791422
158615.234375 -4289211.76838472 4728511.33680128 -70.6977997994677 -330.915502400551 1.5625 17.2985489736571 -60631745.084623
158616.015625 -4289263.71120627 4728256.79617898 -62.350244221901 -320.825289115599 1.5625 16.2429212114241 -55801803.0032949
158616.796875 -4289309.30225877 4728009.87359959 -54.4314516768781 -311.402307179307 1.5625 15.281817060596 -51570016.3938399
158617.578125 -4289348.86342015 4727770.0726352 -46.9085827770359 -302.584127788716 1.5625 14.4046785325707 -47851653.2787849
158619.140625 -4289411.06567772 4727310.07569355 -32.9378226356521 -286.544749555146 1.5625 12.8664816677481 -41681997.4856785
158620.703125 -4289452.45803591 4726873.67327564 -20.2432118385106 -272.326257190177 1.5625 11.5671076551316 -36846841.1634479
158622.265625 -4289474.90984181 4726458.26926855 -8.67122174576992 -259.620619716276 1.5625 10.4590105172677 -33024609.0718598
158623.828125 -4289480.07644725 4726061.70230587 1.89990186721364 -248.177174251932 1.5625 9.5049987762456 -29979793.8797959
158625.390625 -4289469.4429582 4725682.16561498 11.567377381501 -237.791031363625 1.5625 8.67584599392397 -27537345.5992283
158626.953125 -4289444.3579923 4725318.14267784 20.409521058706 -228.294275644785 1.5625 7.94853777578288 -25565299.0949598
158628.515625 -4289406.05960849 4724968.35497906 28.4901896484774 -219.549184961503 1.5625 7.30495599032555 -23962824.4345145
158630.078125 -4289355.69503435 4724631.7191428 35.8623155964203 -211.442916373125 1.5625 6.73086640610539 -22651905.5797771
158631.640625 -4289294.33544688 4724307.31149189 42.5707304908316 -203.883264522165 1.5625 6.21512062854269 -21571482.5862415
158633.203125 -4289222.98680574 4723994.33858581 48.6544134066818 -196.795210930492 1.5625 5.74901367526478 -20673287.5737786
158634.765625 -4289142.59755711 4723692.1126671 54.1482621992755 -190.118064024734 1.5625 5.32575903065554 -19918856.8788948
158636.328125 -4289054.0638935 4723400.03120995 59.0844613956017 -183.803048874486 1.5625 4.94005650413845 -19277365.5993242
158637.890625 -4288958.23315234 4723117.55994952 63.4935056060512 -177.811248558065 3.125 4.58773678178631 -18724039.2456736
158639.453125 -4288855.90585143 4722844.21889861 67.4049289476687 -172.111829876485 3.125 4.26547173329533 -18238970.652975
158641.015625 -4288747.83678422 4722579.57094534 70.8477862948585 -166.680507745724 3.125 3.97054242504267 -17806221.1484012
158642.578125 -4288634.73552894 4722323.21268464 73.8509293950414 -161.498217203325 3.125 3.70065819525592 -17413120.9303809
158644.140625 -4288517.26665979 4722074.76717714 76.4431187122567 -156.549971289363 3.125 3.45382064622467 -17049709.4666652
158645.703125 -4288396.04988645 4721833.87835831 78.6530094754976 -151.823888502936 3.125 3.22822642001529 -16708275.4473526
158647.265625 -4288271.6602904 4721600.20684349 80.5090473877606 -147.310376249831 3.125 3.02220245643189 -16382969.3393731
158648.828125 -4288144.62877387 4721373.42689535 82.0393056792559 -143.001457634802 3.125 2.83416731039397 -16069471.1595415
