0 314159000 0 -1179.90463498614 218.689396949679 100 0.00403837820768556 -0
100 314040989.339553 21868.9392261775 -1180.30862455188 218.689382883325 200 0.00404141385055765 -0
300 313804846.745832 65606.8064132795 -1181.11751547515 218.689270161939 400 0.00404749842420913 -0
700 313332075.614324 153082.41652412 -1182.73895687234 218.68870457751 800 0.00405972098402916 -0
1500 312384582.715637 328032.500677121 -1185.99657771766 218.68619840089 1600 0.00408438186244511 -0
3100 310481738.894995 677922.92477972 -1192.57158309898 218.675568110151 1600 0.00413458387709777 -0
4700 308568310.308507 1027790.20044589 -1199.22785548164 218.657215807064 1600 0.00418599339188675 -0
6300 306644165.373118 1377621.74327489 -1205.96735082379 218.630852899369 1600 0.0042386526145816 -0
7900 304709169.321953 1727404.4967785 -1212.79209344926 218.596177754188 1600 0.00429260569923835 -0
9500 302763184.09244 2077124.91094827 -1219.70417919848 218.552874980698 1600 0.00434789885803297 -0
11100 300806068.209241 2426768.9196377 -1226.70577876031 218.500614665657 1600 0.00440458048081492 -0
12700 298837676.661699 2776321.91668121 -1233.79914119734 218.43905155816 1600 0.00446270126300516 -0
14300 296857860.775483 3125768.73066553 -1240.98659767798 218.367824199692 1600 0.00452231434252058 -0
15900 294866468.078091 3475093.59826247 -1248.27056543013 218.286553995154 1600 0.00458347544647112 -0
17500 292863342.157827 3824280.13602509 -1255.65355193201 218.19484422019 1600 0.00464624304844683 -0
19100 290848322.515888 4173311.31054125 -1263.13815935749 218.092278959684 1600 0.00471067853729035 -0
20700 288821244.411107 4522169.40682991 -1270.72708929429 217.978421971844 1600 0.00477684639833783 -0
22300 286781938.696927 4870835.99485653 -1278.42314775527 217.852815471742 1600 0.00484481440820757 -0
23900 284730231.6501 5219291.89403316 -1286.22925050476 217.714978827625 1600 0.0049146538443236 -0
25500 282665944.790601 5567517.13555804 -1294.14842872358 217.56440716266 1600 0.00498643971048054 -0
27100 280588894.692189 5915490.92243704 -1302.18383503882 217.400569854043 1600 0.00506025097988996 -0
28700 278498892.783007 6263191.5870157 -1310.33874994654 217.222908920662 1600 0.00513617085729644 -0
30300 276395745.135577 6610596.54583597 -1318.61658865815 217.030837289569 1600 0.0052142870619185 -0
31900 274279252.245471 6957682.25161528 -1327.02090840423 216.823736930578 1600 0.0052946921331545 -0
33500 272149208.797912 7304424.14212773 -1335.55541623238 216.600956847203 1600 0.00537748376120262 -0
35100 270005403.421479 7650796.58574719 -1344.22397733946 216.361810910924 1600 0.00546276514497668 -0
36700 267847618.428014 7996772.82339053 -1353.03062398227 216.105575524444 1600 0.00555064537996261 -0
38300 265675629.537787 8342324.90657462 -1361.97956501488 215.831487098026 1600 0.00564123987895479 -0
39900 263489205.58886 8687423.63127452 -1371.07519610589 215.53873932136 1600 0.00573467082894414 -0
41500 261288108.229521 9032038.46724005 -1380.32211069376 215.226480211442 1600 0.00583106768780505 -0
43100 259072091.59256 9376137.48239562 -1389.72511174455 214.89380891484 1600 0.00593056772485184 -0
44700 256840901.950039 9719687.26191126 -1399.28922438291 214.539772240281 1600 0.0060333166098155 -0
46300 254594277.347106 10062652.8214925 -1409.01970947424 214.163360894783 1600 0.00613946905533545 -0
47900 252331947.213258 10404997.5143909 -1418.92207824456 213.763505393466 1600 0.00624918951867929 -0
49500 250053631.94932 10746682.9315878 -1429.00210803352 213.339071609722 1600 0.00636265296910639 -0
51100 247759042.488243 11087668.7945455 -1439.26585928647 212.888855928443 1600 0.00648004572809316 -0
52700 245447879.827643 11427912.839859 -1449.71969390295 212.411579960579 1600 0.00660156639055299 -0
53500 244285987.270666 11597742.9004746 -1455.01996784324 212.16237301727 1600 0.0066639403494009 -0
54300 243119834.531751 11767370.695057 -1460.37029507158 211.905884772345 1600 0.00672742683623521 -0
55100 241949381.214117 11936790.325553 -1465.77156470983 211.641931739015 1600 0.00679205459417286 -0
55900 240774586.200592 12105995.744793 -1471.22468874075 211.370324575638 1600 0.00685785334166721 -0
56700 239595407.635018 12274980.7517158 -1476.73060277973 211.090867854894 1600 0.00692485381359819 -0
57500 238411802.903024 12443738.9864037 -1482.29026687888 210.803359822036 1600 0.00699308780443507 -0
58300 237223728.612146 12612263.9249202 -1487.90466636506 210.507592141609 1600 0.0070625882135938 -0
59100 236031140.571256 12780548.8739402 -1493.57481271363 210.203349632008 1600 0.00713338909311921 -0
59900 234833993.769286 12948586.9651623 -1499.3017444596 209.890409987167 1600 0.00720552569783118 -0
60700 233632242.353199 13116371.149494 -1505.08652814835 209.568543484668 1600 0.00727903453808338 -0
61500 232425839.605191 13283894.1909963 -1510.9302593277 209.237512679481 1600 0.0073539534352935 -0
62300 231214737.919071 13451148.660579 -1516.83406358364 208.897072082517 1600 0.00743032158041502 -0
63100 229998888.775808 13618126.9294306 -1522.79909762203 208.54696782309 1600 0.00750817959553227 -0
63900 228778242.718182 13784821.162173 -1528.82655039861 208.186937294374 1600 0.00758756959877384 -0
64700 227552749.324518 13951223.3097247 -1534.91764430006 207.816708780815 1600 0.00766853527275286 -0
65500 226322357.181448 14117325.1018583 -1541.07363637864 207.436001066456 1600 0.00775112193675807 -0
66300 225087013.855668 14283118.0394367 -1547.29581964361 207.044523022996 1600 0.00783537662293574 -0
67100 223846665.864635 14448593.3863117 -1553.58552441229 206.641973176375 1600 0.00792134815672005 -0
67900 222601258.646162 14613742.1608663 -1559.94411972426 206.228039250557 1600 0.00800908724178873 -0
68700 221350736.526846 14778555.1271824 -1566.37301482213 205.802397687117 1600 0.00809864654984142 -0
69500 220095042.689298 14943022.7858144 -1572.87366070259 205.36471313911 1600 0.00819008081552035 -0
70300 218834119.138089 15107135.364147 -1579.44755174195 204.914637937612 1600 0.00828344693681785 -0
71100 217567906.664372 15270882.8063144 -1586.09622740015 204.45181152921 1600 0.00837880408134087 -0
71900 216296344.809105 15434254.7626575 -1592.82127400809 203.975859882562 1600 0.0084762137988319 -0
72700 215019371.824812 15597240.5786935 -1599.62432664285 203.486394862056 1600 0.0085757401403768 -0
73500 213736924.635804 15759829.2835698 -1606.50707109633 202.983013566391 1600 0.00867744978476378 -0
74300 212448938.796785 15922009.5779751 -1613.47124594255 202.465297629814 1600 0.0087814121724951 -0
75100 211155348.44977 16083769.8214749 -1620.51864470974 201.932812483493 1600 0.00888769964799303 -0
75900 209856086.279208 16245098.0192394 -1627.65111816358 201.385106574386 1600 0.0089963876105859 -0
76700 208551083.465248 16405981.8081289 -1634.87057670832 200.821710538708 1600 0.00910755467490797 -0
77500 207240269.635021 16566408.4420982 -1642.17899291309 200.242136326914 1600 0.00922128284139926 -0
78300 205923572.811854 16726364.776881 -1649.57840417135 199.645876276832 800 0.00933765767764902 -0
79100 204600919.362302 16885837.253911 -1657.07091550174 199.032402131354 800 0.00945676851138921 -0
79900 203272233.940875 17044811.8834328 -1664.65870249941 198.401163996764 800 0.00957870863601336 -0
80700 201937439.432348 17203274.2267552 -1672.34401444757 197.751589237507 800 0.00970357552957139 -0
81500 200596456.891502 17361209.3775932 -1680.12917759963 197.083081302809 800 0.00983147108827413 -0
82300 199249205.480181 17518601.9424421 -1688.01659864312 196.395018480224 800 0.00996250187563194 -0
83100 197895602.401492 17675436.0199237 -1696.00876835762 195.686752570744 800 0.0100967793884523 -0
83900 196535562.831002 17831695.179039 -1704.10826547956 194.957607479664 800 0.0102344203410308 -0
84700 195168999.84475 17987362.4362586 -1712.31776078805 194.206877716887 800 0.0103755469689921 -0
85500 193795824.343903 18142420.2313735 -1720.64002142681 193.433826799832 800 0.0105202873543706 -0
86300 192415944.975851 18296850.4020283 -1729.07791547873 192.637685551479 800 0.0106687757736684 -0
87100 191029268.051536 18450634.156847 -1737.63441681057 191.817650285455 800 0.0108211530707922 -0
87900 189635697.458793 18603752.0470595 -1746.31261020717 190.972880869309 800 0.0109775670569499 -0
88700 188235134.571457 18756183.9365265 -1755.11569681579 190.102498656371 800 0.0111381729397904 -0
89500 186827478.153986 18907908.970054 -1764.04699992309 189.20558427565 800 0.0113031337842887 -0
90300 185412624.261321 19058905.5398791 -1773.1099710893 188.281175268321 800 0.0114726210081281 -0
91100 183990466.133687 19209151.2501991 -1782.30819666585 187.328263558214 800 0.0116468149146019 -0
91900 182560894.086014 19358622.8796068 -1791.64540472554 186.345792742576 800 0.0118259052663659 -0
92700 181123795.391643 19507296.341281 -1801.12547243634 185.332655188039 800 0.0120100919037075 -0
93500 179679054.159945 19655146.6407705 -1810.75243391319 184.28768891527 800 0.0121995854113809 -0
94300 178226551.207445 19802147.8311954 -1820.53048858487 183.209674254157 800 0.012394607838477 -0
95100 176766163.922048 19948272.965674 -1830.46401011657 182.09733024959 800 0.0125953934762733 -0
95900 175297766.119877 20093494.0467676 -1840.55755593259 180.949310795882 800 0.0128021896995365 -0
96700 173821227.894244 20237781.9727161 -1850.81587738763 179.764200475634 800 0.013015257877347 -0
97500 172336415.456208 20381106.4802177 -1861.24393063981 178.540510076372 800 0.013234874360181 -0
98300 170843190.966127 20523436.0834832 -1871.84688828361 177.276671755464 800 0.0134613315507383 -0
99100 169341412.355585 20664738.009271 -1882.63015180662 175.971033820736 800 0.0136949390668492 -0
99900 167830933.139002 20804978.127581 -1893.59936494026 174.621855090668 800 0.0139360250057493 -0
100700 166311602.214174 20944120.8776547 -1904.76042798172 173.227298794166 800 0.0141849373200895 -0
101500 164783263.650943 21082129.1888974 -1916.11951317198 171.785425965453 800 0.0144420453172703 -0
102300 163245756.467115 21218964.3962967 -1927.68308122378 170.294188284661 800 0.0147077412950732 -0
103100 161698914.390651 21354586.1498749 -1939.45789910295 168.751420309115 800 0.0149824423281354 -0
103900 160142565.607105 21488952.3176617 -1951.45105917757 167.154831033934 800 0.015266592221602 -0
104700 158576532.491147 21622018.8816244 -1963.66999986161 165.501994713447 800 0.0155606636503287 -0
105500 157000631.320928 21753739.8259351 -1976.12252789349 163.790340866747 800 0.0158651605043368 -0
106300 155414671.97392 21884067.0168873 -1988.81684240564 162.017143381546 800 0.0161806204638834 -0
107100 153818457.602722 22012950.0737024 -2001.76156095835 160.17950861994 800 0.0165076178305652 -0
107900 152211784.289192 22140336.2293873 -2014.96574773122 158.274362417787 800 0.0168467666443769 -0
108700 150594440.675094 22266170.180708 -2028.43894408767 156.298435855705 800 0.0171987241206825 -0
109500 148966207.567261 22390393.9262429 -2042.19120175326 154.248249664111 800 0.0175641944457119 -0
110300 147326857.515081 22512946.5913639 -2056.23311887746 152.120097106786 800 0.0179439329745734 -0
111100 145676154.357885 22633764.2388563 -2070.57587928097 149.910025166884 800 0.0183387508820082 -0
111500 144846469.064275 22693501.5630329 -2077.86374124773 148.772961714216 800 0.0185420846165695 -0
111900 144013852.739483 22752779.6637229 -2085.23129522636 147.61381383626 800 0.0187495203233662 -0
112300 143178273.191713 22811589.5932055 -2092.68012360127 146.432008568714 800 0.0189611774910348 -0
112700 142339697.587199 22869922.1706675 -2100.21185410312 145.226953277727 800 0.0191771801716118 -0
113100 141498092.431731 22927767.9741677 -2107.82816151194 143.998034811542 800 0.0193976571967571 -0
113500 140653423.551484 22985117.3322527 -2115.53076943982 142.744618607875 800 0.0196227424062421 -0
113900 139805656.073108 23041960.3152062 -2123.32145219724 141.466047754294 800 0.0198525748895113 -0
114300 138954754.403069 23098286.7259127 -2131.20203674794 140.161641998702 800 0.020087299241194 -0
114700 138100682.206173 23154086.0903154 -2139.17440475728 138.830696706777 800 0.0203270658315043 -0
115100 137243402.383268 23209347.647445 -2147.24049473948 137.472481763053 800 0.0205720310925435 -0
115500 136382877.048049 23264060.3389975 -2155.40230430946 136.086240412022 800 0.0208223578215958 -0
115900 135519067.502955 23318212.7984363 -2163.66189254525 134.671188035425 800 0.0210782155025958 -0
116300 134651934.21409 23371793.3395908 -2172.02138246774 133.226510861572 800 0.0213397806470395 -0
116700 133781436.785128 23424789.9447252 -2180.48296364442 131.751364602255 800 0.0216072371557111 -0
117100 132907533.930155 23477190.2520465 -2189.04889492481 130.244873012456 800 0.0218807767027104 -0
117500 132030183.445382 23528981.5426197 -2197.72150731536 128.706126367701 800 0.022160599143388 -0
117900 131149342.179685 23580150.7266576 -2206.5032070025 127.134179853505 800 0.0224469129479246 -0
118300 130264966.003905 23630684.3291465 -2215.39647853283 125.528051860937 800 0.0227399356624395 -0
118700 129377009.778833 23680568.4747713 -2224.40388816029 123.88672218183 800 0.0230398943996699 -0
119100 128485427.321836 23729788.8720968 -2233.52808737092 122.209130096693 800 0.0233470263614359 -0
119500 127590171.372022 23778330.7969621 -2242.77181659626 120.494172347787 800 0.0236615793952991 -0
119900 126691193.553892 23826179.0750393 -2252.13790912772 118.740700989233 800 0.0239838125880277 -0
120300 125788444.339369 23873318.0635066 -2261.62929524486 116.947521105359 800 0.0243139968987144 -0
120700 124881873.008149 23919731.6317806 -2271.24900657145 115.113388387745 800 0.024652415834643 -0
121100 123971427.606244 23965403.1412494 -2281.00018067466 113.237006560657 800 0.0249993661732775 -0
121500 123057054.902649 24010315.4239442 -2290.88606592336 111.317024643665 800 0.0253551587340542 -0
121900 122138700.343996 24054450.7600804 -2300.91002662315 109.352034039291 800 0.0257201192039925 -0
122300 121216308.007111 24097790.8543979 -2311.07554844707 107.340565432496 400 0.0260945890215137 -0
122700 120289820.549322 24140316.8112199 -2321.38624418222 105.281085487645 400 0.0264789263232662 -0
123100 119359179.156413 24182009.1081482 -2331.84585981452 103.17199332733 400 0.0268735069592104 -0
123500 118424323.488065 24222847.5683033 -2342.45828097527 101.011616776051 400 0.02727872558172 -0
123900 117485191.620645 24262811.3310121 -2353.22753977549 98.7982083501938 400 0.0276949968150123 -0
124300 116541719.98718 24301878.8208372 -2364.1578220558 96.5299409740696 400 0.02812275651184 -0
124700 115593843.314337 24340027.7148342 -2375.25347508238 94.2049033999149 400 0.0285624631050632 -0
125100 114641494.556241 24377234.9079143 -2386.51901572166 91.8210953076675 400 0.0290145990624842 -0
125500 113684604.824909 24413476.4761777 -2397.95913912968 89.3764220580681 400 0.0294796724541786 -0
125900 112723103.317106 24448727.6380745 -2409.57872799483 86.8686890700936 400 0.0299582186425059 -0
126300 111756917.237387 24482962.7132364 -2421.38286237638 84.2955957909284 400 0.0304508021060394 -0
126700 110785971.717075 24516155.0788084 -2433.37683018468 81.6547292235585 400 0.0309580184098416 -0
127100 109810189.728906 24548277.1230976 -2445.56613835354 78.9435569736122 400 0.0314804963358343 -0
127500 108829491.997067 24579300.1963369 -2457.95652475929 76.1594197732102 400 0.0320189001884985 -0
127900 107843796.902296 24609194.5583467 -2470.55397094668 73.2995234352909 400 0.0325739322928055 -0
128300 106853020.381731 24637929.3228549 -2483.3647157271 70.3609301870793 400 0.033146335703155 -0
128700 105857075.823123 24665472.398218 -2496.39526972079 67.3405493260012 400 0.0337368971442037 -0
129100 104855873.95304 24691790.4242577 -2509.65243092189 64.2351271353467 400 0.0343464502068462 -0
129500 103849322.718614 24716848.7049048 -2523.1433013725 61.0412359902574 400 0.0349758788252937 -0
129900 102837327.162394 24740611.1363109 -2536.87530504087 57.7552625770603 400 0.0356261210642326 -0
130300 101819789.289783 24763040.1300558 -2550.85620700792 54.3733951404849 400 0.0362981732484832 -0
130700 100796607.928517 24784096.5310448 -2565.0941340772 50.8916096637413 400 0.0369930944714793 -0
131100 99767678.5795999 24803739.5296458 -2579.5975969352 47.3056548756584 400 0.0377120115233256 -0
131500 98732893.2590411 24821926.5675764 -2594.37551400201 43.6110359669094 400 0.0384561242842369 -0
131900 97692140.3296834 24838613.236997 -2609.43723712722 39.8029968835745 400 0.0392267116349232 -0
132300 96645304.3223613 24853753.1722126 -2624.79257930287 35.8765010506791 400 0.0400251379420629 -0
132700 95592265.7455359 24867297.9333228 -2640.45184458342 31.8262103606186 400 0.0408528601845447 -0
133100 94532900.8824874 24879196.8810899 -2656.42586042423 27.6464622412152 400 0.0417114357947982 -0
133500 93467081.5750483 24889397.0422155 -2672.72601267354 23.3312445951688 400 0.0426025312994725 -0
133900 92394674.9927672 24897842.9641287 -2689.36428347973 18.8741683764234 400 0.0435279318551644 -0
134300 91315543.3862774 24904476.5582888 -2706.35329240595 14.2684375389412 400 0.0444895517881137 -0
134700 90229543.8235254 24909236.9308925 -2723.70634107854 9.506816058951 400 0.045489446262066 -0
135100 89136527.9073724 24912060.1997496 -2741.43746173467 4.58159169218061 400 0.0465298242162322 -0
135500 88036341.4729297 24912879.2959444 -2759.56147007879 -0.515463917963931 400 0.0476130627358778 -0
135900 86928824.2628139 24911623.7487399 -2778.09402290828 -5.7931392178802 400 0.0487417230420811 -0
136300 85813809.5783127 24908219.4519911 -2797.051681026 -11.2608313043296 400 0.0499185683152447 -0
136700 84691123.9042322 24902588.410125 -2816.45197802389 -16.9285996360113 400 0.0511465835997865 -0
137100 83560586.5049481 24894648.4614982 -2836.31349559708 -22.8072255460622 400 0.052428998076005 -0
137300 82992314.8476284 24889785.7587645 -2846.42332563061 -25.8291927550005 400 0.0530916869694876 -0
137500 82422008.9888448 24884312.9766344 -2856.65594613134 -28.9082782986465 400 0.0537693100306086 -0
137700 81849644.106292 24878218.5342677 -2867.01401269906 -32.04606349926 400 0.0544623511942953 -0
137900 81275194.8383492 24871490.5287168 -2877.50026342996 -35.2441885579367 400 0.0551713149105625 -0
138100 80698635.2672493 24864116.7228765 -2888.11752226481 -38.5043553261372 400 0.0558967272221045 -0
138300 80119938.9015609 24856084.5328633 -2898.86870250513 -41.828330235549 400 0.0566391369095846 -0
138500 79539078.6579499 24847381.0147926 -2909.7568105076 -45.2179473969517 400 0.0573991167095857 -0
138700 78956026.8421834 24837992.8509181 -2920.78494956738 -48.6751118795853 400 0.0581772646105977 -0
138900 78370755.1293371 24827906.3350959 -2931.95632400188 -52.2018031834254 400 0.0589742052328782 -0
139100 77783234.5431647 24817107.3575347 -2943.27424344734 -55.8000789177537 400 0.0597905912985184 -0
139300 77193435.4345858 24805581.388787 -2954.74212738149 -59.4720787004868 400 0.0606271051985982 -0
139500 76601327.4592457 24793313.4629385 -2966.36350988641 -63.2200282938965 400 0.0614844606649121 -0
139700 76006879.5540965 24780288.1599443 -2978.14204466691 -67.0462439936355 400 0.0623634045544113 -0
139900 75410059.912949 24766489.587061 -2990.0815103407 -70.9531372893805 400 0.0632647187552319 -0
140100 74810835.9609364 24751901.359318 -3002.18581601802 -74.9432198169345 400 0.0641892222239824 -0
140300 74209174.3278327 24736506.5789666 -3014.45900718955 -79.0191086233066 400 0.0651377731648404 -0
140500 73605040.8201605 24720287.8138439 -3026.90527194292 -83.1835317681224 400 0.0661112713619868 -0
140700 72998400.3920211 24703227.0745799 -3039.5289475298 -87.4393342867366 400 0.067110660677974 -0
140900 72389217.1145737 24685305.7905742 -3052.33452730711 -91.7894845426262 400 0.0681369317318149 -0
141100 71777454.1440875 24666504.78466 -3065.32666807773 -96.237080999082 400 0.0691911247718915 -0
141300 71163073.6884828 24646804.2463699 -3078.5101978583 -100.785359442886 400 0.0702743327602352 -0
141500 70546036.9722738 24626183.7037087 -3091.89012410357 -105.437700695617 400 0.0713877046863465 -0
141700 69926304.1998182 24604621.9933312 -3105.47164241953 -110.197638851468 400 0.0725324491305078 -0
141900 69303834.5167722 24582097.2290174 -3119.26014579983 -115.068870084061 400 0.0737098380985392 -0
142100 68678585.9696428 24558586.7683247 -3133.26123442301 -120.055262068694 400 0.0749212111521549 -0
142300 68050515.4633218 24534067.1772904 -3147.4807260513 -125.160864070859 200 0.0761679798615497 -0
142500 67419578.7164752 24508514.1930452 -3161.92466707493 -130.389917756706 200 0.0774516326095961 -0
142700 66785730.214656 24481902.6841874 -3176.59934424973 -135.746868786549 200 0.0787737397801035 -0
142900 66148923.160996 24454206.608754 -3191.5112971802 -141.236379258447 200 0.0801359593660329 -0
143100 65509109.4243209 24425398.969613 -3206.66733160412 -146.863341075591 200 0.0815400430374075 -0
143300 64866239.4845243 24395451.7670823 -3222.07453354056 -152.632890318583 200 0.0829878427129754 -0
143500 64220262.3750193 24364335.9485668 -3237.74028436782 -158.550422711973 200 0.084481317684531 -0
143700 63571125.6220762 24332021.3549842 -3253.67227690448 -164.621610283601 200 0.0860225423482517 -0
143900 62918775.1808367 24298476.663731 -3269.87853257305 -170.852419325587 200 0.087613714603543 -0
144100 62263155.3677801 24263669.3279163 -3286.36741973307 -177.249129777306 200 0.0892571649868136 -0
144300 61604208.7893979 24227565.5115653 -3303.14767327886 -183.818356163589 200 0.0909553666154203 -0
144500 60941876.2668143 24190130.0204681 -3320.22841560571 -190.567070235847 200 0.0927109460258721 -0
144700 60276096.7560664 24151326.2283158 -3337.61917905858 -197.502625480087 200 0.094526695000412 -0
144900 59606807.2637369 24111115.9977341 -3355.3299299882 -204.632783674068 200 0.0964055834874758 -0
145100 58933942.7576029 24069459.5957831 -3373.37109455172 -211.965743696506 200 0.0983507737344716 -0
145300 58257436.0719382 24026315.6034515 -3391.75358640868 -219.510172814503 200 0.100365635766063 -0
145500 57577217.8070729 23981640.8186254 -3410.4888364782 -227.275240701746 200 0.10245376435796 -0
145700 56893216.2227801 23935390.151956 -3429.58882494002 -235.270656469861 200 0.104618997675461 -0
145900 56205357.125022 23887516.5149948 -3449.06611568089 -243.506709029181 200 0.106865437767984 -0
146100 55513563.7455432 23837970.6998936 -3468.93389340891 -251.994311133736 200 0.109197473136152 -0
146300 54817756.6137549 23786701.2498945 -3489.20600368146 -260.745047509119 200 0.111619803616993 -0
146500 54117853.4202986 23733654.3197497 -3509.89699611914 -269.771227511978 200 0.114137467866371 -0
146700 53413768.8716244 23678773.5251136 -3531.02217110715 -279.085942827152 200 0.116755873756375 -0
146900 52705414.5348523 23621999.7798453 -3552.59763031881 -288.703130774079 200 0.119480832050183 -0
147100 51992698.6721164 23563271.1200356 -3574.64033143286 -298.637643869434 200 0.1223185937688 -0
147300 51275526.0635112 23502522.5134354 -3597.16814745827 -308.905326379677 200 0.125275891724405 -0
147500 50553797.8176753 23439685.6528059 -3620.19993112687 -319.52309869712 200 0.128359986765377 -0
147700 49827411.1689471 23374688.7315337 -3643.75558486778 -330.509050488721 200 0.131578719360189 -0
147900 49096259.2599197 23307456.199649 -3667.85613693729 -341.882543700645 200 0.134940567243584 -0
148100 48360230.908102 23237908.4981564 -3692.52382434578 -353.664326657145 200 0.138454709961429 -0
148300 47619210.3552553 23165961.7693194 -3717.78218330033 -365.876660673307 200 0.142131101283652 -0
148500 46873076.9978235 23091527.540237 -3743.65614796882 -378.54346081252 200 0.145980550611786 -0
148700 46121705.0967037 23014512.3767001 -3770.17215847037 -391.690452666853 200 0.150014814693662 -0
148900 45364963.4644124 22934817.5039118 -3797.35827910973 -405.345347328767 200 0.154246701178784 -0
149000 44984536.4306383 22893932.7474643 -3811.2118765818 -412.372508519506 200 0.156441071096977 -0
149100 44602715.1274381 22852338.3901409 -3825.24432799408 -419.538037056967 200 0.158690185811644 -0
149200 44219481.4692326 22810020.3908845 -3839.45965798618 -426.846046249208 200 0.160995996608656 -0
149300 43834816.9616132 22766964.2891159 -3853.86201935971 -434.300814585416 200 0.163360545372631 -0
149400 43448702.6882657 22723155.1878004 -3868.45569832321 -441.906794123986 200 0.165785969782026 -0
149500 43061119.2973562 22678577.7356503 -3883.24511999734 -449.668619397033 200 0.168274508859548 -0
149600 42672046.9873536 22633216.1084095 -3898.23485419511 -457.591116868791 200 0.170828508906174 -0
149700 42281465.4922592 22587053.9891622 -3913.42962149326 -465.679314988458 200 0.173450429849623 -0
149800 41889354.066214 22540074.547606 -3928.83429961163 -473.938454881521 200 0.176142852040994 -0
149900 41495691.4674517 22492260.4182212 -3944.45393011876 -482.374001727297 200 0.178908483536378 -0
150000 41100455.9415646 22443593.6772656 -3960.29372548282 -490.991656874579 200 0.181750167903741 -0
150100 40703625.2040455 22394055.8185192 -3976.35907648856 -499.797370751809 200 0.184670892599165 -0
150200 40305176.4220697 22343627.7276956 -3992.65556004199 -508.797356633125 200 0.187673797960822 -0
150300 39905086.1954751 22292289.6554304 -4009.18894738624 -517.998105327157 200 0.190762186873673 -0
150400 39503330.5368998 22240021.1887527 -4025.96521275337 -527.406400861414 200 0.193939535163172 -0
150500 39099884.8510315 22186801.2209341 -4042.99054247866 -537.02933724178 200 0.197209502781957 -0
150600 38694723.9129212 22132607.9196052 -4060.27134460555 -546.874336373932 200 0.200575945859999 -0
150700 38287821.8453104 22077418.6930172 -4077.81425901146 -556.949167241605 200 0.204042929695803 -0
150800 37879152.0949188 22021210.1543196 -4095.62616808655 -567.261966445543 200 0.207614742774233 -0
150900 37468687.4076343 21963958.0837099 -4113.71420799954 -577.821260216903 200 0.211295911905441 -0
151000 37056399.8025465 21905637.3883042 -4132.08578058724 -588.635988029836 200 0.215091218589305 -0
151100 36642260.5447577 21846222.0595605 -4150.74856590654 -599.715527950122 200 0.219005716720931 -0
151200 36226240.1169042 21785685.1280741 -4169.7105354904 -611.069723870296 100 0.223044751765184 -0
151300 35808308.1893151 21723998.6155485 -4188.97996635173 -622.708914796691 100 0.227213981542226 -0
151400 35388433.5887308 21661133.4837271 -4208.56545578242 -634.6439663706 100 0.231519398781714 -0
151500 34966584.2655006 21597059.5800537 -4228.47593699716 -646.886304824378 100 0.235967355620938 -0
151600 34542727.2591707 21531745.5798051 -4248.72069567533 -659.447953594201 100 0.240564590242079 -0
151700 34116828.6623713 21465158.9244209 -4269.30938745723 -672.341572834394 100 0.245318255866156 -0
151800 33688853.5829037 21397265.7557245 -4290.25205645446 -685.580502104388 100 0.25023595234657 -0
151900 33258766.1039229 21328030.8457052 -4311.55915483776 -699.178806528504 100 0.255325760633753 -0
152000 32826529.2421049 21257417.5214968 -4333.2415635693 -713.151326761577 100 0.260596280414915 -0
152100 32392104.903681 21185387.5851531 -4355.31061434994 -727.51373313025 100 0.266056671269666 -0
152200 31955453.8382125 21111901.2277854 -4377.77811285597 -742.282584361253 100 0.271716697724159 -0
152300 31516535.5899753 21036916.9375773 -4400.65636334319 -757.475391354697 100 0.277586778634019 -0
152400 31075308.4468113 20960391.4011495 -4423.9581947 -773.110686513204 100 0.283678041380687 -0
152500 30631729.3862992 20882279.3976907 -4447.6969880343 -789.208099197342 100 0.290002381427837 -0
152600 30185754.0190859 20802533.6852095 -4471.88670588219 -805.788437945428 100 0.296572527855609 -0
152700 29737336.5292122 20721104.878198 -4496.54192312863 -822.873780172399 100 0.303402115571821 -0
152800 29286429.6112573 20637941.3159169 -4521.67785973216 -840.487570149585 100 0.310505764992907 -0
152900 28832984.4041164 20552988.9204331 -4547.31041534647 -858.654726166348 100 0.317899170095026 -0
153000 28376950.4212178 20466191.0434387 -4573.45620593068 -877.401757887639 100 0.325599195859959 -0
153100 27918275.4769752 20377488.3007791 -4600.13260243796 -896.756895050667 100 0.333623986283983 -0
153200 27456905.6092646 20286818.39349 -4627.35777166716 -916.750228791701 100 0.341993084284046 -0
153300 26992784.9977038 20194115.9140106 -4655.15071935388 -937.413867063517 100 0.350727565028495 -0
153400 26525855.8775085 20099312.1360828 -4683.53133556579 -958.782105798737 100 0.359850184443878 -0
153500 26056058.4486916 20002334.7866689 -4712.52044244933 -980.891617698441 100 0.369385544910839 -0
153600 25583330.7803686 19903107.7980213 -4742.13984435125 -1003.78166078401 100 0.379360280467616 -0
153700 25107608.7099333 19801551.0378096 -4772.41238030616 -1027.49430914903 100 0.389803264197405 -0
153800 24628825.7368678 19697580.0149467 -4803.36197883759 -1052.07470869425 100 0.40074584089591 -0
153900 24146912.9109607 19591105.5584626 -4835.01371496327 -1077.57136103056 100 0.412222088609732 -0
154000 23661798.7147227 19482033.4664286 -4867.39386922011 -1104.0364392024 100 0.424269113219574 -0
154100 23173408.9398093 19370264.1215466 -4900.52998842711 -1131.52613942952 100 0.436927380932392 -0
154200 22681666.5572968 19255692.069564 -4934.45094777803 -1160.10107370209 100 0.450241094365327 -0
154300 22186491.5817062 19138205.5561572 -4969.1870136927 -1189.82670881122 100 0.46425861887826 -0
154350 21937591.0327143 19078332.60612 -4986.87056575457 -1205.14294488403 100 0.471547680588997 -0
154400 21687800.928706 19017686.0172662 -5004.76990663628 -1220.77385825316 100 0.47903296697586 -0
154450 21437110.3755872 18956249.8129416 -5022.88923872937 -1236.72922662065 100 0.486721921193411 -0
154500 21185508.2666896 18894007.5175196 -5041.23286290165 -1253.01923459918 100 0.494622349978576 -0
154550 20932983.2778026 18830942.1355313 -5059.80518026591 -1269.65449490057 100 0.502742445353819 -0
154600 20679523.8621188 18767036.129704 -5078.61069386528 -1286.64607084605 100 0.511090807859522 -0
154650 20425118.2450969 18702271.397838 -5097.65401025564 -1304.00550029439 100 0.519676471439597 -0
154700 20169754.4192494 18636629.2484504 -5116.93984096213 -1321.74482109136 100 0.528508930115773 -0
154750 19913420.1388609 18570090.3751057 -5136.47300378396 -1339.8765981531 100 0.537598166598472 -0
154800 19656102.9146452 18502634.829349 -5156.25842391772 -1358.41395230492 100 0.546954682996054 -0
154850 19397790.0083521 18434241.99215 -5176.30113486576 -1377.37059100771 100 0.556589533799401 -0
154900 19138468.4273342 18364890.5437618 -5196.6062790908 -1396.76084111516 100 0.566514361335709 -0
154950 18878124.919089 18294558.4318867 -5217.17910837337 -1416.59968381738 100 0.576741433903926 -0
155000 18616745.9657909 18223222.8380371 -5238.02498382179 -1436.90279193993 100 0.587283686824914 -0
155050 18354317.7788332 18150860.1419688 -5259.14937547823 -1457.68656978219 100 0.59815476666222 -0
155100 18090826.2934002 18077445.8840549 -5280.55786145597 -1478.96819569504 100 0.60936907889464 -0
155150 17826257.1630974 18002954.7254574 -5302.25612653417 -1500.76566761571 100 0.62094183934983 -0
155200 17560595.754665 17927360.4059434 -5324.2499601264 -1523.09785179708 100 0.632889129739393 -0
155250 17293827.1428128 17850635.6991802 -5346.54525352717 -1545.98453499042 100 0.645227957670505 -0
155300 17025936.1052114 17772752.365328 -5369.14799632771 -1569.44648036369 100 0.657976321547693 -0
155350 16756907.117687 17693681.1007381 -5392.06427187666 -1593.50548746413 100 0.671153280821295 -0
155400 16486724.3496692 17613391.4845439 -5415.30025164436 -1618.18445656175 50 0.684779032086946 -0
155450 16215371.6599519 17531851.9219182 -5438.86218832895 -1643.50745774234 50 0.698874991593805 -0
155500 15942832.5928337 17449029.5837486 -5462.75640752013 -1669.49980515302 50 0.713463884778779 -0
155550 15669090.374716 17364890.3424631 -5486.98929770998 -1696.18813684171 50 0.728569843510583 -0
155600 15394127.911246 17279398.7037126 -5511.56729841009 -1723.60050067406 50 0.744218511801889 -0
155650 15117927.7851078 17192517.7335968 -5536.4968861001 -1751.76644685782 50 0.760437160831178 -0
155700 14840472.2545763 17104208.9810846 -5561.78455769244 -1780.71712765632 50 0.777254814209241 -0
155750 14561743.2529671 17014432.395257 -5587.43681115288 -1810.48540492919 50 0.794702384529971 -0
155800 14281722.3891353 16923146.236963 -5613.46012286326 -1841.10596620128 50 0.812812822362553 -0
155850 14000390.9491977 16830306.9844424 -5639.8609212523 -1872.61545003005 50 0.83162127897409 -0
155900 13717729.8996769 16735869.2324302 -5666.64555614991 -1905.05258151821 50 0.851165284219977 -0
155950 13433719.8922987 16639785.5842134 -5693.82026323895 -1938.45831890292 50 0.871484941206084 -0
156000 13148341.2707033 16542006.5360592 -5721.3911228846 -1972.87601224643 50 0.892623139514502 -0
156050 12861574.079373 16442480.3533835 -5749.36401251177 -2008.35157535605 50 0.914625788995914 -0
156100 12573398.075122 16341152.9379671 -5777.74455157481 -2044.93367217545 50 0.937542076369796 -0
156150 12283792.7415457 16237967.6854621 -5806.53803801575 -2082.67391901469 50 0.961424747141993 -0
156200 11992737.3068853 16132865.3323596 -5835.74937493629 -2121.62710412522 50 0.986330415651839 -0
156250 11700210.7658348 16025783.791511 -5865.38298600858 -2161.85142627806 50 1.01231990640225 -0
156300 11406191.9058932 15916657.9752082 -5895.44271791652 -2203.40875417126 50 1.03945863021106 -0
156350 11110659.33896 15805419.6047301 -5925.93172784668 -2246.36490867602 50 1.06781699915603 -0
156400 10813591.5389766 15691997.005161 -5956.85235372885 -2290.7899701321 50 1.09747088477486 -0
156450 10514966.8865424 15576314.8841678 -5988.20596455252 -2336.75861312153 50 1.12850212453343 -0
156500 10214763.7215767 15458294.0932964 -6019.99278764645 -2384.35047138778 50 1.16099908219514 -0
156550 9912960.4052667 15337851.3702081 -6052.21170929371 -2433.6505358235 50 1.19505726842263 -0
156600 9609535.39273862 15214899.0601238 -6084.86004444762 -2484.74958872503 50 1.23078002872529 -0
156650 9304467.31811664 15089344.8145772 -6117.93327059999 -2537.74467780409 50 1.26827930674302 -0
156700 8997735.09390351 14961091.2653943 -6151.4247200104 -2592.73963375302 50 1.30767649183459 -0
156750 8689318.0269296 14830035.6716216 -6185.32522351023 -2649.84563547731 50 1.34910336102713 -0
156800 8379195.95348566 14696069.5369083 -6219.62269791882 -2709.18182742843 50 1.3927031265861 -0
156850 8067349.3966861 14559078.1946223 -6254.30166771657 -2770.87599378334 50 1.43863160178671 -0
156900 7753759.74961759 14418940.3577306 -6289.34270997043 -2835.06529450752 50 1.48705849890692 -0
156925 7596305.74220825 14347651.6719199 -6306.99170263438 -2868.14124262094 50 1.51226604378231 -0
156950 7438409.48843352 14275527.6301554 -6324.72180955635 -2901.89706853753 50 1.53816887502027 -0
156975 7280069.00768997 14202550.9851282 -6342.52918836102 -2936.35292378124 50 1.56479278658748 -0
157000 7121282.42021375 14128703.976432 -6360.40960937297 -2971.5297097777 50 1.59216474274483 -0
157025 6962047.95713911 14053968.3114222 -6378.35842514502 -3007.44910958408 50 1.62031293875393 -0
157050 6802363.97134868 13978325.1452642 -6396.37053755508 -3044.13362096619 50 1.64926686494462 -0
157075 6642228.9491789 13901755.0601377 -6414.44036226758 -3081.60659086187 50 1.67905737432023 -0
157100 6481641.52304909 13824238.0435622 -6432.56179033773 -3119.89225126677 50 1.70971675388288 -0
157125 6320600.48508863 13745753.4658065 -6450.7281467172 -3159.01575657528 50 1.74127879986611 -0
157150 6159104.80184297 13666280.056347 -6468.93214539879 -3199.0032224047 50 1.7737788970657 -0
157175 5997153.63014595 13585795.8793354 -6487.16584091451 -3239.88176592494 50 1.80725410246282 -0
157200 5834746.33425348 13504278.3080407 -6505.42057587639 -3281.67954770875 50 1.84174323333458 -0
157225 5671882.50434166 13421703.9982249 -6523.68692422199 -3324.42581510862 50 1.87728696004647 -0
157250 5508561.97648121 13338048.8604149 -6541.95462979713 -3368.15094715556 50 1.91392790371813 -0
157275 5344784.85420982 13253288.0310344 -6560.21253987589 -3412.88650096182 50 1.95171073894796 -0
157300 5180551.53183419 13167395.842356 -6578.44853318323 -3458.6652595935 50 1.99068230177217 -0
157325 5015862.71960516 13080345.7912392 -6596.64944194756 -3505.52128136039 50 2.03089170302008 -0
157350 4850719.47092146 12992110.5066191 -6614.80096746983 -3553.4899504472 50 2.07239044720761 -0
157375 4685123.21173099 12902661.7157137 -6632.88758865133 -3602.60802878374 50 2.11523255708522 -0
157400 4519075.7723132 12811970.2089202 -6650.89246287473 -3652.91370901976 50 2.15947470392226 -0
157425 4352579.42164186 12720005.8033747 -6668.79731858169 -3704.44666843226 50 2.2051763435667 -0
157450 4185636.90454443 12626737.3051553 -6686.58233883487 -3757.24812354932 50 2.25239985826411 -0
157475 4018251.48189316 12532132.4701128 -6704.22603509377 -3811.36088522224 50 2.30121070415194 -0
157500 3850426.97408269 12436157.9633226 -6721.70511037038 -3866.8294138173 25 2.35167756426074 -0
157525 3682167.80807075 12338779.3171594 -6738.99431086395 -3923.69987412735 25 2.40387250675057 -0
157550 3513479.0682822 12239960.8880077 -6756.06626510377 -3982.02018952068 25 2.457871147985 -0
157575 3344366.5517013 12139665.8116334 -6772.891309554 -4041.84009474829 25 2.51375281989228 -0
157600 3174836.82750481 12037855.95726 -6789.43729955769 -4103.21118671863 25 2.5716007408791 -0
157625 3004897.30161715 11934491.8804087 -6805.66940441648 -4166.18697241901 25 2.63150218934076 -0
157650 2834556.28660019 11829532.7745856 -6821.54988532057 -4230.82291301219 25 2.69354867854661 -0
157675 2663823.07732334 11722936.4219273 -6837.03785476072 -4297.17646296276 25 2.75783613136295 -0
157700 2492708.03289482 11614659.142943 -6852.08901597193 -4365.30710284677 25 2.82446505289953 -0
157725 2321222.66537226 11504655.7455323 -6866.65538087938 -4435.27636426663 25 2.89354069871933 -6.07229056209977e-310
157750 2149379.73581011 11392879.4734972 -6880.68496494293 -4507.14784502664 25 2.96517323572348 -2.23872738591677e-301
157775 1977193.35824192 11279281.9548189 -6894.12145723178 -4580.98721241892 25 3.03947789220105 -8.19855715950988e-293
157800 1804679.11223831 11163813.1500266 -6906.90386400846 -4656.86219211886 25 3.11657509280117 -2.97622592091077e-284
157825 1631854.16472473 11046421.3010535 -6918.96612406762 -4734.84253978889 25 3.19659057332747 -1.06700049906838e-275
157850 1458737.40178713 10927052.8810532 -6930.23669406653 -4814.99999203294 25 3.27965546925117 -3.76262266957019e-267
157875 1285349.57123775 10805652.5457406 -6940.6381021092 -4897.40819282502 25 3.3659063706707 -1.29948504564348e-258
157900 1111713.43675554 10682163.0869239 -6950.08646791439 -4982.14259094762 25 3.45548533508767 -4.37516510946042e-250
157925 937853.944456321 10556525.3890162 -6958.49098802364 -5069.28030331252 25 3.54853984779856 -1.42888956504353e-241
157950 763798.402784156 10428678.3894504 -6965.75338470216 -5158.89993829074 25 3.64522271789082 -4.50258690226627e-233
157975 589576.676645304 10298559.0440804 -6971.76731747396 -5251.08137234517 25 3.74569189575524 -1.36110278249726e-224
158000 415221.396728311 10166102.2988276 -6976.41775663338 -5345.90547233241 25 3.85011019565628 -3.92289612452633e-216
158025 240768.18496345 10031241.0690395 -6979.58031861717 -5443.4537548173 25 3.95864490421246 -1.07086243100177e-207
158050 66255.8970692622 9893906.22825153 -6981.1205638345 -5543.80797262284 25 4.0714672526089 -2.74905554283875e-199
158075 -108273.116892099 9754026.60830987 -6980.89325847595 -5647.04961762348 25 4.18875172697662 -6.58629599550652e-191
158100 -282772.733081172 9611529.01309644 -6978.7416029992 -5753.25932748796 25 4.31067518762393 -1.46065876999769e-182
158125 -457192.75478485 9466338.2484277 -6974.49643146977 -5862.51618270576 25 4.43741576370291 -2.97226821031801e-174
158150 -631478.592999767 9318377.17105464 -6967.97538777726 -5974.89687881188 25 4.56915148547061 -5.49747082368428e-166
158175 -805570.926215694 9167566.76008768 -6958.9820870139 -6090.47475729672 25 4.70605861162223 -9.14915252961616e-158
158200 -979405.339159771 9013826.21460043 -6947.30527306497 -6209.31867730385 25 4.84830960433683 -1.35529124898421e-149
158225 -1152911.94057909 8857073.08162944 -6932.71798679264 -6331.49170895244 25 4.99607069984281 -1.76633076773591e-141
158250 -1326014.96054691 8697223.41928034 -6914.97676317409 -6457.04962807257 25 5.14949901771339 -2.00029709039965e-133
158275 -1498632.32829413 8534192.00016527 -6893.82088045676 -6586.03919144085 25 5.3087391480625 -1.94229475189647e-125
158300 -1670675.23221098 8367892.56092325 -6868.97168988417 -6718.49617141889 25 5.47391915276569 -1.59421261353571e-117
158325 -1842047.66445521 8198238.10409724 -6840.13206087701 -6854.4431294391 25 5.64514591535459 -1.08936804410602e-109
158350 -2012645.95356329 8025141.25913915 -6806.98598374683 -6993.88690931395 25 5.82249977506431 -6.09731949219221e-102
158375 -2182358.28961159 7848514.70975678 -6769.19838005187 -7136.81583417996 25 6.00602838458025 -2.74730812771029e-94
158400 -2351064.24783604 7668271.69516953 -6726.41517948919 -7283.1965954019 25 6.19573973946701 -9.7826402434188e-87
158425 -2518634.31820661 7484326.59305299 -6678.26373157527 -7432.97082838085 25 6.39159434141645 -2.6992875389247e-79
158450 -2684929.45028003 7296595.59197058 -6624.35363000088 -7586.05137940861 25 6.59349647887686 -5.65223639479972e-72
158475 -2849800.62472009 7104997.46083959 -6564.27803699906 -7742.31827998998 25 6.80128463903338 -8.7853192900856e-65
158500 -3013088.46516894 6909454.42237884 -6497.61560368767 -7901.61446091398 25 7.01472110629284 -9.90127618690182e-58
158525 -3174622.90664258 6709893.1364377 -6423.93308925889 -8063.74125823878 25 7.23348085610597 -7.89380934212218e-51
158550 -3334222.93925384 6506245.79750907 -6342.78878594191 -8228.45378758632 25 7.45713992057271 -4.33753491957759e-44
158575 -3491696.44874684 6298451.3484693 -6253.73685643621 -8395.45629182467 25 7.68516348465697 -1.59844773350575e-37
158600 -3646840.17793127 6086456.80955824 -6156.33268430204 -8564.39760011345 25 7.91689406880639 -3.83923150826458e-31
158625 -3799439.83545891 5870218.71771437 -6050.13932367709 -8734.86687268192 25 8.15154026362723 -5.83376294753182e-25
158650 -3949270.38026626 5649704.66654191 -5934.73511061783 -8906.38984423864 25 8.38816660118795 -5.43741170928076e-19
158662.5 -4023074.08652019 5537837.45104174 -5873.4534843656 -8992.38015642003 25 8.50688850884291 -4.32713622653946e-16
158675 -4096096.51121381 5424894.93141016 -5809.72246234728 -9078.42581721683 25 8.62568526881616 -3.01103120112142e-13
158687.5 -4168306.75728348 5310876.90060273 -5743.49774441688 -9164.44853533528 25 8.74439617539351 -1.8245064809303e-10
158700 -4239673.39110396 5195784.15726323 -5674.73784105914 -9250.36569260174 25 8.86285048647515 -9.58696936641275e-08
158712.5 -4310164.47990788 5079618.55972894 -5603.40444152635 -9336.09036147887 25 8.98086745850341 -4.35008113968229e-05
158725 -4379747.63388837 4962383.07963892 -5529.46279466343 -9421.53135150692 25 9.09825646013039 -0.0169728540729943
158737.5 -4448390.05312993 4844081.85476774 -5452.88210016379 -9506.59328713981 25 9.2148171542494 -5.67029656096531
158750 -4516058.57944366 4724720.24074472 -5373.63588888845 -9591.17668606453 25 9.3303348206997 -1615.08733828027
158756.25 -4549517.18617285 4664643.80783756 -5333.00597132446 -9633.25629875008 12.5 9.38756504086968 -25641.1947757551
158762.5 -4582719.74290507 4604304.87987339 -5291.6979013045 -9675.169865267 6.25 9.44342625588322 -390542.307625765
158765.625 -4599223.66229863 4574037.34055221 -5270.77946453983 -9696.04271307772 3.125 9.4684690375386 -1500385.44322421
158768.75 -4615661.90210043 4543704.72647156 -5249.65501481829 -9716.80271278467 3.125 9.48445759582827 -5703427.1641435
158770.3125 -4623856.16723353 4528514.17129011 -5238.99029896137 -9727.09293268354 3.125 9.48326152689334 -11075400.8533181
158771.875 -4632033.69405977 4513307.62442035 -5228.22350131722 -9737.25989353987 1.5625 9.46886311939919 -21448901.4330756
158773.4375 -4640194.28464536 4498085.35073731 -5217.29950640335 -9747.19989262212 1.5625 9.43176778549501 -41423884.1164746
158775 -4648337.6198917 4482847.84338241 -5206.11299267235 -9756.71429330724 1.5625 9.3608637749287 -79773406.5650826
158776.5625 -4656463.14955152 4467596.03209961 -5194.46331863955 -9765.42363990318 1.5625 9.26128590493194 -153163950.430275
158777.34375 -4660518.95405567 4459965.26373558 -5188.35643253439 -9769.27097462945 1.5625 9.22448725605928 -211971571.566395
158778.125 -4664569.88381811 4452331.67929333 -5181.96960980029 -9772.60546947024 1.5625 9.24083100654996 -293099599.231842
158778.90625 -4668615.68253888 4444695.750981 -5175.20123957541 -9775.23370470732 1.5625 9.39194262314467 -404887945.879995
158779.6875 -4672656.00054834 4437058.12888809 -5167.9119526796 -9776.88996297824 0.78125 9.83236042602136 -558713545.188174
158780.46875 -4676690.36022583 4429419.70725869 -5159.91092606313 -9777.20983888319 0.78125 10.8182230592063 -770040456.361027
158781.25 -4680718.10895342 4421781.71480723 -5150.93745033721 -9775.69465490382 0.78125 12.7061415125876 -1059788782.06532
158782.03125 -4684738.35535396 4414145.83733652 -5140.6363013224 -9771.66382336943 0.78125 15.9133546150344 -1456081106.09113
158782.8125 -4688749.88330462 4406514.38339014 -5128.52515859131 -9764.19169434317 0.78125 20.8929983416428 -1996399275.23937
158783.59375 -4692751.03675027 4398890.50656895 -5113.9520967986 -9752.02497471775 0.78125 28.1716461435069 -2730113449.07073
158784.375 -4696739.56678724 4391278.50124009 -5096.04120993161 -9733.47682169445 0.78125 38.4206447234053 -3721190453.45825
158785.15625 -4700712.43115816 4383684.19107624 -5073.62503682882 -9706.29482587427 0.78125 52.5194667822898 -5050588427.32924
158785.546875 -4702691.75881207 4379896.03065753 -5060.26335147864 -9688.56926009672 0.78125 61.3552375281673 -5872417962.2594
158785.9375 -4704665.53580892 4376115.43100335 -5045.16420229827 -9667.5033989772 0.78125 71.5980942746947 -6817315601.01982
158786.328125 -4706633.03273709 4372343.79516774 -5028.06241816019 -9642.58342632759 0.78125 83.4309521205416 -7900136363.8643
158786.71875 -4708593.40997172 4368582.73988023 -5008.65844911033 -9613.22827846758 0.78125 97.0519405721104 -9136286663.4973
158787.109375 -4710545.70376942 4364834.12277366 -4986.61600698205 -9578.78487857593 0.78125 112.671791858565 -10541254593.0368
158787.5 -4712488.81155162 4361100.07126657 -4961.56032141033 -9538.52452835101 0.78125 130.509544049674 -12129937364.8321
158787.890625 -4714421.47668154 4357383.01252344 -4933.07735541248 -9491.64112291925 0.78125 150.786097445911 -13915724861.8
158788.28125 -4716342.27319061 4353685.70362328 -4900.71440945773 -9437.25202161797 0.78125 173.715136675193 -15909303626.8009
158788.671875 -4718249.59109424 4350011.26070925 -4863.98262736647 -9374.40257447347 0.78125 199.490957802053 -18117159890.5737
158789.453125 -4722016.35418881 4342745.38680672 -4775.30942598304 -9219.20599894612 0.78125 260.165914777847 -23169646032.6682
158790.234375 -4725704.7769984 4335618.36696734 -4662.69615327371 -9017.48869516185 0.78125 333.297645775148 -28967720038.9035
158790.625 -4727513.36609613 4332119.07336091 -4596.06200372646 -8896.52025740433 0.78125 374.262472524809 -32061611714.5734
158791.015625 -4729294.46921797 4328669.87460671 -4521.89474302931 -8760.8566550473 0.78125 417.740688986166 -35211161989.7996
158791.40625 -4731045.06370964 4325276.67160282 -4439.80043257309 -8609.70576453593 0.78125 463.208836934059 -38341581224.9992
158791.796875 -4732761.99368119 4321945.6352494 -4349.4962354027 -8442.48783465141 0.390625 509.961926246287 -41364276088.6502
158792.1875 -4734442.01972107 4318683.11113045 -4250.8426496293 -8258.89862693156 0.390625 557.116163947315 -44180162610.0198
158792.578125 -4736081.88089473 4315495.50006841 -4143.87366598522 -8058.96882723916 0.390625 603.628577910018 -46684917298.16
158792.96875 -4737678.36759464 4312389.11721574 -4028.82160059543 -7843.1134149299 0.390625 648.335767578665 -48775962914.9164
158793.359375 -4739228.40249124 4309370.03491585 -3906.13317847232 -7612.16429652468 0.78125 690.01153621467 -50360605676.0395
158793.75 -4740729.12554385 4306443.91709602 -3776.47378267007 -7367.38012775439 0.78125 727.439967537421 -51364378804.1203
158794.140625 -4742177.97798819 4303615.85502064 -3640.71771392526 -7110.4290156611 0.78125 759.49720257785 -51738412031.9192
158794.53125 -4743572.77964637 4300890.21539468 -3499.92377124215 -6843.34261380085 0.390625 785.232573782967 -51464637476.4534
158794.921875 -4744911.7939808 4298270.51172018 -3355.29726019649 -6568.4436079694 0.390625 803.938678671825 -50557907377.7905
158795.3125 -4746193.77610346 4295759.30833024 -3208.1413364649 -6288.25210742309 0.390625 815.200933077855 -49064603768.2086
158795.703125 -4747418.00038562 4293358.16378444 -3059.80202873718 -6005.37928971187 0.390625 818.920096965647 -47057945952.027
158796.09375 -4748584.26618559 4291067.61669705 -2911.61205259111 -5722.41819567838 0.390625 815.305580439582 -44630783411.2909
158796.484375 -4749692.88222543 4288887.21315827 -2764.83847586857 -5441.84153358662 0.390625 804.841969770058 -41887046781.4276
158796.875 -4750744.63198674 4286815.57131504 -2620.63847530202 -5165.91481032777 0.390625 788.235060573194 -38933133058.2449
158797.265625 -4751740.72389715 4284850.47591494 -2480.02605578039 -4896.63048553627 0.390625 766.34594943368 -35870330784.5238
158797.65625 -4752682.73089086 4282988.99399056 -2343.85100562842 -4635.66575450802 0.390625 740.12213955896 -32789031923.5388
158798.046875 -4753572.52412148 4281227.60243199 -2212.78985055483 -4384.36362478798 0.78125 710.533406313425 -29765050606.0684
158798.828125 -4755204.04113305 4277988.82818015 -1967.86661835196 -3914.47504984349 0.78125 644.941687979603 -24111296038.872
158799.21875 -4755950.40349582 4276502.60014667 -1854.54458719991 -3696.99673981763 0.390625 610.571523616893 -21553613262.1961
158799.609375 -4756653.71565422 4275098.99312775 -1747.45189756776 -3491.46440906194 0.390625 576.061130907263 -19200822126.9729
158800 -4757316.40720184 4273773.34293628 -1646.55353862881 -3297.83558962923 0.390625 541.947293983094 -17058464213.7969
158800.390625 -4757940.87682357 4272521.03589091 -1551.72964435271 -3115.90068383278 0.390625 508.654065751355 -15124157880.6822
158800.78125 -4758529.46300026 4271337.56664959 -1462.79492057134 -2945.3205737969 0.390625 476.502179670884 -13389816070.0089
158801.171875 -4759084.42192238 4270218.58206473 -1379.51604150064 -2785.66040666208 0.390625 445.721467826858 -11843546803.4093
158801.5625 -4759607.91173934 4269159.91271614 -1301.62665710521 -2636.41882686521 0.390625 416.464513121261 -10471194082.4505
158801.953125 -4760101.98218667 4268157.59395363 -1228.83992354328 -2497.05245691517 0.390625 388.82025646708 -9257526844.29616
158802.34375 -4760568.56863787 4267207.87828184 -1160.85865502156 -2366.9957944642 0.390625 362.826722000674 -8187112799.08072
158802.734375 -4761009.48969061 4266307.24080634 -1097.38330959587 -2245.6769203706 0.390625 338.482381629654 -7244927423.52472
158803.125 -4761426.44749298 4265452.37927948 -1038.1180799162 -2132.52953067657 0.390625 315.755947588388 -6416751204.42917
158803.515625 -4761821.03012591 4264640.21007427 -982.775378453252 -2027.00184543743 0.390625 294.594566033289 -5689404696.68274
158803.90625 -4762194.71547022 4263867.86119956 -931.078998958823 -1928.56293546451 0.390625 274.930500968523 -5050864253.4697
158804.296875 -4762548.8760926 4263132.66326633 -882.766212494229 -1836.70696506653 0.390625 256.686462454108 -4490293516.79377
158804.6875 -4762884.7847798 4262432.13913095 -837.589025113089 -1750.9557900398 0.390625 239.779761240723 -3998018190.80471
158805.078125 -4763203.62043231 4261763.99278299 -795.314790527641 -1670.86028590529 0.390625 224.125476147386 -3565464914.89366
158805.46875 -4763506.47409805 4261126.0979102 -755.726338179195 -1596.0007183587 0.390625 209.638810128509 -3185079464.35043
158805.859375 -4763794.35498311 4260516.48646387 -718.621746989277 -1525.9864099095 0.390625 196.236792844513 -2850235051.97481
158806.25 -4764068.19632214 4259933.33745786 -683.813868604035 -1460.45490560246 0.78125 183.83946621942 -2555138077.94326
158806.640625 -4764328.8610272 4259374.96616503 -651.129681425461 -1399.07079712499 0.78125 172.370667816664 -2294736118.58493
158807.03125 -4764577.14706161 4258839.81381899 -620.409538019313 -1341.52432830795 0.78125 161.75850656819 -2064631089.08537
158807.421875 -4764813.79250702 4258326.43788775 -591.506353257532 -1287.52987539978 0.78125 151.935607290784 -1860999204.60734
158807.8125 -4765039.48030753 4257833.50295382 -564.284768352451 -1236.82437170885 0.78125 142.839184843644 -1680518465.78351
158808.203125 -4765254.842687 4257359.77221197 -538.620316309852 -1189.16572739158 0.78125 134.410995705173 -1520303799.48973
158808.59375 -4765460.46524353 4256904.0995792 -514.398606828055 -1144.33128047437 0.78125 126.597204000432 -1377849609.46656
158808.984375 -4765656.89073149 4256465.42239942 -491.514542904829 -1102.11630387557 0.78125 119.348190313184 -1250979268.88884
158809.375 -4765844.62254508 4256042.75471767 -469.871577039701 -1062.33258457992 0.78125 112.618324679578 -1137800970.34658
158809.765625 -4766024.12791987 4255635.18109364 -449.381011646985 -1024.80708465188 0.78125 106.365719687513 -1036669302.70668
158810.15625 -4766195.84087001 4255241.85092133 -429.961345885532 -989.380688995508 0.78125 100.551975338711 -946151923.936186
158810.9375 -4766517.47534326 4254494.81191612 -394.041103998765 -924.251472392564 0.78125 90.1033823277914 -792126946.757687
158811.71875 -4766812.43039473 4253795.94223269 -361.580877587627 -865.908385959908 0.78125 81.0255811161214 -667527247.240204
158812.5 -4767083.22896355 4253140.2930943 -332.131676884851 -813.471938222003 0.78125 73.111996336953 -566084114.827648
158813.28125 -4767332.07043907 4252523.54998501 -305.312179599119 -766.194003811063 0.78125 66.1898645551366 -482978710.569715
158814.0625 -4767560.87905713 4251941.93865323 -280.797631484252 -723.436375387544 0.78125 60.1145748815427 -414485626.63538
158814.84375 -4767771.34438142 4251392.14642101 -258.310630062712 -684.652928367434 0.78125 54.7648862229448 -357707890.120288
158815.625 -4767964.95522008 4250871.25620552 -237.613487314679 -649.37482181235 0.78125 50.0389320276643 -310379385.131748
158816.40625 -4768143.02810417 4250376.69108435 -218.501904324885 -617.198226861794 0.78125 45.8509071994726 -270716982.887762
158817.1875 -4768306.73126163 4249906.16760479 -200.799729939041 -587.774146984713 0.78125 42.128332776393 -237309384.631489
158817.96875 -4768457.10485642 4249457.65635034 -184.354612217051 -560.79996358589 0.78125 38.8098029534597 -209033157.352974
158818.75 -4768595.07812653 4249029.34853917 -169.034384085728 -536.012402380407 0.78125 35.8431310805368 -184988985.198094
158819.53125 -4768721.48394181 4248619.62764604 -154.724052587182 -513.181669289009 0.78125 33.1838237649715 -164453013.57168
158820.3125 -4768837.07120982 4248227.04521706 -141.323284641191 -492.106549571805 0.78125 30.7938238755615 -146839513.490588
158821.09375 -4768942.51548237 4247850.30019315 -128.744301736487 -472.61030128153 1.5625 28.6404735478286 -131672078.22904
158821.875 -4769038.42805324 4247488.22117722 -116.910111983129 -454.53720487616 1.5625 26.6956570955189 -118561283.383224
158822.65625 -4769125.36378706 4247139.75117821 -105.753021042833 -437.749656000379 1.5625 24.9350911031501 -107187268.240808
158823.4375 -4769203.82787796 4246803.93444484 -95.2133741072161 -422.125708966204 1.5625 23.3377350599375 -97286083.5806083
158824.21875 -4769274.2817026 4246479.90506769 -85.2384897518104 -407.556995160007 1.5625 21.8853008755598 -88638936.8401941
158825 -4769337.14790458 4246166.87708163 -75.7817535262211 -393.946954177541 1.5625 20.5618436703228 -81063677.4523237
158825.78125 -4769392.81482433 4245864.135845 -66.8018448549571 -381.209326525279 1.5625 19.3534195165998 -74408022.907094
158826.5625 -4769441.64036995 4245571.0305082 -58.2620754711386 -369.266865706157 1.5625 18.247798465277 -68544144.1133492
158827.34375 -4769483.95540867 4245286.96741429 -50.1298213915793 -358.050234823018 1.5625 17.2342233373565 -63364317.3364541
158828.125 -4769520.06674627 4245011.40429917 -42.3760335325106 -347.49705880181 1.5625 16.3032064952557 -58777416.9806556
158829.6875 -4769574.80065373 4244483.83588373 -27.9030517399596 -328.161598514155 1.5625 14.6562416661402 -51084367.6100691
158831.25 -4769607.90763893 4243984.83486434 -14.6674891561817 -310.872359254845 1.5625 13.2504960425122 -44972399.5650675
158832.8125 -4769621.20742215 4243511.46106779 -2.52894451234928 -295.31061192355 1.5625 12.041278586844 -40079264.2724916
158834.375 -4769616.3229034 4243061.22742569 8.62520339753408 -281.213096207386 1.5625 10.9929259033843 -36135057.5017756
158835.9375 -4769594.71883199 4242632.02197005 18.8856276343449 -268.36139801097 1.5625 10.0768282153419 -32936142.1961336
158837.5 -4769557.73234743 4242222.04443038 28.3256854013345 -256.57375987917 1.5625 9.26996110467729 -30327011.5333514
158839.0625 -4769506.59701673 4241829.75414869 37.0051522283636 -245.698694322028 1.5625 8.55377565105041 -28187519.4472728
158840.625 -4769442.46159627 4241453.82687478 44.9732695632571 -235.609937799609 1.5625 7.91334284172445 -26423791.5288776
158842.1875 -4769366.40446898 4241093.11862715 52.271253088582 -226.202404182709 1.5625 7.33667899641355 -24961693.4518787
158843.75 -4769279.44451493 4240746.63526482 58.9343636250938 -217.388885314298 1.5625 6.81420126788274 -23742098.4200913
158845.3125 -4769182.54904051 4240413.50675558 64.993610940453 -209.097312495254 1.5625 6.33827846101745 -22717433.4713142
158846.875 -4769076.63929906 4240092.96537642 70.4771397243336 -201.268442693275 1.5625 5.90285405298051 -21849142.4046361
158848.4375 -4768962.59407025 4239784.32726336 75.4113338315307 -193.853871266 1.5625 5.50312649907124 -21105809.2224036
158850 -4768841.25171498 4239486.97685812 79.8216675629187 -186.814301841626 3.125 5.13527748385856 -20461758.4628679
158851.5625 -4768713.41108124 4239200.3538893 83.7333295218774 -180.118025666398 3.125 4.79624234871171 -19895999.2920725
158853.125 -4768579.83159659 4238923.94258753 87.171643985883 -173.739578614169 3.125 4.48351898963968 -19391416.2133845
158854.6875 -4768441.23284374 4238657.26287424 90.1623155439347 -167.658555240436 3.125 4.19501247601182 -18934135.5402661
158856.25 -4768298.29387448 4238399.86328966 92.7315239881486 -161.858566648415 3.125 3.92891282541933 -18513016.4039395
158857.8125 -4768151.6524742 4238151.31544287 94.9058973820766 -156.326333308892 3.125 3.68360306823615 -18119229.9393666
158859.375 -4768001.90454535 4237911.20977822 96.7123913821731 -151.050906059668 3.125 3.45759419368506 -17745901.5980248
158860.9375 -4767849.60373485 4237679.15246303 98.178102024208 -146.02300896325 3.125 3.24948299825649 -17387800.0335825
158862.5 -4767695.2613894 4237454.76321118 99.3300372728765 -141.234497110844 3.125 3.05792842684039 -17041062.2188097
158864.0625 -4767539.34688512 4237237.67386936 100.194869801913 -136.677921327919 3.125 2.8816418252144 -16702948.7841797
158865.625 -4767382.28834554 4237027.52760581 100.798689963877 -132.346190463296 3.125 2.71938666692267 -16371626.3761223
158867.1875 -4767224.47373533 4236823.97855734 101.166774017082 -128.232320823919 3.125 2.56998377085129 -16045975.4482147
