0 314159000 0 -1176.2741163792 237.443052406963 100 0.00403837820768556 -0
100 314041352.391429 23744.3047317058 -1176.67810547773 237.443037134388 200 0.00404140450279225 -0
300 313805935.901835 71232.9019638843 -1177.48699265381 237.442914747528 400 0.00404747029654312 -0
700 313334616.982717 166209.961510624 -1179.10841521655 237.442300672807 800 0.00405965495649799 -0
1500 312390028.546721 356162.847151281 -1182.3659523113 237.439579689003 1600 0.00408423865395528 -0
3100 310492993.978494 736058.039328996 -1188.94059994349 237.428038776785 1600 0.00413428060914613 -0
4700 308585375.427209 1115928.10087995 -1195.59624920029 237.408115494478 1600 0.00418552212481719 -0
6300 306667041.746103 1495759.3720274 -1202.33484128948 237.379497579708 1600 0.00423800497450146 -0
7900 304737858.628864 1875537.6822265 -1209.15838494413 237.341858710316 1600 0.00429177285033889 -0
9500 302797688.499134 2255248.32705879 -1216.06895951879 237.294857733968 1600 0.00434687147285903 -0
11100 300846390.394919 2634876.04385425 -1223.06871826258 237.23813784733 1600 0.00440334870830938 -0
12700 298883819.847619 3014404.98595711 -1230.15989178115 237.171325720977 1600 0.00446125469413671 -0
14300 296909828.755348 3393818.69554537 -1237.34479170077 237.094030565808 1600 0.00452064197328477 -0
15900 294924265.250232 3773100.07490667 -1244.62581454857 237.005843136402 1600 0.00458156563803387 -0
17500 292926973.559306 4152231.35606593 -1252.00544586435 236.906334666329 1600 0.0046440834841765 -0
19100 290917793.858643 4531194.0686513 -1259.4862645606 236.795055729959 1600 0.00470825617639894 -0
20700 288896562.120293 4909969.00587639 -1267.07094754852 236.671535024842 1600 0.00477414742582327 -0
22300 286863109.951592 5288536.1885064 -1274.76227464984 236.535278068138 1600 0.00484182418075736 -0
23900 284817264.426377 5666874.82666514 -1282.56313381545 236.385765800004 1600 0.00491135683180437 -0
25500 282758847.907585 6044963.27932782 -1290.47652667393 236.22245308614 1600 0.00498281943259874 -0
27100 280687677.860692 6422779.01133167 -1298.50557443511 236.044767110948 1600 0.0050562899375641 -0
28700 278603566.657411 6800298.54772187 -1306.65352417588 235.852105651937 1600 0.00513185045823214 -0
30300 276506321.369002 7177497.42523472 -1314.92375553807 235.64383522506 1600 0.00520958753982116 -0
31900 274395743.548514 7554350.14070266 -1323.31978787093 235.419289089666 1600 0.00528959245995243 -0
33500 272271629.001226 7930830.09614658 -1331.84528785361 235.177765100566 1600 0.00537196155158237 -0
35100 270133767.542471 8306909.54030015 -1340.50407763646 234.91852339346 1600 0.00545679655245349 -0
36700 267981942.742007 8682559.50628739 -1349.30014354378 234.640783888539 1600 0.00554420498361885 -0
38300 265815931.653965 9057749.74514958 -1358.23764538443 234.343723595457 1600 0.00563430055987835 -0
39900 263635504.531398 9432448.65488881 -1367.32092642146 234.026473701101 1600 0.00572720363528424 -0
41500 261440424.524298 9806623.20466478 -1376.55452405701 233.688116419567 1600 0.00582304168723296 -0
43100 259230447.359918 10180238.8537462 -1385.9431812941 233.327681581498 1600 0.00592194984306697 -0
44700 257005321.004081 10553259.4647796 -1395.49185904347 232.944142937395 1600 0.00602407145356953 -0
46300 254764785.302071 10925647.2108968 -1405.20574935038 232.536414146681 1600 0.00612955871825677 -0
47900 252508571.597577 11297362.4761317 -1415.09028962437 232.103344421043 1600 0.00623857336796197 -0
49500 250236402.328005 11668363.7485674 -1425.15117796339 231.643713786943 1600 0.00635128741087944 -0
51100 247947990.59432 12038607.5055726 -1435.39438967392 231.156227928094 1600 0.00646788394900076 -0
52700 245643039.70344 12408048.0904211 -1445.8261950995 230.639512563971 1600 0.00658855807274965 -0
53500 244484266.560105 12592452.3095423 -1451.11486532019 230.36974099133 1600 0.00665048871271478 -0
54300 243321242.6809 12776637.5795006 -1456.45317888169 230.092107315341 1600 0.00671351784262388 -0
55100 242153928.002377 12960597.5321824 -1461.84201139111 229.806414436095 1600 0.00677767367353408 -0
55900 240982281.751712 13144325.6393087 -1467.28226079666 229.512459000665 1600 0.0068429853677761 -0
56700 239806262.428537 13327815.2073359 -1472.77484813568 229.210031158108 1600 0.00690948307876885 -0
57500 238625827.786162 13511059.3721551 -1478.3207183139 228.89891430294 1600 0.00697719799282869 -0
58300 237440934.812153 13694051.0935822 -1483.92084091724 228.578884806466 1600 0.00704616237309005 -0
59100 236251539.708257 13876783.1496274 -1489.5762110579 228.249711735275 1600 0.00711640960566175 -0
59900 235057597.869627 14059248.1305346 -1495.28785025645 227.911156556204 1600 0.00718797424815184 -0
60700 233859063.863329 14241438.4325783 -1501.05680736175 227.562972826981 1600 0.00726089208070286 -0
61500 232655891.406102 14423346.2516082 -1506.88415951064 227.204905871757 1600 0.00733520015968914 -0
62300 231448033.341329 14604963.5763268 -1512.77101312951 226.836692440646 1600 0.00741093687423808 -0
63100 230235441.615186 14786282.1812887 -1518.71850497977 226.458060352356 1600 0.00748814200574897 -0
63900 229018067.251945 14967293.6196061 -1524.7278032498 226.068728118927 1600 0.00756685679059478 -0
64700 227795860.328379 15147989.2153479 -1530.80010869556 225.668404551516 1600 0.00764712398620577 -0
65500 226568769.947232 15328360.0556137 -1536.93665583268 225.256788346121 1600 0.00772898794074772 -0
66300 225336744.20972 15508396.9822697 -1543.13871418269 224.833567648037 1600 0.00781249466662339 -0
67100 224099730.187004 15688090.583326 -1549.4075895764 224.39841959376 1600 0.00789769191804171 -0
67900 222857673.890606 15867431.1839385 -1555.74462551748 223.951009828976 1600 0.0079846292729181 -0
68700 221610520.241704 16046408.8370153 -1562.15120460971 223.490992001177 1600 0.00807335821938798 -0
69500 220358213.039254 16225013.3134058 -1568.6287500513 223.018007225312 1600 0.0081639322472371 -0
70300 219100694.926898 16403234.0916518 -1575.17872720022 222.531683520817 1600 0.00825640694457508 -0
71100 217837907.358583 16581060.3472756 -1581.80264521439 222.031635218209 1600 0.00835084010010337 -0
71900 216569790.56284 16758480.9415809 -1588.50205877124 221.51746233332 1600 0.00844729181135583 -0
72700 215296283.505651 16935484.4099393 -1595.27856987108 220.988749907093 1600 0.00854582459931949 -0
73500 214017323.851842 17112058.9495344 -1602.13382972914 220.445067308715 1600 0.00864650352987475 -0
74300 212732847.924922 17288192.4065323 -1609.06954076178 219.885967499703 1600 0.00874939634252929 -0
75100 211442790.665293 17463872.2626474 -1616.08745867209 219.310986256363 1600 0.00885457358695742 -0
75900 210147085.586755 17639085.6210689 -1623.18939464113 218.719641347859 1600 0.00896210876789805 -0
76700 208845664.731208 17813819.1917101 -1630.37721763119 218.11143166692 1600 0.00907207849900931 -0
77500 207538458.621465 17988059.2757432 -1637.6528568078 217.485836309962 1600 0.00918456266632688 -0
78300 206225396.212082 18161791.7493763 -1645.01830408787 216.842313603191 1600 0.00929964460202681 -0
79100 204906404.83809 18335002.0468283 -1652.47561682205 216.180300070925 800 0.00941741126925231 -0
79900 203581410.16153 18507675.1424546 -1660.02692061936 215.499209342133 800 0.00953795345882799 -0
80700 202250336.115666 18679795.5319714 -1667.67441232364 214.798430990828 800 0.00966136599875566 -0
81500 200913104.846752 18851347.2127243 -1675.42036315112 214.077329305599 800 0.00978774797746276 -0
82300 199569636.653222 19022313.6629431 -1683.26712199997 213.335241983207 800 0.00991720298185922 -0
83100 198219849.922164 19192677.8199181 -1691.21711894285 212.571478740723 800 0.0100498393513516 -0
83900 196863661.062912 19362422.0570329 -1699.27286891479 211.78531984022 800 0.0101857704490657 -0
84700 195500984.437617 19531528.159579 -1707.43697560937 210.976014519555 800 0.0103251149516413 -0
85500 194131732.288608 19699977.2992751 -1715.71213559738 210.142779322191 800 0.0104679971590871 -0
86300 192755814.66236 19867750.0074079 -1724.1011426832 209.284796318418 800 0.0106145473263205 -0
87100 191373139.329885 20034826.1465033 -1732.60689251531 208.401211209651 800 0.0107649020181676 -0
87900 189983611.703319 20201184.8804311 -1741.23238746885 207.491131306761 800 0.0109192044897674 -0
88700 188587134.748495 20366804.6428394 -1749.98074181927 206.553623372579 800 0.0110776050945065 -0
89500 187183608.893245 20531663.1038043 -1758.85518722816 205.587711317817 800 0.0112402617218183 -0
90300 185772931.93119 20695737.1345745 -1767.85907856364 204.59237373867 800 0.0114073402674044 -0
91100 184354998.920729 20859002.7702777 -1776.99590008 203.566541283293 800 0.0115790151386911 -0
91900 182929702.078924 21021435.1704482 -1786.26927198301 202.509093833113 800 0.0117554697986119 -0
92700 181496930.669981 21183008.5772192 -1795.68295741 201.418857483647 800 0.0119368973511199 -0
93500 180056570.887966 21343696.2710148 -1805.24086985605 200.294601307988 800 0.0121235011721807 -0
94300 178608505.733384 21503470.5235593 -1814.94708108057 199.13503388453 800 0.012315495590384 -0
95100 177152614.883238 21662302.5480083 -1824.80582953156 197.938799568657 800 0.0125131066217466 -0
95900 175688774.554123 21820162.4459865 -1834.82152932838 196.704474486125 800 0.0127165727637607 -0
96700 174216857.357895 21977019.1513018 -1844.99877984734 195.430562223618 800 0.0129261458542876 -0
97500 172736732.149417 22132840.3700808 -1855.34237595894 194.115489189462 800 0.0131420920015033 -0
98300 171248263.865834 22287592.5170517 -1865.85731896978 192.757599614693 800 0.0133646925917854 -0
99100 169751313.3568 22441240.6476735 -1876.54882832755 191.355150161547 800 0.0135942453832016 -0
99900 168245737.205001 22593748.3857824 -1887.42235415317 189.906304102967 800 0.013831065693126 -0
100700 166731387.536317 22745077.8463969 -1898.48359067012 188.409125032785 800 0.014075487689484 -0
101500 165208111.818837 22895189.5532896 -1909.73849060836 186.861570061884 800 0.0143278657962356 -0
102300 163675752.649949 23044042.3508923 -1921.19328066797 185.261482450655 800 0.0145885762249536 -0
103100 162134147.530592 23191593.3100648 -1932.85447813605 183.606583622569 800 0.0148580186457721 -0
103900 160583128.62573 23337797.6272062 -1944.72890876058 181.894464497351 800 0.0151366180125906 -0
104700 159022522.509976 23482608.5161377 -1956.82372599552 180.122576075217 800 0.01542482655925 -0
105500 157452149.897233 23625977.0921282 -1969.14643174383 178.288219195577 800 0.0157231259854858 -0
106300 155871825.353105 23767852.247369 -1981.70489873866 176.388533384573 800 0.0160320298538451 -0
107100 154281356.988678 23908180.5171294 -1994.50739471858 174.420484695452 800 0.0163520862214832 -0
107900 152680546.134202 24046905.9357469 -2007.56260856983 172.380852434097 800 0.0166838805338812 -0
108700 151069186.991002 24183969.881512 -2020.87967862856 170.266214648642 800 0.0170280388111155 -0
109500 149447066.259811 24319310.9094054 -2034.46822335788 168.07293224683 800 0.0173852311614431 -0
110300 147813962.743536 24452864.5705292 -2048.33837463987 165.79713158731 800 0.0177561756617342 -0
111100 146169646.922257 24584563.2169439 -2062.50081395116 163.434685371058 800 0.0181416426497923 -0
111900 144513880.498026 24714335.790474 -2076.9668117231 160.98119163606 800 0.0185424594799863 -0
112300 143681626.322032 24778476.6058053 -2084.31733855795 159.718845589562 800 0.0187488995116634 -0
112700 142846415.906735 24842107.5938527 -2091.74827022267 158.431950632683 800 0.0189595158010516 -0
113100 142008216.772859 24905218.8081318 -2099.26120089993 157.119868584594 800 0.0191744302501152 -0
113500 141166995.794394 24967800.0425286 -2106.8577703436 155.781939322144 800 0.0193937694234452 -0
113900 140322719.180034 25029840.8223338 -2114.53966558493 154.417479832444 800 0.0196176647694269 -0
114300 139475352.453905 25091330.3948903 -2122.3086227178 153.025783215964 800 0.0198462528539608 -0
114700 138624860.435577 25152257.7198293 -2130.16642876769 151.606117637117 800 0.0200796756075676 -0
115100 137771207.219296 25212611.4588777 -2138.11492364879 150.157725219061 800 0.0203180805867728 -0
115500 136914356.152426 25272379.9652102 -2146.15600221441 148.679820879242 800 0.020561621250733 -0
115900 136054269.813044 25331551.2723238 -2154.29161640587 147.171591101921 800 0.0208104572541417 -0
116300 135190909.98666 25390113.0824081 -2162.52377750571 145.632192643683 800 0.0210647547575325 -0
116700 134324237.642011 25448052.7541834 -2170.85455850103 144.060751167609 800 0.0213246867561866 -0
117100 133454212.905887 25505357.2901774 -2179.28609656368 142.456359801489 800 0.021590433428946 -0
117500 132580795.036939 25562013.3234097 -2187.82059565394 140.818077615091 800 0.0218621825083387 -0
117900 131703942.398424 25618007.1034494 -2196.46032925528 139.144928011138 800 0.0221401296735375 -0
118300 130823612.429825 25673324.4818112 -2205.20764324793 137.435897024236 800 0.0224244789677957 -0
118700 129939761.617291 25727950.8966523 -2214.06495892977 135.689931521534 800 0.0227154432421404 -0
119100 129052345.462842 25781871.3567271 -2223.03477619359 133.905937298445 800 0.023013244627254 -0
119500 128161318.452269 25835070.4245603 -2232.11967687029 132.082777062191 800 0.0233181150356317 -0
119900 127266634.021657 25887532.1987874 -2241.32232824863 130.219268295415 800 0.0236302966962884 -0
120300 126368244.522472 25939240.2956171 -2250.64548678238 128.314180991415 800 0.023950042724476 -0
120700 125466101.185115 25990177.8293595 -2260.09200199709 126.366235251931 800 0.0242776177290907 -0
121100 124560154.080882 26040327.3919646 -2269.66482060914 124.374098737644 800 0.0246132984606834 -0
121500 123650352.082223 26089671.0315102 -2279.36699087105 122.336383960722 800 0.0249573745032432 -0
121900 122736642.821219 26138190.2295725 -2289.20166715781 120.251645407898 800 0.0253101490132116 -0
122300 121818972.646175 26185865.8774108 -2299.17211481023 118.118376481536 800 0.0256719395094932 -0
122700 120897286.576217 26232678.2508894 -2309.28171525267 115.935006245128 800 0.026043078718578 -0
123100 119971528.253789 26278606.9840566 -2319.53397140368 113.699895958457 400 0.0264239154792673 -0
123500 119041639.89492 26323631.0412924 -2329.93251339955 111.411335386378 400 0.0268148157119192 -0
123900 118107562.237136 26367728.6879322 -2340.48110465268 109.067538863775 400 0.0272161634575911 -0
124300 117169234.484881 26410877.4592644 -2351.18364826792 106.666641097675 400 0.027628361992974 -0
124700 116226594.252292 26453054.1277926 -2362.04419384249 104.20669268579 400 0.0280518350275823 -0
125100 115279577.503172 26494234.6686452 -2373.06694467678 101.685655328883 400 0.0284870279902965 -0
125500 114328118.487998 26534394.2230041 -2384.2562654258 99.1013967122357 400 0.0289344094130584 -0
125900 113372149.677767 26573507.0594156 -2395.61669022363 96.4516850292299 400 0.0293944724203012 -0
126300 112411601.694497 26611546.5328348 -2407.15293131574 93.7341831174653 400 0.0298677363335659 -0
126700 111446403.238165 26648485.0412405 -2418.86988823743 90.946442175041 400 0.030354748401728 -0
127100 110476481.009859 26684293.9796477 -2430.77265757953 88.0858950214756 400 0.0308560856683393 -0
127500 109501759.630898 26718943.6913267 -2442.86654338671 85.1498488642725 400 0.0313723569888023 -0
127900 108522161.557657 26752403.4160225 -2455.15706823719 82.1354775282654 400 0.0319042052114495 -0
128300 107537606.991815 26784641.2349516 -2467.6499850576 79.0398131005797 400 0.0324523095381159 -0
128700 106548013.785727 26815624.0123301 -2480.35128973135 75.8597369392447 400 0.0330173880815025 -0
129100 105553297.342572 26845317.3331698 -2493.26723456442 72.591969988144 400 0.0336002006385378 -0
129500 104553370.510938 26873685.4370501 -2506.40434267853 69.2330623350078 400 0.0342015517011045 -0
129900 103548143.473455 26900691.1475506 -2519.76942340818 65.7793819424608 400 0.0348222937279267 -0
130300 102537523.629046 26926295.7969982 -2533.36958878549 62.227102474637 400 0.0354633307041549 -0
130700 101521415.468361 26950459.1461492 -2547.21227120526 58.5721901334608 400 0.0361256220182906 -0
131100 100499720.441882 26973139.2983923 -2561.30524237116 54.8103894092304 400 0.0368101866896015 -0
131500 99472336.8201829 26994292.6080179 -2575.65663363489 50.9372076394948 400 0.0375181079831646 -0
131900 98439159.5457522 27013873.582052 -2590.27495785095 46.9478982582088 400 0.0382505384542034 -0
132300 97400080.075747 27031834.775107 -2605.16913288247 42.8374426035933 400 0.039008705468536 -0
132700 96354986.2149911 27048126.676643 -2620.34850690798 38.6005301377953 400 0.0397939172518334 -0
133100 95303761.9384634 27062697.5899719 -2635.82288569433 34.2315369140602 400 0.0406075695270973 -0
133500 94246287.2024524 27075493.5022679 -2651.6025620194 29.7245021074086 400 0.0414511528074566 -0
133900 93182437.7434787 27086457.9447692 -2667.69834744772 25.0731024023752 400 0.0423262604201959 -0
134300 92112084.8639997 27095531.8422671 -2684.12160668491 20.2706240058133 400 0.0432345973480585 -0
134700 91035095.203815 27102653.3508835 -2700.88429476223 15.3099320235936 400 0.0441779899855359 -0
135100 89951330.4959858 27107757.6830222 -2717.99899733085 10.1834369066591 400 0.0451583969213148 -0
135500 88860647.3059634 27110776.9182583 -2735.4789743784 4.88305763365637 400 0.0461779208736262 -0
135900 87762896.7524891 27111639.7987862 -2753.3382077164 -0.599818746561851 400 0.0472388219232919 -0
136300 86657924.2086805 27110271.5078857 -2771.59145262938 -6.27438163982317 400 0.0483435322102323 -0
136700 85545568.9815534 27106593.4296853 -2790.25429412356 -12.1504459844944 400 0.0494946722836318 -0
137100 84425663.9680445 27100522.8882924 -2809.3432082669 -18.238506435333 400 0.0506950693244738 -0
137500 83298035.2853867 27091972.8641256 -2828.87562917414 -24.5497972845126 400 0.0519477774925493 -0
137700 82731268.2786686 27086739.5891805 -2838.81388267693 -27.7928832585732 400 0.0525947702857419 -0
137900 82162501.8734078 27080851.6849781 -2848.87002225711 -31.0963588395122 400 0.0532561006893036 -0
138100 81591712.2453656 27074296.9102691 -2859.0465303922 -34.4618670893909 400 0.0539322248980277 -0
138300 81018875.0663654 27067062.6892338 -2869.34596446249 -37.8911110969411 400 0.0546236180735718 -0
138500 80443965.4890202 27059136.0992028 -2879.77095969664 -41.3858567464611 400 0.0553307753205687 -0
138700 79866958.130856 27050503.8578078 -2890.3242322602 -44.9479356415533 400 0.0560542127227654 -0
138900 79287827.0578036 27041152.309532 -2901.00858249528 -48.5792481939094 400 0.056794468443492 -0
139100 78706545.7670256 27031067.4116249 -2911.8268983203 -52.2817668881226 400 0.0575521038951187 -0
139300 78123087.1690474 27020234.7193456 -2922.78215879906 -56.0575397343487 400 0.0583277049825408 -0
139500 77537423.5691564 27008639.3704961 -2933.87743788934 -59.9086939215577 400 0.059121883426156 -0
139700 76949526.6480322 26996266.0692023 -2945.11590838157 -63.8374396851106 400 0.0599352781702597 -0
139900 76359367.4415699 26983099.0688986 -2956.50084603932 -67.8460744034862 400 0.0607685568832877 -0
140100 75766916.3198536 26969122.1544702 -2968.03563395361 -71.9369869401627 400 0.0616224175568923 -0
140300 75172142.9652365 26954318.6234994 -2979.72376712441 -76.1126622479531 400 0.062497590211444 -0
140500 74575016.3494813 26938671.2665645 -2991.56885728333 -80.3756862544997 400 0.0633948387162205 -0
140700 73975504.7099101 26922162.3465309 -3003.57463797258 -84.7287510491741 400 0.0643149627332777 -0
140900 73373575.5245117 26904773.5767739 -3015.74496989646 -89.1746603933142 400 0.0652587997948056 -0
141100 72769195.4859505 26886486.098264 -3028.0838465628 -93.7163355775693 400 0.0662272275246625 -0
141300 72162330.4744158 26867280.455445 -3040.59540023288 -98.3568216521463 400 0.0672211660157618 -0
141500 71552945.5292488 26847136.5708252 -3053.2839082001 -103.099294057963 400 0.0682415803760662 -0
141700 70941004.8192795 26826033.7182012 -3066.15379941875 -107.947065689144 400 0.069289483457145 -0
141900 70326471.6118006 26803950.4944222 -3079.20966150638 -112.903594419964 400 0.0703659387805663 -0
142100 69709308.240102 26780864.7895998 -3092.45624814447 -117.972491132277 400 0.0714720636788674 -0
142300 69089476.0694819 26756753.7556594 -3105.89848690466 -123.157528282718 400 0.0726090326694633 -0
142500 68466935.4616496 26731593.7731201 -3119.54148752925 -128.46264905249 400 0.0737780810816582 -0
142700 67841645.7374223 26705360.4159832 -3133.39055069768 -133.891977126516 400 0.0749805089589222 -0
142900 67213565.1376181 26678028.4145964 -3147.45117731256 -139.449827153062 200 0.076217685260823 -0
143100 66582650.7820373 26649571.6163554 -3161.72907834192 -145.140715939714 200 0.0774910523914742 -0
143300 65948858.6264151 26619962.9440857 -3176.23018525733 -150.969374446934 200 0.0788021310841278 -0
143500 65312143.4172248 26589174.3519416 -3190.96066111056 -156.940760646278 200 0.0801525256746167 -0
143700 64672458.6441969 26557176.7786404 -3205.9269122952 -163.060073316902 200 0.0815439297997966 -0
143900 64029756.490414 26523940.0978372 -3221.13560104352 -169.332766861217 200 0.0829781325609944 -0
144100 63383987.7798284 26489433.065427 -3236.59365871299 -175.764567228625 200 0.0844570251967814 -0
144300 62735101.9220375 26453623.2635435 -3252.30829992174 -182.361489045244 200 0.0859826083142427 -0
144500 62083046.854143 26416477.0410018 -3268.28703759713 -189.129854057533 200 0.0875569997333527 -0
144700 61427768.9795029 26377959.4499123 -3284.53769900742 -196.07631100891 200 0.0891824430051937 -0
144900 60769213.1031724 26338034.1781636 -3301.06844285252 -203.207857080923 200 0.0908613166716611 -0
145100 60107322.3638142 26296663.4774504 -3317.88777749669 -210.531861044558 200 0.0925961443420837 -0
145300 59442038.1618405 26253808.0864853 -3335.00458043351 -218.056088282896 200 0.094389605671 -0
145500 58773300.0835302 26209427.1490052 -3352.42811908153 -225.788727863954 200 0.0962445483312943 -0
145700 58101045.8208462 26163478.1261413 -3370.16807301827 -233.738421862336 200 0.098164001088206 -0
145900 57425211.0866508 26115916.7026816 -3388.23455776995 -241.914297150566 200 0.100151188092562 -0
146100 56745729.5249983 26066696.6867086 -3406.63815028565 -250.325999906146 200 0.102209544526189 -0
146300 56062532.6161518 26015769.9020403 -3425.38991623651 -258.983733108732 200 0.104342733749119 -0
146500 55375549.5759456 25963086.0728484 -3444.50143929417 -267.898297333946 200 0.1065546661172 -0
146700 54684707.2490796 25908592.6997592 -3463.98485255751 -277.081135186762 200 0.108849519660478 -0
146900 53989929.9958982 25852234.9266729 -3483.85287231331 -286.544379758712 200 0.111231762837637 -0
147100 53291139.5721672 25793955.397453 -3504.11883433455 -296.300907540177 200 0.113706179610394 -0
147300 52588255.0013185 25733694.1015479 -3524.7967329405 -306.364396272616 200 0.116277897114685 -0
147500 51881192.4385861 25671388.2075033 -3545.90126306529 -316.749388286727 200 0.118952416243428 -0
147700 51169865.0264056 25606971.8832075 -3567.44786560627 -327.471359942501 200 0.121735645499515 -0
147900 50454182.7403912 25540376.1015815 -3589.45277635177 -338.546797867343 200 0.124633938528493 -0
148100 49734052.2251414 25471528.4302764 -3611.93307881812 -349.993282780514 200 0.127654135799311 -0
148300 49009376.6190574 25400352.8037741 -3634.90676136047 -361.829581798183 200 0.130803610970097 -0
148500 48280055.3672777 25326769.2760951 -3658.39277895992 -374.07575023566 200 0.134090322555873 -0
148700 47545984.0217514 25250693.7521009 -3682.41112013187 -386.753244064775 200 0.137522871608562 -0
148900 46807054.0273773 25172037.6951311 -3706.98287944764 -399.885044348172 200 0.141110566229158 -0
149100 46063152.4930322 25090707.8084312 -3732.13033621375 -413.495795162651 200 0.144863493860582 -0
149300 45314161.9461979 25006605.6875047 -3757.87703991173 -427.611956745227 200 0.148792602461353 -0
149500 44559960.0697689 24919627.4401502 -3784.24790306552 -442.261975854334 200 0.152909791839239 -0
149600 44180865.2650346 24875025.7006238 -3797.67557698941 -449.796661063901 200 0.155042920858777 -0
149700 43800419.4194419 24829663.2704688 -3811.26930226938 -457.476475634222 200 0.157228016636631 -0
149800 43418605.7515265 24783525.4279458 -3825.03262278966 -465.305622297727 200 0.159466882408136 -0
149900 43035407.1201785 24736597.0229135 -3838.96918822482 -473.288467668109 200 0.161761402709304 -0
150000 42650806.0138655 24688862.460041 -3853.08275803385 -481.429550298813 200 0.16411354789339 -0
150100 42264784.5394468 24640305.6811917 -3867.37720563257 -489.733589220714 200 0.166525378946095 -0
150200 41877324.4105616 24590910.1469271 -3881.85652275313 -498.205492992462 200 0.16899905262233 -0
150300 41488406.9355707 24540658.8170788 -3896.52482400009 -506.850369299647 200 0.171536826929492 -0
150400 41098013.0050338 24489534.1303316 -3911.38635161257 -515.673535141898 200 0.174141066984386 -0
150500 40706123.078698 24437517.9827569 -3926.44548044305 -524.680527650204 200 0.176814251273383 -0
150600 40312717.1719787 24384591.70523 -3941.70672316321 -533.877115580265 200 0.17955897834803 -0
150700 39917774.8419076 24330736.0396639 -3957.17473570843 -543.269311531502 200 0.182377973991324 -0
150800 39521275.172523 24275931.1139811 -3972.85432297246 -552.863384945549 200 0.185274098893046 -0
150900 39123196.7596791 24220156.4157449 -3988.75044476485 -562.66587594263 200 0.188250356876169 -0
151000 38723517.6952449 24163390.7643625 -4004.86822204384 -572.683610059276 200 0.191309903720287 -0
151100 38322215.5506654 24105612.2817666 -4021.2129434383 -582.923713956334 200 0.194456056632389 -0
151200 37919267.3598563 24046798.3614738 -4037.79007207278 -593.393632172328 200 0.19769230442013 -0
151300 37514649.6013997 23986925.635913 -4054.60525271013 -604.101145003856 200 0.201022318428125 -0
151400 37108338.1800096 23925969.9419052 -4071.66431922699 -615.054387602087 200 0.204449964303717 -0
151500 36700308.4072318 23863906.284169 -4088.97330243776 -626.261870382502 200 0.207979314665298 -0
151600 36290534.9813446 23800708.7967146 -4106.53843828329 -637.73250085393 200 0.21161466275357 -0
151700 35878991.9664201 23736350.7019802 -4124.36617640094 -649.475606982806 200 0.215360537154325 -0
151800 35465652.77051 23670804.2675487 -4142.46318909308 -661.500962219417 200 0.21922171769042 -0
151900 35050490.1229133 23604040.7602741 -4160.83638071152 -673.818812324993 200 0.223203252590754 -0
152000 34633476.050484 23536030.3976281 -4179.49289747544 -686.439904151769 100 0.22731047705542 -0
152100 34214581.8529349 23466742.2960643 -4198.44013774071 -699.375516542969 100 0.231549033348861 -0
152200 33793778.0770911 23396144.4161792 -4217.68576273825 -712.637493536031 100 0.235924892567062 -0
152300 33371034.490045 23324203.5044289 -4237.23770779897 -726.238280070607 100 0.240444378240723 -0
152400 32946320.0511644 23250885.0311411 -4257.10419408229 -740.19096042316 100 0.245114191954201 -0
152500 32519602.8829017 23176153.1245369 -4277.29374082445 -754.509299612503 100 0.249941441180106 -0
152600 32090850.2403515 23099970.5004522 -4297.81517812168 -769.207788045829 100 0.254933669552002 -0
152700 31660028.4795024 23022298.3874209 -4318.6776602615 -784.301689702814 100 0.260098889823138 -0
152800 31227103.0241285 22943096.4467483 -4339.89067961346 -799.807094186796 100 0.265445619787865 -0
152900 30792038.3312627 22862322.6871721 -4361.46408108751 -815.740973007145 100 0.270982921474857 -0
153000 30354797.855196 22779933.3736658 -4383.40807716448 -832.121240496281 100 0.276720443958019 -0
153100 29915344.0099449 22695882.9299009 -4405.73326349842 -848.966819808978 100 0.282668470172629 -0
153200 29473638.1301309 22610123.8338347 -4428.45063508441 -866.297714501164 100 0.288837968171545 -0
153300 29029640.4302141 22522606.505838 -4451.57160297802 -884.135086241281 100 0.295240647310106 -0
153400 28583309.9620297 22433279.1887197 -4475.10801154295 -902.501339270078 100 0.301889019909577 -0
153500 28134604.570574 22342087.8189401 -4499.07215619198 -921.420212295709 100 0.308796469018885 -0
153600 27683480.8479931 22248975.8882311 -4523.47680157182 -940.916878591054 100 0.315977322974172 -0
153700 27229894.0857353 22153884.2947609 -4548.33520012486 -961.018055150913 100 0.323446937547092 -0
153800 26773798.2248298 22056751.1828908 -4573.66111093897 -981.752121869383 100 0.331221786577482 -0
153900 26315145.8042728 21957511.7704692 -4599.46881877036 -1003.14925181431 100 0.339319562106359 -0
154000 25853887.9075075 21856098.1624928 -4625.77315309148 -1025.24155380819 100 0.347759285163582 -0
154100 25389974.1070058 21752439.1498388 -4652.58950697692 -1048.06322867563 100 0.356561428524068 -0
154200 24923352.406979 21646459.9916263 -4679.93385559141 -1071.65074068939 100 0.365748052930666 -0
154300 24453969.1842728 21538082.179601 -4707.82277398531 -1096.0430059434 100 0.375342958494991 -0
154400 23981769.12753 21427223.182757 -4736.27345383067 -1121.28159960532 100 0.385371853234601 -0
154500 23506695.1747538 21313796.1701982 -4765.3037186432 -1147.41098425872 100 0.395862540991951 -0
154600 23028688.4494451 21197709.7100073 -4794.93203692781 -1174.47876183965 100 0.406845131314641 -0
154700 22547688.195559 21078867.4416253 -4825.17753255426 -1202.53595201153 100 0.418352274266056 -0
154800 22063631.7115965 20957167.7189383 -4856.05999150853 -1231.63730021263 100 0.430419423590887 -0
154900 21576454.2842448 20832503.2209243 -4887.59986396892 -1261.84161906011 100 0.443085132193179 -0
155000 21086089.1220972 20704760.5263191 -4919.81826041421 -1293.21216731453 100 0.456391384510464 -0
155100 20592467.2901247 20573819.6483105 -4952.73694017506 -1325.81707120967 100 0.470383971103488 -0
155150 20344412.9788197 20507110.4748919 -4969.46585858105 -1342.60514129598 100 0.47765309303183 -0
155200 20095517.64573 20439553.524694 -4986.37829046804 -1359.72979362822 100 0.48511291165058 -0
155250 19845772.0430499 20371131.7176767 -5003.4771269632 -1377.20113076723 100 0.492770418713977 -0
155300 19595166.7775518 20301827.4586958 -5020.76529354191 -1395.02965753264 100 0.500632933549018 -0
155350 19343692.3089138 20231622.6168986 -5038.24574813446 -1413.22630084123 100 0.508708121659577 -0
155400 19091338.9481521 20160498.5040992 -5055.92147891281 -1431.80243070368 100 0.517004014566607 -0
155450 18838096.8561707 20088435.8520735 -5073.79550172091 -1450.76988245734 100 0.525529030978025 -0
155500 18583956.0424505 20015414.7887093 -5091.87085710764 -1470.14098031814 100 0.534291999389709 -0
155550 18328906.3638976 19941414.8129449 -5110.15060691727 -1489.92856234111 100 0.543302182227735 -0
155600 18072937.5238734 19866414.7684217 -5128.63783038697 -1510.14600688575 100 0.552569301651354 -0
155650 17816039.0714344 19790392.8157741 -5147.33561969524 -1530.80726068964 100 0.562103567146542 -0
155700 17558200.4008086 19713326.4034733 -5166.247074899 -1551.92686866163 100 0.571915705051217 -0
155750 17299410.7511424 19635192.2371356 -5185.37529818966 -1573.52000551452 100 0.582016990165583 -0
155800 17039659.2065532 19555966.2472011 -5204.72338739079 -1595.60250936612 100 0.592419279614529 -0
155850 16778934.6965272 19475623.5548793 -5224.29442861108 -1618.19091744778 100 0.603135049143849 -0
155900 16517225.996709 19394138.4362543 -5244.09148795602 -1641.30250407003 100 0.614177432048249 -0
155950 16254521.7301299 19311484.2844317 -5264.11760219102 -1664.95532100674 100 0.625560260946896 -0
156000 15990810.368933 19227633.5696021 -5284.37576823565 -1689.16824047168 100 0.637298112641747 -0
156050 15726080.2366544 19142557.7968871 -5304.86893135482 -1713.96100087507 100 0.64940635631532 -0
156100 15460319.5111316 19056227.4618242 -5325.59997189682 -1739.35425556218 100 0.661901205348003 -0
156150 15193516.2281137 18968612.0033349 -5346.57169041017 -1765.36962475227 100 0.674799773060817 -0
156200 14925658.2856615 18879679.754012 -5367.78679095132 -1792.02975091284 100 0.688120132717787 -0
156250 14656733.4494304 18789397.8875461 -5389.24786237225 -1819.35835782312 100 0.701881382153185 -0
156300 14386729.3589451 18697732.3631017 -5410.9573573519 -1847.3803136002 50 0.716103713422995 -0
156350 14115633.5349845 18604647.8664365 -5432.91756890613 -1876.1216979831 50 0.730808487917443 -0
156400 13843433.3882099 18510107.7475436 -5455.13060407851 -1905.60987419283 50 0.746018317412537 -0
156450 13570116.2291869 18414073.9545793 -5477.5983544774 -1935.87356571156 50 0.761757151583764 -0
156500 13295669.2799656 18316506.9638208 -5500.32246328306 -1966.94293835051 50 0.778050372554653 -0
156550 13020079.6874088 18217365.7053809 -5523.30428830139 -1998.84968800466 50 0.794924897107291 -0
156600 12743334.5384756 18116607.4843832 -5546.5448605873 -2031.62713452297 50 0.812409287241534 -0
156650 12465420.8776953 18014187.8972817 -5570.04483810025 -2065.31032215492 50 0.830533869835005 -0
156700 12186325.7270959 17910060.7429833 -5593.80445378548 -2099.93612706875 50 0.84933086622748 -0
156750 11906036.1088815 17804177.9284068 -5617.8234573962 -2135.5433724731 50 0.868834532631483 -0
156800 11624539.0711911 17696489.3680839 -5642.1010502833 -2172.17295191164 50 0.889081312356296 -0
156850 11341821.7173117 17586942.877378 -5666.63581227773 -2209.86796134032 50 0.91011000092559 -0
156900 11057871.2387655 17475484.0588669 -5691.42561967553 -2248.67384063798 50 0.931961925270061 -0
156950 10772674.9527431 17362056.1813996 -5716.46755320432 -2288.63852524314 50 0.954681138286066 -0
157000 10486220.3444152 17246600.051302 -5741.75779470017 -2329.81260865261 50 0.978314630169736 -0
157050 10198495.1147222 17129053.8751714 -5767.29151105311 -2372.24951655973 50 1.00291255806349 -0
157100 9909487.23431834 17009353.1136553 -5793.06272378453 -2416.00569345106 50 1.02852849568823 -0
157150 9619185.00443487 16887430.3255708 -5819.06416239665 -2461.14080251848 50 1.05521970477949 -0
157200 9327577.1255244 16763215.001678 -5845.28709938012 -2507.71793977719 50 1.08304743029873 -0
157250 9034652.7746632 16636633.3873724 -5871.72116447421 -2555.80386330713 50 1.1120772215502 -0
157300 8740401.6928153 16507608.2935185 -5898.35413544145 -2605.46923855132 50 1.14237928149805 -0
157350 8444814.28320923 16376058.8945963 -5925.17170223741 -2656.78890060794 50 1.17402884674345 -0
157400 8147881.72224435 16241900.5132909 -5952.15720102092 -2709.84213443623 50 1.20710660078436 -0
157450 7849596.0845341 16105044.3906038 -5979.29131395122 -2764.71297385429 50 1.24169912333369 -0
157500 7549950.4839096 15965397.4405286 -6006.55173014883 -2821.49052013138 50 1.27789937860807 -0
157550 7248939.23245469 15822861.9882924 -6033.91276254518 -2880.26928085731 50 1.31580724560591 -0
157600 6946558.01992484 15677335.4911358 -6061.34491460205 -2941.14952959396 50 1.35553009345643 -0
157650 6642804.11622462 15528710.240585 -6088.8143900327 -3004.23768656264 50 1.3971834049187 -0
157700 6337676.59998505 15376873.0451644 -6116.28253768955 -3069.64672027408 50 1.44089145101511 -0
157750 6031176.61670106 15221704.8925148 -6143.70522268353 -3137.49656953935 50 1.48678801956084 -0
157800 5723307.67036658 15063080.5899251 -6171.03211355303 -3207.91458467667 50 1.53501719995337 -0
157850 5414075.9530882 14900868.3823627 -6198.20587389052 -3281.03598590905 50 1.58573422595177 -0
157875 5258951.81616295 14818373.7471114 -6211.7152738484 -3318.65498059588 50 1.61207745955889 -0
157900 5103490.71780027 14734929.5471565 -6225.1612452635 -3357.00433583395 50 1.63910637723649 -0
157925 4947694.36200879 14650517.2830813 -6238.53422231152 -3396.10337958387 50 1.66684392858259 -0
157950 4791564.6997706 14565117.9650276 -6251.8240064011 -3435.97202172993 50 1.69531393911176 -0
157975 4635103.94536134 14478712.0979582 -6265.01972567414 -3476.63076921697 50 1.7245411432283 -0
158000 4478314.59371555 14391279.6665428 -6278.10979185458 -3518.10074103476 50 1.75455121794077 -0
158025 4321199.43890574 14302800.119672 -6291.0818542735 -3560.40368295575 50 1.78537081724357 -0
158050 4163761.59380804 14213252.3546068 -6303.92275088808 -3603.56198191791 50 1.81702760707281 -0
158075 4006004.51103185 14122614.700775 -6316.61845610183 -3647.59867992852 50 1.84955030072252 -0
158100 3847932.00519626 14030864.9032266 -6329.15402518279 -3692.53748734712 50 1.88296869458281 -0
158125 3689548.27664052 13937980.1057672 -6341.51353506618 -3738.40279538562 50 1.91731370403364 -0
158150 3530857.93666219 13843936.83379 -6353.68002131663 -3785.21968764132 50 1.95261739929551 -0
158175 3371866.03438151 13748710.9768343 -6365.63541101504 -3833.0139504537 50 1.98891304100194 -0
158200 3212578.0853372 13652277.7709019 -6377.36045132427 -3881.8120818476 50 2.02623511521612 -0
158225 3053000.10192472 13554611.7805701 -6388.83463347781 -3931.6412987943 50 2.06461936756674 -0
158250 2893138.62579481 13455686.8809481 -6400.03611192629 -3982.52954248719 50 2.10410283612307 -0
158275 2733000.76233674 13355476.239529 -6410.94161836778 -4034.5054812897 50 2.14472388256766 -0
158300 2572594.21737764 13253952.2980016 -6421.52637038074 -4087.5985109703 50 2.18652222115463 -0
158325 2411927.33623656 13151086.7540947 -6431.76397437226 -4141.83875179098 50 2.22953894486207 -0
158350 2251009.14527875 13046850.5435385 -6441.62632255096 -4197.2570419627 50 2.27381654805705 -0
158375 2089849.39612352 12941213.8222403 -6451.08348363236 -4253.88492692215 50 2.31939894489026 -0
158400 1928458.61266571 12834145.9487876 -6460.10358698692 -4311.75464381914 50 2.36633148252313 -0
158425 1766848.14107846 12725615.4674049 -6468.65269994715 -4370.89910053188 50 2.4146609481618 -0
158450 1605030.20297165 12615590.0915124 -6476.69469800126 -4431.35184844837 50 2.46443556872829 -0
158475 1443017.95188707 12504036.6880508 -6484.19112761826 -4493.14704816509 50 2.51570500183839 -0
158500 1280825.53331751 12390921.2627627 -6491.10106147379 -4556.3194271591 50 2.56852031657568 -0
158525 1118468.14844238 12276208.9466432 -6497.38094587933 -4620.9042283855 50 2.62293396235162 -0
158550 955962.121776559 12159863.9838005 -6502.98444026124 -4686.93714863927 25 2.67899972391934 -0
158575 793324.972932844 12041849.7209989 -6507.86224859206 -4754.4542653977 25 2.73677266036405 -0
158600 630575.492699539 11922128.5991899 -6511.96194274717 -4823.49195072719 25 2.79630902562257 -0
158625 467733.823634529 11800662.1473724 -6515.22777784775 -4894.08677069647 25 2.85766616778881 -0
158650 304821.545374326 11677410.979167 -6517.60049975872 -4966.27536858586 25 2.92090240413873 -1.23916663596172e-306
158675 141861.76485076 11552334.7925318 -6519.01714504119 -5040.09433002207 25 2.98607686845812 -6.18663037140067e-299
158700 -21120.7884014047 11425392.3730971 -6519.41083381683 -5115.58002799837 25 3.05324932687874 -2.92747930099266e-291
158725 -184099.661676363 11296541.6016483 -6518.71055619023 -5192.76844556423 25 3.12247995802449 -1.30668838308094e-283
158750 -347046.573118017 11165739.466346 -6516.84095309943 -5271.69497378713 25 3.19382909284107 -5.47391398722222e-276
158775 -509931.300203832 11032942.0803327 -6513.72209272877 -5352.3941824061 25 3.26735690903391 -2.14071002232348e-268
158800 -672721.56259825 10898104.7054432 -6509.26924392828 -5434.89956041399 25 3.34312307457484 -7.77156362090346e-261
158825 -835382.899322539 10761181.7828062 -6503.39264844438 -5519.2432236291 25 3.42118633426638 -2.60357639719671e-253
158850 -997878.540238238 10622126.9712025 -6495.99729418457 -5605.45558615227 25 3.50160403288295 -7.99873465043522e-246
158875 -1160169.27190276 10480893.194121 -6486.98269221936 -5693.56499246013 25 3.58443156795591 -2.23866404730758e-238
158900 -1322213.29793002 10337432.6965393 -6476.24266077452 -5783.59730676861 25 3.66972176485079 -5.66817844199174e-231
158925 -1483966.09407793 10191697.1125415 -6463.66512009048 -5875.57545622427 25 3.7575241664243 -1.28881493640689e-223
158950 -1645380.25839014 10043637.5449673 -6449.13190272978 -5969.51892445862 25 3.84788422927353 -2.61133879880275e-216
158975 -1806405.35684361 9893204.65838053 -6432.5185847 -6065.44319208843 25 3.9408424184365 -4.67643239297825e-209
159000 -1966987.76509853 9740348.78672146 -6413.69434363275 -6163.35912088326 25 4.03643319241356 -7.3385518695916e-202
159025 -2127070.50711474 9585020.05709121 -6392.52185121703 -6263.27227857262 25 4.13468387060627 -1.00004724767193e-194
159050 -2286593.09159193 9427168.53118618 -6368.85720812566 -6365.1822016551 25 4.2356133757732 -1.17222891055444e-187
159075 -2445491.34741041 9266744.36595944 -6342.54993078817 -6469.08159413121 25 4.33923084495272 -1.17015451049858e-180
159100 -2603697.25949761 9103697.99512944 -6313.4430005391 -6574.95546084232 25 4.44553410358089 -9.84357234695006e-174
159125 -2761138.80682416 8937980.33317725 -6281.37298688729 -6682.78017509671 25 4.55450799932806 -6.90171476974616e-167
159150 -2917739.80454196 8769543.00346602 -6246.17025788021 -6792.52248153855 25 4.66612259458941 -3.98696183153578e-160
159175 -3073419.75261664 8598338.59207373 -6207.65929173877 -6904.13843680535 25 4.78033121969625 -1.87481625734088e-153
159200 -3228093.69367494 8424320.92884244 -6165.65910506054 -7017.57229246305 25 4.89706839287332 -7.08627330216023e-147
159225 -3381672.08318295 8247445.39700754 -6119.98381386781 -7132.75532704129 25 5.01624761785463 -2.12465041069495e-140
159250 -3534060.67548794 8067669.27256564 -6070.44334453083 -7249.60463674338 25 5.13775907598077 -4.98413816006145e-134
159275 -3685160.4296884 7884952.09426197 -6016.8443120276 -7368.02189759595 25 5.26146723660182 -9.01783979945675e-128
159300 -3834867.43973449 7699256.06471434 -5958.99108299571 -7487.89211543635 25 5.38720841774147 -1.23981577948671e-121
159325 -3983072.89359152 7510546.48273077 -5896.68704045788 -7609.08238419347 25 5.5147883382239 -1.27539645119342e-115
159350 -4129663.06670692 7318792.20631204 -5829.73606581459 -7731.4406773569 25 5.64397971274324 -9.66100781359823e-110
159375 -4274519.35538555 7123966.14514903 -5757.94425154056 -7854.79470226721 25 5.77451995249367 -5.30050959482396e-104
159400 -4417518.35597726 6926045.78062278 -5681.12185483521 -7978.95085177597 25 5.90610904569112 -2.07082768738457e-98
159425 -4558531.99598421 6725013.71038989 -5599.08549810971 -8103.69329274203 25 6.03840770418758 -5.66126856784569e-93
159450 -4697427.72327467 6520858.21358967 -5511.66061650777 -8228.78323552231 25 6.17103587383563 -1.06379215704535e-87
159475 -4834068.75950936 6313573.83155197 -5418.6841455566 -8353.95843279103 25 6.30357171657101 -1.34909493415945e-82
159500 -4968314.42360936 6103161.95763264 -5320.00743348222 -8478.93295933227 25 6.43555118044499 -1.13346076464919e-77
159525 -5100020.53058635 5889631.42848379 -5215.49935273257 -8603.39732649572 25 6.56646827900882 -6.19128923479967e-73
159550 -5229039.87028081 5672999.10771567 -5105.04957396511 -8727.0189853424 25 6.69577620236295 -2.15740032195803e-68
159575 -5355222.76948295 5453290.45157397 -4988.57195342875 -8849.44327067543 25 6.82288937761642 -4.70534745970543e-64
159587.5 -5417203.26516491 5342292.93508977 -4928.05324219959 -8910.08985980384 25 6.88543008766903 -5.79474890668942e-62
159600 -5478417.739586 5230540.04499061 -4866.00797171581 -8970.29483359582 25 6.94718658519804 -6.30255154270548e-60
159612.5 -5538847.09333273 5118037.61179281 -4802.43370389253 -9030.00836338901 25 7.0080763467257 -6.03971744667047e-58
159625 -5598472.20983584 5004792.09531933 -4737.33014871181 -9089.17960339255 25 7.06801521892982 -5.08770786068342e-56
159637.5 -5657273.9828446 4890810.59684723 -4670.69926336684 -9147.75678285388 25 7.12691761819219 -3.75862502836818e-54
159650 -5715233.3451158 4776100.87004658 -4602.54534732558 -9205.68730726667 25 7.18469674940759 -2.42965131373738e-52
159662.5 -5772331.29826108 4660671.33059792 -4532.87513245817 -9262.91786856889 25 7.24126484380895 -1.3711549716151e-50
159675 -5828548.94368541 4544531.06437677 -4461.69786735069 -9319.39456419926 25 7.29653341535914 -6.7404810897493e-49
159687.5 -5883867.51453857 4427689.83409559 -4389.02539491543 -9375.06302479368 25 7.35041353504295 -2.88010050230815e-47
159700 -5938268.4085902 4310158.08429717 -4314.87222240365 -9429.86855021283 25 7.40281612216589 -1.06734764746043e-45
159712.5 -5991733.22192784 4191946.94459757 -4239.25558293285 -9483.75625349731 25 7.45365225153178 -3.42353854544153e-44
159725 -6044243.78336655 4073068.23108271 -4162.19548765756 -9536.67121225039 25 7.50283347513287 -9.48478812386228e-43
159737.5 -6095782.18944776 3953534.44576926 -4083.71476774062 -9588.55862685029 25 7.55027215674727 -2.26516377540303e-41
159750 -6146330.83989472 3833358.77404879 -4003.83910532212 -9639.36398479603 25 7.59588181760241 -4.65429688241762e-40
159762.5 -6195872.47338253 3712555.08004335 -3922.59705273548 -9689.03323039486 25 7.63957749103542 -8.21263373299833e-39
159775 -6244390.20347111 3591137.89981108 -3840.02003928452 -9737.51293890624 25 7.68127608386456 -1.24224300374066e-37
159787.5 -6291867.55454209 3469122.43235228 -3756.14236497247 -9784.75049416923 25 7.72089674198619 -1.60797989816035e-36
159800 -6338288.49757286 3346524.52837874 -3671.00118066227 -9830.69426865854 25 7.75836121753259 -1.77825129429522e-35
159812.5 -6383637.48557572 3223360.67682306 -3584.63645424801 -9875.29380484116 25 7.79359423477233 -1.67752414291113e-34
159825 -6427899.48852492 3099647.98907906 -3497.09092252717 -9918.49999664191 25 7.82652385181112 -1.34793878917395e-33
159837.5 -6471060.02759179 2975404.18097967 -3408.41002858385 -9960.26526977399 25 7.85708181506055 -9.21296903550922e-33
159850 -6513105.20850613 2850647.5525344 -3318.64184462069 -10000.5437596516 25 7.88520390338923 -5.34934660261258e-32
159862.5 -6554021.75386246 2725396.96546487 -3227.83698031151 -10039.2914855758 25 7.91083025885728 -2.63548218271708e-31
159875 -6593797.03419106 2599671.8185931 -3136.04847688584 -10076.466519876 25 7.93390570096465 -1.10054686399643e-30
159887.5 -6632419.0976178 2473492.02115403 -3043.33168729809 -10112.0291506936 25 7.95438002141619 -3.89155082322632e-30
159900 -6669876.69794155 2346877.9641196 -2949.74414297632 -10145.9420371186 25 7.97220825652374 -1.16419606685235e-29
159912.5 -6706159.32096527 2219850.48963796 -2855.34540778608 -10178.1703554279 25 7.98735093452656 -2.94435657394791e-29
159925 -6741257.2089258 2092430.85870672 -2760.19691998173 -10208.6819352311 25 7.9997742953153 -6.29123874662955e-29
159937.5 -6775161.38287751 1964640.7172131 -2664.36182304755 -10237.4473844014 25 8.00945048028924 -1.13509946163066e-28
159950 -6807863.66289732 1836502.06048822 -2567.90478645356 -10264.4402017571 25 8.01635769035787 -1.7286406475832e-28
159962.5 -6839356.68599202 1708037.19653417 -2470.89181746191 -10289.6368765623 25 8.0204803104134 -2.221369195186e-28
159975 -6869633.92160365 1579268.70809409 -2373.39006521896 -10313.0169740316 25 8.02180899894358 -2.4082726496323e-28
159987.5 -6898689.68462451 1450219.41374454 -2275.46761845273 -10334.5632061484 25 8.02034074182092 -2.20259595497792e-28
160000 -6926519.14585086 1320912.32819743 -2177.19329816414 -10354.2614872479 25 8.01607886968694 -1.69955604401096e-28
160012.5 -6953118.33982118 1191370.6220045 -2078.63644675274 -10372.1009739564 25 8.00903303874318 -1.10658945142582e-28
160025 -6978484.17000412 1061617.58086181 -1979.86671505129 -10388.0740892298 25 7.99921917515707 -6.08160678226132e-29
160037.5 -7002614.41131895 931676.564713737 -1880.95384875951 -10402.1765303888 25 7.98665938368325 -2.82235991951254e-29
160050 -7025507.70999043 801570.966856358 -1781.96747576423 -10414.4072611979 25 7.97138182148319 -1.10662559194026e-29
160062.5 -7047163.58075842 671324.173238624 -1682.97689581192 -10424.7684881914 25 7.95342053849124 -3.66830225999983e-30
160075 -7067582.40148053 540959.522156171 -1584.05087396054 -10433.2656215915 25 7.93281528601714 -1.02881296925319e-30
160087.5 -7086765.40518375 410500.264527473 -1485.25743918114 -10439.9072213096 25 7.90961129558868 -2.44339390250734e-31
160100 -7104714.6696375 279969.524935055 -1386.66368940823 -10444.7049286496 25 7.883859030318 -4.91883201682258e-32
160112.5 -7121433.10453658 149390.263605967 -1288.33560425108 -10447.6733844556 25 7.85561391131737 -8.40259252148856e-33
160125 -7136924.4363967 18785.239495745 -1190.33786647971 -10448.8301345568 25 7.82493602189228 -1.21944737993497e-33
160137.5 -7151193.19127875 -111823.025371182 -1092.73369328921 -10448.195523456 25 7.7918897923985 -1.50546179828906e-34
160150 -7164244.67546956 -242412.280164037 -995.584678227762 -10445.7925772921 25 7.75654366876474 -1.58319002533831e-35
160162.5 -7176084.95425758 -372960.577983919 -898.950644548861 -10441.6468771726 25 7.71896976775301 -1.42033993660094e-36
160175 -7186720.82895013 -503446.306964444 -802.889510618292 -10435.7864240228 25 7.67924352205612 -1.08874126314231e-37
160187.5 -7196159.81228625 -633848.219636131 -707.45716787488 -10428.2414961353 25 7.63744331831585 -7.14238805866526e-39
160200 -7204410.10240454 -764145.46047078 -612.707371711685 -10419.0445006199 25 7.59365013109105 -4.01694625141119e-40
160212.5 -7211480.555529 -894317.591537154 -518.691645513897 -10408.2298199635 25 7.54794715571199 -1.9402699116e-41
160225 -7217380.65753829 -1024344.61621433 -425.459197962742 -10395.8336548957 25 7.50041944283257 -8.06402558401974e-43
160237.5 -7222120.49458413 -1154207.00092393 -333.056853592956 -10381.893864735 25 7.45115353733641 -2.88937356079372e-44
160250 -7225710.72292392 -1283885.69485687 -241.52899647626 -10366.449806357 25 7.4002371240731 -8.94298155376573e-46
160262.5 -7228162.53813028 -1413362.14768435 -150.91752679609 -10349.5421728747 25 7.34775868269983 -2.39594569193608e-47
160275 -7229487.64383665 -1542618.32525595 -61.2618299804949 -10331.2128330723 25 7.29380715368642 -5.56799841250485e-49
160287.5 -7229698.22017338 -1671636.72330051 27.4012420284051 -10311.5046725629 25 7.23847161731345 -1.12481368871527e-50
160300 -7228806.89204297 -1800400.37915692 115.037377868348 -10290.461437575 25 7.18184098725676 -1.97957369892229e-52
160312.5 -7226826.69737649 -1928892.88157313 201.614802781838 -10268.1275821944 25 7.12400372011271 -3.0418584714986e-54
160325 -7223771.05550555 -2057098.37862112 287.104264196536 -10244.5481198079 25 7.06504754198027 -4.09038069867649e-56
160337.5 -7219653.73577643 -2185001.58378471 371.479007531814 -10219.7684794146 25 7.00505919298199 -4.82435899172053e-58
160350 -7214488.82652395 -2312587.78028479 454.714742937875 -10193.834367386 25 6.94412419037901 -5.00231684131926e-60
160362.5 -7208290.70451407 -2439842.82371318 536.789603699438 -10166.7916351725 25 6.88232661071915 -4.57058696280721e-62
160387.5 -7192853.59221399 -2693305.7401266 697.381048220816 -10109.5636924196 25 6.75647165060044 -2.6355405319094e-66
160412.5 -7173462.05907089 -2945288.62633719 853.124836229334 -10048.4497485861 25 6.6281310462372 -9.42661716553312e-71
160437.5 -7150238.53609678 -3195698.84704268 1003.92744066409 -9983.80987933732 25 6.49790776117764 -2.13153435792512e-75
160462.5 -7123307.37955446 -3444452.67417667 1149.72795596807 -9915.99612437979 25 6.36636733883215 -3.10551259674747e-80
160487.5 -7092794.08711793 -3691475.05318246 1290.49553473215 -9845.34993833414 25 6.23403535271378 -2.97086778322444e-85
160512.5 -7058824.57985376 -3936699.31127908 1426.22669812285 -9772.20009653851 25 6.10139585853793 -1.90134092039511e-90
160537.5 -7021524.55226249 -4180066.81884786 1556.94259178013 -9696.86103457787 25 5.96889073487287 -8.2920327319906e-96
160562.5 -6981018.89095173 -4421526.61442859 1682.68624878164 -9619.63159206336 25 5.83691979143998 -2.50920278543332e-101
160587.5 -6937431.16110239 -4661035.00300085 1803.51991091803 -9540.79412544261 25 5.70584152262361 -5.36242432234517e-107
160612.5 -6890883.15873551 -4898555.13629764 1919.5224494015 -9460.61395113102 25 5.57597438704749 -8.23420250870346e-113
160637.5 -6841494.52588001 -5134056.58290719 2030.78691660242 -9379.33907869037 25 5.44759850100794 -9.23830126478933e-119
160662.5 -6789382.42506195 -5367514.89490967 2137.41825173357 -9297.20019379898 25 5.32095764301418 -7.69708330844623e-125
160687.5 -6734661.26906133 -5598911.17680231 2239.53115572991 -9214.41085201389 25 5.19626147769967 -4.83777034129301e-131
160712.5 -6677442.50158559 -5828231.66151717 2337.24814397627 -9131.16784650162 25 5.07368791912316 -2.32879932632456e-137
160737.5 -6617834.42436412 -6055467.29744923 2430.6977800198 -9047.65171572639 25 4.95338556532653 -8.7121676850699e-144
160762.5 -6555942.06614764 -6280613.34960178 2520.01308892452 -8964.02736028796 25 4.83547614747115 -2.56875036491714e-150
160787.5 -6491867.08917577 -6503669.017228 2605.33014540387 -8880.4447414965 25 4.72005694758893 -6.05016996894962e-157
160812.5 -6425707.72883268 -6724637.06970525 2686.78682920491 -8797.03963769889 25 4.60720314873619 -1.15310118235595e-163
160837.5 -6357558.76242425 -6943523.50182088 2764.52173830615 -8713.93443770957 25 4.49697009000457 -1.80046246191048e-170
160862.5 -6287511.50326334 -7160337.2091725 2838.67324921731 -8631.23895386158 25 4.3893954063796 -2.33046528192693e-177
160887.5 -6215653.81652747 -7375089.68398509 2909.37871292676 -8549.05124012295 25 4.28450103985914 -2.52892315103187e-184
160912.5 -6142070.15364484 -7587794.73131805 2976.7737747296 -8467.45840338345 25 4.18229511360657 -2.32556637094217e-191
160937.5 -6066841.60225858 -7798468.20536745 3040.99180619576 -8386.53739839295 25 4.08277366530112 -1.83091080312605e-198
160962.5 -5990045.94910986 -8007127.76535807 3102.16343782355 -8306.35579892095 25 3.98592223935871 -1.24618527957234e-205
160987.5 -5911757.75346098 -8213792.65035695 3160.41618140096 -8226.97253951796 25 3.89171734043724 -7.40116848043102e-213
161012.5 -5832048.42894677 -8418483.4722196 3215.87413170772 -8148.43862380742 25 3.8001277527155 -3.86942606743133e-220
161037.5 -5750986.33199327 -8621222.02579517 3268.65773788814 -8070.79779654251 25 3.71111573094731 -1.79579366971428e-227
161062.5 -5668636.85517481 -8822031.11546159 3318.88363557029 -7994.08717774862 25 3.62463807033526 -7.45729513750742e-235
161087.5 -5585062.52409473 -9020934.39703128 3366.66453157116 -7918.33785816313 25 3.54064706292714 -2.79187942737588e-242
161112.5 -5500323.09656889 -9217956.2340578 3412.10913378753 -7843.57545590225 25 3.45909134858808 -9.49094542043529e-250
161137.5 -5414475.66306731 -9413121.56757906 3455.32211961099 -7769.82063485463 25 3.37991666870785 -2.94961942231165e-257
161162.5 -5327574.74752659 -9606455.79835151 3496.40413691106 -7697.08958574252 25 3.30306653072115 -8.43449110754498e-265
161187.5 -5239672.40778647 -9797984.68065714 3535.45183229461 -7625.3944711242 25 3.22848279129687 -2.23272153358228e-272
161212.5 -5150818.33502821 -9987734.22680032 3572.55790196736 -7554.74383585339 25 3.15610616572806 -5.50300696820871e-280
161237.5 -5061059.95170228 -10175730.6214519 3607.81116109219 -7485.14298467785 25 3.08587667066009 -1.26978405767653e-287
161262.5 -4970442.50752867 -10362000.1450407 3641.29662805811 -7416.5943287641 25 3.01773400685566 -2.7572263958407e-295
161287.5 -4879009.1732371 -10546569.1054397 3673.09562054401 -7349.09770299004 25 2.95161788823195 -5.66182492144482e-303
161312.5 -4786801.13178661 -10729463.777237 3703.28586068471 -7282.65065586238 25 2.88746832293311 -1.13167963262174e-310
161337.5 -4693857.66686666 -10910710.3479334 3731.94158702515 -7217.24871389945 25 2.82522585173227 -0
161362.5 -4600216.24853553 -11090334.870448 3759.13367128527 -7152.88562227987 25 2.76483174860056 -0
161387.5 -4505912.61589716 -11268363.2213623 3784.92973825624 -7089.55356349952 25 2.70622818784198 -0
161412.5 -4410980.8567565 -11444821.0643725 3809.39428741088 -7027.24335570807 25 2.64935838177727 -0
161437.5 -4315453.48422577 -11619733.8184638 3832.58881504153 -6965.94463231644 25 2.59416669256967 -0
161462.5 -4219361.51028109 -11793126.6303557 3854.57193593928 -6905.64600438072 50 2.54059872142171 -0
161487.5 -4122734.51629152 -11965024.3508074 3875.39950380344 -6846.33520717987 50 2.48860137803669 -0
161512.5 -4025600.72056073 -12135451.514403 3895.12472972144 -6787.99923231447 50 2.43812293292922 -0
161537.5 -3927987.04293647 -12304432.3224716 3913.79829818954 -6730.62444656523 50 2.38911305488739 -0
161562.5 -3829919.16655463 -12471990.6288258 3931.46848025722 -6674.19669866298 50 2.34152283563209 -0
161587.5 -3731421.59679418 -12638149.9280291 3948.18124347377 -6618.70141503751 50 2.29530480348632 -0
161612.5 -3632517.71752596 -12802933.3459296 3963.98035839697 -6564.12368553197 50 2.25041292765723 -0
161637.5 -3533229.8447435 -12966363.6322207 3978.90750149333 -6510.44833999292 50 2.20680261454453 -0
161662.5 -3433579.27766779 -13128463.154812 3993.00235431698 -6457.66001657304 50 2.16443069731905 -0
161687.5 -3333586.34741972 -13289253.8958109 4006.30269890362 -6405.74322251556 50 2.12325541986356 -0
161712.5 -3233270.46335529 -13448757.4489386 4018.84450935598 -6354.68238812527 50 2.08323641603199 -0
161737.5 -3132650.15715869 -13606995.0182161 4030.66203963115 -6304.46191457136 50 2.04433468506283 -0
161762.5 -3031743.12478787 -13763987.4177747 4041.78790756707 -6255.06621611173 50 2.00651256387477 -0
161787.5 -2930566.26636576 -13919755.072658 4052.25317520812 -6206.47975727732 50 1.96973369687742 -0
161812.5 -2829135.72410893 -14074318.0204957 4062.08742550683 -6158.68708550723 50 1.93396300384575 -0
161837.5 -2727466.918383 -14227695.913941 4071.31883549304 -6111.67285968172 50 1.89916664633226 -0
161862.5 -2625574.5819719 -14379908.0237745 4079.97424601226 -6065.42187495996 50 1.86531199302498 -0
161887.5 -2523472.79264552 -14530973.2425867 4088.07922814277 -6019.91908429243 50 1.83236758440165 -0
161912.5 -2421175.00410717 -14680910.0889597 4095.65814640666 -5975.14961694373 50 1.80030309697946 -0
161937.5 -2318694.07539965 -14829736.7120793 4102.73421889367 -5931.09879433085 50 1.76908930741481 -0
161962.5 -2216042.29884549 -14977470.8967103 4109.32957441858 -5887.75214345345 50 1.7386980566686 -0
161987.5 -2113231.42659417 -15124130.0684823 4115.46530683359 -5845.09540816654 50 1.70910221441823 -0
162012.5 -2010272.69584576 -15269731.2994307 4121.16152661697 -5803.11455852278 50 1.68027564386738 -0
162037.5 -1907176.85281765 -15414291.3137511 4126.43740985758 -5761.79579838968 50 1.65219316707886 -0
162062.5 -1803954.17551801 -15557826.493723 4131.31124475312 -5721.12557152763 50 1.62483053093284 -0
162087.5 -1700614.49538665 -15700352.8857691 4135.80047573732 -5681.09056629662 50 1.5981643737933 -0
162137.5 -1493621.34187899 -15982441.8494852 4143.69093397651 -5602.87421697431 50 1.54683231288482 -0
162187.5 -1286267.86893415 -16260680.0949356 4150.23300281529 -5527.04525576104 50 1.49802670458322 -0
162237.5 -1078618.62275311 -16535184.538209 4155.53986537754 -5453.50622255798 50 1.4515895377867 -0
162287.5 -870732.743992701 -16806067.3230503 4159.71472737145 -5382.16367800105 50 1.40737415456748 -0
162337.5 -662664.442436551 -17073436.020756 4162.85176824528 -5312.92815241383 50 1.36524439346052 -0
162387.5 -454463.426546915 -17337393.8267783 4165.03699650337 -5245.71406655058 50 1.32507379102725 -0
162437.5 -246175.292441215 -17598039.7528156 4166.34901895215 -5180.439631368 50 1.2867448401578 -0
162487.5 -37841.8763718403 -17855468.8134901 4166.85973272402 -5117.02673264385 50 1.25014830287451 -0
162537.5 170498.425632741 -18109772.206978 4166.63494806338 -5055.40080509964 50 1.21518257495164 -0
162587.5 378810.36768649 -18361037.489161 4165.73494905957 -4995.4906997375 50 1.18175309940672 -0
162637.5 587061.590585467 -18609348.7410389 4164.21499877815 -4937.22854732917 50 1.14977182579721 -0
162687.5 795222.382335803 -18854786.7292691 4162.12579457308 -4880.54962036762 50 1.119156712235 -0
162737.5 1003265.46031085 -19097429.0598033 4159.51387875692 -4825.3921952815 50 1.08983126708005 -0
162787.5 1211165.7729233 -19337350.3246722 4156.42200925887 -4771.69741629988 50 1.06172412737275 -0
162837.5 1418900.31891707 -19574622.2420263 4152.88949440913 -4719.40916202029 50 1.03476867119487 -0
162887.5 1626447.98257947 -19809313.7895899 4148.95249554629 -4668.47391546398 50 1.00890266129888 -0
162937.5 1833789.38334884 -20041491.3317173 4144.64430074999 -4618.84063818589 50 0.984067917506847 -0
162987.5 2040906.73844907 -20271218.7402642 4139.99557264771 -4570.46064883324 50 0.960210015545009 -0
163037.5 2247783.73732183 -20498557.5095038 4135.03457292959 -4523.2875064089 50 0.937278010144815 -0
163087.5 2454405.42675179 -20723566.8653274 4129.78736592428 -4477.27689838614 50 0.915224180402052 -0
163137.5 2660758.1056914 -20946303.8689726 4124.27800333813 -4432.38653373528 50 0.894003795540071 -0
163187.5 2866829.22889138 -21166823.5155267 4118.52869203721 -4388.57604085588 50 0.873574899370194 -0
163237.5 3072607.31853171 -21385178.8274469 4112.55994655282 -4345.80687035598 50 0.853898111880762 -0
163287.5 3278081.8831277 -21601420.9433403 4106.39072781423 -4304.04220258114 50 0.834936446515915 -0
163337.5 3483243.34305667 -21815599.2022346 4100.03856945506 -4263.24685976635 50 0.816655141825755 -0
163387.5 3688082.96211477 -22027761.2235707 4093.51969289895 -4223.38722266292 50 0.79902150628127 -0
163437.5 3892592.78457027 -22237952.9831342 4086.84911230578 -4184.43115147775 50 0.782004775150523 -0
163487.5 4096765.57723106 -22446218.8851379 4080.04073034763 -4146.34791095267 50 0.765575978427533 -0
163537.5 4300594.77609012 -22652601.8306592 4073.10742568495 -4109.10809940632 50 0.749707818892393 -0
163587.5 4504074.43715363 -22857143.2826232 4066.06113292444 -4072.68358155856 50 0.734374559461089 -0
163637.5 4707199.19109391 -23059883.3275197 4058.91291576115 -4037.0474249578 50 0.71955191905651 -0
163687.5 4909964.20140231 -23260860.7340266 4051.67303393697 -4002.17383983381 50 0.705216976298923 -0
163737.5 5112365.12574742 -23460113.0087083 4044.35100458423 -3968.03812220223 50 0.691348080375145 -0
163787.5 5314398.08027093 -23657676.4489474 4036.95565846713 -3934.61660005173 100 0.67792476850124 -0
163837.5 5516059.60657766 -23853586.1932593 4029.49519158295 -3901.88658245037 100 0.664927689444246 -0
163887.5 5717346.64119843 -24047876.2691311 4021.9772125401 -3869.82631141388 100 0.652338532614607 -0
163937.5 5918256.48732423 -24240579.6385212 4014.4087860895 -3838.41491638475 100 0.640139962283073 -0
163987.5 6118786.78862789 -24431728.2411436 4006.79647314955 -3807.63237117813 100 0.628315556514112 -0
164037.5 6318935.50500584 -24621353.0356593 3999.14636763233 -3777.45945325682 100 0.616849750442769 -0
164087.5 6518700.89008708 -24809484.0388866 3991.46413034977 -3747.8777052047 100 0.605727783553683 -0
164137.5 6718081.47036976 -24996150.3631376 3983.75502025178 -3718.86939827437 100 0.594935650649888 -0
164187.5 6917076.02585773 -25181380.2517809 3976.02392322537 -3690.41749789136 100 0.584460056225367 -0
164237.5 7115683.57208052 -25365201.113127 3968.27537866195 -3662.50563100363 100 0.574288371979345 -0
164287.5 7313903.34338975 -25547639.5527242 3960.51360398137 -3635.11805517092 100 0.564408597232162 -0
164337.5 7511734.77743439 -25728721.4041511 3952.74251728377 -3608.23962929489 100 0.554809322022508 -0
164387.5 7709177.50072492 -25908471.7583843 3944.96575828483 -3581.85578589588 100 0.545479692683974 -0
164437.5 7906231.31520446 -26086914.9918166 3937.18670767608 -3555.95250484823 100 0.53640937971545 -0
164487.5 8102896.18575116 -26264074.7929974 3929.40850503918 -3530.51628849072 100 0.527588547775012 -0
164537.5 8299172.22854268 -26439974.1881603 3921.63406543161 -3505.53413803355 100 0.519007827640787 -0
164587.5 8495059.70021892 -26614635.5656026 3913.86609475101 -3480.99353118836 100 0.510658289994825 -0
164637.5 8690558.98778461 -26788080.6989757 3906.10710397587 -3456.88240095135 100 0.502531420897605 -0
164687.5 8885670.59919756 -26960330.769541 3898.35942237188 -3433.18911547454 100 0.494619098831253 -0
164737.5 9080395.15459323 -27131406.3874467 3890.62520974555 -3409.90245896333 100 0.486913573199242 -0
164787.5 9274733.37809966 -27301327.6120728 3882.90646781966 -3387.01161354268 100 0.479407444179112 -0
164837.5 9468686.09020065 -27470113.9714929 3875.20505079891 -3364.50614203754 100 0.472093643832837 -0
164937.5 9855438.70161625 -27804357.6613551 3859.86092892318 -3320.61137822901 100 0.458016311602044 -0
165037.5 10240661.220547 -28134283.7436011 3844.60508365052 -3278.14168262044 100 0.444631023945374 -0
165137.5 10624363.0106628 -28460031.1161593 3829.44795528 -3237.02569552836 100 0.431891511196228 -0
165237.5 11006554.3993319 -28781731.7796802 3814.39841282931 -3197.19676488245 100 0.419755357382837 -0
165337.5 11387246.5306201 -29099511.2890749 3799.46395195167 -3158.59256798302 100 0.408183620232376 -0
165437.5 11766451.2367596 -29413489.169025 3784.65086706175 -3121.15476850705 100 0.397140494077257 -0
165537.5 12144180.9256939 -29723779.2968 3769.96440127106 -3084.82870508531 100 0.386593010248367 -0
165637.5 12520448.4826346 -30030490.2553737 3755.40887719266 -3049.56310818989 100 0.37651077029048 -0
165737.5 12895267.1838545 -30333725.6595232 3740.98781122096 -3015.3098424387 100 0.366865707972983 -0
165837.5 13268650.6211748 -30633584.4573201 3726.70401351111 -2982.02367174695 100 0.35763187661248 -0
165937.5 13640612.6358168 -30930161.2091841 3712.55967556069 -2949.66204504021 100 0.348785258687717 -0
166037.5 14011167.2604602 -31223546.3464486 3698.55644702453 -2918.18490049489 100 0.340303595124163 -0
166137.5 14380328.6685041 -31513826.411202 3684.69550316358 -2887.55448649354 100 0.33216623196573 -0
166237.5 14748111.1296556 -31801084.2789914 3670.97760413308 -2857.73519767795 100 0.324353982443386 -0
166337.5 15114528.9710827 -32085399.365825 3657.40314714931 -2828.69342465559 100 0.316849002701885 -0
166437.5 15479596.5434662 -32366847.8207749 3643.97221243278 -2800.39741606822 100 0.309634679662819 -0
166537.5 15843328.1913675 -32645502.7053549 3630.68460370418 -2772.81715186639 100 0.302695529689568 -0
166637.5 16205738.2274016 -32921434.1607429 3617.53988390671 -2745.92422675386 100 0.296017106882045 -0
166737.5 16566840.909769 -33194709.5638172 3604.53740673904 -2719.69174287209 100 0.289585919969845 -0
166837.5 16926650.4227524 -33465393.6728878 3591.67634450722 -2694.09421088966 100 0.283389356894746 -0
166937.5 17285180.8598334 -33733548.7639258 3578.95571273826 -2669.10745874539 100 0.277415616279933 -0
167037.5 17642446.2091252 -33999234.7580203 3566.37439194151 -2644.70854736884 100 0.2716536450762 -0
167137.5 17998460.3408526 -34262509.3407316 3553.93114685512 -2620.87569276847 100 0.266093081756461 -0
167237.5 18353236.9966435 -34523428.0739481 3541.6246434728 -2597.5881939372 100 0.260724204500904 -0
167337.5 18706789.7804234 -34782044.5008034 3529.45346410916 -2574.82636607822 100 0.255537883877272 -0
167437.5 19059132.1507274 -35038410.2441635 3517.41612073058 -2552.5714787015 100 0.250525539575446 -0
167537.5 19410277.4142672 -35292575.0991499 3505.51106675067 -2530.80569818384 100 0.245679100803437 -0
167637.5 19760238.7206082 -35544587.1201259 3493.73670746545 -2509.51203442338 100 0.240990969994269 -0
167737.5 20109029.0578288 -35794492.7025403 3482.09140928243 -2488.67429125387 100 0.236453989510459 -0
167837.5 20456661.2490478 -36042336.6599857 3470.57350787956 -2468.27702031438 100 0.232061411065829 -0
167937.5 20803147.9497193 -36288162.2968073 3459.18131541395 -2448.30547809806 100 0.227806867613465 -0
168037.5 21148501.6456057 -36532011.4765626 3447.91312688631 -2428.74558592815 100 0.223684347474515 -0
168137.5 21492734.6513483 -36773924.6866172 3436.76722575481 -2409.58389263185 200 0.219688170505404 -0
168237.5 21835859.1095656 -37013941.0991332 3425.74188888132 -2390.80753970309 200 0.215812966121398 -0
168337.5 22177886.9904165 -37252098.6286906 3414.83539088352 -2372.40422876307 200 0.212053653012574 -0
168437.5 22518830.0915705 -37488433.9867619 3404.04600795806 -2354.3621911442 200 0.208405420404365 -0
168537.5 22858700.0385374 -37722982.7332454 3393.37202123261 -2336.67015943796 200 0.204863710729234 -0
168637.5 23197508.2853099 -37955779.3252443 3382.81171969819 -2319.31734086043 200 0.201424203588898 -0
168737.5 23535266.1152812 -38186857.1632685 3372.36340276758 -2302.29339230185 200 0.198082800897994 -0
168837.5 23871984.6424008 -38416248.6350197 3362.02538250035 -2285.58839693737 200 0.194835613110358 -0
168937.5 24207674.812538 -38643985.1569117 3351.79598553082 -2269.19284228635 200 0.191678946438336 -0
169037.5 24542347.4050246 -38870097.2134635 3341.67355473123 -2253.09759961673 200 0.188609290983783 -0
169137.5 24876013.0343518 -39094614.3946978 3331.65645063877 -2237.29390459931 200 0.185623309706859 -0
169237.5 25208682.1519994 -39317565.4316619 3321.7430526724 -2221.77333912439 200 0.182717828165422 -0
169337.5 25540365.0483768 -39538978.2301864 3311.93176016208 -2206.52781420017 200 0.179889824963805 -0
169437.5 25871071.8548584 -39758879.9029839 3302.22099321119 -2191.5495538584 200 0.177136422855235 -0
169537.5 26200812.545898 -39977296.8001862 3292.6091934102 -2176.83107999902 200 0.174454880447006 -0
169637.5 26529596.9412075 -40194254.5384101 3283.09482441817 -2162.36519811021 200 0.171842584461968 -0
169737.5 26857434.7079881 -40409778.0284361 3273.67637242655 -2148.14498380558 200 0.16929704251388 -0
169837.5 27184335.3632018 -40623891.5015806 3264.35234651849 -2134.16377012433 200 0.166815876357795 -0
169937.5 27510308.2758753 -40836618.5348325 3255.1212789354 -2120.41513554441 200 0.16439681557994 -0
170037.5 27835362.6694252 -41047982.0748263 3245.98172526117 -2106.89289266239 200 0.162037691694493 -0
170137.5 28159507.6239984 -41258004.4607138 3236.93226453359 -2093.59107749704 200 0.159736432617404 -0
170237.5 28482752.0788207 -41466707.4459964 3227.97149929131 -2080.50393937699 200 0.157491057489822 -0
170337.5 28805104.8345466 -41674112.2193726 3219.09805556397 -2067.62593137538 200 0.155299671825941 -0
170537.5 29447169.7725238 -42085109.179755 3201.60775382125 -2042.47608289999 200 0.151071695786221 -0
170737.5 30085770.1606853 -42491154.2906851 3184.45083402794 -2018.10089935079 200 0.147038909981533 -0
170937.5 30720971.6536037 -42892398.6511851 3167.61713879949 -1994.46247604881 200 0.143188838056339 -0
171137.5 31352837.9106001 -43288986.0329558 3151.096871721 -1971.52540844416 200 0.139510011570947 -0
171337.5 31981430.6671238 -43681053.3595174 3134.88058900251 -1949.2565867973 200 0.13599187234925 -0
171537.5 32606809.804354 -44068731.146327 3118.95919010004 -1927.625010885 200 0.132624685792154 -0
171737.5 33229033.4168483 -44452143.9056521 3103.32390761059 -1906.60162248331 200 0.129399463763322 -0
171937.5 33848157.8781185 -44831410.5195507 3087.96629668691 -1886.15915366366 200 0.126307895850656 -0
172137.5 34464237.9040585 -45206644.583948 3072.87822416807 -1866.27198918284 200 0.123342287973316 -0
172337.5 35077326.6141821 -45577954.7264729 3058.0518575808 -1846.91604145767 200 0.120495507444989 -0
172537.5 35687475.5906599 -45945444.9004355 3043.47965413406 -1828.06863679779 200 0.117760933723994 -0
172737.5 36294734.9351615 -46309214.6570789 3029.15434980207 -1809.7084117271 200 0.115132414182819 -0
