0 314159000 0 -1180.26103484629 216.757674889642 100 0.00403837820768556 -0
100 314040953.699565 21675.7670243147 -1180.66502445789 216.757660947536 200 0.00404141476820912 -0
300 313804739.825832 65027.2899071927 -1181.47391574902 216.757549221755 400 0.00404750118546002 -0
700 313331826.133895 151730.212507053 -1183.09535899517 216.756988632224 800 0.00405972746591941 -0
1500 312384048.110627 325134.931669682 -1186.35298806237 216.754504583302 1600 0.00408439592144234 -0
3100 310480634.008717 671934.711800032 -1192.92802856557 216.743968104282 1600 0.0041346136506299 -0
4700 308566635.064109 1018711.54770843 -1199.58436212624 216.725777657758 1600 0.00418603966083715 -0
6300 306641919.650907 1365452.96581411 -1206.3239461534 216.699647104008 1600 0.00423871620262343 -0
7900 304706352.957013 1712146.02445719 -1213.14880650459 216.665277368986 1600 0.00429268747556768 -0
9500 302759796.872101 2058777.29264041 -1220.06104064219 216.622355732559 1600 0.00434799974030483 -0
11100 300802109.870415 2405332.82759498 -1227.06282097109 216.570555069964 1600 0.0044047014382996 -0
12700 298833146.88805 2751798.15109301 -1234.1563983702 216.509533042861 1600 0.00446284331998379 -0
14300 296852759.194442 3098158.22442272 -1241.34410593132 216.438931236076 1600 0.00452247858194068 -0
15900 294860794.257684 3444397.4219361 -1248.62836291999 216.358374235759 1600 0.00458366301388524 -0
17500 292857095.603319 3790499.50307174 -1256.01167897426 216.267468644297 1600 0.00464645515625929 -0
19100 290841502.666225 4136447.58274755 -1263.49665855833 216.165802026895 1600 0.00471091646933993 -0
20700 288813850.63514 4482224.10000966 -1271.08600568995 216.052941784276 1600 0.00477711151484698 -0
22300 286773970.289406 4827810.78481456 -1278.78252896152 215.928433945421 1600 0.00484510815113189 -0
23900 284721687.827419 5173188.62281117 -1286.58914687711 215.791801873693 1600 0.00491497774313885 -0
25500 282656824.686282 5518337.81797873 -1294.50889352897 215.64254487906 1600 0.00498679538844854 -0
27100 280579197.352074 5863237.75296374 -1302.54492463987 215.480136728419 1600 0.0050606401608488 -0
28700 278488617.160152 6207866.94694615 -1310.7005239993 215.304024045239 1600 0.0051365953730259 -0
30300 276384890.084812 6552203.01085003 -1318.9791103246 215.113624588861 1600 0.00521474886013669 -0
31900 274267816.517609 6896222.59969791 -1327.38424458075 214.908325402845 1600 0.00529519328620819 -0
33500 272137191.033586 7239901.36188984 -1335.91963779562 214.68748082063 1600 0.00537802647552068 -0
35100 269992802.144556 7583213.88516897 -1344.58915941114 214.450410315608 1600 0.00546335177136415 -0
36700 267834432.038582 7926133.63901327 -1353.39684621459 214.196396181335 1600 0.00555127842482153 -0
38300 265661856.304664 8268632.91316934 -1362.34691189844 213.9246810261 1600 0.00564192201652836 -0
39900 263474843.641588 8610682.75201749 -1371.44375730217 213.634465064377 1600 0.00573540491469205 -0
41500 261273155.549809 8952252.88442782 -1380.69198139442 213.324903185796 1600 0.00583185677303082 -0
43100 259056546.005128 9293311.6487345 -1390.09639306022 212.995101780104 1600 0.00593141507271771 -0
44700 256824761.112818 9633825.91241909 -1399.66202376401 212.644115294234 1600 0.0060342257128972 -0
46300 254577538.740732 9973760.98605315 -1409.39414116726 212.270942494829 1600 0.00614044365488833 -0
47900 252314608.129809 10313080.5310059 -1419.29826378704 211.874522406563 1600 0.00625023362580888 -0
49500 250035689.480226 10651746.4603716 -1429.38017679167 211.453729893109 1600 0.00636377088806162 -0
51100 247740493.511297 10989718.8325169 -1439.6459490397 211.007370843688 1600 0.00648124208192881 -0
52700 245428720.993042 11326955.7365829 -1450.10195148026 210.534176923696 1600 0.00660284614944084 -0
53500 244266522.175859 11495284.7223323 -1455.40336740936 210.287098837319 1600 0.00666526379156734 -0
54300 243100062.247066 11663413.1691976 -1460.7548770449 210.032799843003 1600 0.00672879534874096 -0
55100 241929300.777018 11831335.2280095 -1466.15737084531 209.771097883435 1600 0.00679346961681046 -0
55900 240754196.614586 11999044.901643 -1471.61176218152 209.501805088772 1600 0.00685931636935364 -0
56700 239574707.868525 12166536.0402758 -1477.11898811103 209.224727547342 1600 0.00692636639889471 -0
57500 238390791.8882 12333802.3364602 -1482.68001018449 208.939665065494 1600 0.0069946515602022 -0
58300 237202405.24366 12500837.3199972 -1488.29581528635 208.64641091598 1600 0.00706420481578961 -0
59100 236009503.705022 12667634.3526051 -1493.96741651132 208.344751574244 1600 0.00713506028375004 -0
59900 234812042.221139 12834186.6223717 -1499.69585407852 208.034466441927 1600 0.00720725328806416 -0
60700 233609974.897523 13000487.1379806 -1505.48219628515 207.715327556869 1600 0.00728082041153119 -0
61500 232403254.973487 13166528.7226993 -1511.32754050185 207.387099288816 1600 0.00735579955148217 -0
62300 231191834.798472 13332304.0081177 -1517.23301421189 207.049538020041 1600 0.00743222997844662 -0
63100 229975665.807528 13497805.4276253 -1523.19977609636 206.702391809958 1600 0.00751015239795517 -0
63900 228754698.495906 13663025.2096134 -1529.22901716813 206.345400042829 1600 0.00758960901567397 -0
64700 227528882.392717 13827955.3703875 -1535.32196195679 205.978293057535 1600 0.00767064360608071 -0
65500 226298166.033635 13992587.7067773 -1541.47986974767 205.600791758354 1600 0.00775330158490696 -0
66300 225062496.93257 14156913.788426 -1547.70403587772 205.212607205599 1600 0.00783763008558825 -0
67100 223821821.552294 14320924.949745 -1553.99579309133 204.813440184893 1600 0.00792367803998077 -0
67900 222576085.273949 14484612.2815136 -1560.3565129596 204.402980753771 1600 0.00801149626362284 -0
68700 221325232.365395 14647966.6221078 -1566.78760736645 203.980907764214 1600 0.00810113754584006 -0
69500 220069205.948346 14810978.5483362 -1573.29053006538 203.54688835961 1600 0.00819265674501565 -0
70300 218807947.964222 14973638.3658626 -1579.86677831099 203.100577444527 1600 0.0082861108893719 -0
71100 217541399.138672 15135936.0991939 -1586.5178945694 202.641617125594 1600 0.00838155928363518 -0
71900 216269498.944692 15297861.4812074 -1593.24546831232 202.169636121611 1600 0.00847906362198587 -0
72700 214992185.564276 15459403.9421938 -1600.05113789956 201.684249140931 1600 0.00857868810772606 -0
73500 213709395.848515 15620552.5983886 -1606.93659255522 201.185056223953 1600 0.00868049958013183 -0
74300 212421065.276092 15781296.2399619 -1613.90357444321 200.671642048444 1600 0.00878456764899438 -0
75100 211127127.910056 15941623.3184377 -1620.95388084796 200.143575195218 1600 0.0088909648373946 -0
75900 209827516.352822 16101521.9335085 -1628.0893664669 199.600407371513 1600 0.00899976673330029 -0
76700 208522161.699279 16260979.8192108 -1635.31194582136 199.041672589196 1600 0.00911105215062313 -0
77500 207210993.487933 16419984.329424 -1642.62359579338 198.466886294719 1600 0.00922490330042588 -0
78300 205893939.649951 16578522.4226531 -1650.02635829633 197.875544447479 800 0.00934140597302744 -0
79100 204570926.456025 16736580.6460522 -1657.52234308761 197.267122543 800 0.00946064973181718 -0
79900 203241878.460921 16894145.1186429 -1665.11373073275 196.641074577036 800 0.00958272811965906 -0
80700 201906718.445593 17051201.5136794 -1672.8027757305 195.996831946408 800 0.00970773887884186 -0
81500 200565367.35673 17207735.0401073 -1680.59180980949 195.333802282013 800 0.00983578418561556 -0
82300 199217744.243592 17363730.4230594 -1688.4832454077 194.651368209086 800 0.00996697090044545 -0
83100 197863766.191988 17519171.8833304 -1696.47957934699 193.948886029385 800 0.0101014108352162 -0
83900 196503348.255228 17674043.1157622 -1704.58339671572 193.225684319497 800 0.0102392210387294 -0
84700 195136403.381884 17828327.2664743 -1712.7973749736 192.481062438985 800 0.0103805241019597 -0
85500 193762842.340173 17982006.9088603 -1721.12428829421 191.714288941556 800 0.0105254484846703 -0
86300 192382573.638765 18135064.0182739 -1729.56701216138 190.924599881807 800 0.0106741288651371 -0
87100 190995503.443803 18287479.945315 -1738.12852823761 190.111197009479 800 0.0108267065148948 -0
87900 189601535.491922 18439235.387623 -1746.81192952359 189.273245842412 800 0.0109833297006017 -0
88700 188200570.999006 18590310.3600774 -1755.6204258298 188.409873608591 800 0.0111441541153203 -0
89500 186792508.564444 18740684.1632962 -1764.55734958298 187.520167046809 800 0.0113093433417346 -0
90300 185377244.070594 18890335.3503138 -1773.62616199182 186.603170054498 800 0.0114790693500756 -0
91100 183954670.577163 19039241.6913128 -1782.83045959886 185.657881170197 800 0.0116535130337984 -0
91900 182524678.210184 19187380.1362705 -1792.1739812474 184.683250876958 800 0.0118328647863665 -0
92700 181087154.045238 19334726.7753716 -1801.66061549521 183.678178711659 800 0.0120173251228367 -0
93500 179641981.984561 19481256.7970253 -1811.29440850929 182.641510163748 800 0.0122071053503239 -0
94300 178189042.627623 19626944.4433119 -1821.07957247934 181.572033345314 800 0.0124024282918494 -0
95100 176728213.134765 19771762.962666 -1831.02049459078 180.46847541259 800 0.012603529068554 -0
95900 175259367.083406 19915684.5595914 -1841.12174660215 179.329498716979 800 0.0128106559457947 -0
96700 173782374.316345 20058680.3411802 -1851.38809507577 178.153696661464 800 0.0130240712492393 -0
97500 172297100.781588 20200720.2601909 -1861.82451231517 176.939589235778 800 0.0132440523577508 -0
98300 170803408.363125 20341773.0544152 -1872.43618806825 175.685618200898 800 0.0134708927806112 -0
99100 169301154.702024 20481806.182043 -1883.22854206025 174.390141890344 800 0.0137049033274859 -0
99900 167790193.007135 20620785.7527022 -1894.20723742775 173.05142959222 800 0.0139464133804982 -0
100700 166270371.854664 20758676.4538233 -1905.37819513124 171.667655472047 800 0.0141957722788683 -0
101500 164741534.975797 20895441.4719445 -1916.74760943231 170.236891992007 800 0.0144533508278088 -0
102300 163203521.031487 21031042.4085341 -1928.32196452996 168.757102777234 800 0.0147195429447634 -0
103100 161656163.373429 21165439.1898667 -1940.10805246054 167.226134874197 800 0.0149947674576671 -0
103900 160099289.790178 21298589.9704427 -1952.11299237689 165.641710339881 800 0.0152794700717113 -0
104700 158532722.237243 21430451.0293888 -1964.34425133472 164.001417093289 800 0.0155741255231592 -0
105500 156956276.549907 21560976.6592198 -1976.8096667279 162.302698952687 800 0.0158792399411085 -0
106300 155369762.137388 21690119.0462759 -1989.51747053057 160.542844772743 800 0.0161953534407924 -0
107100 153772981.656818 21817828.1420779 -2002.47631552107 158.718976585262 800 0.0165230429750931 -0
107900 152165730.665397 21944051.5247609 -2015.69530368308 156.828036635197 800 0.0168629254744931 -0
108700 150547797.248876 22068734.2496546 -2029.18401700192 154.866773189979 800 0.0172156613097648 -0
109500 148918961.624362 22191818.6879754 -2042.95255089932 152.831724984554 800 0.0175819581164139 -0
110300 147278995.715242 22313244.3524773 -2057.01155057945 150.719204146566 800 0.0179625750253315 -0
111100 145627662.695752 22432947.7087771 -2071.37225059183 148.525277425515 800 0.0183583273504231 -0
111500 144797656.999704 22492132.7836828 -2078.6694207008 147.396485579283 800 0.0185621507109246 -0
111900 143964716.502439 22550861.970898 -2086.04651795275 146.245745526633 800 0.0187700917913242 -0
112300 143128808.916607 22609126.3777359 -2093.50513226936 145.072487047913 800 0.0189822707193588 -0
112700 142289901.30982 22666916.8795287 -2101.04689922131 143.876120318882 800 0.0191988122177498 -0
113100 141447960.086044 22724224.1116173 -2108.67350174635 142.656035063827 800 0.0194198458222745 -0
113500 140602950.966298 22781038.4609945 -2116.38667194752 141.411599664417 800 0.0196455061122273 -0
113900 139754838.968616 22837350.0575815 -2124.18819297603 140.142160221568 800 0.0198759329540912 -0
114300 138903588.387234 22893148.7651201 -2132.07990100368 138.847039567389 800 0.0201112717593026 -0
114700 138049162.770972 22948424.1716584 -2140.06368728974 137.525536224101 800 0.0203516737570638 -0
115100 137191524.900769 23003165.5796095 -2148.14150034788 136.176923306554 800 0.0205972962832254 -0
115500 136330636.766333 23057361.9953593 -2156.31534821881 134.800447364759 800 0.0208483030863469 -0
115900 135466459.541851 23111002.118398 -2164.58730085486 133.395327162569 800 0.0211048646521262 -0
116300 134598953.560736 23164074.3299506 -2172.95949262317 131.960752388352 800 0.0213671585474865 -0
116700 133728078.289331 23216566.6810766 -2181.43412493434 130.495882293198 800 0.0216353697857115 -0
117100 132853792.29955 23268466.88021 -2190.0134690044 128.999844251866 800 0.0219096912141326 -0
117500 131976053.24038 23319762.2801071 -2198.69986875783 127.471732241283 800 0.0221903239259945 -0
117900 131094817.808187 23370439.8641689 -2207.49574388058 125.910605231061 800 0.0224774776982629 -0
118300 130210041.715779 23420486.2321005 -2216.40359303209 124.31548548 800 0.0227713714572795 -0
118700 129321679.660145 23469887.5848694 -2225.42599722652 122.685356732122 800 0.0230722337743382 -0
119100 128429685.288808 23518629.7089209 -2234.56562339357 121.019162305238 800 0.0233803033934251 -0
119500 127534011.164713 23566697.9596066 -2243.82522813056 119.31580306451 800 0.0236958297935648 -0
119900 126634608.729576 23614077.2437776 -2253.20766165791 117.574135272829 800 0.0240190737884224 -0
120300 125731428.265609 23660752.0014914 -2262.71587199133 115.79296830919 800 0.0243503081660491 -0
120700 124824418.855531 23706706.1867794 -2272.3529093449 113.971062245494 800 0.0246898183719094 -0
121100 123913528.340763 23751923.2474133 -2282.12193078038 112.107125271408 800 0.0250379032386159 -0
121500 122998703.277718 23796386.103611 -2292.0262051192 110.199810956048 800 0.0253948757661052 -0
121900 122079888.892067 23840077.1256113 -2302.06911813498 108.247715334275 800 0.0257610639563303 -0
122300 121157029.030872 23882978.1100463 -2312.25417804575 106.249373804341 400 0.0261368117069261 -0
122700 120230066.112457 23925070.2550327 -2322.58502132657 104.203257822472 400 0.0265224797687193 -0
123100 119298941.073883 23966334.1338979 -2333.06541886506 102.10777137869 400 0.026918446772419 -0
123500 118363593.315892 24006749.6674493 -2343.69928248393 99.9612472367661 400 0.0273251103303329 -0
123900 117423960.645166 24046296.09469 -2354.49067185698 97.7619429196802 400 0.0277428882195245 -0
124300 116479979.213731 24084951.9418742 -2365.44380184674 95.5080364202178 400 0.0281722196534551 -0
124700 115531583.455339 24122694.9897877 -2376.56305029483 93.197621614481 400 0.028613566649853 -0
125100 114578706.018638 24159502.2391312 -2387.85296629841 90.8287033539961 400 0.0290674155033331 -0
125500 113621277.696932 24195349.8738712 -2399.31827900912 88.3991922097979 400 0.0295342783721542 -0
125900 112659227.354299 24230213.2224144 -2410.9639069941 85.9068988393217 400 0.0300146949894716 -0
126300 111692481.84786 24264066.7164475 -2422.79496820215 83.3495279440979 400 0.0305092345105187 -0
126700 110720965.945919 24296883.8472738 -2434.81679058195 80.7246717831025 400 0.031018497508361 -0
127100 109744602.241728 24328637.1194583 -2447.0349234036 78.0298032031188 400 0.0315431181322172 -0
127500 108763311.062566 24359298.0015824 -2459.45514933924 75.2622681435707 400 0.0320837664438551 -0
127900 107777010.373825 24388836.8738871 -2472.08349736408 72.4192775689482 400 0.032641150949275 -0
128300 106785615.677768 24417222.9725668 -2484.92625654441 69.4978987770981 400 0.033216021344803 -0
128700 105789039.906567 24444424.3304515 -2497.98999078609 66.4950460262336 400 0.0338091714988715 -0
129100 104787193.309255 24470407.7137935 -2511.28155462365 63.4074704174523 400 0.0344214426931937 -0
129500 103779983.332123 24495138.5548462 -2524.80811013823 60.2317489627498 400 0.0350537271497805 -0
129900 102767314.492118 24518580.8798953 -2538.57714510138 56.9642727608801 400 0.0357069718733528 -0
130300 101749088.242719 24540697.232367 -2552.59649245116 53.6012341948274 400 0.0363821828422192 -0
130700 100725202.831732 24561448.5906034 -2566.8743512184 50.1386130549815 400 0.0370804295846775 -0
131100 99695553.1504113 24580794.2798558 -2581.41930903251 46.5721614812003 400 0.0378028501825389 -0
131500 98660030.5732309 24598691.8779977 -2596.24036635031 42.8973876046134 400 0.0385506567485416 -0
131900 97618522.7875979 24615097.1144137 -2611.34696256639 39.1095377560674 400 0.0393251414303157 -0
132300 96570913.612716 24629963.7614598 -2626.74900418046 35.2035770922935 400 0.0401276830003069 -0
132700 95517082.8067378 24643243.5178303 -2642.45689521676 31.1741684729042 400 0.0409597540987862 -0
133100 94456905.8612636 24654885.8830952 -2658.48157011164 27.0156494008786 400 0.0418229292059346 -0
133500 93390253.7821518 24664838.0225913 -2674.83452931057 22.7220068158761 400 0.0427188934291869 -0
133900 92316992.8555044 24673044.6217628 -2691.52787784255 18.2868495030854 400 0.0436494522037606 -0
134300 91236984.3975781 24679447.7289437 -2708.57436717189 13.7033778498234 400 0.0446165420178645 -0
134700 90150084.4872432 24683986.5854629 -2725.98744066203 8.96435064712832 400 0.0456222422897794 -0
135100 89056143.679474 24686597.4418229 -2743.78128302667 4.06204859338876 400 0.046668788542226 -0
135500 87955006.6981909 24687213.3585556 -2761.97087418902 -1.01176588926359 400 0.0477585870406126 -0
135900 86846512.1065998 24685763.9901949 -2780.57204802205 -6.26589296854637 400 0.0488942310864602 -0
136300 85730491.9529718 24682175.3506147 -2799.60155650231 -11.7097443502483 400 0.0500785191861604 -0
136700 84606771.3895788 24676369.557766 -2819.07713987816 -17.3533974375344 400 0.05131447534905 -0
137100 83475168.2622485 24668264.5555996 -2839.01760353118 -23.2076553613157 400 0.0526053718085242 -0
137300 82906351.7078189 24663322.993064 -2849.16835397363 -26.2173518100871 400 0.0532725193049826 -0
137500 82335492.6676502 24657773.810645 -2859.44290229609 -29.2841136367555 400 0.0539547545068218 -0
137700 81762566.1146219 24651605.4376905 -2869.8439376549 -32.409526254941 400 0.0546525681218131 -0
137900 81187546.4754454 24644805.9805863 -2880.37423313133 -35.5952343284827 400 0.0553664717389663 -0
138100 80610407.6135394 24637363.2106281 -2891.03664915416 -38.8429445712034 400 0.0560969989296405 -0
138300 80031122.8112042 24629264.5513189 -2901.83413709496 -42.1544287072577 400 0.0568447064181076 -0
138500 79449664.7510581 24620497.0650561 -2912.76974304647 -45.5315266029282 400 0.0576101753266805 -0
138700 78866005.4966994 24611047.4391751 -2923.84661179516 -48.9761495815855 400 0.0583940125009469 -0
138900 78280116.4725532 24600901.9713098 -2935.06799099998 -52.4902839344496 400 0.0591968519211234 -0
139100 77691968.4428612 24590046.5540312 -2946.43723558998 -56.0759946408012 400 0.0600193562060615 -0
139300 77101531.4897681 24578466.6587187 -2957.95781239461 -59.7354293123889 400 0.0608622182170025 -0
139500 76508774.9904587 24566147.3186196 -2969.63330502118 -63.4708223779772 400 0.0617261627688053 -0
139700 75913667.5932922 24553073.1110457 -2981.46741899551 -67.2844995252944 400 0.0626119484570531 -0
139900 75316177.1928817 24539228.1386547 -2993.46398718254 -71.1788824190674 400 0.0635203696101986 -0
140100 74716270.9040594 24524596.0097583 -3005.62697550505 -75.1564937154063 400 0.0644522583767397 -0
140300 74113915.0346665 24509159.8175962 -3017.96048898033 -79.2199623945133 400 0.0654084869583294 -0
140500 73509075.0571035 24492902.1185099 -3030.46877809563 -83.3720294355795 400 0.0663899700007365 -0
140700 72901715.5785678 24475804.9089445 -3043.15624554516 -87.6155538598011 400 0.0673976671556858 -0
140900 72291800.3099071 24457849.6012039 -3056.02745335325 -91.9535191697156 400 0.0684325858278412 -0
141100 71679292.0330069 24439016.9978744 -3069.08713040994 -96.3890402155635 400 0.0694957841225612 -0
141300 71064152.5666273 24419287.2648314 -3082.34018044755 -100.925370522126 400 0.0705883740115666 -0
141500 70446342.7305975 24398639.9027301 -3095.79169048911 -105.565910112524 400 0.0717115247353409 -0
141700 69825822.3082717 24377053.716879 -3109.44693980181 -110.314213868811 400 0.0728664664629464 -0
141900 69202550.0071393 24354506.7853846 -3123.31140939173 -115.174000472879 400 0.0740544942320125 -0
142100 68576483.4174805 24330976.4254451 -3137.39079207874 -120.149161975291 200 0.0752769721939628 -0
142300 67947578.9689437 24306439.1576633 -3151.69100319388 -125.243774044153 200 0.0765353381921147 -0
142500 67315791.8849191 24280870.6682381 -3166.21819194533 -130.462106951183 200 0.0778311087031631 -0
142700 66681076.1345663 24254245.7688781 -3180.97875350257 -135.808637357655 200 0.0791658841757644 -0
142900 66043384.3823507 24226538.354274 -3195.97934185311 -141.288060969082 200 0.0805413548035301 -0
143100 65402667.9349246 24197721.3569458 -3211.22688349061 -146.905306134389 200 0.0819593067737602 -0
143300 64758876.6851837 24167766.6992699 -3226.72859199868 -152.665548472929 200 0.0834216290377638 -0
143500 64111959.0533106 24136645.242469 -3242.49198360016 -158.574226621268 200 0.0849303206536868 -0
143700 63461861.9246058 24104326.7323336 -3258.5248937482 -164.63705920114 200 0.0864874987584725 -0
143900 62808530.5838898 24070779.7414181 -3274.83549484254 -170.860063120663 200 0.0880954072320155 -0
144100 62151908.6462414 24035971.607433 -3291.4323151618 -177.249573332767 200 0.0897564261238298 -0
144300 61491937.9838199 23999868.3675283 -3308.32425911164 -183.812264188203 200 0.0914730819207566 -0
144500 60828558.6484972 23962434.6881343 -3325.52062889759 -190.555172535473 200 0.0932480587435308 -0
144700 60161708.790003 23923633.7899944 -3343.03114774239 -197.485722736896 200 0.0950842105705621 -0
144900 59491324.569261 23883427.3679866 -3360.86598477887 -204.611753789045 200 0.096984574599254 -0
145100 58817340.066567 23841775.5052938 -3379.03578176271 -211.94154875722 200 0.0989523858688077 -0
145300 58139687.1842302 23798636.5814363 -3397.55168176364 -219.48386675786 200 0.100991093283981 -0
145500 57458295.5432627 23753967.1736316 -3416.42536000975 -227.247977750218 200 0.103104377197006 -0
145700 56773092.3736702 23707721.9508908 -3435.66905707752 -235.243700429712 200 0.105296168725151 -0
145900 56084002.3978517 23659853.5601993 -3455.29561464009 -243.48144355071 200 0.107570671004673 -0
146100 55390947.7065746 23610312.5040594 -3475.31851400863 -251.972251046673 200 0.109932382608618 -0
146300 54693847.6269412 23559047.0085954 -3495.75191772688 -260.727851361429 200 0.112386123386661 -0
146500 53992618.5817065 23506002.8813325 -3516.61071450664 -269.760711457687 200 0.114937063020639 -0
146700 53287173.939249 23451123.3576639 -3537.91056782378 -279.084096028811 200 0.117590752630431 -0
146900 52577423.8534269 23394348.9349052 -3559.6679685295 -288.712132508601 200 0.120353159812277 -0
147100 51863275.0924779 23335617.1927123 -3581.90029187143 -298.659882552801 200 0.123230707546791 -0
147300 51144630.8560376 23274862.5984924 -3604.62585936409 -308.943420757009 200 0.126230317478041 -0
147500 50421390.5792583 23212016.2962771 -3627.86400599877 -319.579921480719 200 0.129359458139943 -0
147700 49693449.7229073 23147005.8773379 -3651.6351533402 -330.587754768693 200 0.132626198793719 -0
147900 48960699.5482065 23079755.1306147 -3675.96088912192 -341.986592501845 200 0.136039269642853 -0
148100 48223026.8750461 23010183.7707846 -3700.86405402595 -353.797526073669 200 0.139608129312609 -0
148300 47480313.8220615 22938207.1415214 -3726.36883641542 -366.043197079274 200 0.143343040623543 -0
148500 46732437.5268968 22863735.8911747 -3752.50087588342 -378.74794272738 200 0.147255155856618 -0
148700 45979269.8447968 22786675.6177327 -3779.28737658908 -391.937957947254 200 0.151356612907103 -0
148800 45600660.1644887 22747143.6207013 -3792.93500933994 -398.723679661735 200 0.153482433668264 -0
148900 45220677.0234177 22706926.4794635 -3806.75723146781 -405.641476463389 200 0.155660643962154 -0
149000 44839302.768761 22666010.7937124 -3820.75794082546 -412.695229377034 200 0.157893088987258 -0
149100 44456519.3517853 22624382.767397 -3834.9411585827 -419.888973512681 200 0.160181698618015 -0
149200 44072308.3152661 22582028.1929304 -3849.31103424902 -427.226905802777 200 0.162528492204597 -0
149300 43686650.7803927 22538932.4346014 -3863.87185094477 -434.713393210577 200 0.164935583697257 -0
149400 43299527.4331322 22495080.41114 -3878.62803093522 -442.352981443424 200 0.167405187120783 -0
149500 42910918.5100269 22450456.5773854 -3893.58414144279 -450.15040420754 200 0.169939622426916 -0
149600 42520803.783396 22405044.9049984 -3908.74490075368 -458.110593043958 200 0.172541321755096 -0
149700 42129162.5459106 22358828.8621611 -3924.11518463627 -466.238687788597 200 0.175212836134705 -0
149800 41735973.5945113 22311791.3921965 -3939.70003308974 -474.540047703125 200 0.177956842665068 -0
149900 41341215.2136328 22263914.8910393 -3955.50465744262 -483.020263327311 200 0.180776152212834 -0
150000 40944865.1577009 22215181.1834836 -3971.53444782229 -491.685169107952 200 0.183673717670175 -0
150100 40546900.6328629 22165571.4981259 -3987.79498101783 -500.540856864331 200 0.186652642821357 -0
150200 40147298.2779108 22115066.4409175 -4004.29202876012 -509.593690155508 200 0.189716191869876 -0
150300 39746034.144355 22063645.9672322 -4021.03156644475 -518.850319620597 200 0.19286779968348 -0
150400 39343083.675602 22011289.352347 -4038.01978232497 -528.317699369709 200 0.196111082820038 -0
150500 38938421.6851883 21957975.1602294 -4055.26308720378 -538.003104510327 200 0.199449851403607 -0
150600 38532022.3340193 21903681.2105102 -4072.76812465614 -547.91414990185 200 0.202888121927014 -0
150700 38123859.106557 21848384.5435154 -4090.54178181465 -558.0588102397 200 0.206430131065149 -0
150800 37713904.7859008 21792061.3832195 -4108.59120075387 -568.445441580112 200 0.210080350591927 -0
150900 37302131.4276973 21734687.0979679 -4126.92379051129 -579.082804427399 200 0.213843503503594 -0
151000 36888510.332815 21676236.1588081 -4145.54723978529 -589.980088517395 200 0.217724581462055 -0
151100 36473012.0187136 21616682.0952511 -4164.46953035315 -601.14693944394 200 0.2217288636841 -0
151200 36055606.1894335 21555997.4482715 -4183.69895125517 -612.593487290008 100 0.225861937416149 -0
151300 35636261.7041264 21494153.7203366 -4203.24411379401 -624.330377441357 100 0.230129720149571 -0
151400 35214946.5440433 21431121.3222377 -4223.11396740164 -636.368803778858 100 0.234538483748976 -0
151500 34791627.7778898 21366869.5164736 -4243.31781642975 -648.72054446597 100 0.239094880685394 -0
151600 34366271.5254544 21301366.3569156 -4263.86533792306 -661.398000570565 100 0.243805972588314 -0
151700 33938842.9194065 21234578.6244584 -4284.76660043896 -674.414237785773 100 0.248679261355419 -0
151800 33509306.0651586 21166471.7583315 -4306.03208398082 -687.783031543018 100 0.253722723087022 -0
151900 33077623.9986756 21097009.7827161 -4327.67270111643 -701.51891584244 100 0.258944845144075 -0
152000 32643758.6421106 21026155.2282783 -4349.69981935761 -715.637236161872 100 0.264354666664834 -0
152100 32207670.7571355 20953869.0481913 -4372.12528488119 -730.154206846038 100 0.269961822916401 -0
152200 31769319.8958299 20880110.5281756 -4394.96144767633 -745.086973423308 100 0.275776593904159 -0
152300 31328664.3489794 20804837.1900414 -4418.2211882075 -760.453680348882 100 0.281809957715594 -0
152400 30885661.0916281 20728004.6881611 -4441.91794568703 -776.27354473157 100 0.288073649135931 -0
152500 30440265.72572 20649566.6982462 -4466.06574805556 -792.566936667365 100 0.294580224142937 -0
152600 29992432.4196516 20569474.7977297 -4490.67924377236 -809.355466877926 100 0.301343130968249 -0
152700 29542113.8445516 20487678.3369886 -4515.77373552147 -826.662082437198 100 0.308376788504635 -0
152800 29089261.1070888 20404124.3005525 -4541.36521594217 -844.511171466343 100 0.31569667294444 -0
152900 28633823.6786019 20318757.1573537 -4567.47040549402 -862.928677787666 100 0.323319413656624 -0
153000 28175749.3203311 20231518.6989676 -4594.1067925675 -881.942226654513 100 0.331262899450911 -0
153100 27714984.0045215 20142347.8646754 -4621.29267594932 -901.581262818689 100 0.339546396541044 -0
153200 27251471.8311585 20051180.5520428 -4649.0472097479 -921.877202362713 100 0.348190679708804 -0
153300 26785154.940083 19957949.4115627 -4677.39045087714 -942.863599914747 100 0.357218178391133 -0
153400 26315973.4182267 19862583.6237298 -4706.34340918488 -964.576333083394 100 0.366653139669945 -0
153500 25843865.2016996 19765008.6567264 -4735.92810029564 -987.053806202653 100 0.376521810444767 -0
153600 25368765.9724549 19665146.0026689 -4766.16760121228 -1010.33717576994 100 0.3868526414205 -0
153700 24890609.0492565 19562912.8901151 -4797.08610868817 -1034.4706002992 100 0.397676515956011 -0
153800 24409325.27267 19458221.9702367 -4828.70900033496 -1059.50151770492 100 0.409027007305978 -0
153900 23924842.8838115 19350980.9737302 -4861.06289837039 -1085.48095379106 100 0.420940668362888 -0
154000 23437087.3965961 19241092.3351551 -4894.17573582933 -1112.46386595395 100 0.43345735868589 -0
154100 22945981.4632527 19128452.7809465 -4928.07682495482 -1140.50952683309 100 0.446620614409982 -0
154200 22451444.7329087 19012952.8768408 -4962.79692734695 -1169.68195337718 100 0.460478067589054 -0
154250 22202863.851642 18954094.2892356 -4980.4741353583 -1184.71212348065 100 0.467683239164527 -0
154300 21953393.7030666 18894476.5298059 -4998.36832525705 -1200.05038763393 100 0.475081922674149 -0
154350 21703023.3314006 18834083.9564591 -5016.48378168302 -1215.70630607074 100 0.482681447111035 -0
154400 21451741.5640405 18772900.4392324 -5034.82489323621 -1231.6898367046 100 0.490489499188429 -0
154450 21199537.0063083 18710909.3398961 -5053.3961546484 -1248.01135584628 100 0.498514144691613 -0
154500 20946398.0360918 18648093.4904898 -5072.20216890468 -1264.68168021562 100 0.506763851335343 -0
154550 20692312.7983803 18584435.1707219 -5091.24764929816 -1281.71209034197 100 0.515247513249136 -0
154600 20437269.1996994 18519916.084164 -5110.53742139838 -1299.11435545502 100 0.52397447722397 -0
154650 20181254.9024505 18454517.3331604 -5130.07642491129 -1316.90075997635 100 0.532954570866355 -0
154700 19924257.3191598 18388219.3923704 -5149.86971540515 -1335.08413173144 100 0.542198132819372 -0
154750 19666263.6066458 18321002.0808545 -5169.92246587324 -1353.67787201197 100 0.551716045225402 -0
154800 19407260.6601126 18252844.532609 -5190.23996809984 -1372.69598762917 100 0.561519768621926 -0
154850 19147235.1071814 18183725.1654433 -5210.82763379121 -1392.15312511148 100 0.571621379480205 -0
154900 18886173.3018715 18113621.6480923 -5231.69099542782 -1412.06460721287 100 0.582033610617123 -0
154950 18624061.3185472 18042510.8654404 -5252.83570678778 -1432.44647191289 100 0.592769894733042 -0
155000 18360884.9458477 17970368.8817298 -5274.26754308422 -1453.3155141056 100 0.603844411353672 -0
155050 18096629.6806212 17897170.9016123 -5295.99240065146 -1474.6893301921 100 0.61527213748179 -0
155100 17831280.7218874 17822891.2288947 -5318.0162961052 -1496.58636581086 100 0.627068902295622 -0
155150 17564822.9648569 17747503.222813 -5340.34536489141 -1519.02596696126 100 0.639251446265124 -0
155200 17297240.995041 17670979.251661 -5362.98585912674 -1542.02843479936 100 0.651837485095746 -0
155250 17028519.0824883 17593290.6435798 -5385.94414461883 -1565.61508441055 100 0.664845778951957 -0
155300 16758641.1761943 17514407.6343034 -5409.22669693939 -1589.80830789255 100 0.67829620746049 -0
155350 16487590.8987342 17434299.3116342 -5432.84009640443 -1614.63164211315 50 0.692209851046401 -0
155400 16215351.5411766 17352933.5564056 -5456.79102179512 -1640.10984154231 50 0.706609079214521 -0
155450 15941906.0583471 17270276.9796676 -5481.08624262871 -1666.26895659603 50 0.721517646455306 -0
155500 15667237.064519 17186294.8558068 -5505.73260976113 -1693.13641797188 50 0.736960796528573 -0
155550 15391326.8296209 17100951.0512894 -5530.73704407129 -1720.74112750287 50 0.752965375961934 -0
155600 15114157.2760634 17014207.9486867 -5556.10652294008 -1749.11355610782 50 0.769559957694359 -0
155650 14835709.9763043 16926026.3656121 -5581.8480641952 -1778.28584947383 50 0.786774975900267 -0
155700 14555966.1512873 16836365.4681665 -5607.96870714364 -1808.29194216934 50 0.804642873147557 -0
155750 14274906.6699111 16745182.6784518 -5634.47549025776 -1839.16768095689 50 0.823198261175725 -0
155800 13992512.0497078 16652433.5756706 -5661.37542501515 -1870.95095815168 50 0.842478096729593 -0
155850 13708762.4589379 16558071.7902882 -5688.67546531728 -1903.68185595858 50 0.862521874052465 -0
155900 13423637.7203372 16462048.8906818 -5716.38247182399 -1937.40280281498 50 0.883371835832275 -0
155950 13137117.3167915 16364314.2616487 -5744.50317043925 -1972.15874287286 50 0.905073204608385 -0
156000 12849180.3992499 16264814.9740873 -5773.04410406524 -2007.99731986987 50 0.927674436888383 -0
156050 12559805.7972406 16163495.6450948 -5802.01157660409 -2044.96907676902 50 0.951227502497336 -0
156100 12268972.0324039 16060298.2876585 -5831.41158802581 -2083.12767268951 50 0.975788191990613 -0
156150 11976657.3355241 15955162.1490331 -5861.24975913392 -2122.53011880985 50 1.00141645531047 -0
156200 11682839.667612 15848023.5368104 -5891.53124444077 -2163.23703509909 50 1.0281767752615 -0
156250 11387496.7456805 15738815.6315893 -5922.26063130823 -2205.31292992537 50 1.05613857982687 -0
156300 11090606.0739488 15627468.2850472 -5953.44182320906 -2248.82650480305 50 1.08537669785285 -0
156350 10792144.9813324 15513907.8020934 -5985.07790461098 -2293.85098677367 50 1.11597186320104 -0
156400 10492090.6662086 15398056.7056566 -6017.17098457113 -2340.46449117127 50 1.14801127311471 -0
156450 10190420.2496035 15279833.4825118 -6049.72201563997 -2388.75041780191 50 1.18158920727655 -0
156500 9887110.83813271 15159152.3083937 -6082.73058409853 -2438.79788387014 50 1.2168077148603 -0
156550 9582139.5982425 15035922.7504701 -6116.19466687301 -2490.70219731212 50 1.25377737780917 -0
156600 9275483.84355007 14910049.4450557 -6150.11034966788 -2544.56537454524 50 1.29261815962031 -0
156650 8967121.13737804 14781431.7482367 -6184.47149990756 -2600.49670701471 50 1.33346035008872 -0
156700 8657029.41292596 14649963.3568509 -6219.2693869499 -2658.61338130505 50 1.37644561777677 -0
156750 8345187.11393128 14515531.8970155 -6254.49224069707 -2719.04115798083 50 1.42172818343582 -0
156800 8031573.35915401 14378018.4771295 -6290.1247381401 -2781.91511471652 50 1.46947612922211 -0
156825 7874095.89170083 14308066.9776049 -6308.0886981353 -2814.31436862562 50 1.49433129184788 -0
156850 7716168.13459493 14237297.2019264 -6326.14740548695 -2847.38045960472 50 1.51987286033066 -0
156875 7557787.75840902 14165692.232196 -6344.29766312843 -2881.13326752888 50 1.54612642232251 -0
156900 7398952.51799481 14093234.6442242 -6362.53592125079 -2915.59342114771 50 1.57311873753556 -0
156925 7239660.26165243 14019906.4884053 -6380.8582488629 -2950.7823305383 50 1.60087779957808 -0
156950 7079908.94103931 13945689.2697631 -6399.26030304445 -2986.72222101222 50 1.62943290132285 -0
156975 6919696.62187861 13870563.9271313 -6417.73729569519 -3023.43616852848 50 1.6588147040069 -0
157000 6759021.49553245 13794510.8114279 -6436.28395756568 -3060.94813666321 50 1.68905531027036 -0
157025 6597881.89151074 13717509.662986 -6454.89449933599 -3099.28301518473 50 1.72018834135002 -0
157050 6436276.2909926 13639539.5879002 -6473.56256948752 -3138.46666028009 50 1.75224901865092 -0
157075 6274203.34144389 13560579.033345 -6492.28120869015 -3178.52593647555 50 1.7852742499263 -0
157100 6111661.8724218 13480605.7618248 -6511.04280040203 -3219.4887602883 50 1.81930272030191 -0
157125 5948650.91266515 13399596.8243097 -6529.83901735175 -3261.38414564074 50 1.8543749883856 -0
157150 5785169.70857791 13317528.5322147 -6548.66076354305 -3304.24225106026 50 1.89053358770558 -0
157175 5621217.74422247 13234376.4281754 -6567.49811138941 -3348.09442867782 50 1.92782313372178 -0
157200 5456794.76295 13150115.2555768 -6586.34023355073 -3392.97327502623 50 1.96629043665232 -0
157225 5291900.79080584 13064718.9267896 -6605.17532900562 -3438.91268362387 50 2.00598462035153 -0
157250 5126536.1618604 12978160.4900702 -6623.99054285078 -3485.9478993116 50 2.04695724746623 -0
157275 4960701.54562924 12890412.0950801 -6642.77187927369 -3534.11557428851 50 2.08926245108117 -0
157300 4794397.97676037 12801444.9569853 -6661.50410709497 -3583.45382576578 50 2.13295707304325 -0
157325 4627626.88718265 12711229.3190939 -6680.17065722371 -3634.00229512644 50 2.17810080912395 -0
157350 4460390.14092631 12619734.4139982 -6698.75351131073 -3685.80220844152 50 2.22475636114017 -0
157375 4292690.07184514 12526928.4231887 -6717.23308082252 -3738.8964381484 50 2.27298959610236 -0
157400 4124529.52449038 12432778.4351141 -6735.58807569125 -3793.32956564479 25 2.32286971239405 -0
157425 3955911.89840802 12337250.4016684 -6753.795361624 -3849.14794448988 25 2.37446941290438 -0
157450 3786841.19615551 12240309.0930937 -6771.82980507725 -3906.39976383117 25 2.4278650849336 -0
157475 3617322.07535935 12141918.0512996 -6789.66410482031 -3965.13511159003 25 2.48313698656489 -0
157500 3447359.90516324 12042039.5416123 -6807.26860892425 -4025.40603683891 25 2.54036943904105 -0
157525 3276960.82744677 11940634.5029803 -6824.611115921 -4087.26661068563 25 2.59965102449552 -0
157550 3106131.82322681 11837662.4966859 -6841.65665878111 -4150.77298484383 25 2.66107478815778 -0
157575 2934880.78468944 11733081.6536311 -6858.36727025923 -4215.98344690878 25 2.7247384438756 -0
157600 2763216.59333702 11626848.6202944 -6874.70172805387 -4282.95847117276 25 2.79074458146304 -0
157625 2591149.20477586 11518918.503488 -6890.61527812527 -4351.76076359885 25 2.85920087398226 -0
157650 2418689.74071215 11409244.8140794 -6906.05933441241 -4422.45529932238 25 2.93022028258876 -1.61976777971292e-305
157675 2245850.58876923 11297779.409889 -6920.98115309162 -4495.1093507608 25 3.00392125599902 -7.16823719982392e-297
157700 2072645.51078681 11184472.4380254 -6935.3234794275 -4569.7925040795 25 3.08042792096187 -3.16470944103107e-288
157725 1899089.76031262 11069272.2769817 -6949.02416518586 -4646.57666137709 25 3.15987025931192 -1.38903305162219e-279
157750 1725200.21004846 10952125.4788872 -6962.01575451555 -4725.53602551221 25 3.2423842662356 -6.03848533521985e-271
157775 1550995.49006554 10832976.7123918 -6974.22503616633 -4806.74706398803 25 3.32811208326366 -2.58961471023401e-262
157800 1376496.13765746 10711768.7067582 -6985.5725599042 -4890.28844773137 25 3.41720209819428 -1.0908253131187e-253
157825 1201724.75975227 10588442.1978483 -6995.9721150245 -4976.24095994398 25 3.50980900261795 -4.49226687354416e-245
157850 1026706.20885653 10462935.8768182 -7005.33016896032 -5064.68736945372 25 3.60609379592937 -1.7996534957646e-236
157875 851467.773552272 10335186.342491 -7013.54526415728 -5155.71226214536 25 3.7062237226377 -6.97560211029809e-228
157900 676039.38461024 10205128.058542 -7020.5073716565 -5249.40182309576 25 3.81037212738932 -2.60088833146735e-219
157925 500453.837817487 10072693.3168342 -7026.09720022093 -5345.84356096866 25 3.91871820936073 -9.27031701087709e-211
157950 324747.034639545 9937812.20846488 -7030.18546038804 -5445.12596503368 25 4.03144665452516 -3.13747053835874e-202
157975 148958.241844379 9800412.60434109 -7032.63208357071 -5547.33808385975 25 4.1487471207138 -1.00100121767168e-193
158000 -26869.6287995188 9660420.14739454 -7033.28539730279 -5652.56901329394 25 4.27081354635107 -2.98730243859956e-185
158025 -202689.719681015 9517758.25887454 -7031.98125898779 -5760.90727978017 25 4.39784324922705 -8.26947421243493e-177
158050 -378450.904368636 9372348.16152699 -7028.54215212044 -5872.44010341042 25 4.53003577667754 -2.10436698934641e-168
158075 -554097.441629377 9224108.9228793 -7022.77625097925 -5987.25252336003 25 4.6675914630956 -4.87536872713669e-160
158100 -729568.605756515 9072957.52230697 -7014.47646231551 -6105.42636657673 25 4.81070964485768 -1.01769942873944e-151
158125 -904798.292769647 8918808.94605829 -7003.41945567574 -6227.03903882752 25 4.95958647661753 -1.89280476402019e-143
158150 -1079714.602387 8761576.31495666 -6989.36469778841 -6352.16211554235 25 5.11441228667718 -3.09924762551089e-135
158175 -1254239.39611125 8601171.05008323 -6972.05351102025 -6480.85970844023 25 5.27536840304476 -4.41041058771811e-127
158200 -1428287.8323366 8437503.08235737 -6951.20818136521 -6613.18658283426 25 5.44262337620911 -5.37992152456658e-119
158225 -1601767.88009953 8270481.11256783 -6926.53114786282 -6749.18599998542 25 5.61632852011715 -5.54265233167171e-111
158250 -1774579.81398467 8100012.92904697 -6897.70431283084 -6888.88725916399 25 5.79661269002663 -4.74698645613608e-103
158275 -1946615.69378668 7926005.79079868 -6864.38852088444 -7032.3029154998 25 5.98357621573306 -3.32283379639759e-95
158300 -2117758.83384723 7748366.88445538 -6826.22326439589 -7179.42565264834 25 6.17728391229202 -1.86686802281754e-87
158325 -2287883.26855915 7567003.86390699 -6782.82668374069 -7330.22479423376 25 6.3777570992165 -8.25705344945886e-80
158350 -2456853.22238108 7381825.48175816 -6733.79594218642 -7484.64244549401 25 6.58496457495664 -2.81630747612801e-72
158375 -2624522.5948514 7192742.32185914 -6678.70806726269 -7642.58926715665 25 6.7988125182939 -7.24668572022279e-65
158400 -2790734.47353617 6999667.64193356 -6617.12136236361 -7803.9398979699 25 7.01913332437548 -1.37426306244052e-57
158425 -2955320.6905804 6802518.33469026 -6548.57750338392 -7968.52806116483 25 7.24567343289217 -1.87382832440257e-50
158450 -3118101.4415212 6601216.01463626 -6472.60444428142 -8136.1414140371 25 7.47808027173908 -1.78961781023574e-43
158475 -3278884.98819847 6395688.23597259 -6388.72026114539 -8306.51622927047 25 7.71588852343587 -1.16461561201584e-36
158500 -3437467.47085721 6185869.84431135 -6296.43806481165 -8479.33203176735 25 7.95850602491092 -5.01653180708572e-30
158525 -3593632.8577174 5971704.46136148 -6195.27210510335 -8654.20635535623 25 8.20519973394017 -1.38749226677866e-23
158550 -3747153.06317679 5753146.09706501 -6084.74517288136 -8830.68982893211 25 8.45508233550992 -2.38724982435646e-17
158562.5 -3822846.72431347 5642208.43876887 -6025.82668063721 -8919.37519245366 25 8.58089699921924 -2.59401524916773e-14
158575 -3897788.26818707 5530160.87786743 -5964.39737657246 -9008.26184943058 25 8.70710021354033 -2.47232761951279e-11
158587.5 -3971945.97537892 5417001.37301295 -5900.40415090494 -9097.27303005744 25 8.83353268411365 -2.05795772460353e-08
158600 -4045287.47739482 5302728.87253334 -5833.79632506198 -9186.3271482475 25 8.96002367040865 -1.48962254729485e-05
158612.5 -4117779.7894863 5187343.37487306 -5764.52604391027 -9275.33776813369 25 9.08639087659672 -0.00933500985443216
158625 -4189389.34849292 5070845.98927801 -5692.54868657222 -9364.21359900304 25 9.21244040329995 -5.04221512380934
158637.5 -4260082.0558775 4953238.99643144 -5617.82326748234 -9452.85847739742 25 9.33795892701688 -2336.94459392457
158643.75 -4295073.79887183 4894020.44676729 -5579.41785821468 -9497.06214013923 6.25 9.40030762742751 -47437.2592583104
158646.875 -4312479.10927972 4864307.64499107 -5559.95113141613 -9519.12610513613 6.25 9.43093866349993 -210553.060545928
158650 -4329823.30443025 4834525.94576072 -5540.30252752363 -9541.15366742414 3.125 9.45970796271326 -925191.769377061
158653.125 -4347105.79031399 4804675.50857632 -5520.45073402736 -9563.10701092156 3.125 9.48074157503422 -4024323.06867338
158654.6875 -4355723.67389765 4789724.62079169 -5510.42695513517 -9574.01778457101 3.125 9.48247876258867 -8360910.02303195
158656.25 -4364325.82455509 4774756.75395745 -5500.30627523099 -9584.82911230797 1.5625 9.47028314592562 -17325507.4650874
158657.8125 -4372912.05242009 4759772.13102082 -5490.0328411769 -9595.44283322015 1.5625 9.4317251362621 -35807056.7628083
158659.375 -4381482.04006492 4744771.19941149 -5479.49233842174 -9605.65755499768 1.5625 9.34862656918791 -73800884.5823437
158660.15625 -4385760.77929425 4737264.87286998 -5474.05638667009 -9610.4995515702 1.5625 9.28638487348295 -105837590.449592
158660.9375 -4390035.20933891 4729754.86657997 -5468.4514537936 -9615.06111463457 1.5625 9.2152706902968 -151665592.346022
158661.71875 -4394305.17332909 4722241.44366634 -5462.60993574575 -9619.22242887764 1.5625 9.1546034258384 -217160576.44317
158662.5 -4398570.45104036 4714724.97962689 -5456.43558098196 -9622.81265114652 1.5625 9.15646086859323 -310663775.793544
158663.28125 -4402830.73210629 4707206.01008644 -5449.79152644138 -9625.5884860019 0.78125 9.34121517111989 -443988662.349302
158664.0625 -4407085.57808666 4699685.29852513 -5442.48346438747 -9627.20399208226 0.78125 9.95114007910886 -633814651.377455
158664.84375 -4411334.36889139 4692163.93209282 -5434.23606601418 -9627.16822138545 0.78125 11.3921639143781 -903593732.117568
158665.625 -4415576.22736199 4684643.45670508 -5424.6601672781 -9624.78615687951 0.78125 14.2046008312457 -1286113405.16411
158666.40625 -4419809.91358544 4677126.06667046 -5413.20749858377 -9619.07707915786 0.78125 18.9903369403358 -1826851259.69081
158667.1875 -4424033.67771131 4669614.86922402 -5399.10901297377 -9608.66313511806 0.78125 26.4291810115985 -2588183949.75638
158667.96875 -4428245.05674796 4662114.2503974 -5381.29240213374 -9591.61997101145 0.78125 37.3948362059796 -3654300424.81513
158668.359375 -4430345.07079657 4658369.74798577 -5370.54592048461 -9579.81470073358 0.78125 44.5568639612365 -4335171396.82355
158668.75 -4432440.59739451 4654630.37500364 -5358.27477508165 -9565.28188404274 0.78125 53.0764629547601 -5136180574.70867
158669.140625 -4434530.98928284 4650897.28999564 -5344.20747525738 -9547.53244600455 0.78125 63.1659563960073 -6075960543.23971
158669.53125 -4436615.48478707 4647171.8577179 -5328.0288436887 -9525.99808070591 0.78125 75.0661762898826 -7175020402.25046
158669.921875 -4438693.1897399 4643455.68194658 -5309.37483284688 -9500.02172394362 0.78125 89.0464772636654 -8455506615.6724
158670.3125 -4440763.0573963 4639750.64198559 -5287.82748121076 -9468.84823438236 0.78125 105.403091394312 -9940735656.71753
158670.703125 -4442823.86646547 4636058.9326666 -5262.9103918479 -9431.6159677742 0.78125 124.455100002731 -11654417189.2598
158671.09375 -4444874.19756349 4632383.10731367 -5234.08527188525 -9387.35021159007 0.78125 146.5371165584 -13619475067.8549
158671.484375 -4446912.40863607 4628726.12270259 -5200.75025763185 -9334.95978629755 0.78125 171.987620676819 -15856369672.3522
158671.875 -4448936.61022412 4625091.38446123 -5162.24095804925 -9273.23849948878 0.78125 201.131802167648 -18380836278.5214
158672.265625 -4450944.64185058 4621482.79062283 -5117.83535888268 -9200.87352456493 0.78125 234.257837537364 -21200990113.9681
158672.65625 -4452934.05128925 4617904.77016764 -5066.76390482814 -9116.46310177598 0.78125 271.585827281252 -24313821007.1106
158673.4375 -4456845.65064633 4610860.98211141 -4941.41538693849 -8905.6460624716 0.78125 359.150227587006 -31325851519.7799
158673.828125 -4458761.380737 4607406.91433998 -4865.55187241651 -8776.33083387113 0.78125 409.110493431213 -35127400111.1995
158674.21875 -4460645.59132676 4604006.78264078 -4779.92557428266 -8629.28965566064 0.78125 462.624243956988 -39019951311.8252
158674.609375 -4462494.34883627 4600667.7341917 -4683.94677773047 -8463.42468538603 0.390625 518.918662763126 -42891438992.1162
158675 -4464303.52197801 4597397.28682775 -4577.20263659679 -8277.9536494108 0.390625 576.912068416308 -46606136831.0994
158675.390625 -4466068.86222104 4594203.18505558 -4459.51521552266 -8072.51562787361 0.390625 635.219338206947 -50010961686.5141
158675.78125 -4467786.10626797 4591093.21584657 -4330.9950150573 -7847.2691515689 0.390625 692.19329597645 -52945835289.1533
158676.171875 -4469451.09737964 4588074.98974553 -4192.08266893749 -7602.96936993407 0.390625 746.006656420657 -55257521441.0078
158676.5625 -4471059.91943974 4585155.69817648 -4043.57127450737 -7341.01055837315 0.390625 794.772288935547 -56815367220.7071
158676.953125 -4472609.03489899 4582341.8628598 -3886.60306831105 -7063.42241423139 0.390625 836.691033357792 -57526512545.173
158677.34375 -4474095.41578974 4579639.09686273 -3722.63701246615 -6772.81368677717 0.390625 870.208231482021 -57347739243.3288
158677.734375 -4475516.65643242 4577051.89793654 -3553.38796325676 -6472.26408498375 0.390625 894.155232115381 -56291470104.9352
158678.125 -4476871.05760604 4574583.49281576 -3380.7426238169 -6165.17362475282 0.390625 907.852568601215 -54424522266.1326
158678.515625 -4478157.67478001 4572235.74612778 -3206.66134067937 -5855.08563038843 0.390625 911.157872766205 -51859785768.8816
158678.90625 -4479376.32703753 4570009.14031345 -3033.07698868921 -5545.50366822844 0.390625 904.452345637057 -48742540306.9092
158679.296875 -4480527.56778157 4567902.82488985 -2861.80216316332 -5239.72276492751 0.390625 888.571594656165 -45234142834.577
158679.6875 -4481612.62234316 4565914.72605606 -2694.45377860698 -4940.69153055473 0.390625 864.696370848749 -41496036609.4511
158680.078125 -4482633.30050834 4564041.70232597 -2532.40065258805 -4650.91549942197 0.390625 834.223762724885 -37676489085.6745
158680.46875 -4483591.89338662 4562279.7292378 -2376.73570856803 -4372.40487926936 0.390625 798.639147741966 -33901459291.789
158680.859375 -4484491.06397853 4560624.09622008 -2228.2709711598 -4106.66361182573 0.78125 759.404817359842 -30269910461.745
158681.25 -4485333.73957921 4559069.60083156 -2087.55113575537 -3854.71226694252 0.78125 717.87475637767 -26853028148.2325
158681.640625 -4486123.01224409 4557610.72900156 -1954.88035048847 -3617.1351591925 0.390625 675.238633083845 -23696321658.4973
158682.03125 -4486862.05140787 4556241.81373711 -1830.35679818714 -3394.14192596807 0.390625 632.493047023763 -20823465207.7255
158682.421875 -4487554.03075296 4554957.16836875 -1713.91037282154 -3185.63503954602 0.390625 590.435045212085 -18240869253.3716
158682.8125 -4488202.06979256 4553751.19337115 -1605.33983766865 -2991.27667347173 0.390625 549.671735857006 -15942233325.9606
158683.203125 -4488809.1894517 4552618.45795103 -1504.34702403489 -2810.55044930131 0.390625 510.640011846602 -13912614289.2044
158683.59375 -4489378.28018778 4551553.75896197 -1410.56667828487 -2642.81548495013 0.390625 473.631367916131 -12131784760.7124
158683.984375 -4489912.08081719 4550552.1604054 -1323.59139205971 -2487.35166734279 0.390625 438.818068830936 -10576830012.902
158684.375 -4490413.16611592 4549609.01697604 -1242.99163405793 -2343.39613658509 0.390625 406.278172754786 -9224038432.01831
158684.765625 -4490883.94134669 4548719.98497265 -1168.33126641118 -2210.17163872109 0.390625 376.017959555385 -8050193763.32117
158685.15625 -4491326.64205706 4547881.02355993 -1099.17912036143 -2086.90776055876 0.390625 347.99109825958 -7033393584.02876
158685.546875 -4491743.33773414 4547088.38893984 -1035.11727417029 -1972.85619177748 0.390625 322.114421420944 -6153512637.60454
158685.9375 -4492135.93815222 4546338.62354233 -975.746664685966 -1867.30114535207 0.390625 298.280500523433 -5392412993.6377
158686.328125 -4492506.20148638 4545628.54192112 -920.690606902906 -1769.5659690388 0.390625 276.367388759649 -4733982770.94552
158686.71875 -4492855.74347439 4544955.21466265 -869.596717456017 -1679.01684240761 0.390625 256.245964646799 -4164065565.91847
158687.109375 -4493186.04708665 4544315.95129656 -822.137654141326 -1595.06430461231 0.390625 237.785311451089 -3670325773.76595
158687.5 -4493498.47230906 4543708.28293281 -778.011003639522 -1517.16321502873 0.390625 220.856532204085 -3242081333.7612
158687.890625 -4493794.26575921 4543129.94514114 -736.938578486945 -1444.81162107612 0.390625 205.33534780303 -2870124982.24002
158688.28125 -4494074.56994605 4542578.86142528 -698.665323878429 -1377.54889857806 0.390625 191.103768611133 -2546547425.91463
158688.671875 -4494340.43205162 4542053.12751949 -662.957985200548 -1314.95344025497 0.390625 178.05107519939 -2264570412.41152
158689.0625 -4494592.81216419 4541550.99664212 -629.603647418055 -1256.64009591676 0.78125 166.074294982325 -2018393951.99919
158689.453125 -4494832.59092923 4541070.86577293 -598.408226269379 -1202.2575113664 0.78125 155.078319866794 -1803059484.40264
158689.84375 -4495060.57661109 4540611.26297224 -569.194967251929 -1151.48546942341 0.78125 144.975775741139 -1614329226.60549
158690.234375 -4495277.51157619 4540170.83572645 -541.802990241543 -1104.03230341689 0.78125 135.686727088166 -1448581005.66666
158690.625 -4495484.07822081 4539748.34028199 -516.08590409003 -1059.63242882765 0.78125 127.138278316228 -1302717371.14029
158691.015625 -4495680.90437388 4539342.63191564 -491.91050566015 -1018.04402064513 0.78125 119.264116600288 -1174087548.60783
158691.40625 -4495868.5682093 4538952.65608117 -469.15557065002 -979.04685093574 0.78125 112.004028193346 -1060420736.99192
158691.796875 -4496047.60270432 4538577.44036846 -447.71073855629 -942.440291882763 0.78125 105.303410493869 -959769297.927954
158692.1875 -4496218.49968064 4538216.08721035 -427.475490697669 -908.041483193896 0.78125 99.1127949497053 -870460488.999262
158692.578125 -4496381.71346395 4537867.76727417 -408.358217956486 -875.683658537257 0.78125 93.3873905800429 -791055523.901693
158693.359375 -4496686.74080556 4537207.21562124 -373.150707094975 -816.495377615864 0.78125 83.1738904389691 -657168943.910512
158694.140625 -4496965.68766256 4536590.30170591 -341.503261247778 -763.80878606931 0.78125 74.3825475018406 -550086549.300064
158694.921875 -4497221.13871685 4536012.30506299 -312.926999128138 -716.731084149537 0.78125 66.7834806972252 -463794055.534371
158695.703125 -4497455.32849484 4535469.14516413 -287.011813809404 -674.512159749432 0.78125 60.1878553031114 -393750240.868006
158696.484375 -4497670.19723925 4534957.28017877 -263.41234569293 -636.519264556839 0.78125 54.4401495747877 -336500893.238746
158697.265625 -4497867.43689519 4534473.62359226 -241.836609518499 -602.216458417067 0.78125 49.4118754836794 -289399289.856766
158698.046875 -4498048.52907951 4534015.47532087 -222.036767587146 -571.14791551163 0.78125 44.9965077988551 -250402699.448822
158698.828125 -4498214.77654148 4533580.46460825 -203.801631847073 -542.924345592361 0.78125 41.105399915547 -217923331.370237
158699.609375 -4498367.32932868 4533166.50251505 -186.950556438804 -517.211923591277 0.78125 37.6644969471148 -190718462.926797
158700.390625 -4498507.20663396 4532771.74223992 -171.328448521045 -493.723238891323 0.78125 34.6116889584937 -167808911.413087
158701.171875 -4498635.31510914 4532394.54585274 -156.801679462738 -472.209872474388 0.78125 31.8946764713814 -148418134.194133
158701.953125 -4498752.46427798 4532033.45629525 -143.254722310484 -452.456288616011 0.78125 29.4692453753053 -131926433.942661
158702.734375 -4498859.37955971 4531687.17372364 -130.587376519574 -434.274790705155 0.78125 27.2978690728607 -117836295.006372
158703.515625 -4498956.71331684 4531354.53544276 -118.712468869834 -417.501340933496 1.5625 25.3485724785085 -105745974.910406
158704.296875 -4499045.05426323 4531034.4988221 -107.55394166959 -401.992083484741 1.5625 23.5940059473392 -95329257.1843671
158705.078125 -4499124.93550621 4530726.12669601 -97.0452569491749 -387.620442529357 1.5625 22.0106879122125 -86319831.8480978
158705.859375 -4499196.84144626 4530428.57484095 -87.1280593107502 -374.274691486367 1.5625 20.5783834800105 -78499173.2789761
158706.640625 -4499261.21371783 4530141.08119545 -77.7510511971357 -361.855910012846 1.5625 19.279592927682 -71687077.365433
158707.421875 -4499318.45632196 4529862.95654719 -68.8690431751763 -350.276261107064 1.5625 18.0991293172174 -65734232.7348585
158708.203125 -4499368.94007516 4529593.57645919 -60.4421488774417 -339.457533419673 1.5625 17.023768613088 -60516356.8656464
158708.984375 -4499413.00647779 4529332.37424623 -52.4350998863007 -329.329904034054 1.5625 16.0419589748558 -55929542.9175144
158709.765625 -4499450.97108718 4529078.83484369 -44.8166603720732 -319.830885132453 1.5625 15.1435784993813 -51886548.4083016
158711.328125 -4499509.74475687 4528592.91079699 -30.6378860178989 -302.500139416325 1.5625 13.5625853659951 -45149101.8437224
158712.890625 -4499547.37006148 4528132.52762907 -17.7191621143911 -287.080978820162 1.5625 12.2214927728036 -39839852.9021558
158714.453125 -4499565.6958172 4527694.95107311 -5.9125400209523 -273.26065536795 1.5625 11.0738707544701 -35621464.1258778
158716.015625 -4499566.36417496 4527277.88957082 4.8998148844623 -260.783111230506 1.5625 10.0830996895045 -32245176.4837779
158717.578125 -4499550.85226615 4526879.41485982 14.8122685667212 -249.437761985455 1.5625 9.22015530527003 -29524985.8203694
158719.140625 -4499520.5046375 4526497.89790595 23.9009353460371 -239.050931710302 1.5625 8.46197554846416 -27319948.2354186
158720.703125 -4499476.55840464 4526131.9566279 32.2278309728062 -229.479222757491 1.5625 7.79023176169979 -25521894.0829583
158722.265625 -4499420.16257816 4525780.41281686 39.8442135570005 -220.60430383165 1.5625 7.19038242171362 -24046796.9144707
158723.828125 -4499352.39268665 4525442.25634238 46.7932862986795 -212.328742606806 1.5625 6.65092657966877 -22828647.6399896
158725.390625 -4499274.26159411 4525116.61523557 53.1123827331037 -204.572612130541 1.5625 6.16280134887344 -21815067.4302813
158726.953125 -4499186.72724999 4524802.73060137 58.8347196510589 -197.270675698391 1.5625 5.71888669106409 -20964139.8016472
158728.515625 -4499090.69799645 4524499.9355714 63.9907800362489 -190.370010615461 1.5625 5.31359365500316 -20242103.9308025
158730.078125 -4498987.0359715 4524207.63769302 68.6093745830919 -183.827972509281 3.125 4.94252076148867 -19621658.8699142
158731.640625 -4498876.55907776 4523925.30427895 72.7184227620209 -177.610432160177 3.125 4.602168621634 -19080701.4412811
158733.203125 -4498760.0419254 4523652.45033022 76.345490739078 -171.690238670234 3.125 4.28970603391955 -18601371.3752757
158734.765625 -4498638.21610122 4523388.62870435 79.5181219818592 -166.045878053414 3.125 4.00278241987443 -18169313.3565411
158736.328125 -4498511.77006013 4523133.42224098 82.2639957791035 -160.660306454823 3.125 3.73938205237755 -17773091.8441639
158737.890625 -4498381.34888079 4522886.4375838 84.6109482446166 -155.519943400687 3.125 3.49771550710944 -17403713.8161393
158739.453125 -4498247.55407418 4522647.3004581 86.5868890993556 -150.613813768799 3.125 3.27614344105207 -17054228.831901
158741.015625 -4498110.94358298 4522415.6521793 88.2196453639286 -145.932828433806 3.125 3.07312741913207 -16719386.2230465
158742.578125 -4497972.03206401 4522191.14718364 89.5367600264366 -141.469193527685 3.125 2.88720225797143 -16395336.6483112
158744.140625 -4497831.29150415 4521973.45138844 90.5652699319529 -137.21593756949 3.125 2.71696435998818 -16079370.3180277
