0 314159000 0 -1181.63007948144 209.165855876847 100 0.00403837820768556 -0
100 314040816.795096 20916.585139309 -1182.03406926923 209.165842423044 200 0.00404141829320266 -0
300 313804329.112283 62749.744643227 -1182.8429619734 209.165734610091 400 0.00404751179233344 -0
700 313330867.800627 146415.944798347 -1184.46441232205 209.16519365116 800 0.00405975236510335 -0
1500 312381994.523622 313747.258497326 -1187.72207297255 209.162796568359 1600 0.00408444992739927 -0
3100 310476389.790908 648400.565736972 -1194.29724839408 209.152628799342 1600 0.00413472802417506 -0
4700 308560199.920273 983031.731400625 -1200.95381697074 209.135074526978 1600 0.00418621740402729 -0
6300 306633293.121242 1317628.71752645 -1207.69374168952 209.109857275134 1600 0.00423896048215368 -0
7900 304695534.407962 1652179.03386839 -1214.51905430475 209.076688053337 1600 0.00429300163329696 -0
9500 302746785.486651 1986669.71732734 -1221.43185851522 209.035264667125 1600 0.0043483873045634 -0
11100 300786904.637827 2321087.310243 -1228.43433332423 208.985270982982 1600 0.00440516613604568 -0
12700 298815746.593001 2655417.83747097 -1235.52873659522 208.926376144374 1600 0.00446338908988242 -0
14300 296833162.405522 2989646.78216387 -1242.71740881653 208.858233735051 1600 0.00452310958844533 -0
15900 294838999.315211 3323759.06016882 -1250.00277709028 208.780480885483 1600 0.0045843836624105 -0
17500 292833100.606433 3657738.99294672 -1257.38735936116 208.692737317887 1600 0.00464727010954198 -0
19100 290815305.459195 3991570.27891115 -1264.87376890272 208.594604324907 1600 0.00471183066509574 -0
20700 288785448.792848 4325235.96307663 -1272.46471907984 208.485663676539 1600 0.00477813018484064 -0
22300 286743361.101934 4658718.40489645 -1280.16302840781 208.365476449387 1600 0.00484623684179131 -0
23900 284688868.283684 4991999.2441611 -1287.97162593043 208.233581771789 1600 0.00491622233785716 -0
25500 282621791.456651 5325059.3648168 -1295.89355694102 208.089495477705 1600 0.0049881621317333 -0
27100 280541946.769882 5657878.85655211 -1303.93198907294 207.932708661588 1600 0.00506213568449476 -0
28700 278449145.202039 5990436.97398756 -1312.09021878807 207.762686125693 1600 0.00513822672450684 -0
30300 276343192.349804 6322712.09328863 -1320.37167829471 207.578864710417 1600 0.00521652353343331 -0
31900 274223888.204837 6654681.66600695 -1328.77994292904 207.380651497318 1600 0.00529711925531333 -0
33500 272091026.91854 6986322.16993685 -1337.3187390374 207.16742187342 1600 0.00538011223089029 -0
35100 269944396.553774 7317609.05675559 -1345.99195240055 206.938517444203 1600 0.00546560635961294 -0
36700 267783778.822636 7648516.69619414 -1354.80363724447 206.693243781377 1600 0.00555371149199711 -0
38300 265608948.809321 7979018.31646204 -1363.75802588706 206.430867990075 1600 0.00564454385533652 -0
39900 263419674.676996 8309085.94062411 -1372.85953907476 206.150616078408 1600 0.00573822651609036 -0
41500 261215717.357557 8638690.31859788 -1382.11279706833 205.851670110517 1600 0.00583488988265764 -0
43100 258996830.222992 8967800.85440878 -1391.52263154352 205.533165122125 1600 0.00593467225268106 -0
44700 256762758.737013 9296385.52830499 -1401.09409837838 205.19418577528 1600 0.00603772040951254 -0
46300 254513240.085467 9624410.81329393 -1410.8324914072 204.8337627263 1600 0.00614419027302841 -0
47900 252248002.7839 9951841.58561908 -1420.74335722888 204.450868677972 1600 0.00625424761061307 -0
49500 249966766.26053 10278641.0286463 -1430.83251116723 204.04441408363 1600 0.00636806881484889 -0
51100 247669240.412688 10604770.5295743 -1441.10605449125 203.613242466952 1600 0.00648584175526887 -0
52700 245355125.134613 10930189.5683228 -1451.57039301537 203.156125316901 1600 0.00660776671246518 -0
53500 244191749.817788 11092619.4510701 -1456.87620048463 202.917432198636 1600 0.0066703524290927 -0
54300 243024109.814238 11254855.5978715 -1462.2322572121 202.671756512516 1600 0.00673405740392143 -0
55100 241852164.567827 11416892.3524852 -1467.63945880692 202.418921866736 1600 0.00679891063619917 -0
55900 240675872.79674 11578723.9153125 -1473.09872398984 202.158746225582 1600 0.00686494211214464 -0
56700 239495192.47468 11740344.338795 -1478.61099537641 201.891041686269 1600 0.00693218284665719 -0
57500 238310080.811429 11901747.5226273 -1484.17724029318 201.615614245181 1600 0.00700066492713717 -0
58300 237120494.23274 12062927.2087799 -1489.7984516284 201.332263552934 1600 0.00707042155954151 -0
59100 235926388.359537 12223876.9763199 -1495.47564871915 201.040782657629 1600 0.00714148711680775 -0
59900 234727717.986389 12384590.2360229 -1501.20987827674 200.740957735632 1600 0.00721389718978859 -0
60700 233524437.059223 12545060.224763 -1507.00221535222 200.432567809163 1600 0.00728768864084893 -0
61500 232316498.652257 12705279.9996722 -1512.85376434428 200.115384449947 1600 0.00736289966028804 -0
62300 231103854.944101 12865242.4320566 -1518.76566005153 199.789171468113 1600 0.00743956982576051 -0
63100 229886457.193001 13024940.2010571 -1524.73906877183 199.453684585478 1600 0.00751774016488233 -0
63900 228664255.711184 13184365.7870432 -1530.77518945079 199.108671092303 1600 0.00759745322122122 -0
64700 227437199.838264 13343511.4647242 -1536.87525488248 198.753869486541 1600 0.00767875312388515 -0
65500 226205237.913663 13502369.2959651 -1543.04053296481 198.389009094515 1600 0.00776168566093794 -0
66300 224968317.248006 13660931.1222908 -1549.27232801289 198.013809671921 1600 0.00784629835688793 -0
67100 223726384.093445 13819188.5570636 -1555.57198213335 197.627980983954 1600 0.00793264055451356 -0
67900 222479383.612853 13977132.9773148 -1561.94087666315 197.231222363269 1600 0.00802076350130963 -0
68700 221227259.84784 14134755.5152148 -1568.3804336764 196.823222244403 1600 0.00811072044085874 -0
69500 219969955.685537 14292047.0491594 -1574.89211756315 196.403657673201 1600 0.00820256670945606 -0
70300 218707412.824091 14448998.1944544 -1581.47743668414 195.972193789645 1600 0.00829635983834017 -0
71100 217439571.736794 14605599.2935741 -1588.13794510605 195.528483282423 1600 0.00839215966191013 -0
71900 216166371.634799 14761840.4059729 -1594.87524442179 195.072165813392 1600 0.00849002843233832 -0
72700 214887750.42834 14917711.297422 -1601.69098566091 194.602867410009 1600 0.00859003094102086 -0
73500 213603644.686389 15073201.4288484 -1608.58687129548 194.120199823625 1600 0.00869223464734249 -0
74300 212313989.594662 15228299.944645 -1615.5646573471 193.623759851377 1600 0.00879670981527057 -0
75100 211018718.911907 15382995.660423 -1622.62615560126 193.113128619282 1600 0.00890352965833496 -0
75900 209717764.924362 15537277.0501746 -1629.77323593543 192.587870823879 1600 0.00901277049359542 -0
76700 208411058.398317 15691132.2328115 -1637.00782876816 192.047533929652 1600 0.00912451190524811 -0
77500 207098528.530654 15844548.9580425 -1644.33192763637 191.491647319152 1600 0.00923883691857668 -0
78300 205780102.897281 15997514.5915512 -1651.74759190926 190.919721392584 800 0.00935583218501286 -0
79100 204455707.399327 16150016.0994324 -1659.2569496472 190.331246613295 800 0.0094755881791364 -0
79900 203125266.206997 16302040.031841 -1666.86220061512 189.725692495345 800 0.00959819940851514 -0
80700 201788701.700952 16453572.5058079 -1674.5656194603 189.102506529041 800 0.00972376463736424 -0
81500 200445934.411067 16604599.1871682 -1682.36955906533 188.461113039944 800 0.00985238712508917 -0
82300 199096882.952446 16755105.2715504 -1690.27645408786 187.800911976506 800 0.00998417488087131 -0
83100 197741463.958515 16905075.4643636 -1698.28882469965 187.121277621086 800 0.0101192409355584 -0
83900 196379592.011049 17054493.9597223 -1706.40928053824 186.421557218638 800 0.0102577036322364 -0
84700 195011179.566942 17203344.4182383 -1714.64052488601 185.701069516889 800 0.0103996869369851 -0
85500 193636136.881536 17351609.943608 -1722.98535909203 184.959103211262 800 0.010545320771458 -0
86300 192254371.928317 17499273.0579138 -1731.4466872539 184.194915287239 800 0.0106947413690811 -0
87100 190865790.314752 17646315.6755573 -1740.0275211778 183.407729252189 800 0.0108480916568341 -0
87900 189470295.194033 17792719.0757298 -1748.73098563655 182.59673324797 800 0.0110055216647649 -0
88700 188067787.172502 17938463.8733221 -1757.56032394733 181.761078034839 800 0.0111671889655972 -0
89500 186658164.212468 18083529.9881673 -1766.51890389231 180.899874836321 800 0.0113332591470202 -0
90300 185241321.530143 18227896.6124993 -1775.61022400751 180.012193033735 800 0.0115039063195069 -0
91100 183817151.488396 18371542.1765032 -1784.83792026738 179.097057698002 800 0.0116793136627912 -0
91900 182385543.483985 18514444.3118212 -1794.20577319512 178.153446945196 800 0.0118596740144526 -0
92700 180946383.828923 18656579.8128683 -1803.71771543121 177.180289100991 800 0.0120451905044092 -0
93500 179499555.625593 18797924.5957964 -1813.37783979566 176.176459657698 800 0.0122360772395156 -0
94300 178044938.635205 18938453.6549368 -1823.1904078828 175.140778006 800 0.0124325600429039 -0
95100 176582409.139148 19078141.0165299 -1833.15985923064 174.072003921683 800 0.0126348772531981 -0
95900 175111839.79276 19216959.6895403 -1843.2908211113 172.968833785681 800 0.0128432805892868 -0
96700 173633099.471004 19354881.6133329 -1853.58811899283 171.829896513537 800 0.0130580360869609 -0
97500 172146053.105486 19491877.6019674 -1864.05678772796 170.65374916788 800 0.0132794251144183 -0
98300 170650561.512213 19627917.2848468 -1874.70208353033 169.438872224756 800 0.0135077454744272 -0
99100 169146481.209428 19762969.0434295 -1885.5294968052 168.183664461558 800 0.0137433126018215 -0
99900 167633664.224822 19896999.943689 -1896.5447659076 166.886437430773 800 0.013986460866005 -0
100700 166111957.891331 20029975.6639737 -1907.75389190888 165.545409479899 800 0.0142375449892698 -0
101500 164581204.630704 20161860.4178858 -1919.16315446051 164.158699273437 800 0.0144969415930164 -0
102300 163041241.723887 20292616.871764 -1930.77912885327 162.724318767926 800 0.0147650508854168 -0
103100 161491901.067265 20422206.0563081 -1942.60870438023 161.240165585377 800 0.0150422985057117 -0
103900 159933008.913643 20550587.271842 -1954.65910412366 159.704014724139 800 0.015329137542217 -0
104700 158364385.596784 20677717.9866581 -1966.93790629868 158.113509539045 800 0.015626050743258 -0
105500 156785845.238203 20803553.7278285 -1979.45306730136 156.466151914572 800 0.0159335529427007 -0
106300 155197195.434786 20928047.9638031 -1992.21294662508 154.759291545493 800 0.0162521937245608 -0
107100 153598236.925669 21051151.9780445 -2005.22633382783 152.990114228974 800 0.0165825603543874 -0
107900 151988763.236657 21172814.7328647 -2018.50247775388 151.155629060095 800 0.016925281008824 -0
108700 150368560.300282 21292982.7225401 -2032.05111823692 149.252654408999 800 0.0172810283390146 -0
109500 148737406.049433 21411599.8146755 -2045.88252053903 147.277802542234 800 0.0176505234084489 -0
110300 147095069.982239 21528607.0786713 -2060.00751280998 145.22746273275 800 0.0180345400515373 -0
111100 145441312.69567 21643942.6000168 -2074.43752688666 143.097782682332 800 0.0184339097058208 -0
111500 144610073.725314 21700963.2437917 -2081.77066548956 142.001915175198 800 0.0186396287958558 -0
111900 143775885.38499 21757541.2789592 -2089.18464278995 140.884648056971 800 0.0188495267784197 -0
112300 142938715.016901 21813668.0345179 -2096.68107804233 139.745422388758 800 0.0190637262726341 -0
112700 142098529.306239 21869334.6120525 -2104.26163733369 138.583659904165 800 0.0192823546161836 -0
113100 141255294.262099 21924531.8778363 -2111.9280353596 137.398762169323 800 0.0195055440906478 -0
113500 140408975.197669 21979250.4545892 -2119.68203728378 136.190109698751 800 0.0197334321597159 -0
113900 139559536.709655 22033480.7128719 -2127.52546068598 134.957061024281 800 0.0199661617211447 -0
114300 138706942.656908 22087212.762099 -2135.46017760317 133.698951714146 800 0.0202038813733854 -0
114700 137851156.13822 22140436.4411479 -2143.48811666934 132.415093339064 800 0.0204467456978762 -0
115100 136992139.469234 22193141.3085445 -2151.61126535967 131.104772381951 800 0.0206949155580765 -0
115500 136129854.158448 22245316.6321993 -2159.83167234511 129.767249087646 800 0.0209485584164004 -0
115900 135264260.882241 22296951.3786719 -2168.15144996401 128.401756248753 800 0.0212078486703033 -0
116300 134395319.458892 22348034.201936 -2176.5727768175 127.007497923425 800 0.0214729680088706 -0
116700 133522988.821537 22398553.4316174 -2185.09790049637 125.583648080578 800 0.0217441057913727 -0
117100 132647226.989999 22448497.0606738 -2193.72914044716 124.129349167719 800 0.0220214594493635 -0
117500 131767991.041455 22497852.7324869 -2202.46889098613 122.643710596147 800 0.0223052349140364 -0
117900 130885237.079853 22546607.72733 -2211.31962447021 121.125807137935 800 0.022595647070689 -0
118300 129998920.20404 22594748.9481761 -2220.28389463462 119.57467722861 800 0.0228929202423073 -0
118700 129108994.474506 22642262.9058072 -2229.3643401079 117.989321169002 800 0.0231972887044491 -0
119100 128215412.878702 22689135.7031827 -2238.56368811536 116.368699219199 800 0.0235089972337941 -0
119500 127318127.294818 22735353.0190233 -2247.8847583833 114.711729576955 800 0.0238283016929343 -0
119900 126417088.453973 22780900.0905607 -2257.33046725682 113.017286232307 800 0.0241554696542025 -0
120300 125512245.900703 22825761.6954037 -2266.90383204543 111.28419668944 800 0.0244907810655862 -0
120700 124603547.951667 22869922.1324648 -2276.60797561146 109.511239546117 800 0.0248345289620459 -0
121100 123690941.652466 22913365.201888 -2286.44613121749 107.697141920156 800 0.0251870202258575 -0
121500 122774372.732465 22956074.1839148 -2296.42164765042 105.840576711549 800 0.0255485763999296 -0
121900 121853785.557513 22998031.8166207 -2306.53799464105 103.940159687828 800 0.0259195345584142 -0
122300 120929123.080426 23039220.2724476 -2316.79876859964 101.99444637921 400 0.0263002482393275 -0
122700 120000326.789114 23079621.1334537 -2327.2076986895 100.001928768848 400 0.0266910884443514 -0
123100 119067336.652206 23119215.3651967 -2337.76865326254 97.9610317622336 400 0.0270924447114743 -0
123500 118130091.06202 23157983.2891569 -2348.4856466826 95.8701094183319 400 0.0275047262666811 -0
123900 117188526.774729 23195904.5536023 -2359.36284656464 93.727440923453 400 0.0279283632615092 -0
124300 116242578.847534 23232958.1027887 -2370.40458146017 91.5312262871136 400 0.0283638081039622 -0
124700 115292180.572678 23269122.1443778 -2381.6153490219 89.2795817371973 400 0.028811536891025 -0
125100 114337263.408085 23304374.1149502 -2392.99982468353 86.9705347895823 400 0.0292720509518578 -0
125500 113377756.904419 23338690.6434762 -2404.56287089353 84.6020189650329 400 0.0297458785116827 -0
125900 112413588.628332 23372047.5125978 -2416.30954694557 82.1718681235122 400 0.0302335764874129 -0
126300 111444684.08166 23404419.6175626 -2428.24511945164 79.677810383155 400 0.0307357324272417 -0
126700 110470966.616277 23435780.9226361 -2440.37507350846 77.117461587887 400 0.0312529666077068 -0
127100 109492357.34435 23466104.414805 -2452.70512461215 74.4883182840565 400 0.0317859343032082 -0
127500 108508775.043663 23495362.0545644 -2465.24123138153 71.7877501624166 400 0.0323353282445931 -0
127900 107520136.057675 23523524.7235682 -2477.98960915572 69.012991917288 400 0.0329018812852637 -0
128300 106526354.189959 23550562.1688971 -2490.95674453835 66.1611344697099 400 0.0334863692953348 -0
128700 105527340.592616 23576442.9436792 -2504.14941096754 63.229115495749 400 0.0340896143067049 -0
129100 104523003.648244 23601134.3437721 -2517.57468539842 60.2137091948317 400 0.0347124879345417 -0
129500 103513248.844994 23624602.3401888 -2531.23996619384 57.1115152258789 400 0.0353559151036641 -0
129900 102497978.644216 23646811.5069175 -2545.1529923283 53.9189467310625 400 0.0360208781116838 -0
130300 101477092.340131 23667724.943755 -2559.32186402097 50.6322173580359 400 0.0367084210646 -0
130700 100450485.910953 23687304.193731 -2573.75506492566 47.247327181383 400 0.0374196547248975 -0
131100 99418051.8607969 23705509.1546638 -2588.46148601891 43.7600474126098 400 0.0381557618171601 -0
131500 98379679.0516649 23722297.9843363 -2603.45045134247 40.1659037750823 400 0.0389180028418651 -0
131900 97335252.524736 23737626.9987331 -2618.73174577322 36.4601584056691 400 0.039707722454493 -0
132300 96284653.3101129 23751450.5627172 -2634.31564501261 32.6377901282197 400 0.0405263564744852 -0
132700 95227758.224092 23763720.9724627 -2650.21294800899 28.6934729250915 400 0.0413754395970743 -0
133100 94164439.6529393 23774388.3288826 -2666.4350120502 24.6215524113829 400 0.0422566138907734 -0
133500 93094565.322052 23783400.4012118 -2682.99379079114 20.4160200919096 400 0.0431716381745516 -0
133900 92017998.0492726 23790702.4798075 -2699.90187551168 16.0704851527951 400 0.0441223983817035 -0
134300 90934595.4810002 23796237.2171275 -2717.17253993511 11.5781435072489 400 0.0451109190324383 -0
134700 89844209.8096009 23799944.4557255 -2734.81978897721 6.93174377799617 400 0.0461393759546251 -0
135100 88746687.4704638 23801761.0419674 -2752.8584118409 2.12354985608907 400 0.0472101104123743 -0
135500 87641868.8168742 23801620.6240184 -2771.30403992305 -2.85470037349017 400 0.0483256448257189 -0
135900 86529587.7706739 23799453.4324782 -2790.17321005877 -8.01184060608568 400 0.0494887002922095 -0
136300 85409671.4464597 23795186.0418378 -2809.48343369597 -13.3573265243026 400 0.0507022161535053 -0
136700 84281939.7468154 23788741.1107071 -2829.25327267025 -18.9012916473672 400 0.0519693718879337 -0
136900 83715084.7719761 23784676.7583116 -2839.31665599029 -21.7510710974721 400 0.0526241299368195 -0
137100 83146204.9257316 23780037.0984693 -2849.50242233536 -24.654609320186 400 0.0532936116546925 -0
137300 82575275.467427 23774811.2317187 -2859.81322572299 -27.6133923891432 400 0.0539782934403103 -0
137500 82002271.1173833 23768987.9558979 -2870.2518029299 -30.6289616567674 400 0.0546786718676102 -0
137700 81427166.04001 23762555.7548311 -2880.82097686679 -33.7029163549987 400 0.0553952647447932 -0
137900 80849933.8262273 23755502.7864802 -2891.52366012339 -36.8369163445772 400 0.0561286122399244 -0
138100 80270547.4751606 23747816.8705312 -2902.36285869421 -40.0326850228977 400 0.0568792780779265 -0
138300 79688979.3750712 23739485.4753823 -2913.34167589603 -43.2920124012256 400 0.0576478508142492 -0
138500 79105201.283483 23730495.7044976 -2924.46331648867 -46.6167583629187 400 0.0584349451909481 -0
138700 78519184.3064642 23720834.2820918 -2935.73109101196 -50.0088561152176 400 0.0592412035813974 -0
138900 77930898.8770185 23710487.5381023 -2947.14842035226 -53.4703158481831 400 0.0600672975303993 -0
139100 77340314.7325389 23699441.392409 -2958.71884055304 -57.003228615452 400 0.060913929397042 -0
139300 76747400.8912736 23687681.3382534 -2970.44600788529 -60.6097704526911 400 0.0617818341083137 -0
139500 76152125.6277509 23675192.4248097 -2982.33370419431 -64.2922067509387 400 0.0626717810321868 -0
139700 75554456.4471048 23661959.2388531 -2994.38584254103 -68.0528969034609 400 0.0635845759796802 -0
139900 74954360.0582422 23647965.8854712 -3006.60647315716 -71.8942992463282 400 0.0645210633462707 -0
140100 74351802.3457853 23633195.9677544 -3018.99978973508 -75.8189763146372 400 0.0654821284039812 -0
140300 73746748.3407208 23617632.5654033 -3031.57013607501 -79.8296004382012 400 0.0664686997565304 -0
140500 73139162.1896823 23601258.2121792 -3044.32201311353 -83.928959702611 400 0.0674817519710955 -0
140700 72529007.1227864 23584054.8721245 -3057.26008635985 -88.1199643038529 400 0.06852230840153 -0
140900 71916245.4199381 23566003.9144705 -3070.38919376783 -92.4056533271872 400 0.0695914442193115 -0
141100 71300838.3755165 23547086.0871433 -3083.71435407454 -96.7892019837644 400 0.0706902896700786 -0
141300 70682746.2613429 23527281.4887742 -3097.24077563815 -101.273929341509 400 0.0718200335753805 -0
141500 70061928.2878283 23506569.5391112 -3110.97386581111 -105.863306590177 400 0.0729819271012182 -0
141700 69438342.56319 23484928.9477204 -3124.91924088717 -110.560965884233 400 0.0741772878171384 -0
141900 68811946.0506173 23462337.6808568 -3139.08273666441 -115.370709811285 200 0.0754075040720667 -0
142100 68182694.52326 23438772.9263753 -3153.47041966971 -120.29652153845 200 0.0766740397157786 -0
142300 67550542.5169012 23414211.0565388 -3168.08859909434 -125.342575694011 200 0.0779784391979301 -0
142500 66915443.2801678 23388627.5885721 -3182.94383949432 -130.513250047437 200 0.0793223330799571 -0
142700 66277348.7221188 23361997.1427941 -3198.04297431432 -135.813138057029 200 0.0807074439989425 -0
142900 65636209.3570425 23334293.3981472 -3213.39312029872 -141.247062361476 200 0.0821355931268011 -0
143100 64991974.2462762 23305489.0449269 -3229.00169285962 -146.820089299319 200 0.0836087071729111 -0
143300 64344590.9368501 23275555.7344977 -3244.87642247753 -152.537544549052 200 0.0851288259836862 -0
143500 63694005.3967414 23244464.0257599 -3261.02537221779 -158.405029992194 200 0.0866981107986394 -0
143700 63040161.9465064 23212183.3281123 -3277.45695645347 -164.428441912601 200 0.0883188532293066 -0
143900 62383003.1870383 23178681.8406312 -3294.17996089395 -170.613990657353 200 0.0899934850351159 -0
144100 61722469.92318 23143926.4871596 -3311.20356402805 -176.968221898249 200 0.0917245887790096 -0
144300 61058501.0828978 23107882.846971 -3328.53736010121 -183.498039648248 200 0.0935149094555167 -0
144500 60391033.6316941 23070515.0806408 -3346.19138375764 -190.210731204468 200 0.0953673671952068 -0
144700 59720002.4819143 23031785.85072 -3364.17613649183 -197.113994208803 200 0.0972850711622199 -0
144900 59045340.3965687 22991656.2367684 -3382.502615068 -204.215966039235 200 0.0992713347761258 -0
145100 58366977.88726 22950085.6442558 -3401.1823420825 -211.525255769773 200 0.101329692405964 -0
145300 57684843.1057673 22907031.7067934 -3420.22739886226 -219.050978965135 200 0.103463917703316 -0
145500 56998861.7287999 22862450.1810974 -3439.65046091238 -226.802795608342 200 0.105678043763008 -0
145700 56308956.8353866 22816294.8340268 -3459.46483614906 -234.790951495732 200 0.107976385325027 -0
145900 55615048.7763187 22768517.3209644 -3479.68450617909 -243.026323475469 200 0.110363563259958 -0
146100 54917055.0350088 22719067.0547309 -3500.3241709158 -251.520468952921 200 0.112844531613365 -0
146300 54214890.0790654 22667891.0641313 -3521.39929685357 -260.285680140513 200 0.115424607522793 -0
146500 53508465.2018181 22614933.8411336 -3542.92616935893 -269.335043591774 200 0.118109504365348 -0
146700 52797688.3529494 22560137.1755613 -3564.92194937715 -278.682505630636 200 0.120905368545215 -0
146900 52082463.9573075 22503439.9760533 -3587.40473499933 -288.342944369233 200 0.123818820390204 -0
147100 51362692.720878 22444778.0758973 -3610.39362838687 -298.332249102202 200 0.126856999696143 -0
147300 50638271.42279 22384084.0221722 -3633.90880860947 -308.667407975136 200 0.130027616539334 -0
147500 49909092.6921115 22321286.8464456 -3657.97161101959 -319.366604951926 200 0.133339008072744 -0
147700 49175044.7680582 22256311.8150511 -3682.60461386258 -330.449327253373 200 0.136800202133758 -0
147900 48436011.242093 22189080.1567213 -3707.8317329084 -341.936484611559 200 0.140420988623387 -0
148100 47691870.7802237 22119508.7650601 -3733.67832498966 -353.850541885423 200 0.144211999772992 -0
148300 46942496.8236197 22047509.8730104 -3760.17130144386 -366.215666818394 200 0.148184800599539 -0
148500 46187757.2654585 21972990.6960872 -3787.33925258692 -379.057894995474 200 0.15235199107032 -0
148600 45808332.4999849 21934755.5380648 -3801.18577061823 -385.666614624655 200 0.154512731059636 -0
148700 45427514.1016189 21895853.0406589 -3815.21258448614 -392.405314376076 200 0.15672732176071 -0
148800 45045283.8364056 21856270.0138409 -3829.423803354 -399.277859863035 200 0.158997683302878 -0
148900 44661623.0528627 21815992.8733093 -3843.82366951431 -406.28827220392 200 0.161325825099937 -0
149000 44276512.6683908 21775007.6245479 -3858.41656396251 -413.440735941752 200 0.16371385098242 -0
149100 43889933.1551134 21733299.8460663 -3873.20701225584 -420.739607453233 200 0.166163964682069 -0
149200 43501864.5251142 21690854.6717751 -3888.19969067421 -428.189423882967 200 0.168678475696654 -0
149300 43112286.3150447 21647656.7724387 -3903.39943270149 -435.794912641541 200 0.171259805565866 -0
149400 42721177.5700647 21603690.3361486 -3918.81123584661 -443.561001509388 200 0.173910494591849 -0
149500 42328516.8270842 21558939.0477547 -3934.44026882549 -451.492829392034 200 0.176633209041072 -0
149600 41934282.0972678 21513386.0671856 -3950.29187912604 -459.595757776204 200 0.179430748867709 -0
149700 41538450.8477624 21467014.006587 -3966.37160098021 -467.875382940679 200 0.182306056002523 -0
149800 41140999.982606 21419804.9061976 -3982.68516376872 -476.337548980518 200 0.185262223255506 -0
149900 40741905.8227737 21371740.2088807 -3999.23850088573 -484.988361708563 200 0.188302503885231 -0
150000 40341144.0853131 21322800.7332177 -4016.03775909302 -493.834203503907 200 0.191430321893099 -0
150100 39938689.8615177 21272966.645067 -4033.08930839514 -502.881749183427 200 0.19464928310649 -0
150200 39534517.5940866 21222217.4274809 -4050.39975246915 -512.137982979511 200 0.197963187121257 -0
150300 39128601.0532107 21170531.8488656 -4067.97593968546 -521.610216714955 200 0.201376040181257 -0
150400 38720913.3115266 21117887.9292598 -4085.82497475834 -531.306109274594 200 0.204892069080596 -0
150500 38311426.7178716 21064262.9045971 -4103.95423106818 -541.233687482841 200 0.208515736183262 -0
150600 37900112.8697717 21009633.1888047 -4122.37136369999 -551.401368506892 200 0.212251755664863 -0
150700 37486942.5845873 20953974.3335807 -4141.0843232466 -561.81798391716 200 0.216105111092377 -0
150800 37071885.8692384 20897260.9856765 -4160.10137042808 -572.492805549591 200 0.220081074470456 -0
150900 36654911.8884251 20839466.8414958 -4179.43109158311 -583.435573329107 100 0.224185226896935 -0
151000 36235988.9312524 20780564.5988064 -4199.08241509201 -594.656525229686 100 0.228423480986088 -0
151100 35815084.3761636 20720525.9053411 -4219.06462879571 -606.166429564724 100 0.23280210523607 -0
151200 35392164.6540797 20659321.3040443 -4239.38739847974 -617.976619821612 100 0.237327750537145 -0
151300 34967195.2096328 20596920.1746978 -4260.06078749755 -630.099032277152 100 0.242007479040053 -0
151400 34540140.4603784 20533290.6716355 -4281.095277613 -642.546246655862 100 0.24684879562965 -0
151500 34110963.7538579 20468399.6572283 -4302.50179114788 -655.331530121769 100 0.251859682278067 -0
151600 33679627.3223776 20402212.6307895 -4324.29171452673 -668.468884926337 100 0.257048635584761 -0
151700 33246092.2353594 20334693.6525181 -4346.47692331825 -681.973100071301 100 0.262424707848353 -0
151800 32810318.3491079 20265805.2620582 -4369.06980887951 -695.859807385853 100 0.267997552057975 -0
151900 32372264.2538283 20195508.3912124 -4392.08330671762 -710.145542463543 100 0.273777471240583 -0
152000 31931887.2177173 20123762.2702969 -4415.53092669107 -724.847810956229 100 0.279775472656365 -0
152100 31489143.1279361 20050524.3275776 -4439.42678518243 -739.985160781225 100 0.286003327398155 -0
152200 31043986.4282622 19975750.0811635 -4463.7856393826 -755.577260864538 100 0.292473636023725 -0
152300 30596370.0532006 19899393.0226701 -4488.62292383703 -771.644987118939 100 0.299199900933793 -0
152400 30146245.358321 19821404.4918915 -4513.95478941374 -788.210516441997 100 0.306196606305055 -0
152500 29693562.0465698 19741733.5416349 -4539.79814486363 -805.297429617655 100 0.313479306498897 -0
152600 29238268.0902887 19660326.7917787 -4566.17070115344 -822.930824117547 100 0.321064723995034 -0
152700 28780309.6486545 19577128.2715099 -4593.09101876219 -841.137437927048 100 0.328970858048237 -0
152800 28319630.9802316 19492079.2485738 -4620.57855814177 -859.945785668934 100 0.337217105439127 -0
152900 27856174.3503119 19405118.0442393 -4648.65373355123 -879.386308467376 100 0.345824394890984 -0
153000 27389879.9326941 19316179.8325209 -4677.33797048258 -899.491539190761 100 0.354815336958811 -0
153100 26920685.7055307 19225196.4220332 -4706.65376690156 -920.296284937661 100 0.364214391470666 -0
153200 26448527.3408514 19132096.0186455 -4736.62475853052 -941.83782889165 100 0.374048054921942 -0
153300 25973338.0873462 19036802.9668836 -4767.2757883998 -964.156153973579 100 0.384345070599866 -0
153400 25495048.6459708 18939237.4677619 -4798.63298088819 -987.294191072002 100 0.395136664658865 -0
153500 25013587.0379151 18839315.2704326 -4830.72382046 -1011.29809504254 100 0.406456811890823 -0
153600 24528878.4644551 18736947.3346959 -4863.5772352833 -1036.21755214579 100 0.418342535553896 -0
153700 24040845.158192 18632039.4610206 -4897.22368587781 -1062.10612315389 100 0.430834246359019 -0
153800 23549406.2251722 18524491.8842699 -4931.69525888743 -1089.02162701368 100 0.443976126589002 -0
153900 23054477.4773711 18414198.8268014 -4967.02576599591 -1117.02657072848 100 0.457816566370836 -0
153950 22805677.1699265 18357987.9230411 -4985.02418315979 -1131.45851543198 100 0.465015139434626 -0
154000 22555971.2550005 18301048.0059391 -5003.2508478863 -1146.18863201389 100 0.472408660376571 -0
154050 22305348.2017733 18243363.9345864 -5021.71051889448 -1161.2262771968 100 0.480004594086952 -0
154100 22053796.2383006 18184920.090453 -5040.40808305967 -1176.58120247979 100 0.48781077472191 -0
154150 21801303.3450147 18125700.3571313 -5059.3485590435 -1192.26357506011 100 0.49583542809473 -0
154200 21547857.2480437 18065688.0990007 -5078.53710097488 -1208.28400008869 100 0.504087195674977 -0
154250 21293445.4123448 18004866.1387439 -5097.97900217316 -1224.65354435912 100 0.512575160328892 -0
154300 21038055.0346517 17943216.7336404 -5117.67969890253 -1241.38376153757 100 0.521308873947001 -0
154350 20781673.0362325 17880721.5505581 -5137.64477414473 -1258.48671905071 100 0.530298387118751 -0
154400 20524286.0554594 17817361.6395563 -5157.87996137465 -1275.97502675897 100 0.539554281029349 -0
154450 20265880.4401906 17753117.4060069 -5178.39114832052 -1293.86186755305 100 0.549087701770958 -0
154500 20006442.2399634 17687968.5811355 -5199.18438068715 -1312.16103002449 100 0.558910397279233 -0
154550 19745957.1980043 17621894.1908734 -5220.2658658169 -1330.88694337394 100 0.56903475712709 -0
154600 19484410.743057 17554872.5229042 -5241.64197625865 -1350.05471473591 100 0.579473855430763 -0
154650 19221787.9810357 17486881.09178 -5263.31925321021 -1369.68016911482 100 0.590241497149041 -0
154700 18958073.6865098 17417896.6019715 -5285.30440979352 -1389.77989214522 100 0.601352268085227 -0
154750 18693252.2940301 17347894.9087041 -5307.60433411561 -1410.37127590852 100 0.612821588933362 -0
154800 18427307.8893087 17276850.9764215 -5330.22609206051 -1431.47256806072 100 0.624665773745883 -0
154850 18160224.2002672 17204738.8347051 -5353.17692974834 -1453.10292454934 100 0.636902093239685 -0
154900 17891984.5879713 17131531.5314607 -5376.46427558766 -1475.28246622449 100 0.649548843402019 -0
154950 17622572.0374756 17057201.0831706 -5400.09574183548 -1498.03233967848 100 0.662625419907403 -0
155000 17351969.148604 16981718.4219911 -5424.07912556523 -1521.37478268069 50 0.676152398912433 -0
155050 17080158.1266994 16905053.3394541 -5448.4224089278 -1545.33319461094 50 0.690151624857854 -0
155100 16807120.7733801 16827174.4265134 -5473.13375857191 -1569.93221233415 50 0.704646305977361 -0
155150 16532838.4773502 16748049.0096515 -5498.22152406939 -1595.1977920039 50 0.719661118291375 -0
155200 16257292.2053167 16667643.082736 -5523.69423516593 -1621.15729733173 50 0.735222318952719 -0
155250 15980462.4930777 16585921.2342897 -5549.56059764997 -1647.83959491398 50 0.751357869910933 -0
155300 15702329.4368571 16502846.5698038 -5575.82948759877 -1675.27515726906 50 0.768097572974557 -0
155350 15422872.6849729 16418380.6286918 -5602.50994372281 -1703.49617430622 50 0.78547321747783 -0
155400 15142071.4299422 16332483.2954429 -5629.61115748462 -1732.53667402282 50 0.803518741901945 -0
155450 14859904.4011445 16245112.7044914 -5657.14246061623 -1762.43265331161 50 0.822270410963524 -0
155500 14576349.8581823 16156225.1382729 -5685.11330959892 -1793.22221985434 50 0.841767009867254 -0
155550 14291385.5851044 16065774.9178864 -5713.53326659763 -1824.94574618355 50 0.862050057628494 -0
155600 14004988.8856829 15973714.2857245 -5742.4119762601 -1857.64603711247 50 0.883164041608991 -0
155650 13717136.5799685 15879993.2793703 -5771.75913769342 -1891.36851186524 50 0.90515667567851 -0
155700 13427805.002383 15784559.5959898 -5801.58447081716 -1926.16140238737 50 0.928079184722317 -0
155750 13136970.0016545 15687358.4463702 -5831.89767615908 -1962.07596948206 50 0.95198661856416 -0
155800 12844606.9429488 15588332.3976685 -5862.70838700215 -1999.16673860363 50 0.976938198773561 -0
155850 12550690.7126113 15487421.2038363 -5894.02611260756 -2037.49175734687 50 1.00299770228178 -0
155900 12255195.7260005 15384561.6225815 -5925.86017102037 -2077.11287690416 50 1.03023388625164 -0
155950 11958095.9389787 15279687.2176054 -5958.21960970782 -2118.09606002329 50 1.05872095924227 -0
156000 11659364.8637164 15172728.1447218 -5991.11311197642 -2160.51171829094 50 1.08853910439177 -0
156050 11358975.5895805 15063610.9203124 -6024.54888675363 -2204.43508189421 50 1.11977506112278 -0
156100 11056900.8100082 14952258.1704118 -6058.53453889349 -2249.9466053786 50 1.15252277277186 -0
156150 10753112.8564211 14838588.358522 -6093.07691665714 -2297.13241333007 50 1.18688410857196 -0
156200 10447583.7404159 14722515.4900549 -6128.18193241528 -2346.08479036481 50 1.22296966959673 -0
156250 10140285.2056864 14603948.7910675 -6163.85435189847 -2396.90272031883 50 1.26089968962949 -0
156300 9831188.79138155 14482792.3586944 -6200.09754645956 -2449.69248009275 50 1.30080504347312 -0
156350 9520265.90891042 14358944.7803967 -6236.91320178187 -2504.56829423131 50 1.34282837699894 -0
156400 9207487.93455935 14232298.7188239 -6274.30097523007 -2561.65305700261 50 1.38712537527392 -0
156450 8892826.32071618 14102740.4587303 -6312.25809255576 -2621.07912949246 50 1.43386618744239 -0
156475 8734780.28091793 14036831.8533522 -6331.44850810419 -2651.71432309675 50 1.45821054081823 -0
156500 8576252.72900197 13970149.4119243 -6350.77887288301 -2682.98921999498 50 1.48323702971568 -0
156525 8417240.18142621 13902676.8982537 -6370.2479308025 -2714.92343508734 50 1.50897173776052 -0
156550 8257739.18921708 13834397.5761751 -6389.85416874553 -2747.53735712905 50 1.53544199080468 -0
156575 8097746.34468234 13765294.1897565 -6409.59579328001 -2780.85218491803 50 1.56267642641501 -0
156600 7937258.28873098 13695348.9425758 -6429.47070534247 -2814.88996534884 50 1.59070506771554 -0
156625 7776271.71885328 13624543.4760225 -6449.47647270814 -2849.67363342867 50 1.61955940187356 -0
156650 7614783.39781896 13552858.8465737 -6469.61030004436 -2885.2270543546 50 1.64927246353825 -0
156675 7452790.1631564 13480275.5019905 -6489.86899632519 -2921.57506775492 50 1.67987892356106 -0
156700 7290288.93748212 13406773.2563808 -6510.2489393628 -2958.74353420035 50 1.71141518334711 -0
156725 7127276.73975566 13332331.2640699 -6530.74603718773 -2996.75938409368 50 1.74391947520906 -0
156750 6963750.69754243 13256927.9922174 -6551.35568598346 -3035.65066904884 50 1.77743196911684 -0
156775 6799708.06037467 13180541.1921182 -6572.07272425183 -3075.44661587167 50 1.81199488625976 -0
156800 6635146.21430892 13103147.8691191 -6592.89138285369 -3116.17768325598 50 1.84765261986111 -0
156825 6470062.69778821 13024724.2510842 -6613.80523053389 -3157.87562130792 50 1.88445186370873 -0
156850 6304455.21892689 12945245.7553346 -6634.80711450064 -3200.57353401028 50 1.92244174888901 -0
156875 6138321.67434773 12864686.9539893 -6655.8890955862 -3244.30594473546 50 1.96167398923472 -0
156900 5971660.16971315 12783021.5376288 -6677.04237746853 -3289.10886491067 50 2.00220303601952 -0
156925 5804469.04210593 12700222.2772012 -6698.25722938119 -3335.01986593167 50 2.04408624245247 -0
156950 5636746.8844302 12616260.9840903 -6719.52290168093 -3382.07815441098 50 2.08738403854444 -0
156975 5468492.57201961 12531108.4682582 -6740.82753357894 -3430.32465083303 50 2.13216011693327 -0
157000 5299705.29165808 12444734.4943799 -6762.1580522719 -3479.80207167044 50 2.17848163026485 -0
157025 5130384.5732384 12357107.7358808 -6783.50006263143 -3530.55501499274 25 2.22641940073212 -0
157050 4960530.32430627 12268195.7267898 -6804.83772652607 -3582.63004956998 25 2.27604814237013 -0
157075 4790142.86776129 12177964.8113223 -6826.15363075671 -3636.07580743681 25 2.3274466966921 -0
157100 4619222.98301354 12086380.0911059 -6847.42864248384 -3690.94307983815 25 2.38069828222476 -0
157125 4447771.9509235 11993405.3699672 -6868.64175091299 -3747.28491642166 25 2.43589075845833 -0
157150 4275791.60288565 11899003.0961994 -6889.76989388194 -3805.15672747487 25 2.49311690466368 -0
157175 4103284.37445148 11803134.3022395 -6910.78776785917 -3864.61638892229 25 2.5524747139402 -0
157200 3930253.36392677 11705758.5416896 -6931.66761971676 -3925.7243496983 25 2.61406770273801 -0
157225 3756702.3964209 11606833.8236294 -6952.37901848234 -3988.54374099109 25 2.67800523593945 -0
157250 3582636.09387298 11506316.5441809 -6972.88860510256 -4053.14048670884 25 2.74440286737793 -0
157275 3408059.95163089 11404161.4153043 -6993.15981806521 -4119.58341434572 25 2.81338269540794 -0
157300 3232980.42221588 11300321.3908277 -7013.15259252782 -4187.94436521832 25 2.88507373280404 -6.73194521205256e-311
157325 3057405.00696656 11194747.5897424 -7032.82303038867 -4258.29830279663 25 2.95961228984452 -4.96771328398301e-302
157350 2881342.35632323 11087389.2168286 -7052.12303851095 -4330.72341755946 25 3.03714236890872 -4.46021733392139e-293
157375 2704802.37958582 10978193.4807243 -7070.99993207529 -4405.30122645608 25 3.11781606826359 -4.06300532685486e-284
157400 2527796.36505782 10867105.5095969 -7089.39599979157 -4482.11666464305 25 3.20179399190889 -3.74401163143796e-275
157425 2350337.11157303 10754068.2646489 -7107.24802745157 -4561.25816667701 25 3.28924566136086 -3.47871686857324e-266
157450 2172439.07249315 10639022.4517586 -7124.4867760547 -4642.81773376925 25 3.38034992404457 -3.24761446313994e-257
157475 1994118.51336174 10521906.4316559 -7141.03641049747 -4726.89098303075 25 3.47529535149221 -3.0346755015414e-248
157500 1815393.68450261 10402656.1291423 -7156.81387459204 -4813.57717384155 25 3.57428061875831 -2.82655748575893e-239
157525 1636285.00995975 10281204.941996 -7171.72820798425 -4902.97920554816 25 3.67751485430435 -2.61240758074962e-230
157550 1456815.29428806 10157483.6503643 -7185.67980039339 -4995.20357960615 25 3.78521794700682 -2.38414532635102e-221
157575 1277009.94882003 10031420.3276297 -7198.55957851672 -5090.36031802043 25 3.89762079382578 -2.13708348712102e-212
157600 1096897.23914999 9902940.25395999 -7210.24812096042 -5188.56282846929 25 4.01496546794841 -1.87067059138536e-203
157625 916508.555691695 9771965.83401262 -7220.61469671167 -5289.92770480352 25 4.13750528279252 -1.58904218190286e-194
157650 735878.709273579 9638416.52057005 -7229.51622299977 -5394.57444966353 25 4.26550472201147 -1.30100235504621e-185
157675 555046.253833226 9502208.7462422 -7236.79613896694 -5502.62510372885 25 4.39923919946376 -1.01909597104598e-176
157700 374053.838351671 9363255.86578953 -7242.28319245298 -5614.20376358107 25 4.53899460587564 -7.57639545516424e-168
157725 192948.590220522 9221468.11210615 -7245.79013848327 -5729.43596730514 25 4.68506659050812 -5.29956912857984e-159
157750 11782.5322488361 9076752.5694633 -7247.11234984574 -5848.44792376059 25 4.83775951642402 -3.45499783914614e-150
157775 -169386.964521941 8929013.16825875 -7246.026342583 -5971.36555792743 25 4.99738501684073 -2.07795397828615e-141
157800 -350496.690136015 8778150.70625491 -7242.28822247095 -6098.31334088827 25 5.16426006749182 -1.14020013138432e-132
157825 -531477.065317802 8624062.90212533 -7235.63206279278 -6229.41286889911 25 5.3387044759131 -5.63966904643128e-124
157850 -712251.569809597 8466644.48807122 -7225.76822916859 -6364.78115171124 25 5.52103767322315 -2.48190981723628e-115
157875 -892736.128396069 8305787.34931992 -7212.38167411523 -6504.52856597873 25 5.71157467754108 -9.58161605700489e-107
157900 -1072838.45423045 8141380.71947389 -7195.13023266794 -6648.75642543166 25 5.91062108114172 -3.19569001965062e-98
157925 -1252457.34998971 7973311.44193399 -7173.64296109374 -6797.55411582457 25 6.11846689655233 -9.05672077943214e-90
157950 -1431481.96859459 7801464.3089577 -7147.51857377131 -6950.99573991002 25 6.3353790811996 -2.14230197564178e-81
157975 -1609791.03679762 7625722.49130118 -7116.32404898997 -7109.13621642207 25 6.56159254759287 -4.14851027071153e-73
158000 -1787252.04693635 7445968.07278775 -7079.59349296443 -7272.00677804794 25 6.79729945870797 -6.44078092698672e-65
158025 -1963720.42464483 7262082.70547578 -7036.82737289309 -7439.60981760218 25 7.04263660935492 -7.83875022905555e-57
158050 -2139038.68338643 7073948.40227082 -6987.49225434226 -7611.91304032184 25 7.29767070796712 -7.29958500816601e-49
158075 -2313035.58038649 6881448.48470943 -6931.02120526275 -7788.84289485787 25 7.56238140461441 -5.06745231066497e-41
158100 -2485525.29295852 6684468.70406687 -6866.81505776111 -7970.27727787637 25 7.83664196641257 -2.55034897432528e-33
158125 -2656306.63936228 6482898.55369026 -6794.24474799282 -8156.03753912768 25 8.12019758820962 -9.03144901144771e-26
158150 -2825162.37419184 6276632.78926991 -6712.6549820826 -8345.87985739355 25 8.41264145252782 -2.17981922080278e-18
158175 -2991858.59478736 6065573.17131726 -6621.36949869855 -8539.48611476189 25 8.7133888263627 -3.46624894815562e-11
158200 -3156144.3021249 5849630.44006509 -6519.69821255399 -8736.45446864146 25 9.02164971068837 -0.000350313930224017
158212.5 -3237300.03863941 5739803.00811524 -6464.75070367616 -8836.04863280311 25 9.1782878195116 -0.928580675002451
158225 -3317751.16676308 5628726.52706192 -6406.9464991036 -8936.28987600425 25 9.33639147569499 -2166.30143267567
158231.25 -3357701.21636859 5572717.47882644 -6376.9453669433 -8986.62770318848 6.25 9.41553326928996 -99583.1852736678
158234.375 -3377605.3393069 5544594.87864763 -6361.66039019347 -9011.83936075637 3.125 9.45302729406859 -666693.247164689
158235.9375 -3387539.40933145 5530504.02982386 -6353.93974272647 -9024.44608177024 3.125 9.46857370308564 -1719513.46430691
158237.5 -3397461.36798713 5516393.49267166 -6346.15521813695 -9037.03668856567 3.125 9.47727465951122 -4425364.77314094
158239.0625 -3407371.0980638 5502263.31721066 -6338.28050983285 -9049.57359864615 1.5625 9.46876448258725 -11364359.5542881
158240.625 -3417268.41442507 5488113.6507156 -6330.24874735501 -9061.96092690952 1.5625 9.41830823378175 -29118604.5990345
158241.40625 -3422212.31778731 5481031.61439737 -6326.12811325159 -9068.03257840382 1.5625 9.36240527024385 -46569926.4172389
158242.1875 -3427152.95920093 5473944.88858661 -6321.88996792412 -9073.95422000115 1.5625 9.27407620183462 -74434600.6864337
158242.96875 -3432090.22423042 5466853.62311775 -6317.47153117577 -9079.63528120854 1.5625 9.14513998061158 -118894209.658163
158243.75 -3437023.93601083 5459758.05795625 -6312.77291219282 -9084.93145574555 0.78125 8.98111396836337 -189773284.125197
158244.53125 -3441953.81839358 5452658.57660218 -6307.63532387927 -9089.61304033725 0.78125 8.84081482365927 -302659099.425557
158245.3125 -3446879.43750815 5445555.79088531 -6301.80666760807 -9093.31484929276 0.78125 8.94496204680005 -482221637.257995
158246.09375 -3451800.10928888 5438450.67532971 -6294.88736146587 -9095.45726546756 0.78125 9.89183044920548 -767367017.480211
158246.875 -3456714.75357399 5431344.7794434 -6286.24553128576 -9095.12246195922 0.78125 12.7974414123924 -1219123485.49362
158247.265625 -3459169.31550236 5427792.2590553 -6280.98660356266 -9093.60136929669 0.78125 15.4122544895609 -1535401070.4347
158247.65625 -3461621.66486898 5424240.56173348 -6274.88535282592 -9090.86195877336 0.78125 19.0381100451742 -1932428389.62212
158248.046875 -3464071.43233119 5420690.22210533 -6267.72743823399 -9086.59195086897 0.78125 23.8759186225004 -2430146621.42146
158248.4375 -3466518.15479634 5417141.91143579 -6259.24532660591 -9080.40129054327 0.78125 30.1703769243343 -3053050415.49753
158248.828125 -3468961.2523029 5413596.4714447 -6249.10592926083 -9071.80399354104 0.78125 38.2280136800383 -3831016506.98587
158249.21875 -3471399.99961101 5410054.95589701 -6236.89583668862 -9060.19644141236 0.78125 48.4317993957443 -4800156918.1252
158249.609375 -3473833.49152296 5406518.68141579 -6222.10396048823 -9044.83183294452 0.390625 61.2538061109624 -6003607514.44058
158250 -3476260.60090934 5402989.28903947 -6204.10156094472 -9024.79074343097 0.390625 77.2664219539083 -7492097959.05474
158250.390625 -3478679.92846268 5399468.81798452 -6182.11994848112 -8998.9481930686 0.390625 97.1510708873311 -9324055653.73073
158250.78125 -3481089.74340657 5395959.79278179 -6155.22666524718 -8965.93838083714 0.390625 121.701791789004 -11564869403.2373
158251.171875 -3483487.91484973 5392465.32428887 -6122.30176127517 -8924.11942170641 0.390625 151.819297309275 -14284780519.3961
158251.5625 -3485871.83432319 5388989.22384816 -6082.01696308648 -8871.54215963962 0.390625 188.489169723893 -17554698151.8877
158251.953125 -3488238.33143294 5385536.12782706 -6032.82215009338 -8805.92950574494 0.390625 232.735805122926 -21439100561.6102
158252.34375 -3490583.58666928 5382111.62669132 -5972.94557886599 -8724.67573528274 0.390625 285.542130215637 -25985182810.7672
158252.734375 -3492903.04836366 5378722.38843626 -5900.4165161705 -8624.87846506434 0.390625 347.725098265956 -31207706608.8368
158253.125 -3495191.36455886 5375376.26064654 -5813.12082606435 -8503.41884881014 0.78125 419.760319307687 -37069819853.1659
158253.515625 -3497442.34485087 5372082.32911756 -5708.90061211849 -8357.10642024469 0.390625 501.558209753362 -43461652812.3206
158253.90625 -3499648.971276 5368850.90500656 -5585.70675557438 -8182.90179573588 0.390625 592.210760614207 -50180798351.9472
158254.296875 -3501803.4796147 5365693.40899534 -5441.80638642086 -7978.22056692613 0.390625 689.752263756703 -56921421221.3968
158254.6875 -3503897.53102091 5362622.12294438 -5276.03477769164 -7741.30337036477 0.390625 791.004071255121 -63280556891.3836
158255.078125 -3505922.48646202 5359649.79025334 -5088.06353100896 -7471.61123727549 0.390625 891.590675118436 -68789297507.1357
158255.46875 -3507869.7817407 5356789.06761168 -4878.63821226882 -7170.17769772876 0.390625 986.204682307907 -72971254141.1168
158255.859375 -3509731.37983941 5354051.86166469 -4649.72648046965 -6839.83098989168 0.390625 1069.14735027307 -75420882442.3197
158256.25 -3511500.25436426 5351448.61795731 -4404.52137517675 -6485.204588298 0.390625 1135.0823200502 -75883203181.8961
158256.640625 -3513170.84040156 5348987.65545744 -4147.26924139445 -6112.49027251357 0.390625 1179.84371604574 -74310288391.6879
158256.8359375 -3513968.02507808 5347812.41547239 -4015.66046476788 -5921.59478095368 0.390625 1193.46899025703 -72806468437.0959
158257.03125 -3514739.3849992 5346674.64640758 -3882.9339589445 -5728.94970817737 0.390625 1201.08616013771 -70874139545.3394
158257.2265625 -3515484.76636402 5345574.59532251 -3749.74939662184 -5535.52325989334 0.390625 1202.73718114971 -68563138205.9678
158257.421875 -3516204.14323772 5344512.32149058 -3616.75408801566 -5342.26667809386 0.390625 1198.59322431742 -65930298142.7435
158257.6171875 -3516897.61379347 5343487.70169081 -3484.56946100588 -5150.09432594301 0.390625 1188.94184795715 -63036663431.6615
158257.8125 -3517565.39407072 5342500.43916191 -3353.77923265929 -4959.86622277487 0.390625 1174.16957648255 -59944731686.7758
158258.0078125 -3518207.80962395 5341550.07567556 -3224.91969196446 -4772.37365279133 0.390625 1154.74140253943 -56715920962.9666
158258.3984375 -3519418.33504796 5339757.49464514 -2974.85895712463 -4408.35443877006 0.390625 1104.03779157495 -50075434029.5805
158258.7890625 -3520533.57768507 5338103.65574017 -2737.50944215149 -4062.66430306329 0.390625 1041.29555403826 -43514710498.9282
158259.1796875 -3521558.9512878 5336580.73138384 -2515.0048128864 -3738.48442788133 0.390625 970.930331613985 -37327490477.2563
158259.5703125 -3522500.51905566 5335179.92125581 -2308.55486790048 -3437.64032342353 0.390625 896.869482482985 -31698230879.14
158259.9609375 -3523364.65815464 5333891.94520303 -2118.58431486768 -3160.80242904872 0.390625 822.311920680973 -26716833985.5267
158260.3515625 -3524157.78604498 5332707.44641703 -1944.90415677825 -2907.7357001504 0.390625 749.659380972607 -22401688135.069
158260.546875 -3524529.68529206 5332151.13281525 -1863.98876132101 -2789.85783045969 0.390625 714.590776893916 -20486063883.8687
158260.7421875 -3524886.15474745 5331617.29546203 -1786.88364678607 -2677.5510170474 0.390625 680.566203659784 -18723436660.0395
158260.9375 -3525227.92680633 5331104.86321741 -1713.46601166049 -2570.63867403217 0.390625 647.694544391689 -17105992382.1496
158261.1328125 -3525555.70884089 5330612.80098978 -1643.60298826083 -2468.92908582149 0.390625 616.053717415899 -15625176813.5808
158261.328125 -3525870.18155053 5330140.11222515 -1577.15480218973 -2372.22006112838 0.390625 585.694975038438 -14272043007.1065
158261.71875 -3526461.78241224 5329249.07076947 -1453.92507428205 -2192.96581577924 0.390625 528.919489892092 -11912656270.1225
158262.109375 -3527007.61206228 5328424.58275927 -1342.61252303313 -2031.18474834835 0.390625 477.390929266221 -9957339896.42343
158262.5 -3527512.1009533 5327660.1497377 -1242.0736273163 -1885.21213699381 0.390625 430.929697187436 -8341119724.3795
158262.890625 -3527979.24289521 5326949.90946109 -1151.22077166334 -1753.4619704938 0.390625 389.232420370923 -7006592509.26375
158263.28125 -3528412.62125994 5326288.59861779 -1069.04250701265 -1634.4573167911 0.390625 351.929345337336 -5904467558.19954
158263.671875 -3528815.44090752 5325671.50691905 -994.613226125803 -1526.8450721993 0.390625 318.624219302726 -4993241928.28894
158264.0625 -3529190.56239375 5325094.42764381 -927.09566595478 -1429.40009540506 0.390625 288.920645561628 -4238440947.82896
158264.453125 -3529540.53618515 5324553.60800918 -865.738805673124 -1341.02250132643 0.390625 262.438487414172 -3611692587.56438
158264.84375 -3529867.6354648 5324045.70147553 -809.873011361892 -1260.73084083707 0.390625 238.823237598213 -3089790316.91178
158265.234375 -3530173.88672053 5323567.7231995 -758.903711194572 -1187.65306143524 0.390625 217.750595344763 -2653824923.94995
158265.625 -3530461.0977207 5323117.0092365 -712.304458932947 -1121.01651848489 0.390625 198.927901554225 -2288420336.51224
158266.015625 -3530730.88275439 5322691.17969174 -669.609935519961 -1060.13785358311 0.390625 182.093606345093 -1981082346.4061
158266.40625 -3530984.6851829 5322288.10576581 -630.409222768353 -1004.41323858538 0.390625 167.015580137084 -1721655277.76664
158266.796875 -3531223.79744915 5321905.88049117 -594.339536248008 -953.309266860677 0.390625 153.488813032053 -1501875201.02994
158267.1875 -3531449.37874451 5321542.79287626 -561.080507337856 -906.35462951549 0.390625 141.332857470147 -1315006110.28684
158267.578125 -3531662.47055462 5321197.30513921 -530.349042262733 -863.132622006396 0.390625 130.389237188258 -1155545579.9819
158267.96875 -3531864.01030841 5320868.03270766 -501.894747834646 -823.274469706049 0.390625 120.518955776817 -1018987616.90975
158268.359375 -3532054.84334606 5320553.72667281 -475.495891679322 -786.453428019444 0.78125 111.600178438849 -901632050.479238
158268.75 -3532235.73340626 5320253.25840658 -450.955853406314 -752.379595408196 0.78125 103.526121802852 -800431493.881424
158269.140625 -3532407.3718153 5319965.6060769 -428.100018644994 -720.795370527463 0.78125 96.2031622279534 -712868480.642909
158269.53125 -3532570.38554156 5319689.84282314 -406.773067521894 -691.471483778972 0.78125 89.5491582747225 -636856759.430479
158269.921875 -3532725.34426015 5319425.12638047 -386.836611264865 -664.203536372434 0.78125 83.4919746351882 -570661896.280523
158270.3125 -3532872.76655542 5319170.68996718 -368.167134053111 -638.808984786159 0.78125 77.968190569942 -512837297.682205
158270.703125 -3533013.12537261 5318925.83427232 -350.654201264717 -615.124514248514 0.78125 72.9219742687981 -462172552.89897
158271.09375 -3533146.85281602 5318689.92040155 -334.198899454741 -593.003750853094 0.78125 68.3041045150131 -417651626.195895
158271.875 -3533395.96264341 5318242.62809751 -304.115164334051 -552.940851796404 0.78125 60.1845943405975 -343751763.465448
158272.65625 -3533622.88488998 5317824.69130767 -277.307577361608 -517.718450668377 0.78125 53.318561580396 -285756338.69034
158273.4375 -3533829.97923187 5317432.6250037 -253.281357993458 -486.60187668285 0.78125 47.47689889842 -239781412.293239
158274.21875 -3534019.25517262 5317063.46456044 -231.631364138093 -458.988451182932 0.78125 42.478058771267 -202990568.771912
158275 -3534192.43457431 5316714.67366387 -212.02369065602 -434.380426049666 0.78125 38.1771943578601 -173288926.747688
158275.78125 -3534351.00151538 5316384.07086243 -194.18143218607 -412.364033560592 0.78125 34.4579550183827 -149112586.279812
158276.5625 -3534496.24231339 5316069.77059427 -177.873597875945 -392.593165536386 0.78125 31.2262568116224 -129282078.886221
158277.34375 -3534629.27786648 5315770.13552649 -162.906424364047 -374.776577634202 0.78125 28.4055263063434 -112899221.612339
158278.125 -3534751.08995649 5315483.73778999 -149.116524063386 -358.667793510029 0.78125 25.9330479217592 -99273733.1056165
158278.90625 -3534862.54277501 5315209.32725428 -136.365446353413 -344.057089274148 0.78125 23.757141883421 -87870479.380477
158279.6875 -3534964.40064563 5314945.80540797 -124.535333106284 -330.765090709538 0.78125 21.8349707826032 -78271170.2827888
158280.46875 -3535057.34269897 5314692.2037301 -113.525426934547 -318.637628495237 1.5625 20.1308246002926 -70146281.7977613
158281.25 -3535141.97509124 5314447.66567962 -103.249247852347 -307.541580683461 1.5625 18.6147720706252 -63234285.7440704
158282.03125 -3535218.84123107 5314211.43161687 -93.6322969284466 -297.361494566446 1.5625 17.2615941998239 -57326150.7021507
158282.8125 -3535288.43038167 5313982.82611311 -84.6101777798545 -287.996827395352 1.5625 16.0499363738399 -52253679.87812
158283.59375 -3535351.18493047 5313761.24721568 -76.1270511757426 -279.359681225616 1.5625 14.9616307706264 -47880666.160735
158284.375 -3535407.50655944 5313546.15732228 -68.1343566096022 -271.372934414423 1.5625 13.9811521773824 -44096132.8749313
158285.15625 -3535457.76150368 5313337.07538551 -60.5897489294529 -263.968693150344 1.5625 13.0951788394356 -40809130.9918153
158285.9375 -3535502.28504955 5313133.57022239 -53.4562090763494 -257.087002444755 1.5625 12.2922363896628 -37944706.7266574
158287.5 -3535575.34695391 5312741.78101859 -40.2965175102013 -244.684858421228 1.5625 10.8970962195312 -33245554.9415116
158289.0625 -3535628.88953026 5312368.13659559 -28.4399752776599 -233.808759222955 1.5625 9.73109471634771 -29615095.6497366
158290.625 -3535664.81268643 5312010.48291741 -17.7190303837059 -224.17450376991 1.5625 8.74522180225637 -26782355.0114515
158292.1875 -3535684.78389646 5311667.06365076 -8.00202373046721 -215.554891531118 1.5625 7.90206885643421 -24552323.3783254
158293.75 -3535690.2870341 5311336.4410629 0.815671212928665 -207.767577146939 1.5625 7.172981414957 -22782196.8347189
158295.3125 -3535682.65912868 5311017.43336716 8.81836280651086 -200.665981495057 1.5625 6.53598987647505 -21365690.9480502
158296.875 -3535663.11792058 5310709.06449277 16.0751806015858 -194.132353763222 1.5625 5.97426401175172 -20222516.2657285
158298.4375 -3535632.78235592 5310410.52343282 22.644027099001 -188.072364272552 1.5625 5.47492980068156 -19291214.2171278
158300 -3535592.68765357 5310121.13113249 28.5746107674179 -182.410801586114 1.5625 5.02814605858481 -18524214.3977553
158301.5625 -3535543.79622182 5309840.31343556 33.9107529001286 -177.088080719975 1.5625 4.62637524782798 -17884378.4995302
158303.125 -3535487.00544189 5309567.57898865 38.6921120431592 -172.057361467548 1.5625 4.26380555491937 -17342548.4597344
158304.6875 -3535423.15313745 5309302.50126406 42.9554383905934 -167.282139504056 3.125 3.93589493978814 -16875777.4713998
158306.25 -3535353.02139042 5309044.70404046 46.7354500248393 -162.734216436368 3.125 3.6390158847179 -16466027.6785623
158307.8125 -3535277.33923178 5308793.84980287 50.0654087168246 -158.391984103335 3.125 3.3701842285565 -16099188.5241184
158309.375 -3535196.78462314 5308549.63060855 52.9774623070619 -154.238977368082 3.125 3.12685818617074 -15764317.2930572
