0 314159000 0 -1174.84929577903 244.395442280567 100 0.00403837820768556 -0
100 314041494.873495 24439.5437041632 -1175.2532846942 244.395426560822 200 0.00404140083421284 -0
300 313806363.34818 73318.6185231509 -1176.06217039968 244.395300590817 400 0.00404745925776479 -0
700 313335614.359243 171076.629293865 -1177.68358557087 244.394668540389 800 0.00405962904415152 -0
1500 312392165.798489 366591.381282485 -1180.94108979854 244.391867929703 1600 0.00408418245359755 -0
3100 310497411.109082 757609.996684835 -1187.5155970422 244.3799894912 1600 0.00413416160182506 -0
4700 308592072.743789 1148602.74680014 -1194.17100178542 244.359483988522 1600 0.00418533720198805 -0
6300 306676019.727025 1539555.57342318 -1200.9092394616 244.330030451445 1600 0.00423775085801891 -0
7900 304749117.933155 1930453.89335315 -1207.7323127013 244.291293478223 1600 0.0042914460816742 -0
9500 302811229.976535 2321282.57467821 -1214.64229440723 244.242922446031 1600 0.00434646840152066 -0
11100 300862215.096508 2712025.91175597 -1221.64133100437 244.184550669811 1600 0.00440286547939928 -0
12700 298901929.037038 3102667.59880427 -1228.73164587742 244.115794505594 1600 0.00446068723496821 -0
14300 296930223.920697 3493190.70200995 -1235.91554300833 244.036252393987 1600 0.00451998597898072 -0
15900 294946948.116652 3883577.63005633 -1243.19541082805 243.945503839162 1600 0.00458081655601572 -0
17500 292951946.102321 4273810.10296207 -1250.57372629764 243.843108318252 1600 0.00464323649744606 -0
19100 290945058.318287 4663869.11911569 -1258.05305923503 243.728604115591 1600 0.00470730618550473 -0
20700 288926121.016103 5053734.92038076 -1265.63607690537 243.60150707574 1600 0.00477308902939237 -0
22300 286894966.098507 5443386.95513663 -1273.32554889411 243.461309268653 1600 0.00484065165446131 -0
23900 284851420.951614 5832803.83910823 -1281.12435228384 243.307477559738 1600 0.00491006410561417 -0
25500 282795308.268566 6221963.31382677 -1289.03547715761 243.139452076856 1600 0.00498140006616861 -0
27100 280726445.86409 6610842.20254931 -1297.06203245347 242.956644565553 1600 0.00505473709356653 -0
28700 278644646.479402 6999416.36345106 -1305.20725219719 242.758436622959 1600 0.00513015687344771 -0
30300 276549717.576806 7387660.63988787 -1313.47450214257 242.544177799844 1600 0.00520774549376521 -0
31900 274441461.12333 7775548.80750894 -1321.86728685133 242.313183559295 1600 0.00528759374079633 -0
33500 272319673.362653 8163053.51798029 -1330.38925724758 242.064733079262 1600 0.00536979741910032 -0
35100 270184144.574544 8550146.23905813 -1339.0442186852 241.79806688498 1600 0.00545445769769508 -0
36700 268034658.820951 8936797.1907278 -1347.83613957004 241.512384295764 1600 0.00554168148497332 -0
38300 265870993.677827 9322975.27709786 -1356.76916058264 241.206840669089 1600 0.00563158183515755 -0
39900 263692919.951677 9708648.01370991 -1365.84760455214 240.880544423017 1600 0.00572427838940743 -0
41500 261500201.379758 10093781.4498933 -1375.07598703647 240.532553816025 1600 0.0058198978550468 -0
43100 259292594.312741 10478340.085758 -1384.45902766966 240.161873460958 1600 0.00591857452677746 -0
44700 257069847.378559 10862286.7833802 -1394.00166234335 239.767450547292 1600 0.00602045085419867 -0
46300 254831701.126047 11245582.671691 -1403.70905629629 239.348170742972 1600 0.00612567806046354 -0
47900 252577887.646869 11628187.0445311 -1413.58661819333 238.902853743817 1600 0.0062344168174838 -0
49500 250308130.174051 12010057.2512784 -1423.64001528396 238.4302484348 1600 0.00634683798375544 -0
51100 248022142.655344 12391148.5793971 -1433.87518974027 237.929027623316 1600 0.00646312341162876 -0
52700 245719629.299426 12771414.1281889 -1444.29837628484 237.397782299813 1600 0.00658346683170429 -0
53500 244562080.216413 12961221.9473172 -1449.5825070895 237.120436229398 1600 0.00664522431443413 -0
54300 243400284.092721 13150804.672936 -1454.91612123036 236.835015375966 1600 0.00670807482301961 -0
55100 242234200.994995 13340155.7648288 -1460.30008906024 236.541317718993 1600 0.00677204636222417 -0
55900 241063790.284784 13529268.5186214 -1465.73530307184 236.23913484336 1600 0.0068371678787936 -0
56700 239889010.600547 13718136.0605663 -1471.22267863673 235.928251689416 1600 0.00690346930078035 -0
57500 238709819.839035 13906751.3421241 -1476.76315477499 235.608446291311 1600 0.00697098157883258 -0
58300 237526175.136058 14095107.1343291 -1482.35769495693 235.279489502972 1600 0.00703973672956271 -0
59100 236338032.846595 14283196.0219314 -1488.00728793855 234.941144711029 1600 0.00710976788111757 -0
59900 235145348.524212 14471010.3973037 -1493.71294863239 234.593167533968 1600 0.00718110932108066 -0
60700 233948076.899787 14658542.4541016 -1499.47571901572 234.235305506731 1600 0.00725379654684568 -0
61500 232746171.85947 14845784.1806657 -1505.29666907769 233.867297749943 1600 0.00732786631861029 -0
62300 231539586.42189 15032727.3531519 -1511.17689780774 233.488874622883 1600 0.00740335671514908 -0
63100 230328272.714543 15219363.5283784 -1517.11753422726 233.099757359266 1600 0.00748030719253584 -0
63900 229112181.949334 15405684.0363733 -1523.11973846682 232.699657684841 1600 0.00755875864599734 -0
64700 227891264.39725 15591679.9726088 -1529.1847028913 232.288277415732 1600 0.00763875347509342 -0
65500 226665469.3621 15777342.1899063 -1535.31365327563 231.865308036387 1600 0.00772033565243225 -0
66300 225434745.153302 15962661.2899949 -1541.50785003367 231.43043025593 1600 0.00780355079614474 -0
67100 224199039.057661 16147627.614706 -1547.76858950329 230.983313541606 1600 0.00788844624635808 -0
67900 222958297.310097 16332231.2367856 -1554.09720529054 230.523615627941 1600 0.00797507114592606 -0
68700 221712465.063268 16516461.9503025 -1560.49506967641 230.050982000134 1600 0.00806347652569312 -0
69500 220461486.356053 16700309.2606338 -1566.96359508935 229.565045350081 1600 0.00815371539458914 -0
70300 219205304.080813 16883762.374003 -1573.50423564756 229.065425003349 1600 0.00824584283487482 -0
71100 217943859.949407 17066810.1865467 -1580.11848877477 228.551726315261 1600 0.00833991610288159 -0
71900 216677094.457867 17249441.2728872 -1586.80789689378 228.023540034153 1600 0.0084359947356162 -0
72700 215404946.849701 17431643.8741795 -1593.57404920236 227.480441629693 1600 0.00853414066362879 -0
73500 214127355.077729 17613405.8856081 -1600.41858353604 226.921990584022 1600 0.00863441833057463 -0
74300 212844255.764401 17794714.8433002 -1607.34318832319 226.347729643292 1600 0.00873689481993295 -0
75100 211555584.160503 17975557.9106231 -1614.34960463765 225.757184027013 1600 0.0088416399893838 -0
75900 210261274.102191 18155921.8638323 -1621.4396283548 225.149860592402 1600 0.00894872661338348 -0
76700 208961257.966249 18335793.0770313 -1628.61511241741 224.525246950737 1600 0.0090582305345233 -0
77500 207655466.623489 18515157.5064042 -1635.87796921777 223.882810532462 1600 0.00917023082430387 -0
78300 206343829.390198 18694000.6736794 -1643.23017310352 223.221997597573 1600 0.00928480995400969 -0
79100 205026273.977529 18872307.6487776 -1650.67376301459 222.542232187493 800 0.00940205397642568 -0
79900 203702726.438724 19050063.0315972 -1658.21084525968 221.842915014389 800 0.00952205271919968 -0
80700 202373111.114063 19227250.9328845 -1665.84359644111 221.123422283538 800 0.00964489999072386 -0
81500 201037350.573403 19403854.9541331 -1673.57426653738 220.38310444398 800 0.00977069379948244 -0
82300 199695365.556191 19579858.1664542 -1681.40518215385 219.621284862347 800 0.00989953658789577 -0
83100 198347074.908802 19755243.0883526 -1689.33874995245 218.837258414289 800 0.0100315354817812 -0
83900 196992395.519056 19929991.6623413 -1697.37746027216 218.03028998749 800 0.0101668025566504 -0
84700 195631242.247768 20104085.2303208 -1705.52389095309 217.199612889724 800 0.0103054551221725 -0
85500 194263527.857136 20277504.5076451 -1713.78071137792 216.344427154886 800 0.0104476160262522 -0
86300 192889162.935823 20450229.5557879 -1722.15068674535 215.463897739284 800 0.0105934139803059 -0
87100 191508055.820504 20622239.7535209 -1730.63668259177 214.557152599821 800 0.0107429839074638 -0
87900 190120112.513706 20793513.7665026 -1739.24166957823 213.623280644979 800 0.0108964673155908 -0
88700 188725236.597696 20964029.5151753 -1747.96872856154 212.661329548667 800 0.0110540126971936 -0
89500 187323329.144195 21133764.1408535 -1756.82105596966 211.670303416135 800 0.0112157759584845 -0
90300 185914288.619667 21302693.9698829 -1765.8019695033 210.649160290158 800 0.0113819208800899 -0
91100 184498010.785897 21470794.4757357 -1774.91491418754 209.596809484612 800 0.0115526196121342 -0
91900 183074388.595596 21638040.2388991 -1784.16346879916 208.512108731351 800 0.0117280532067045 -0
92700 181643312.082684 21804404.9044014 -1793.55135269784 207.393861124992 800 0.0119084121909992 -0
93500 180204668.24696 21969861.1368085 -1803.08243309151 206.240811848713 800 0.0120938971848021 -0
94300 178758340.93275 22134380.5725055 -1812.76073276917 205.051644662575 800 0.0122847195662965 -0
95100 177304210.701192 22297933.7690693 -1822.59043833707 203.824978134026 800 0.0124811021906537 -0
95900 175842154.695704 22460490.1515134 -1832.57590899794 202.559361588291 800 0.0126832801662948 -0
96700 174372046.500203 22622017.955174 -1842.72168591587 201.253270754049 800 0.0128915016942517 -0
97500 172893755.989577 22782484.1649812 -1853.03250221415 199.905103077374 800 0.0131060289766375 -0
98300 171407149.171898 22941854.4508392 -1863.51329365721 198.513172674079 800 0.0133271392008956 -0
99100 169912088.021787 23100093.0988124 -1874.16921007304 197.075704887528 800 0.0135551256072376 -0
99900 168408430.30433 23257162.9377886 -1885.00562757774 195.590830415508 800 0.0137902986475149 -0
100700 166896029.388873 23413025.2612573 -1896.02816166994 194.056578965838 800 0.0140329872447064 -0
101500 165374734.051961 23567639.7438098 -1907.24268126942 192.470872396045 800 0.0142835401632702 -0
102300 163844388.268649 23720964.3519278 -1918.65532378189 190.831517287529 800 0.0145423275018049 -0
103100 162304830.991322 23872955.2485879 -1930.27251128012 189.136196899105 800 0.0148097423208305 -0
103900 160755895.91508 24023566.6911588 -1942.10096790076 187.382462438607 800 0.0150862024200396 -0
104700 159197411.228697 24172750.9220226 -1954.147738567 185.567723584195 800 0.0153721522811315 -0
105500 157629199.350019 24320458.051286 -1966.42020915837 183.689238179078 800 0.0156680651943355 -0
106300 156051076.644612 24466635.9308897 -1978.92612826242 181.744101014361 800 0.015974445589018 -0
107100 154462853.126324 24611230.0193472 -1991.6736306576 179.729231604529 800 0.0162918315913738 -0
107900 152864332.138308 24754183.2362665 -2004.6712626931 177.641360848442 800 0.0166207978351916 -0
108700 151255310.012931 24895435.8057141 -2017.92800975027 175.477016455559 800 0.0169619585551145 -0
109500 149635575.708806 25034925.0873828 -2031.45332599109 173.232507001963 800 0.0173159709957595 -0
110300 148004910.423039 25172585.3944046 -2045.25716662322 170.903904463573 800 0.0176835391746072 -0
111100 146363087.176571 25308347.7965257 -2059.35002293799 168.487025054152 800 0.0180654180418233 -0
111900 144709870.370285 25442139.9072081 -2073.74296040857 165.977408173045 800 0.0184624180862505 -0
112300 143878913.284039 25508273.4810267 -2081.05558467256 164.686347898646 800 0.0186668582598893 -0
112700 143045015.309243 25573885.6530385 -2088.44766016842 163.370293242275 800 0.0188754104438789 -0
113100 142208144.354107 25638966.2969852 -2095.92075065371 162.028598072991 800 0.0190881939372239 -0
113500 141368267.692516 25703505.0237709 -2103.47646424146 160.660594178082 800 0.0193053325732056 -0
113900 140525351.945968 25767491.1724406 -2111.11645504741 159.265590315668 800 0.019526954933059 -0
114300 139679363.064828 25830913.800772 -2118.84242491297 157.842871218144 800 0.0197531945716966 -0
114700 138830266.30888 25893761.6754565 -2126.65612520818 156.391696543484 800 0.0199841902562706 -0
115100 137978026.227142 25956023.2618507 -2134.55935871908 154.911299771164 800 0.0202200862184267 -0
115500 137122606.636904 26017686.7132746 -2142.55398162422 153.400887039298 800 0.0204610324211658 -0
115900 136263970.601966 26078739.859832 -2150.6419055653 151.859635919274 800 0.0207071848413006 -0
116300 135402080.410016 26139170.1967277 -2158.82509981739 150.286694123942 800 0.0209587057685702 -0
116700 134536897.549129 26198964.8720542 -2167.10559356436 148.681178145128 800 0.0212157641225616 -0
117100 133668382.683329 26258110.6740182 -2175.4854782857 147.042171815893 800 0.0214785357886714 -0
117500 132796495.627173 26316594.0175761 -2183.96691026115 145.368724792666 800 0.021747203974447 -0
117900 131921195.31931 26374400.930446 -2192.55211320028 143.659850951978 800 0.0220219595877473 -0
118300 131042439.794962 26431517.0384598 -2201.24338100422 141.914526696143 800 0.0223030016382848 -0
118700 130160186.157271 26487927.5502185 -2210.0430806677 140.131689161795 800 0.0225905376642354 -0
119100 129274390.547455 26543617.2410106 -2218.95365532986 138.310234324711 800 0.0228847841857438 -0
119500 128385008.113717 26598570.4359504 -2227.97762748287 136.449014993856 800 0.0231859671873045 -0
119900 127491992.978832 26652770.9922904 -2237.1176023483 134.546838687012 800 0.0234943226311653 -0
120300 126595298.206352 26706202.280859 -2246.37627143151 132.60246537976 800 0.0238100970040829 -0
120700 125694875.765347 26758847.1665708 -2255.75641626551 130.614605118896 800 0.0241335478999629 -0
121100 124790676.493617 26810687.9879543 -2265.26091235622 128.58191549069 800 0.0244649446411318 -0
121500 123882650.059275 26861706.535635 -2274.8927333422 126.502998933544 800 0.0248045689412375 -0
121900 122970744.920623 26911884.0297113 -2284.65495538268 124.376399883797 800 0.0251527156130335 -0
122300 122054908.284229 26961201.0959536 -2294.55076178903 122.200601742451 800 0.0255096933245993 -0
122700 121135086.061094 27009637.740751 -2304.58344791572 119.974023649561 800 0.02587582540787 -0
123100 120211222.820815 27057173.3247284 -2314.75642632823 117.695017051922 800 0.0262514507237028 -0
123500 119283261.743612 27103786.5349452 -2325.07323226666 115.361862048397 400 0.0266369245881011 -0
123900 118351144.570117 27149455.355586 -2335.53752942529 112.972763495928 400 0.0270326197646509 -0
124300 117414811.54878 27194157.0370426 -2346.15311607 110.525846857692 400 0.0274389275286999 -0
124700 116474201.380759 27237868.0632796 -2356.92393151711 108.019153773301 400 0.0278562588093454 -0
125100 115529251.162133 27280564.1173697 -2367.85406299932 105.450637329031 400 0.02828504541588 -0
125500 114579896.323303 27322220.0450728 -2378.94775294634 102.818157004146 400 0.0287257413560013 -0
125900 113626070.565377 27362809.8163249 -2390.20940671029 100.119473267093 400 0.0291788242538125 -0
126300 112667705.793379 27402306.4844898 -2401.64360076831 97.3522417929391 400 0.0296447968764514 -0
126700 111704732.046073 27440682.1432178 -2413.25509143775 94.5140072707014 400 0.0301241887790805 -0
127100 110737077.422194 27477907.8807392 -2425.04882414234 91.6021967661996 400 0.0306175580789746 -0
127500 109764668.002854 27513953.7314079 -2437.02994327089 88.6141126027554 400 0.031125493370558 -0
127900 108787427.769876 27548788.624294 -2449.20380267416 85.5469247183458 400 0.0316486157944973 -0
128300 107805278.519801 27582380.3286072 -2461.57597684916 82.3976624537158 400 0.0321875812753514 -0
128700 106818139.773265 27614695.3957129 -2474.15227286489 79.1632057213704 400 0.0327430829438512 -0
129100 105825928.679457 27645699.0974836 -2486.93874308846 75.8402755002694 400 0.0333158537616421 -0
129500 104828559.915307 27675355.360703 -2499.94169877592 72.425423595349 400 0.0339066693683013 -0
129900 103825945.579063 27703626.6972155 -2513.16772459808 68.9150215946283 400 0.0345163511726713 -0
130300 102817995.077848 27730474.129486 -2526.62369417869 65.3052489495367 400 0.0351457697130615 -0
130700 101804615.008793 27755857.1112035 -2540.31678672911 61.5920800961083 400 0.0357958483137095 -0
131100 100785709.033275 27779733.4425249 -2554.25450487266 57.7712705257285 400 0.0364675670680999 -0
131500 99761177.7437772 27802059.179522 -2568.44469376029 53.838341704038 400 0.0371619671833747 -0
131900 98730918.5228226 27822788.5373455 -2582.89556158983 49.7885647252551 400 0.0378801557241925 -0
132300 97694825.3933971 27841873.7865782 -2597.61570165239 45.6169425763784 400 0.0386233107990834 -0
132700 96652788.8602291 27859265.1421924 -2612.61411604207 41.3181908712821 400 0.0393926872376809 -0
133100 95604695.7412273 27874910.6444693 -2627.90024117954 36.8867168983609 400 0.0401896228133054 -0
133500 94550428.9883173 27888756.0311708 -2643.48397531572 32.3165968068452 400 0.0410155450723272 -0
133900 93489867.4968521 27900744.6001823 -2659.37570819994 27.601550735867 400 0.0418719788397073 -0
134300 92422885.9026874 27910817.0617586 -2675.5863531166 22.7349156664136 400 0.0427605544792525 -0
134700 91349354.3659321 27918911.3794147 -2692.12738151728 17.7096157490308 400 0.0436830169976274 -0
135100 90269138.3402848 27924962.5983972 -2709.01086050038 12.5181298289879 400 0.0446412360932701 -0
135500 89182098.3267626 27928902.6605535 -2726.249493419 7.15245585497848 400 0.0456372172653275 -0
135900 88088089.61051 27930660.2042828 -2743.85666393046 1.60407181658062 400 0.0466731141138931 -0
136300 86986961.9792413 27930160.3481013 -2761.84648383694 -4.13610719123733 400 0.04775124198157 -0
136700 85878559.4217246 27927324.4561845 -2780.23384510902 -10.0777762323162 400 0.0488740931081679 -0
137100 84762719.8045475 27922069.8840522 -2799.03447653049 -16.2312926403177 400 0.0500443534957272 -0
137500 83639274.525219 27914309.7023431 -2818.26500545705 -22.6077335667758 400 0.0512649217107038 -0
137900 82508048.1394549 27903952.3963712 -2837.94302524261 -29.2189596400317 400 0.0525389298848701 -0
138100 81939460.2364471 27897769.8896908 -2847.9556242704 -32.616554988466 400 0.0531970223402882 -0
138300 81368857.9602014 27890901.5388356 -2858.08716895363 -36.0776855036104 400 0.0538697672173237 -0
138500 80796217.2723382 27883334.4642477 -2868.34016412136 -39.6040868005807 400 0.0545576326549373 -0
138700 80221513.6260108 27875055.4329304 -2878.71719009339 -43.1975581303447 400 0.0552611063275333 -0
138900 79644721.9505143 27866050.8454289 -2889.22090564213 -46.859965324504 400 0.0559806964536935 -0
139100 79065816.6352862 27856306.7222065 -2899.85405109781 -50.5932439052247 400 0.0567169328671335 -0
139300 78484771.5132722 27845808.6893806 -2910.61945160502 -54.3994023712289 400 0.0574703681543543 -0
139500 77901559.8436243 27834541.9637835 -2921.52002053956 -58.2805256715882 400 0.05824157886383 -0
139700 77316154.2936988 27822491.337308 -2932.55876309487 -62.2387788799664 400 0.059031166791973 -0
139900 76728526.9203193 27809641.1604978 -2943.73878004807 -66.2764110829389 400 0.0598397603515609 -0
140100 76138649.1502675 27795975.3253366 -2955.06327171628 -70.3957594970875 400 0.0606680160287869 -0
140300 75546491.759963 27781477.2471906 -2966.5355421147 -74.5992538307334 400 0.0615166199356251 -0
140500 74952024.8542899 27766129.8458521 -2978.15900332854 -78.8894209074391 400 0.0623862894647794 -0
140700 74355217.8445272 27749915.525631 -2989.93718011206 -83.2688895697969 400 0.0632777750551193 -0
140900 73756039.4253348 27732816.1544356 -3001.87371472853 -87.7403958835324 400 0.0641918620762026 -0
141100 73154457.5507465 27714813.0417813 -3013.97237204626 -92.3067886636039 400 0.0651293728412521 -0
141300 72550439.4091171 27695886.915659 -3026.23704490664 -96.9710353457851 400 0.0660911687587948 -0
141500 71943951.3969668 27676017.8981936 -3038.6717597816 -101.736228229197 400 0.0670781526341046 -0
141700 71334959.0916638 27655185.4800137 -3051.28068273876 -106.605591117426 400 0.068091271132611 -0
141900 70723427.222882 27633368.4932514 -3064.0681257344 -111.582486388229 400 0.0691315174185665 -0
142100 70109319.6427643 27610545.0830825 -3077.03855325545 -116.670422524462 400 0.0701999339835215 -0
142300 69492599.2947221 27586692.6777108 -3090.19658933348 -121.873062141701 400 0.0712976156805269 -0
142500 68873228.1807918 27561787.9566949 -3103.54702495544 -127.194230551215 400 0.0724257129815267 -0
142700 68251167.3274679 27535806.8175049 -3117.09482589771 -132.637924900389 400 0.0735854354770907 -0
142900 67626376.7499239 27508724.3401897 -3130.84514101222 -138.208323936552 400 0.0747780556395252 -0
143100 66998815.4145289 27480514.7500249 -3144.80331099536 -143.909798444369 400 0.0760049128724903 -0
143300 66368441.1995589 27451151.3780012 -3158.97487767319 -149.746922411621 200 0.0772674178725778 -0
143500 65735210.8539969 27420606.6190021 -3173.36559383885 -155.724484983373 200 0.0785670573308985 -0
143700 65099079.9543066 27388851.8875066 -3187.98143368105 -161.847503270214 200 0.0799053990056138 -0
143900 64460002.8590581 27355857.5706387 -3202.82860384571 -168.121236082592 200 0.0812840971995742 -0
144100 63817932.661274 27321592.9783708 -3217.91355517615 -174.551198670304 200 0.0827048986808324 -0
144300 63172821.1383561 27286026.2906716 -3233.2429951811 -181.14317855396 200 0.0841696490878361 -0
144500 62524618.6994406 27249124.5013709 -3248.82390128391 -187.903252543963 200 0.0856802998656257 -0
144700 61873274.3300207 27210853.3584928 -3264.66353491056 -194.837805052158 200 0.0872389157844439 -0
144900 61218735.5336629 27171177.300788 -3280.7694564795 -201.95354781213 200 0.0888476830978646 -0
145100 60560948.2706293 27130059.3901703 -3297.14954136116 -209.257541136102 200 0.0905089184039734 -0
145300 59899856.893205 27087461.2397369 -3313.81199688124 -216.757216849875 200 0.0922250782803688 -0
145500 59235404.0775136 27043342.9370203 -3330.76538044821 -224.460403062301 200 0.0939987697719224 -0
145700 58567530.7515875 26997662.9620894 -3348.01861889259 -232.375350942632 200 0.0958327618194768 -0
145900 57896176.0194418 26950378.1000778 -3365.58102911334 -240.510763698086 200 0.0977299977281139 -0
146100 57221277.0808794 26901443.3476793 -3383.46234013516 -248.875827965265 200 0.0996936087854959 -0
146300 56542769.1467337 26850811.8131038 -3401.67271669018 -257.480247853052 200 0.101726929154253 -0
146500 55860585.3492328 26798434.6089383 -3420.22278444749 -266.334281901729 200 0.103833512177728 -0
146700 55174656.6471421 26744260.7372993 -3439.12365702569 -275.448783253609 200 0.106017148255884 -0
146900 54484911.7253132 26688236.9666036 -3458.38696493602 -284.835243365123 200 0.108281884468122 -0
147100 53791276.8882382 26630307.6992112 -3478.02488661735 -294.505839629542 200 0.110632046142637 -0
147300 53093675.9471735 26570414.8291195 -3498.05018173997 -304.473487324058 200 0.113072260598086 -0
147500 52392030.1003592 26508497.5887964 -3518.47622697128 -314.751896345668 200 0.115607483313459 -0
147700 51686257.8058225 26444492.3841454 -3539.31705441564 -325.355633258044 200 0.118243026816624 -0
147900 50976274.646206 26378332.6164807 -3560.58739296064 -336.300189237569 200 0.120984592621947 -0
148100 50261993.1850152 26309948.4902696 -3582.30271278489 -347.602054582148 200 0.123838306593528 -0
148300 49543322.8136255 26239266.8052544 -3604.47927330702 -359.278800532909 200 0.126810758163973 -0
148500 48820169.5883292 26166210.7314091 -3627.13417488332 -371.34916925828 200 0.129909043900686 -0
148700 48092436.0566411 26090699.5650037 -3650.28541459139 -383.833172964253 200 0.133140815983774 -0
148900 47360021.0720074 26012648.463844 -3673.9519464706 -396.752203226606 200 0.136514336243783 -0
149100 46622819.5959877 25931968.1595194 -3698.1537466268 -410.129151793326 200 0.140038536505872 -0
149300 45880722.4868926 25848564.6442267 -3722.91188364869 -423.988544282252 200 0.14372308610227 -0
149500 45133616.2737663 25762338.8294312 -3748.24859482772 -438.356688404186 200 0.147578467550323 -0
149700 44381382.9145 25673186.1732755 -3774.18736872112 -453.261838580803 200 0.151616061553033 -0
149900 43623899.5367497 25580996.2732511 -3800.75303465053 -468.734379105655 200 0.155848242667532 -0
150000 43243149.3046076 25533726.1445586 -3814.27910162875 -476.693547994847 200 0.1580414684732 -0
150100 42861038.1601653 25485652.4201274 -3827.97185977909 -484.807028315364 200 0.16028848721075 -0
150200 42477549.2588858 25436759.4456502 -3841.83483444777 -493.07931196075 200 0.162591175574748 -0
150300 42092665.3985517 25387031.1089086 -3855.87165450847 -501.515066667043 200 0.164951495234704 -0
150400 41706369.0087244 25336450.8217589 -3870.0860561643 -510.119144683014 200 0.167371497571217 -0
150500 41318642.139814 25285001.5012268 -3884.48188691162 -518.896591956785 200 0.169853328725991 -0
150600 40929466.4517448 25232665.5496546 -3899.06310967292 -527.852657874919 200 0.17239923498987 -0
150700 40538823.2021986 25179424.8338461 -3913.83380710647 -536.992805592965 200 0.17501156855513 -0
150800 40146693.2344185 25125260.6631471 -3928.79818610049 -546.322722999596 200 0.177692793660616 -0
150900 39753056.9645523 25070153.7663957 -3943.96058246015 -555.848334359947 200 0.180445493160837 -0
151000 39357894.368519 25014084.2676724 -3959.32546579596 -565.575812687512 200 0.183272375552963 -0
151100 38961184.9683746 24957031.6607742 -3974.89744462205 -575.511592898076 200 0.186176282498758 -0
151200 38562907.8181579 24898974.7823319 -3990.68127167368 -585.66238580369 200 0.189160196881881 -0
151300 38163041.489193 24839891.7834837 -4006.68184945305 -596.035193009607 200 0.192227251444778 -0
151400 37761564.0548256 24779760.1000105 -4022.90423601299 -606.637322782533 200 0.195380738053511 -0
151500 37358453.0745681 24718556.4208333 -4039.35365098827 -617.476406964476 200 0.198624117643509 -0
151600 36953685.5776296 24656256.6547636 -4056.0354818843 -628.560419013004 200 0.201961030904271 -0
151700 36547238.0458031 24592835.8953891 -4072.95529063324 -639.897693255879 200 0.205395309766728 -0
151800 36139086.3956832 24528268.3839702 -4090.11882042751 -651.496945455948 200 0.208930989763187 -0
151900 35729205.9601872 24462527.4702097 -4107.53200284051 -663.367294790839 200 0.212572323336744 -0
152000 35317571.4693479 24395585.5707489 -4125.20096524461 -675.518287361572 200 0.216323794184771 -0
152100 34904157.0303504 24327414.1252318 -4143.13203853566 -687.959921354813 200 0.220190132729625 -0
152200 34488936.1067804 24257983.5497643 -4161.33176517323 -700.702673995085 200 0.224176332819346 -0
152300 34071881.4970525 24187263.1875824 -4179.80690754515 -713.757530436244 100 0.228287669771719 -0
152400 33652965.3119848 24115221.2567284 -4198.56445666393 -727.136014755718 100 0.232529719887015 -0
152500 33232158.9514882 24041824.7945138 -4217.61164120163 -740.850223230893 100 0.236908381568002 -0
152600 32809433.0803338 23967039.5985338 -4236.95593686856 -754.912860094526 100 0.241429898200728 -0
152700 32384757.6029663 23890830.1639721 -4256.60507613891 -769.337275985576 100 0.246100882966253 -0
152800 31958101.6373261 23813159.6169167 -4276.56705832478 -784.137509333471 100 0.250928345772219 -0
152900 31529433.4876481 23733989.6433797 -4296.85015999674 -799.328330937924 100 0.2559197225142 -0
153000 31098720.6162 23653280.4136876 -4317.46294574596 -814.925292033272 100 0.261082906900381 -0
153100 30665929.6139285 23570990.5018771 -4338.41427927862 -830.944776156196 100 0.266426285099817 -0
153200 30231026.1699797 23487076.7997002 -4359.71333482802 -847.404055169161 100 0.271958773504514 -0
153300 29793975.0400632 23401494.4248027 -4381.36960886367 -864.321349829241 100 0.277689859929545 -0
153400 29354740.013632 23314196.6226008 -4403.39293206902 -881.715895333822 100 0.283629648613793 -0
153500 28913283.8798519 23225134.6613349 -4425.79348155014 -899.608012321586 100 0.289788909427381 -0
153600 28469568.3923418 23134257.7197278 -4448.58179322661 -918.019183859728 100 0.296179131741153 -0
153700 28023554.2326664 23041512.7666216 -4471.7687743424 -936.972139007487 100 0.302812583469633 -0
153800 27575200.972577 22946844.4319018 -4495.36571601855 -956.490943612552 100 0.309702375862561 -0
153900 27124467.0349977 22850194.8679497 -4519.38430574957 -976.601099071771 100 0.316862534692787 -0
154000 26671309.6537701 22751503.6007878 -4543.83663972265 -997.329649872099 100 0.324308078571156 -0
154100 26215684.8321808 22650707.3699934 -4568.73523481029 -1018.70530082308 100 0.332055105213775 -0
154200 25757547.3003139 22547739.9563636 -4594.0930400533 -1040.75854500008 100 0.340120886595518 -0
154300 25296850.4712893 22442531.9962024 -4619.92344741058 -1063.52180353976 100 0.348523974048059 -0
154400 24833546.396474 22335010.7809833 -4646.24030150327 -1087.02957856762 100 0.357284314503594 -0
154500 24367585.7197831 22225100.0410039 -4673.05790802207 -1111.3186206951 100 0.366423379249923 -0
154600 23898917.6312226 22112719.7114949 -4700.39104039607 -1136.42811270256 100 0.375964306752087 -0
154700 23427489.819873 21997785.679477 -4728.25494423609 -1162.39987122807 100 0.385932061314692 -0
154800 22953248.4265632 21880209.5094644 -4756.66533896303 -1189.2785685146 100 0.396353609612242 -0
154900 22476137.9965517 21759898.1458947 -4785.63841590779 -1217.11197653333 100 0.407258117408297 -0
155000 21996101.4326098 21636753.5899204 -4815.19083201947 -1245.95123610423 100 0.418677169124879 -0
155100 21513079.9489958 21510672.5479164 -4845.33969813747 -1275.85115398232 100 0.430645013319824 -0
155200 21027013.0269258 21381546.048741 -4876.10256056324 -1306.87053127631 100 0.443198837591387 -0
155300 20537838.3722842 21249259.0264331 -4907.49737440077 -1339.07252702317 100 0.456379076968304 -0
155400 20045491.8764887 21113689.8646134 -4939.54246681069 -1372.52506126747 100 0.470229760473673 -0
155500 19549907.5816248 20974709.8984002 -4972.2564879274 -1407.30126259836 100 0.484798901289267 -0
155550 19300880.134674 20903898.5953717 -4988.8702478011 -1425.21013664397 100 0.492369093885013 -0
155600 19051017.6512 20832182.8690497 -5005.65834670099 -1443.47996577045 100 0.5001389368154 -0
155650 18800311.3545151 20759544.4025058 -5022.62317515771 -1462.12158681755 100 0.508115757594866 -0
155700 18548752.3482733 20685964.3263212 -5039.76712837037 -1481.14626596864 100 0.516307225927535 -0
155750 18296331.6163317 20611423.1966003 -5057.09260232839 -1500.56571969142 100 0.524721372987163 -0
155800 18043040.0228175 20535900.9719085 -5074.60198946442 -1520.39213687859 100 0.533366611960738 -0
155850 17788868.3124257 20459376.9890706 -5092.2976737894 -1540.63820226651 100 0.542251759949435 -0
155900 17533807.1109732 20381829.9377655 -5110.1820254554 -1561.31712121505 100 0.551386061328258 -0
155950 17277846.9262407 20303237.833845 -5128.25739468625 -1582.44264593821 100 0.560779212674066 -0
156000 17020978.1491355 20223577.9913035 -5146.52610500946 -1604.0291032811 100 0.570441389380737 -0
156050 16763191.0552111 20142826.992818 -5164.99044571577 -1626.09142414586 100 0.580383274090129 -0
156100 16504475.8065858 20060960.6587731 -5183.65266346464 -1648.64517467664 100 0.590616087078246 -0
156150 16244822.4543026 19977954.0146803 -5202.51495294518 -1671.70658932127 100 0.601151618747744 -0
156200 15984220.9411839 19893781.256895 -5221.57944649209 -1695.29260589612 100 0.612002264390686 -0
156250 15722661.1052317 19808415.7165273 -5240.84820254491 -1719.4209027895 100 0.623181061399358 -0
156300 15460132.6836377 19721829.8214356 -5260.32319282687 -1744.10993844876 100 0.634701729118136 -0
156350 15196625.317469 19633995.0561867 -5280.0062881054 -1769.37899330672 100 0.646578711545878 -0
156400 14932128.5571041 19544881.9198536 -5299.89924238126 -1795.24821431411 100 0.658827223116353 -0
156450 14666631.8685023 19454459.8815193 -5320.00367533563 -1821.73866225686 100 0.671463297803776 -0
156500 14400124.6403986 19362697.3333404 -5340.32105284549 -1848.8723620494 100 0.684503841821886 -0
156550 14132596.192525 19269561.5410171 -5360.85266535542 -1876.67235620918 100 0.697966690208259 -0
156600 13864035.7849721 19175018.5915066 -5381.59960387026 -1905.16276173164 100 0.711870667610811 -0
156650 13594432.6288153 19079033.3378013 -5402.56273330505 -1934.36883060035 50 0.726235653620974 -0
156700 13323775.8981466 18981569.3405867 -5423.74266289855 -1964.31701418323 50 0.741082653027934 -0
156750 13052054.7436649 18882588.8065761 -5445.13971336194 -1995.03503178277 50 0.756433871400762 -0
156800 12779258.3079989 18782052.5233085 -5466.75388039552 -2026.55194362618 50 0.772312796440526 -0
156850 12505375.7429527 18679919.7901791 -5488.58479416277 -2058.89822860014 50 0.788744285582596 -0
156900 12230396.2288887 18576148.3454584 -5510.63167426191 -2092.1058670544 50 0.805754660370637 -0
156950 11954308.9964851 18470694.2890365 -5532.89327967997 -2126.20842901867 50 0.823371808168313 -0
157000 11677103.3511325 18363512.0006144 -5555.36785315187 -2161.2411681979 50 0.841625291822726 -0
157050 11398768.7002665 18254554.0530429 -5578.05305927681 -2197.24112213202 50 0.860546467945084 -0
157100 11119294.5839651 18143771.1204902 -5600.94591566496 -2234.24721892727 50 0.880168614529279 -0
157150 10838670.7091796 18031111.8811013 -5624.04271629778 -2272.30039098678 50 0.900527068687737 -0
157200 10556886.9880115 17916522.9137848 -5647.33894618417 -2311.44369618774 50 0.921659375346283 -0
157250 10273933.5804955 17799948.5887465 -5670.82918628018 -2351.72244697081 50 0.943605447805308 -0
157300 9989800.94240301 17681330.9513602 -5694.50700751089 -2393.18434782313 50 0.96640774114322 -0
157350 9704479.87864495 17560609.5989435 -5718.36485258664 -2435.87964164888 50 0.990111439509078 -0
157400 9417961.6029186 17437721.5499841 -5742.39390414045 -2479.86126552883 50 1.01476465842392 -0
157450 9130237.80432388 17312601.1053312 -5766.58393752631 -2525.18501637197 50 1.0404186632831 -0
157500 8841300.7217617 17185179.7008476 -5790.9231564063 -2571.90972695471 50 1.06712810532337 -0
157550 8551143.22702669 17055385.7509902 -5815.39800901472 -2620.09745282509 50 1.09495127638618 -0
157600 8259758.91761885 16923144.4827636 -5839.99298271672 -2669.81367051656 50 1.1239503838697 -0
157650 7967142.22042518 16788377.7594729 -5864.69037417221 -2721.12748746442 50 1.15419184731171 -0
157700 7673288.50756554 16651003.8936806 -5889.47003206974 -2774.11186394342 50 1.1857466180795 -0
157750 7378194.22585795 16510937.4487613 -5914.30906900411 -2828.84384723984 50 1.21869052365294 -0
157800 7081857.04154108 16368089.0284408 -5939.18153863031 -2885.40481812902 50 1.25310463796473 -0
157850 6784276.00209694 16222365.0537051 -5964.05807373 -2943.88074953958 50 1.28907567919532 -0
157900 6485451.71724864 16073667.5264787 -5988.90548026831 -3004.36247703605 50 1.32669643629434 -0
157950 6185386.56146983 15921893.779497 -6013.68628189243 -3066.94598042938 50 1.36606622529605 -0
158000 5884084.90063676 15766936.2118419 -6038.35820862325 -3131.73267540953 50 1.40729137618893 -0
158050 5581553.34578564 15608682.0096784 -6062.87362271085 -3198.82971356628 50 1.4504857506581 -0
158100 5277801.03731066 15447012.8518259 -6087.17887375895 -3268.3502884948 50 1.49577129040447 -0
158150 4972839.96335634 15281804.5999367 -6111.21357426879 -3340.4139448398 50 1.54327859490611 -0
158200 4666685.3166261 15112926.9732332 -6134.90978570741 -3415.14688607481 50 1.59314752636415 -0
158250 4359355.89435145 14940243.2079997 -6158.19110407179 -3492.68227549396 50 1.64552783808788 -0
158275 4205257.61142142 14852429.4249323 -6169.64973707509 -3532.54447592256 50 1.67270942283176 -0
158300 4050874.54677827 14763609.7022829 -6180.97163272406 -3573.16052320868 50 1.70057982063634 -0
158325 3896210.27246664 14673764.9607955 -6192.14438151516 -3614.54914427566 50 1.72916082186928 -0
158350 3741268.67999299 14582875.6470026 -6203.15482887895 -3656.7295501669 50 1.75847495744064 -0
158375 3586053.99949711 14490921.7210448 -6213.9890311713 -3699.72144217391 50 1.78854551896589 -0
158400 3430570.82005593 14397882.6443465 -6224.6322090767 -3743.54501706367 50 1.81939657851838 -0
158425 3274824.11118603 14303737.367175 -6235.06869828495 -3788.22097125315 50 1.85105300779794 -0
158450 3118819.24561474 14208464.3161093 -6245.28189729796 -3833.77050376116 50 1.88354049651591 -0
158475 2962562.02339357 14112041.3814529 -6255.25421221956 -3880.21531774749 50 1.91688556976818 -0
158500 2806058.69743112 14014445.9046274 -6264.96699837765 -3927.57762042815 50 1.95111560413449 -0
158525 2649316.00052661 13915654.6655916 -6274.40049862557 -3975.88012113092 50 1.98625884220619 -0
158550 2492341.17398904 13815643.8703345 -6283.53377816779 -4025.14602722952 50 2.0223444052031 -0
158575 2335141.99793076 13714389.1385002 -6292.34465575459 -4075.39903766542 50 2.05940230329471 -0
158600 2177726.82332811 13611865.4912072 -6300.80963109148 -4126.66333373499 50 2.09746344318972 -0
158625 2020104.60594586 13508047.3391373 -6308.90380831199 -4178.96356678437 50 2.13655963250144 -0
158650 1862284.94222541 13402908.4709732 -6316.60081536717 -4232.32484241721 50 2.17672358033308 -0
158675 1704278.10724084 13296422.0422806 -6323.87271919305 -4286.77270077848 50 2.21798889345747 -0
158700 1546095.09482992 13188560.5649358 -6330.68993652798 -4342.3330924329 50 2.2603900673885 -0
158725 1387747.6600102 13079295.8972182 -6337.02114026563 -4399.03234930765 50 2.30396247155578 -0
158750 1229248.36379311 12968599.2346959 -6342.83316124877 -4456.89715011612 50 2.34874232770086 -0
158775 1070610.62051102 12856441.1020518 -6348.090885432 -4515.95447962252 50 2.39476668050977 -0
158800 911848.747773553 12742791.3460122 -6352.75714637142 -4576.23158104598 50 2.44207335938409 -0
158825 752978.019170202 12627619.1295589 -6356.79261303561 -4637.75590083691 50 2.49070093012981 -0
158850 594014.719835764 12510892.9276262 -6360.1556729763 -4700.55502498866 50 2.54068863520951 -0
158875 434976.204993659 12392580.524505 -6362.80231095076 -4764.65660597318 50 2.5920763210589 -0
158900 275880.961588976 12272649.0132008 -6364.68598315134 -4830.08827931107 50 2.64490435081318 -0
158925 116748.673118375 12151064.7970187 -6365.75748727361 -4896.87756870444 50 2.69921350062183 -0
158950 -42399.7122429421 12027793.5936744 -6365.96482874341 -4965.05177857601 50 2.75504483755354 -0
158975 -201541.910126215 11902800.442262 -6365.25308352801 -5034.63787277 50 2.81243957690547 -0
159000 -360654.224987259 11776049.7134421 -6363.56425807811 -5105.66233808164 50 2.87143891653567 -0
159025 -519711.471594288 11647505.1232443 -6360.83714708884 -5178.15103119288 25 2.93208384563434 -2.70444492606524e-305
159050 -678686.892941174 11517129.7509206 -6357.00718993084 -5252.12900750447 25 2.99441492514305 -5.73013653235429e-298
159075 -837552.074565466 11384886.0613209 -6352.00632678898 -5327.62033027091 25 3.05847203682262 -1.12881016229527e-290
159100 -996276.855279011 11250735.9323028 -6345.76285576012 -5404.64785836756 25 3.12429409776631 -2.05684771026712e-283
159125 -1154829.23435328 11114640.6877327 -6338.20129240268 -5483.23301095195 25 3.19191873695927 -3.44787899197768e-276
159150 -1313175.2752422 10976561.1366785 -6329.24223350466 -5563.39550722762 25 3.2613819303066 -5.28683833648142e-269
159175 -1471279.00597313 10836457.6194376 -6318.80222714335 -5645.15307948409 25 3.3327175903991 -7.37117475650663e-262
159200 -1629102.31639278 10694290.0610919 -6306.79365145222 -5728.5211575763 25 3.40595710716849 -9.28642262018383e-255
159225 -1786604.85251986 10550018.033328 -6293.12460488992 -5813.51252302753 25 3.48112883551698 -1.05020067774226e-247
159250 -1943743.90833119 10403600.8253018 -6277.69881122375 -5900.13693099998 25 3.55825752600444 -1.05879217869868e-240
159275 -2100474.31539406 10254997.5243727 -6260.41554289544 -5988.40069848536 25 3.63736369475915 -9.44761927316482e-234
159300 -2256748.33085527 10104167.1075724 -6241.1695669295 -6078.30625723488 25 3.71846292896762 -7.404861150648e-227
159325 -2412515.52440802 9951068.54470243 -6219.85111807172 -6169.85167018513 25 3.80156512461948 -5.0576631208926e-220
159350 -2567722.66498155 9795660.91398893 -6196.34590440233 -6263.03011045684 25 3.88667365366443 -2.98550550937507e-213
159375 -2722313.60803718 9637903.53123531 -6170.53515124869 -6357.8293024212 25 3.97378445841077 -1.50991913692681e-206
159400 -2876229.18450715 9477756.09342301 -6142.29568981624 -6454.23092485875 25 4.06288507189504 -6.48368682972125e-200
159425 -3029407.09258059 9315178.8377007 -6111.5000975504 -6552.20997689418 25 4.15395356411578 -2.34161451102328e-193
159450 -3181781.79372374 9150132.71667596 -6078.01689781941 -6651.73410819302 25 4.24695741549198 -7.04288390941901e-187
159475 -3333284.41451781 8982579.59087429 -6041.71082704585 -6752.76291586863 25 4.34185232071653 -1.74608486904445e-180
159500 -3483842.65610747 8812482.43915563 -6002.4431778866 -6855.24721168449 25 4.43858092836528 -3.53034099214883e-174
159525 -3633380.71327251 8639805.58777242 -5960.07222743338 -6959.12826445916 25 4.53707152422693 -5.75676600580657e-168
159550 -3781819.20536312 8464514.95861234 -5914.45375963932 -7064.33702409804 25 4.63723666936343 -7.48414127153015e-162
159575 -3929075.12157008 8286578.33698709 -5865.44169122645 -7170.79333538953 25 4.73897180741106 -7.66504915673235e-156
159600 -4075061.78323105 8105965.65910166 -5812.88881014166 -7278.40515160823 25 4.84215385958628 -6.10835871669822e-150
159625 -4219688.8260952 7922649.3190619 -5756.64763514703 -7387.06776005112 25 4.94663983024586 -3.7395548253256e-144
159650 -4362862.20567373 7736604.49494743 -5696.57140429363 -7496.66303386543 25 5.05226545061474 -1.73570956012372e-138
159675 -4504484.22898241 7547809.49308863 -5632.51519876964 -7607.05872686966 25 5.15884389335269 -6.02566947635964e-133
159700 -4644453.61612421 7356246.10923932 -5564.33720687098 -7718.10783046147 25 5.26616459585202 -1.54296376624957e-127
159725 -4782665.59525108 7161900.00482958 -5491.90013055487 -7829.64801406937 25 5.37399223536732 -2.87297397275518e-122
159750 -4919012.03447087 6964761.09591832 -5415.07273415222 -7941.50117284003 25 5.48206590404464 -3.83355506668257e-117
159775 -5053381.61421206 6764823.95184769 -5333.73153129689 -8053.47310823567 25 5.59009853635383 -3.61172525992848e-112
159800 -5185660.0434098 6562088.19993838 -5247.76260196393 -8165.35336880269 25 5.69777664499384 -2.36656230378793e-107
159825 -5315730.32261512 6356558.93186973 -5157.06352670875 -8276.91527939981 25 5.80476042364252 -1.06212975717141e-102
159850 -5443473.05674065 6148247.10667523 -5061.54541981687 -8387.91618746096 25 5.91068427553021 -3.2151562653855e-98
159875 -5568766.81962607 5937169.94457627 -4961.13503720577 -8498.09795423006 25 6.01515782527689 -6.46351128446086e-94
159900 -5691488.57192599 5723351.30519745 -4855.77692871599 -8607.18771715517 25 6.11776746730158 -8.49672484158661e-90
159925 -5811514.13298406 5506822.04308713 -4745.43559809185 -8714.89894660028 25 6.21807849698456 -7.19209572623475e-86
159950 -5928718.70636222 5287620.33294082 -4630.09762774811 -8820.93281558597 25 6.31563786031576 -3.86054452700039e-82
159975 -6042977.45754745 5065791.956528 -4509.77371966402 -8924.9798953175 25 6.40997754380617 -1.29449486807921e-78
160000 -6154166.14107873 4841390.54309461 -4384.50059880752 -9026.72218178016 25 6.50061860896288 -2.67190224580161e-75
160012.5 -6208570.70649633 4728243.89934994 -4320.02710125343 -9076.62787923189 25 6.54440063917354 -1.00741374572078e-73
160025 -6262161.77300577 4614477.75495985 -4254.34272180108 -9125.83544965468 25 6.58707585480145 -3.34657444299534e-72
160037.5 -6314924.28155289 4500101.09306169 -4187.4600893762 -9174.30383055899 25 6.6285834888683 -9.77817137340113e-71
160050 -6366843.34277802 4385123.41042054 -4119.39373122594 -9221.99192011801 25 6.66886306856948 -2.50873776620263e-69
160062.5 -6417904.26092232 4269554.71730844 -4050.16010029438 -9268.85867578823 25 6.7078546066211 -5.64270527818964e-68
160075 -6468092.55803785 4153405.53612807 -3979.77759636064 -9314.86321653516 25 6.74549879852629 -1.11088063595556e-66
160087.5 -6517393.9984207 4036686.898738 -3908.26658053816 -9359.9649282585 25 6.78173722478188 -1.91130333601762e-65
160100 -6565794.61318202 3919410.3424426 -3835.64938276317 -9404.12357196539 25 6.81651255695009 -2.86966009466284e-64
160112.5 -6613280.72486695 3801587.90461511 -3761.95030193543 -9447.2993941974 25 6.8497687664296 -3.75448046443847e-63
160125 -6659838.9720279 3683232.11592899 -3687.19559841478 -9489.45323917594 25 6.88145133467786 -4.27457104712531e-62
160137.5 -6705456.33365486 3564355.9921798 -3611.41347862254 -9530.54666209325 25 6.91150746356368 -4.22950353317162e-61
160150 -6750120.1533629 3444973.02468683 -3534.6340715469 -9570.54204294282 25 6.93988628446752 -3.63244153732113e-60
160162.5 -6793818.1632345 3325097.16927181 -3456.88939700664 -9609.40270025405 25 6.9665390646976 -2.70462510462859e-59
160175 -6836538.50721327 3204742.83381996 -3378.21332558584 -9647.0930040721 25 6.99141940975516 -1.74393898051254e-58
160187.5 -6878269.76394454 3083924.86443698 -3298.64153021467 -9683.57848750643 25 7.01448345996248 -9.7278913206482e-58
160200 -6919000.96895876 2962658.5302243 -3218.21142943616 -9718.82595615936 25 7.03569007996382 -4.68973970543696e-57
160212.5 -6958721.63609423 2840959.50670326 -3136.96212246589 -9752.80359474144 25 7.05500103962344 -1.95224224522783e-56
160225 -6997421.77805771 2718843.85792779 -3054.93431621939 -9785.48107018248 25 7.07238118487587 -7.01164355125434e-56
160237.5 -7035091.92602383 2596328.01733369 -2972.17024455109 -9816.82963055636 25 7.08779859713338 -2.17114121318031e-55
160250 -7071723.14817799 2473428.76738099 -2888.71358001599 -9846.82219915483 25 7.10122473992243 -5.79235170942462e-55
160262.5 -7107307.06711142 2350163.21805402 -2804.6093385325 -9875.4334630694 25 7.11263459150522 -1.33067843398997e-54
160275 -7141835.87598242 2226548.78429176 -2719.90377738841 -9902.6399556722 25 7.12200676234419 -2.63106901388421e-54
160287.5 -7175302.35336372 2102603.16242831 -2634.64428709359 -9928.42013242525 25 7.12932359638354 -4.4756824051142e-54
160300 -7207699.87670237 1978344.30573014 -2548.87927763905 -9952.75443949268 25 7.13457125525334 -6.54815545207644e-54
160312.5 -7239022.43432609 1853790.39912326 -2462.65805977457 -9975.62537468223 25 7.13773978464538 -8.23785923904829e-54
160325 -7269264.63593789 1728959.83320867 -2376.03072196254 -9997.01754029919 25 7.13882316226461 -8.91018672492431e-54
160337.5 -7298421.72154915 1603871.17766966 -2289.04800370564 -10016.9176875582 25 7.13781932692263 -8.28545286118886e-54
160350 -7326489.56881047 1478543.15417818 -2201.76116597839 -10035.3147522648 25 7.13473018850973 -6.62401454108596e-54
160362.5 -7353464.6987087 1352994.60891095 -2114.22185951791 -10052.1998815471 25 7.12956161875458 -4.55364353242359e-54
160375 -7379344.27960827 1227244.48478822 -2026.48199174624 -10067.5664514924 25 7.1223234228558 -2.6923101065945e-54
160387.5 -7404126.12962452 1101311.79354928 -1938.59359310588 -10081.4100756126 25 7.11302929224243 -1.36947208310901e-54
160400 -7427808.71732671 975215.587779517 -1850.60868359115 -10093.7286041414 25 7.10169673889043 -5.99535535273754e-55
160412.5 -7450391.16077788 848974.933003216 -1762.57914025082 -10104.5221142351 25 7.08834701178526 -2.26005660938392e-55
160425 -7471873.22492855 722608.879955006 -1674.55656642219 -10113.7928912235 25 7.07300499627571 -7.34027318652462e-56
160437.5 -7492255.3173905 596136.4371405 -1586.59216343426 -10121.5454011245 25 7.05569909720833 -2.05530266630548e-56
160450 -7511538.48262605 469576.543793672 -1498.73660548713 -10127.7862547049 25 7.03646110686321 -4.9650965852842e-57
160462.5 -7529724.3945966 342948.043334566 -1411.03991837828 -10132.5241634294 25 7.01532605882957 -1.03566772965602e-57
160475 -7546815.34792265 216269.65742628 -1323.55136270325 -10135.7698876979 25 6.99233206906123 -1.86698317900382e-58
160487.5 -7562814.24761481 89559.9607248545 -1236.31932210992 -10137.5361778238 25 6.96752016543719 -2.91143404885231e-59
160500 -7577724.59744236 -37162.6435902758 -1149.39119713254 -10137.8377082511 25 6.94093410722047 -3.93161926725545e-60
160512.5 -7591550.48701205 -163879.947424054 -1062.81330507484 -10136.6910055462 25 6.91262019585804 -4.60273715055561e-61
160525 -7604296.57763545 -290573.960437539 -976.630786351817 -10134.1143707372 25 6.8826270785973 -4.67684730471145e-62
160537.5 -7615968.08706777 -417226.931716618 -890.887517637573 -10130.1277965938 25 6.85100554640826 -4.12974474542381e-63
160550 -7626570.77320507 -543821.370378328 -805.626032103872 -10124.7528804651 25 6.81780832769863 -3.17317737139898e-64
160562.5 -7636110.91682994 -670340.065063127 -720.887446970057 -10118.0127333021 25 6.78308987928932 -2.12452030528197e-65
160575 -7644595.30349817 -796766.102269398 -636.711398522092 -10109.9318854972 25 6.74690617608389 -1.24120057998715e-66
160587.5 -7652031.20466027 -923082.883494358 -553.135984696373 -10100.5361901731 25 6.7093145008166 -6.33695029605165e-68
160600 -7658426.35811285 -1049274.14115339 -470.197715263891 -10089.8527245464 25 6.67037323520269 -2.83165797944193e-69
160612.5 -7663788.94787473 -1175323.95325757 -387.931469592707 -10077.9096899765 25 6.63014165374188 -1.10919840120305e-70
160625 -7668127.583582 -1301216.75683674 -306.37046191221 -10064.7363112958 25 6.58867972134402 -3.81496794640803e-72
160637.5 -7671451.27949524 -1426937.36010262 -225.546213951656 -10050.3627359903 25 6.54604789585598 -1.15400894537549e-73
160650 -7673769.43320981 -1552470.95335369 -145.488534778526 -10034.8199337762 25 6.50230693647223 -3.07541864510191e-75
160662.5 -7675091.80415807 -1677803.11862989 -66.2255076194934 -10018.1395970856 25 6.45751771891114 -7.233219637678e-77
160687.5 -7674789.91494746 -1927807.50137745 89.8129192855979 -9981.49611659868 25 6.36503753924379 -2.76996690086933e-80
160712.5 -7670630.10207631 -2176843.2892854 242.37900447455 -9940.69660864973 25 6.26909016633581 -6.57565790772065e-84
160737.5 -7662701.2640658 -2424809.94594023 391.310071414414 -9896.01089549929 25 6.17014982830808 -9.821736178694e-88
160762.5 -7651096.03024492 -2671613.7201963 536.47020098976 -9847.71153099805 25 6.06867780799335 -9.37142599806865e-92
160787.5 -7635910.1028202 -2917167.68202121 677.749305651802 -9796.07124403734 25 5.9651187177556 -5.80040634608651e-96
160812.5 -7617241.62528974 -3161391.69744167 815.061956112652 -9741.36062638915 25 5.85989741920288 -2.36516039071774e-100
160837.5 -7595190.58276159 -3404212.34890557 948.346010525601 -9683.84607992686 25 5.75341657465637 -6.45268104475474e-105
160862.5 -7569858.23850694 -3645562.8076431 1077.56109432147 -9623.78802977191 25 5.64605480144329 -1.1962130048015e-109
160887.5 -7541346.60991026 -3885382.664679 1202.68697584707 -9561.43940254418 25 5.53816538782556 -1.53014448107512e-114
160912.5 -7509757.98589705 -4123617.72704742 1323.72187900726 -9497.04436270884 25 5.43007552055879 -1.37122760100044e-119
160937.5 -7475194.48694636 -4360219.78552134 1440.68076955906 -9430.83729503995 25 5.32208596843533 -8.73868501031894e-125
160962.5 -7437757.66793911 -4595146.35981894 1553.59364682564 -9363.0420174292 25 5.21447116333469 -4.01918209579778e-130
160987.5 -7397548.16336157 -4828360.42681924 1662.50386762787 -9293.87120557593 25 5.10747961985449 -1.35348274763259e-135
161012.5 -7354665.37377446 -5059830.13683469 1767.46652436608 -9223.52600939133 25 5.00133463607303 -3.38468502473431e-141
161037.5 -7309207.19196811 -5289528.52247172 1868.54689457347 -9152.19584010382 25 4.89623522095651 -6.37247721552515e-147
161062.5 -7261269.76684503 -5517433.20408226 1965.8189750124 -9080.05830692423 25 4.79235719795416 -9.15449232373614e-153
161087.5 -7210947.30279329 -5743526.09528499 2059.36410956418 -9007.27928258051 25 4.68985443905549 -1.01657072455333e-158
161112.5 -7158331.89212569 -5967793.11152858 2149.26971680894 -8934.01307792989 50 4.58886018869894 -8.836576959352e-165
161137.5 -7103513.37804904 -6190223.88418877 2235.62812031543 -8860.40270708222 50 4.48948844216127 -6.0863909009256e-171
161162.5 -7046579.24558387 -6410811.48224504 2318.53548225013 -8786.58022591604 50 4.39183534821852 -3.36100434620911e-177
161187.5 -6987614.53786476 -6629552.14317408 2398.09083894749 -8712.66712844909 50 4.29598061079903 -1.50498700385589e-183
161212.5 -6926701.79530592 -6846445.0143291 2474.39523552122 -8638.77478716255 25 4.2019888689395 -5.52444623959959e-190
161237.5 -6863921.01520535 -7061491.90574728 2547.55095540082 -8565.00492501581 25 4.10991103853726 -1.67993672052042e-196
161262.5 -6799349.62947529 -7274697.05504098 2617.66083980193 -8491.45010847842 25 4.01978560312943 -4.27485122821098e-203
161287.5 -6733062.49831947 -7486066.90478046 2684.82769153978 -8418.19425241718 25 3.93163984420973 -9.1911809919348e-210
161312.5 -6665131.91782266 -7695609.89256479 2749.15375722864 -8345.31312908387 25 3.84549100442377 -1.68526447993861e-216
161337.5 -6595627.63956904 -7903336.25380018 2810.74028173516 -8272.87487474082 25 3.76134737938569 -2.65867445043122e-223
161362.5 -6524616.90056035 -8109257.83705807 2869.68712873479 -8200.94048862814 25 3.67920933586111 -3.63957317715326e-230
161387.5 -6452164.46185693 -8313387.93176641 2926.09246132244 -8129.56432001775 25 3.59907025570217 -4.35863312040148e-237
161412.5 -6378332.65451409 -8515741.10789265 2980.05247682551 -8058.79454001669 25 3.52091740623666 -4.6018710180341e-244
161437.5 -6303181.43152909 -8716333.06720406 3031.66119023134 -7988.6735955814 25 3.44473273884507 -4.31539831299661e-251
161462.5 -6226768.42465008 -8915180.50563604 3081.01026095458 -7919.23864389283 25 3.3704936182457 -3.61977172392411e-258
161487.5 -6149149.00502585 -9112300.98626073 3128.18885801269 -7850.52196582852 25 3.29817348558407 -2.73429617804311e-265
161512.5 -6070376.34679405 -9307712.82232253 3173.2835590382 -7782.55135776084 25 3.22774245882281 -1.87201000729038e-272
161537.5 -5990501.49281541 -9501434.96979353 3216.37827892162 -7715.35050132071 25 3.1591678741827 -1.1687788586005e-279
161562.5 -5909573.42186182 -9693486.92889715 3257.5542242417 -7648.93931110245 25 3.09241477252019 -6.69353897859109e-287
161587.5 -5827639.11665812 -9883888.65405086 3296.88986999228 -7583.33426055663 25 3.02744633456704 -3.53586525313687e-294
161612.5 -5744743.63226012 -10072660.4716883 3334.46095545353 -7518.54868653338 25 2.96422426892187 -1.73202358760929e-301
161637.5 -5660930.16432642 -10259823.0054344 3370.34049637589 -7454.59307310526 25 2.90270915659094 -7.90492224223202e-309
161662.5 -5576240.11690829 -10445397.1081249 3404.5988109456 -7391.47531542456 50 2.8428607557391 -0
161687.5 -5490713.16944198 -10629403.8001818 3437.30355728017 -7329.20096446085 50 2.78463827014533 -0
161712.5 -5404387.34268048 -10811864.2138767 3468.51978045993 -7267.77345352615 50 2.72800058466922 -0
161737.5 -5317299.06334885 -10992799.5430405 3498.30996733785 -7207.19430753295 50 2.67290647083452 -0
161762.5 -5229483.22734832 -11172230.9977984 3526.73410758511 -7147.46333594825 50 2.61931476542889 -0
161787.5 -5140973.26137062 -11350179.7639344 3553.84975962459 -7088.57881040863 50 2.56718452481099 -0
161812.5 -5051801.18281515 -11526666.9665155 3579.71212028051 -7030.53762795128 50 2.51647515741097 -0
161837.5 -4961997.65792925 -11701713.6374256 3604.37409712964 -6973.33546079461 50 2.46714653671032 -0
161862.5 -4871592.0581151 -11875340.6864858 3627.88638268094 -6916.96689357484 50 2.41915909679584 -0
161887.5 -4780612.51436725 -12047568.875858 3650.29752963581 -6861.42554891057 50 2.3724739123994 -0
161912.5 -4689085.96982181 -12218418.7974503 3671.65402659216 -6806.70420213005 50 2.32705276516346 -0
161937.5 -4597038.2304132 -12387910.8530629 3692.00037365447 -6752.79488595544 50 2.28285819771056 -0
161962.5 -4504494.01364668 -12556065.2370349 3711.3791574981 -6699.68898589638 50 2.23985355694491 -0
161987.5 -4411476.99550495 -12722901.9211652 3729.83112551238 -6647.37732706287 50 2.19800302787494 -0
162012.5 -4318009.85551612 -12888440.6417057 3747.39525871372 -6595.85025306457 50 2.15727165911702 -0
162037.5 -4224114.32001677 -13052700.8882324 3764.1088431776 -6545.09769762218 50 2.11762538112282 -0
162062.5 -4129811.20364991 -13215701.8942239 3780.00753978897 -6495.10924947515 50 2.07903101806452 -0
162087.5 -4035120.44914191 -13377462.6291828 3795.12545215412 -6445.87421113071 50 2.04145629421369 -0
162112.5 -3940061.16540585 -13538001.7921552 3809.49519255457 -6397.38165196109 50 2.00486983555994 -0
162137.5 -3844651.66402142 -13697337.8065115 3823.14794585586 -6349.62045611933 50 1.96924116733398 -0
162162.5 -3748909.49414337 -13855488.8158653 3836.11353131181 -6302.57936570982 50 1.93454070802632 -0
162187.5 -3652851.47589151 -14012472.6810156 3848.42046222809 -6256.24701961689 50 1.90073976042606 -0
162212.5 -3556493.73227609 -14168306.9778105 3860.09600346885 -6210.61198836418 50 1.86781050014448 -0
162237.5 -3459851.71971245 -14323008.9958354 3871.1662268069 -6165.66280534863 50 1.83572596203407 -0
162262.5 -3362940.2571788 -14476595.7378409 3881.65606413168 -6121.38799476581 50 1.80446002486522 -0
162287.5 -3265773.55407028 -14629083.9198297 3891.5893585409 -6077.77609651846 50 1.77398739457949 -0
162312.5 -3168365.2368018 -14780489.9717322 3900.98891335112 -6034.81568837612 50 1.74428358639934 -0
162337.5 -3070728.37421124 -14930830.0386033 3909.87653906992 -5992.4954056325 50 1.71532490603955 -0
162362.5 -2972875.50181329 -15080119.9822827 3918.27309837884 -5950.80395848649 50 1.68708843023464 -0
162387.5 -2874818.64495305 -15228375.383463 3926.19854918036 -5909.73014735435 50 1.65955198676871 -0
162412.5 -2776569.34090704 -15375611.5441165 3933.67198576622 -5869.26287630306 50 1.63269413417001 -0
162462.5 -2579537.22557956 -15667085.9748165 3947.3351097745 -5790.10415776249 50 1.58093196633767 -0
162512.5 -2381862.4706226 -15954660.2265136 3959.39940432492 -5713.24151665126 50 1.53164422976099 -0
162562.5 -2183621.83546254 -16238446.9925752 3969.9903266867 -5638.59092736701 50 1.48468360810857 -0
162612.5 -1984886.07206557 -16518554.8256785 3979.22288057002 -5566.07081402407 50 1.43991252317588 -0
162662.5 -1785720.42398179 -16795088.2637455 3987.20254670111 -5495.60217943736 50 1.39720251169888 -0
162712.5 -1586185.08101452 -17068147.9610678 3994.02612848459 -5427.10868540256 50 1.35643362666624 -0
162762.5 -1386335.59357691 -17337830.8224266 3999.782520025 -5360.51669373089 50 1.31749386647959 -0
162812.5 -1186223.25044508 -17604230.1384513 4004.55340334818 -5295.75527587877 50 1.28027863391954 -0
162862.5 -985895.423286316 -17867435.7208111 4008.41388119901 -5232.75619765751 50 1.24469022582667 -0
162912.5 -785395.881034033 -18127534.0361331 4011.43305131747 -5171.45388437663 50 1.21063735362768 -0
162962.5 -584765.076897893 -18384608.3377819 4013.67452762487 -5111.78537082887 50 1.17803469426759 -0
163012.5 -384040.410537205 -18638738.7948362 4015.19691329704 -5053.69023973764 50 1.14680247070288 -0
163062.5 -183256.467687988 -18890002.6177629 4016.05423026766 -4997.11055163205 50 1.11686606083065 -0
163112.5 17554.76068285 -19138474.1804215 4016.29630929745 -4941.99076856927 50 1.08815563354537 -0
163162.5 218363.67781995 -19384225.1381424 4015.96914436477 -4888.2776736714 50 1.06060581050498 -0
163212.5 419142.897521112 -19627324.5417124 4015.11521478201 -4835.92028806822 50 1.03415535213328 -0
163262.5 619867.075842697 -19867838.9471682 4013.77377811893 -4784.86978652642 50 1.00874686637255 -0
163312.5 820512.756779997 -20105832.5213617 4011.9811367188 -4735.07941278801 50 0.984326538716378 -0
163362.5 1021058.23066617 -20341367.1433011 4009.77088032344 -4686.50439542864 50 0.960843882091303 -0
163412.5 1221483.40415297 -20574502.5013125 4007.17410707872 -4639.1018648708 50 0.938251505208626 -0
163462.5 1421769.68074434 -20805296.1860906 4004.2196249697 -4592.83077204302 50 0.916504898070706 -0
163512.5 1621899.85095149 -21033803.779732 4000.93413553432 -4547.6518090576 50 0.895562233384934 -0
163562.5 1821857.99122564 -21260078.9408588 3997.34240152254 -4503.52733218297 50 0.875384182710523 -0
163612.5 2021629.37090403 -21484173.4859522 3993.46740000474 -4460.42128730713 50 0.855933746236152 -0
163662.5 2221200.36647614 -21706137.4670243 3989.33046228534 -4418.29913802517 50 0.837176095158793 -0
163712.5 2420558.38254138 -21926019.2457624 3984.95140184483 -4377.12779643146 50 0.819078425704502 -0
163762.5 2619691.77888795 -22143865.5642805 3980.34863141408 -4336.87555665557 50 0.801609823899932 -0
163812.5 2818589.80317458 -22359721.6126167 3975.53927017702 -4297.51203114772 50 0.784741140268159 -0
163862.5 3017242.52874456 -22573631.0931137 3970.5392420009 -4259.00808969315 50 0.768444873683872 -0
163912.5 3215640.79714409 -22785636.2818166 3965.3633655068 -4221.33580111425 50 0.752695063680875 -0
163962.5 3413776.16495562 -22995778.0870226 3960.02543671414 -4184.46837760338 50 0.737467190559087 -0
164012.5 3611640.85459166 -23204096.105111 3954.53830492313 -4148.38012161724 50 0.722738082688902 -0
164062.5 3809227.70872639 -23410628.6737808 3948.91394243527 -4113.046375255 50 0.708485830457889 -0
164112.5 4006530.14807056 -23615412.9228178 3943.16350865536 -4078.4434720359 100 0.694689706348555 -0
164162.5 4203542.13222148 -23818484.8225078 3937.29740906691 -4044.54869098807 100 0.681330090676411 -0
164212.5 4400258.12334295 -24019879.2298112 3931.32534952685 -4011.34021295786 100 0.668388402554996 -0
164262.5 4596673.0524514 -24219629.9324057 3925.25638628359 -3978.79707904767 100 0.655847035689058 -0
164312.5 4792782.28810376 -24417769.6907034 3919.09897208521 -3946.89915109061 100 0.643689298628944 -0
164362.5 4988581.60729995 -24614330.277939 3912.86099871048 -3915.62707407093 100 0.631899359148527 -0
164412.5 5184067.16842888 -24809342.5184275 3906.54983622517 -3884.96224040066 100 0.620462192435995 -0
164462.5 5379235.48610118 -25002836.3240792 3900.17236923824 -3854.88675596531 100 0.609363532811589 -0
164512.5 5574083.40772497 -25194840.7292598 3893.7350304081 -3825.38340785334 100 0.598589828709152 -0
164562.5 5768608.09169299 -25385383.9240773 3887.24383142601 -3796.43563368738 100 0.588128200679268 -0
164612.5 5962806.98706019 -25574493.2861739 3880.70439168412 -3768.02749247772 100 0.577966402190984 -0
164662.5 6156677.81460077 -25762195.411097 3874.12196481655 -3740.14363692187 100 0.568092783026706 -0
164712.5 6350218.54914278 -25948516.1413199 3867.50146328593 -3712.76928707689 100 0.558496255081068 -0
164762.5 6543427.40308642 -26133480.5939786 3860.84748117214 -3685.89020533446 100 0.54916626038941 -0
164812.5 6736302.81101989 -26317113.187389 3854.16431530689 -3659.49267263193 100 0.540092741225122 -0
164862.5 6928843.41535335 -26499437.6664041 3847.45598488491 -3633.56346583527 100 0.531266112117643 -0
164912.5 7121048.05289787 -26680477.126668 3840.72624967175 -3608.08983623342 100 0.52267723365436 -0
164962.5 7312915.74232202 -26860254.0378216 3833.97862691752 -3583.059489086 100 0.514317387940233 -0
165012.5 7504445.67242382 -27038790.2657109 3827.21640707702 -3558.4605641696 100 0.506178255598607 -0
165062.5 7695637.19116091 -27216107.093646 3820.44266842804 -3534.28161727041 100 0.498251894205619 -0
165112.5 7886489.79538572 -27392225.242758 3813.66029067207 -3510.5116025738 100 0.490530718058752 -0
165162.5 8077003.12123701 -27567164.8914963 3806.8719675946 -3487.13985590386 100 0.483007479187588 -0
165212.5 8267176.93514225 -27740945.6943084 3800.08021885591 -3464.15607876848 100 0.475675249521759 -0
165312.5 8646505.69423915 -28085106.8665418 3786.49571758648 -3419.31297710799 100 0.461557605511042 -0
165412.5 9024476.5025579 -28424856.1770617 3772.9238609353 -3375.90666386976 100 0.448128147435731 -0
165512.5 9401091.38731555 -28760333.730991 3759.37956731109 -3333.86645602184 100 0.435341381735894 -0
165612.5 9776353.77068521 -29091672.7962139 3745.87585756209 -3293.12622961767 100 0.423155551561199 -0
165712.5 10150268.2915586 -29419000.2411994 3732.42408027673 -3253.62406373206 100 0.411532274332136 -0
165812.5 10522840.6483888 -29742436.938848 3719.03410878269 -3215.30191639902 100 0.400436219442467 -0
165912.5 10894077.4604805 -30062098.1393974 3705.71451368122 -3178.10532936851 100 0.389834821147948 -0
166012.5 11263986.1454488 -30378093.8151254 3692.47271419273 -3141.98315883669 100 0.379698022355395 -0
166112.5 11632574.8108718 -30690528.9793168 3679.31511111632 -3106.88732960553 100 0.369998045597914 -0
166212.5 11999852.1584213 -30999503.9817225 3666.24720380598 -3072.77261039574 100 0.360709187971634 -0
166312.5 12365827.3989793 -31305114.7825211 3653.27369322802 -3039.59640827618 100 0.351807637229028 -0
166412.5 12730510.1774398 -31607453.2066033 3640.39857287634 -3007.31858038596 100 0.343271306584666 -0
166512.5 13093910.5060589 -31906607.1798232 3627.62520907826 -2975.9012613143 100 0.335079686099699 -0
166612.5 13456038.7053621 -32202660.9487099 3614.9564120149 -2945.30870467254 100 0.327213708779116 -0
166712.5 13816905.3517367 -32495695.2849894 3602.39449860239 -2915.50713754255 100 0.319655629747175 -0
166812.5 14176521.2309484 -32785787.6761463 3589.94134822797 -2886.46462661956 100 0.31238891706649 -0
166912.5 14534897.2969094 -33073012.5031393 3577.59845220431 -2858.15095498691 100 0.305398152939894 -0
167012.5 14892044.6351114 -33357441.2062859 3565.36695769343 -2830.53750856629 100 0.29866894418484 -0
167112.5 15247974.4302002 -33639142.4402386 3553.24770675506 -2803.59717138224 100 0.292187841001246 -0
167212.5 15602697.9372367 -33918182.2188973 3541.24127109099 -2777.30422886413 100 0.285942263167925 -0
167312.5 15956226.456238 -34194624.0510226 3529.34798298529 -2751.6342784848 100 0.279920432902474 -0
167412.5 16308571.3096405 -34468529.0672541 3517.56796287786 -2726.56414710254 100 0.274111313706675 -0
167512.5 16659743.8223687 -34739956.1391739 3505.90114395517 -2702.07181443414 100 0.268504554595806 -0
167612.5 17009755.3042275 -35008961.9910017 3494.34729409506 -2678.13634214041 100 0.263090439177238 -0
167712.5 17358617.0343696 -35275601.3044598 3482.90603546202 -2654.73780805498 100 0.257859839102504 -0
167812.5 17706340.2476163 -35539926.8172999 3471.57686201377 -2631.8572451305 100 0.252804171468773 -0
167912.5 18052936.1224331 -35801989.4159444 3460.35915514927 -2609.47658471552 100 0.247915359791286 -0
168012.5 18398415.7703874 -36061838.2226572 3449.25219770118 -2587.57860381129 100 0.24318579820851 -0
168112.5 18742790.2269283 -36319520.6776251 3438.25518645233 -2566.14687598857 100 0.238608318617357 -0
168212.5 19086070.4433526 -36575082.6163026 3427.36724333507 -2545.16572567412 100 0.234176160467259 -0
168312.5 19428267.2798303 -36828568.3423418 3416.58742545416 -2524.62018554163 100 0.229882942969768 -0
168412.5 19769391.4993778 -37080020.6964072 3405.91473405815 -2504.49595676561 100 0.225722639505123 -0
168512.5 20109453.7626824 -37329481.1211496 3395.34812257006 -2484.77937191756 200 0.221689554029163 -0
168612.5 20448464.6236847 -37576989.7225923 3384.88650377578 -2465.45736030294 200 0.217778299303584 -0
168712.5 20786434.5258435 -37822585.3281672 3374.52875625815 -2446.5174155546 200 0.213983776789902 -0
168812.5 21123373.7990078 -38066305.5416139 3364.27373015444 -2427.94756531395 200 0.210301158063085 -0
168912.5 21459292.6568355 -38308186.7949462 3354.12025230722 -2409.73634284535 200 0.206725867614666 -0
169012.5 21794201.1946976 -38548264.3976705 3344.0671308705 -2391.87276044198 200 0.203253566927577 -0
169112.5 22128109.38802 -38786572.5834284 3334.11315942676 -2374.34628449317 200 0.199880139716053 -0
169212.5 22461027.0910127 -39023144.5542243 3324.25712066445 -2357.14681209376 200 0.196601678233921 -0
169312.5 22792964.0357486 -39258012.522387 3314.49778966038 -2340.26464908574 200 0.193414470563537 -0
169412.5 23123929.8315507 -39491207.7504021 3304.83393680668 -2323.69048943107 200 0.190314988805646 -0
169512.5 23453933.9646571 -39722760.5887443 3295.26433041814 -2307.41539582286 200 0.187299878097677 -0
169612.5 23782985.7981312 -39952700.5118301 3285.78773905161 -2291.43078144917 200 0.184365946394503 -0
169712.5 24111094.5719909 -40181056.1521999 3276.40293356641 -2275.72839283038 200 0.181510154951516 -0
169812.5 24438269.4035324 -40407855.3330356 3267.10868895134 -2260.3002936574 200 0.178729609455206 -0
169912.5 24764519.2878255 -40633125.0991082 3257.90378594151 -2245.13884956316 200 0.176021551751173 -0
170012.5 25089853.0983606 -40856891.7462476 3248.7870124458 -2230.23671376551 200 0.173383352123837 -0
170112.5 25414279.5878313 -41079180.8494171 3239.75716480373 -2215.5868135236 200 0.170812502086027 -0
170212.5 25737807.3890328 -41300017.2894724 3230.81304888847 -2201.18233735488 200 0.168306607640141 -0
170312.5 26060445.0158652 -41519425.2786779 3221.95348107147 -2187.01672296308 200 0.165863382975824 -0
170412.5 26382200.8644261 -41737428.3850498 3213.17728906208 -2173.08364583169 200 0.163480644571981 -0
170512.5 26703083.2141818 -41954049.5555899 3204.48331263483 -2159.37700844046 200 0.161156305673623 -0
170612.5 27023100.2292056 -42169311.1384704 3195.8704042553 -2145.89093006556 200 0.15888837111644 -0
170712.5 27342259.9594746 -42383234.9042266 3187.33742961479 -2132.61973712694 200 0.156674932474169 -0
170812.5 27660570.3422156 -42595842.06601 3178.88326808284 -2119.5579540489 200 0.154514163505865 -0
171012.5 28294674.2586122 -43017188.7586269 3162.20697241686 -2094.04165369042 200 0.150343715169883 -0
171212.5 28925473.2747464 -43433510.4890159 3145.83283855696 -2069.30186657468 200 0.146363903818203 -0
171412.5 29553026.9747933 -43844958.7670321 3129.75242453109 -2045.30108895357 200 0.142562674043183 -0
171612.5 30177393.2785787 -44251677.8492245 3113.9575292945 -2022.00425689702 200 0.138928933391928 -0
171812.5 30798628.4899718 -44653805.2067155 3098.44019442767 -1999.37854880505 200 0.135452460162764 -0
172012.5 31416787.3454097 -45051471.9555179 3083.19270383642 -1977.39320689185 200 0.132123821430257 -0
172212.5 32031923.0621975 -45444803.2528681 3068.20758186495 -1956.01937554565 200 0.128934300015236 -0
172412.5 32644087.3863002 -45833918.6627644 3053.47759015882 -1935.22995472866 200 0.125875829295271 -0
172612.5 33253330.6394066 -46218932.4935531 3038.99572355425 -1914.99946680594 200 0.122940934902679 -0
172812.5 33859701.7650919 -46599954.1101042 3024.7552052202 -1895.3039353866 200 0.120122682485954 -0
