0 314159000 0 -1175.14767465961 242.956668445425 100 0.00403837820768556 -0
100 314041465.035606 24295.6663237331 -1175.55166361317 242.95665281822 200 0.00404140160246804 -0
300 313806273.834481 72886.9864559693 -1176.36054962662 242.956527589732 400 0.00404746156944614 -0
700 313335405.493586 170069.48867054 -1177.98196634571 242.955899259285 800 0.00405963447055953 -0
1500 312391718.225798 364433.231017533 -1181.23947745618 242.953115126801 1600 0.00408419422267037 -0
3100 310496486.095449 753149.891178631 -1187.81401409873 242.941306535427 1600 0.00413418652318227 -0
4700 308590670.224889 1141840.83807984 -1194.46947004508 242.92092151321 1600 0.00418537592625935 -0
6300 306674139.60269 1530492.09595849 -1201.2077819372 242.891640888896 1600 0.00423780407131279 -0
7900 304746760.06538 1919089.16699546 -1208.03095368286 242.853131136359 1600 0.00429151450783229 -0
9500 302808394.187385 2307617.00772556 -1214.94105953502 242.805043588987 1600 0.00434655280453853 -0
11100 300858901.165889 2696060.00415021 -1221.94024734682 242.747013602712 1600 0.0044029666660278 -0
12700 298898136.700351 3084401.94546739 -1229.03074201405 242.678659663768 1600 0.00446080605751097 -0
14300 296925952.866347 3472625.99632694 -1236.21484911835 242.599582436894 1600 0.00452012333830449 -0
15900 294942197.983416 3860714.66751223 -1243.49495878481 242.509363749333 1600 0.00458097340479256 -0
17500 292946716.476555 4248649.78494156 -1250.87354976958 242.407565505558 1600 0.00464341384364766 -0
19100 290939348.730972 4636412.45687401 -1258.3531937935 242.293728527174 1600 0.00470750509617149 -0
20700 288919930.939705 5023983.03919531 -1265.93656013996 242.167371311976 1600 0.00477331063470207 -0
22300 286888294.943653 5411341.09864911 -1273.62642053606 242.02798870554 1600 0.00484089715212485 -0
23900 284844268.063561 5798465.37386814 -1281.42565433819 241.87505047813 1600 0.00491033476562862 -0
25500 282787672.92345 6185333.73404737 -1289.33725404474 241.707999798994 1600 0.00498169723596097 -0
27100 280718327.264941 6571923.13508822 -1297.36433116096 241.526251599387 1600 0.00505506220356534 -0
28700 278636043.751909 6958209.57302837 -1305.51012244273 241.32919081478 1600 0.00513051144312342 -0
30300 276540629.76481 7344168.03455547 -1313.77799654888 241.116170495807 1600 0.0052081311381848 -0
31900 274431887.184026 7729772.44438582 -1322.17146113418 240.886509776426 1600 0.00528801217774276 -0
33500 272309612.161483 8114995.60926943 -1330.69417041797 240.639491686635 1600 0.0053702504768129 -0
35100 270173594.879753 8499809.15836194 -1339.34993326707 240.374360795753 1600 0.0054549473232933 -0
36700 268023619.297779 8884183.47968001 -1348.14272183467 240.090320670873 1600 0.00554220975363378 -0
38300 265859462.882315 9268087.65233115 -1357.07668080152 239.786531133415 1600 0.00563215096012184 -0
39900 263680896.324052 9651489.37418004 -1366.15613726974 239.462105294948 1600 0.00572489073290786 -0
41500 261487683.237363 10034354.8845819 -1375.38561136489 239.116106351388 1600 0.00582055594024729 -0
43100 259279579.842473 10416648.8817777 -1384.76982760721 238.747544112387 1600 0.00591928105083859 -0
44700 257056334.628781 10798334.4345082 -1394.31372711927 238.355371240194 1600 0.00602120870258955 -0
46300 254817687.997926 11179372.8873581 -1404.0224807441 237.938479169342 1600 0.00612649032265782 -0
47900 252563371.885084 11559723.7592957 -1413.90150315565 237.495693675272 1600 0.0062352868041952 -0
49500 250293109.356837 11939344.6348183 -1423.95646805194 237.025770056322 1600 0.00634776924588731 -0
51100 248006614.183795 12318191.0470528 -1434.19332453094 236.527387889315 1600 0.00646411976113541 -0
52700 245703590.386005 12696216.3520948 -1444.61831476037 235.99914531429 1600 0.00658453236458752 -0
53500 244545784.974428 12884905.8848448 -1449.90339551063 235.723364501672 1600 0.00664632607064133 -0
54300 243383731.748903 13073371.5937821 -1455.23799306349 235.439552798688 1600 0.00670921394471376 -0
55100 242217390.748861 13261606.9742073 -1460.62297886979 235.147509197363 1600 0.00677322403465268 -0
55900 241046721.30775 13449605.358085 -1466.05924656226 234.847026324155 1600 0.00683838533222703 -0
56700 239871682.034992 13637359.908852 -1471.5477126964 234.537890191016 1600 0.00690472781255327 -0
57500 238692230.79734 13824863.6160224 -1477.08931752212 234.219879934786 1600 0.00697228247549291 -0
58300 237508324.699603 14012109.289579 -1482.68502578754 233.892767544252 1600 0.00704108138913608 -0
59100 236319920.064712 14199089.5541418 -1488.33582757671 233.556317574214 1600 0.00711115773549391 -0
59900 235126972.413108 14385796.8429015 -1494.04273918278 233.210286845821 1600 0.00718254585853046 -0
60700 233929436.441413 14572223.391308 -1499.80680401862 232.854424132404 1600 0.00725528131467425 -0
61500 232727266.000353 14758361.2305017 -1505.62909356661 232.488469829982 1600 0.00732940092595851 -0
62300 231520414.071912 14944202.1804738 -1511.51070836978 232.112155611579 1600 0.00740494283595016 -0
63100 230308832.745672 15129737.8429446 -1517.45277906637 231.725204064397 1600 0.00748194656863801 -0
63900 229092473.19431 15314959.5939436 -1523.45646747007 231.327328308863 1600 0.00756045309046321 -0
64700 227871285.648205 15499858.5760771 -1529.52296769846 230.918231598492 1600 0.00764050487568754 -0
65500 226645219.369128 15684425.6904678 -1535.65350735208 230.497606899411 1600 0.00772214597530936 -0
66300 225414222.62297 15868651.58835 -1541.84934874697 230.065136448365 1600 0.00780542208975181 -0
67100 224178242.651456 16052526.6623015 -1548.11179020355 229.620491287878 1600 0.00789038064556467 -0
67900 222937225.642801 16236041.037094 -1554.44216739485 229.163330777206 1600 0.0079770708763983 -0
68700 221691116.701277 16419184.560143 -1560.8418547575 228.693302077605 1600 0.00806554390852788 -0
69500 220439859.815609 16601946.7915336 -1567.31226696883 228.210039610312 1600 0.00815585285122633 -0
70300 219183397.826171 16784316.9936031 -1573.85486049393 227.713164485552 1600 0.00824805289230706 -0
71100 217921672.390911 16966284.1200525 -1580.47113520654 227.202283900767 1600 0.008342201399182 -0
71900 216654623.949954 17147836.8045657 -1587.16263608802 226.67699050609 1600 0.00843835802580675 -0
72700 215382191.688803 17328963.3489057 -1593.9309550089 226.136861734993 1600 0.00853658482591362 -0
73500 214104313.500089 17509651.7104613 -1600.77773259785 225.58145909786 1600 0.00863694637296424 -0
74300 212820925.943788 17689889.4892133 -1607.70466020318 225.010327436067 1600 0.00873950988728786 -0
75100 211531964.205825 17869663.9140867 -1614.71348195235 224.422994133979 1600 0.00884434537090825 -0
75900 210237362.054993 18048961.8286552 -1621.8059969154 223.818968286081 1600 0.00895152575060245 -0
76700 208937051.798101 18227769.6761601 -1628.9840613785 223.19773981623 1600 0.00906112702977881 -0
77500 207630964.233247 18406073.4838048 -1636.2495912345 222.558778545801 1600 0.00917322844980983 -0
78300 206319028.601139 18583858.8462818 -1643.60456449744 221.90153320724 1600 0.00928791266150749 -0
79100 205001172.534347 18761110.9084877 -1651.05102394904 221.225430399269 800 0.00940526590748683 -0
79900 203677322.004387 18937814.347378 -1658.59107992515 220.529873479674 800 0.00952537821622564 -0
80700 202347401.266509 19113953.3529086 -1666.22691325133 219.814241391302 800 0.00964834360869753 -0
81500 201011332.80208 19289511.6080113 -1673.96077833691 219.077887416529 800 0.00977426031853086 -0
82300 199669037.258428 19464472.2675416 -1681.79500643784 218.320137855058 800 0.00990323102672881 -0
83100 198320433.385992 19638817.9361362 -1689.73200909953 217.540290619524 800 0.0100353631120769 -0
83900 196965437.972657 19812530.6449127 -1697.7742817913 216.73761374286 800 0.0101707689184643 -0
84700 195603965.77509 19985591.8269374 -1705.92440774551 215.911343790927 800 0.0103095660404551 -0
85500 194235929.44692 20157982.291383 -1714.185062015 215.060684173315 800 0.0104518776285673 -0
86300 192861239.463585 20329682.1962915 -1722.55901576382 214.184803344637 800 0.0105978327158504 -0
87100 191479804.043643 20500671.0198517 -1731.04914080734 213.282832887949 800 0.0107475665675005 -0
87900 190091529.066346 20670927.530094 -1739.6584144191 212.353865471205 800 0.0109012210554145 -0
88700 188696317.985254 20840429.7528945 -1748.38992442325 211.396952666834 800 0.0110589450597656 -0
89500 187294071.737662 21009154.9381785 -1757.24687459282 210.411102623654 800 0.0112208948998813 -0
90300 185884688.649569 21177079.5241973 -1766.23259037608 209.395277579324 800 0.0113872347969274 -0
91100 184468064.335928 21344179.0997473 -1775.35052497468 208.348391200473 800 0.0115581373711465 -0
91900 183044091.595896 21510428.3641873 -1784.60426579973 207.269305736434 800 0.011733784176672 -0
92700 181612660.30274 21675801.0851 -1793.99754133384 206.156828971192 800 0.0119143662772437 -0
93500 180173657.288096 21840270.0534278 -1803.53422842989 205.009710956658 800 0.0121000848664883 -0
94300 178726966.220197 22003807.0359021 -1813.21836007994 203.826640508797 800 0.0122911519368045 -0
95100 177272467.475685 22166382.7245682 -1823.05413369047 202.606241446282 800 0.0124877910013156 -0
95900 175810038.00459 22327966.6831898 -1833.04591990381 201.347068549365 800 0.0126902378738226 -0
96700 174339551.188017 22488527.290302 -1843.19827200886 200.0476032144 800 0.0128987415122167 -0
97500 172860876.688056 22648031.6786561 -1853.51593598859 198.706248776972 800 0.0131135649314038 -0
98300 171373880.289376 22806445.6707806 -1864.00386125592 197.321325473796 800 0.0133349861924556 -0
99100 169878423.731946 22963733.7103573 -1874.66721213474 195.89106501044 800 0.013563299475449 -0
99900 168374364.53424 23119858.7890808 -1885.51138014825 194.413604698455 800 0.0137988162442965 -0
100700 166861555.80628 23274782.3686425 -1896.54199718284 192.886981121586 800 0.0140418665128159 -0
101500 165339846.051759 23428464.297445 -1907.76494960243 191.309123286387 800 0.0142928002223625 -0
102300 163809078.958478 23580862.7216136 -1919.18639339589 189.677845207616 800 0.0145519887425533 -0
103100 162269093.176211 23731933.9898323 -1930.81277044853 187.990837873298 800 0.0148198265079894 -0
103900 160719722.081076 23881632.5514834 -1942.6508260377 186.245660528069 800 0.0150967328054394 -0
104700 159160793.525383 24029910.8475186 -1954.7076276637 184.439731206421 800 0.015383153727717 -0
105500 157592129.571842 24176719.1934312 -1966.9905853383 182.570316439455 800 0.0156795643125083 -0
106300 156013546.210909 24322005.6536356 -1979.50747346671 180.634520049797 800 0.0159864708867017 -0
107100 154424853.059948 24465715.9064855 -1992.26645447382 178.629270939048 800 0.0163044136394136 -0
107900 152825853.042726 24607793.0990851 -2005.27610434178 176.551309760531 800 0.0166339694499138 -0
108700 151216342.047668 24748177.6909513 -2018.54544024544 174.397174356848 800 0.0169757550001217 -0
109500 149596108.563079 24886807.2854889 -2032.08395049285 172.163183826638 800 0.0173304302053255 -0
110300 147964933.287433 25023616.4481192 -2045.90162700265 169.845421067631 800 0.0176987020013693 -0
111100 146322588.712563 25158536.5097774 -2060.00900057732 167.439713623295 800 0.0180813285318551 -0
111900 144668838.677432 25291495.3543443 -2074.41717926208 164.941612637615 800 0.0184791237850499 -0
112300 143837610.328897 25357215.7850969 -2081.73770982743 163.656443069735 800 0.0186839805783867 -0
112700 143003437.889802 25422417.1883884 -2089.13789011318 162.346369697133 800 0.0188929627373284 -0
113100 142166289.187703 25487089.4745077 -2096.61929019367 161.01074797541 800 0.0191061901007042 -0
113500 141326131.413261 25551222.2915461 -2104.18352475043 159.648911304744 800 0.0193237870681733 -0
113900 140482931.102064 25614805.0163864 -2111.83225473155 158.26017008236 800 0.0195458828154477 -0
114300 139636654.115785 25677826.7453046 -2119.56718908754 156.84381070577 800 0.019772611521666 -0
114700 138787265.62261 25740276.2841618 -2127.39008658789 155.399094523788 800 0.0200041126097176 -0
115100 137934730.07694 25802142.1381658 -2135.30275772285 153.925256732078 800 0.0202405310003806 -0
115500 137079011.198307 25863412.5011791 -2143.30706669515 152.421505209798 800 0.0204820173811959 -0
115900 136220071.949469 25924075.2445493 -2151.40493350681 150.887019293638 800 0.0207287284910792 -0
116300 135357874.513664 25984117.905436 -2159.59833614647 149.320948485281 800 0.0209808274217419 -0
116700 134492380.270957 26043527.6746065 -2167.88931288295 147.722411088035 800 0.0212384839370822 -0
117100 133623549.773647 26102291.3836711 -2176.27996467127 146.090492768066 800 0.0215018748117961 -0
117500 132751342.720699 26160395.4917275 -2184.77245767779 144.424245035311 800 0.0217711841905578 -0
117900 131875717.931126 26217826.0713801 -2193.36902593137 142.722683638805 800 0.0220466039692287 -0
118300 130996633.316298 26274568.7940997 -2202.07197410817 140.984786870729 800 0.0223283341996729 -0
118700 130114045.851098 26330608.9148854 -2210.88368045822 139.209493773071 800 0.0226165835198841 -0
119100 129227911.543884 26385931.2561885 -2219.80659988221 137.395702240303 800 0.0229115696112741 -0
119500 128338185.405189 26440520.1910561 -2228.84326716785 135.542267010978 800 0.0232135196851241 -0
119900 127444821.415086 26494359.6254467 -2237.99630039573 133.64799754057 800 0.0235226710003719 -0
120300 126547772.489164 26547432.9796711 -2247.26840452518 131.711655747304 800 0.023839271415091 -0
120700 125646990.443026 26599723.168904 -2256.66237517162 129.731953622004 800 0.0241635799742244 -0
121100 124742425.955239 26651212.5827107 -2266.18110258761 127.707550692317 800 0.0244958675363557 -0
121500 123834028.528644 26701883.0635292 -2275.8275758607 125.637051330842 800 0.0248364174425462 -0
121900 122921746.449946 26751715.8840415 -2285.60488734226 123.519001895822 800 0.0251855262305385 -0
122300 122005526.747483 26800691.7233672 -2295.5162373225 121.351887692143 800 0.02554350439792 -0
122700 121085315.147069 26848790.6420014 -2305.56493896805 119.134129739287 800 0.0259106772181694 -0
123100 120161056.025813 26895992.0554206 -2315.7544235397 116.864081331808 400 0.0262873856138682 -0
123500 119232692.363785 26942274.7062674 -2326.08824590942 114.540024376587 400 0.0266739870917582 -0
123900 118300165.693419 26987616.6350234 -2336.57009039721 112.160165489792 400 0.0270708567447643 -0
124300 117363416.046504 27031995.1490693 -2347.2037769498 109.722631834938 400 0.0274783883265894 -0
124700 116422381.898645 27075386.7900255 -2357.99326768549 107.225466681764 400 0.0278969954050264 -0
125100 115477000.111012 27117767.2992563 -2368.94267383075 104.666624663838 400 0.0283271126007297 -0
125500 114527205.869246 27159111.5814132 -2380.05626307699 102.043966710747 400 0.0287691969188501 -0
125900 113572932.619325 27199393.6658818 -2391.33846738771 99.3552546285192 400 0.0292237291816765 -0
126300 112614112.000214 27238586.6659854 -2402.79389128923 96.5981452994351 400 0.0296912155712443 -0
126700 111650673.773094 27276662.735787 -2414.42732068083 93.770184469657 400 0.0301721892917849 -0
127100 110682545.746963 27313593.0243191 -2426.2437322032 90.8688000900821 400 0.030667212362908 -0
127500 109709653.70036 27349347.6270533 -2438.24830320768 87.8912951724511 400 0.0311768775555467 -0
127900 108731921.298986 27383895.5344088 -2450.44642237241 84.8348401190193 400 0.0317018104839649 -0
128300 107749270.008931 27417204.5770804 -2462.8437010157 81.6964644799412 400 0.0322426718685515 -0
128700 106761619.005231 27449241.3679455 -2475.44598516137 78.4730480878984 400 0.0328001599857221 -0
129100 105768885.07544 27479971.2402927 -2488.25936841617 75.1613115143438 400 0.0333750133230388 -0
129500 104770982.517877 27509358.182086 -2501.29020572458 71.7578057859822 400 0.0339680134596776 -0
129900 103767823.03418 27537364.7659567 -2514.54512807264 68.2589012936739 400 0.0345799881946375 -0
130300 102759315.61578 27563952.0745855 -2528.0310582195 64.6607758187425 400 0.0352118149476486 -0
130700 101745366.423864 27589079.6211039 -2541.75522754243 60.9594015935979 400 0.0358644244606234 -0
131100 100725878.662354 27612705.2641125 -2555.72519409014 57.1505313045135 400 0.0365388048307676 -0
131500 99700752.4434161 27634785.1168716 -2569.94886194795 53.2296829342064 400 0.0372360059101709 -0
131900 98669884.644933 27655273.4501776 -2584.43450202942 49.1921233303821 400 0.0379571441109037 -0
132300 97633168.7593608 27674122.5883919 -2599.19077442008 45.0328503734563 400 0.0387034076594284 -0
132700 96590494.7333103 27691282.7980327 -2614.22675241253 40.7465736020302 400 0.0394760623495786 -0
133100 95541748.7971535 27706702.1682831 -2629.55194838609 36.3276931381285 400 0.040276457849575 -0
133500 94486813.2838795 27720326.4826998 -2645.17634170106 31.770276735436 400 0.0411060346256509 -0
133900 93425566.4363599 27732099.0813326 -2661.11040879542 27.0680347524322 400 0.041966331552997 -0
134300 92357882.2021002 27741960.712383 -2677.36515569264 22.2142928280584 400 0.0428589942940742 -0
134700 91283630.0144677 27749849.3724305 -2693.95215315234 17.201962009882 400 0.0437857845350802 -0
135100 90202674.5592879 27755700.1341556 -2710.88357472136 12.023506053118 400 0.0447485901837322 -0
135500 89114875.5255935 27759444.9603641 -2728.17223797248 6.67090557270278 400 0.0457494366458192 -0
135900 88020087.3391875 27761012.5029832 -2745.831649251 1.13561868912893 400 0.046790499314516 -0
136300 86918158.8775465 27760327.8855479 -2763.87605228725 -4.59146223892146 400 0.0478741174256421 -0
136700 85808933.1644404 27757312.4675224 -2782.32048107577 -10.5200582570203 400 0.0490028094543568 -0
137100 84692247.0424732 27751883.5886025 -2801.18081747033 -16.6605563577808 400 0.0501792902547926 -0
137500 83567930.8215592 27743954.2909223 -2820.47385399954 -23.0240675226043 400 0.0514064901745168 -0
137900 82435807.901135 27733433.0168328 -2840.21736247079 -29.6224909460847 400 0.052687576411317 -0
138100 81866761.7519164 27727170.4386669 -2850.26388346603 -33.0137461413789 400 0.0533493872374763 -0
138300 81295694.3636136 27720223.279589 -2860.43016899896 -36.4685852232026 400 0.0540259769217137 -0
138500 80722581.5314229 27712578.6496585 -2870.71875055123 -39.988750264373 400 0.054717819100775 -0
138700 80147398.5366341 27704223.3041612 -2881.1322362006 -43.5760474094231 400 0.0554254072394081 -0
138900 79570120.1310115 27695143.6305004 -2891.67331363885 -47.2323498491696 400 0.0561492556575711 -0
139100 78990720.5205569 27685325.6344762 -2902.34475333617 -50.9596009626597 400 0.0568899006212165 -0
139300 78409173.3486253 27674754.9259187 -2913.14941186072 -54.7598176375929 400 0.0576479015012364 -0
139500 77825451.6783593 27663416.7036391 -2924.0902353622 -58.6350937811633 400 0.058423842005535 -0
139700 77239527.97441 27651295.7396571 -2935.17026322909 -62.58760403419 400 0.0592183314896041 -0
139900 76651374.0839085 27638376.3626652 -2946.39263192999 -66.6196077024052 400 0.0600320063514346 -0
140100 76060961.2166494 27624642.4406836 -2957.76057904987 -70.7334529198646 400 0.0608655315170888 -0
140300 75468259.9244471 27610077.3628571 -2969.27744753319 -74.9315810606336 400 0.0617196020238036 -0
140500 74873240.079621 27594664.0203443 -2980.94669014629 -79.2165314161978 400 0.0625949447080897 -0
140700 74275870.8525658 27578384.7862428 -2992.77187417273 -83.5909461574673 400 0.0634923200069466 -0
140900 73676120.6883581 27561221.4944916 -3004.75668635577 -88.0575756017856 400 0.0644125238810306 -0
141100 73073957.2823482 27543155.4176886 -3016.9049381037 -92.6192838070474 400 0.065356389869405 -0
141300 72469347.5546839 27524167.2437534 -3029.22057097446 -97.2790545168783 400 0.0663247912863721 -0
141500 71862257.623707 27504237.0513649 -3041.70766245735 -102.039997482854 400 0.0673186435718436 -0
141700 71252652.7781629 27483344.2840937 -3054.37043207101 -106.90535519196 400 0.0683389068077676 -0
141900 70640497.4481571 27461467.7231464 -3067.21324779818 -111.878510029919 400 0.0693865884142961 -0
142100 70025755.1747891 27438585.4586306 -3080.24063287927 -116.962991913702 400 0.0704627460406684 -0
142300 69408388.5783899 27414674.8592437 -3093.45727298854 -122.162486429468 400 0.0715684906672181 -0
142500 68788359.3252836 27389712.54028 -3106.86802381839 -127.48084351542 400 0.0727049899364915 -0
142700 68165628.0929896 27363674.3298437 -3120.47791909938 -132.922086732612 400 0.0738734717332213 -0
142900 67540154.5337744 27336535.2331445 -3134.29217908556 -138.490423170704 400 0.0750752280348516 -0
143100 66911897.236457 27308269.3947445 -3148.31621953718 -144.19025403996 200 0.0763116190564735 -0
143300 66280813.6863653 27278850.058614 -3162.55566123528 -150.026186005607 200 0.0775840777164447 -0
143500 65646860.2233339 27248249.52584 -3177.0163400656 -156.003043325957 200 0.0788941144516513 -0
143700 65009991.9976237 27216439.1098222 -3191.7043177119 -162.125880861566 200 0.0802433224143679 -0
143900 64370162.9236392 27183389.0887734 -3206.62589300265 -168.399998029229 200 0.0816333830860194 -0
144100 63727325.6313071 27149068.655328 -3221.78761395798 -174.83095378182 200 0.0830660723468916 -0
144300 63081431.4149707 27113445.863045 -3237.19629058825 -181.424582703021 200 0.0845432670450303 -0
144500 62432430.1796457 27076487.5695718 -3252.8590084997 -188.187012314921 200 0.086066952112269 -0
144700 61780270.3844682 27038159.3762169 -3268.78314336714 -195.124681706443 200 0.087639228280607 -0
144900 61124898.9831569 26998425.5636544 -3284.9763763392 -202.244361601626 200 0.089262320458092 -0
145100 60466261.3612949 26957249.0234609 -3301.44671044696 -209.553175999248 200 0.0909385868300499 -0
145300 59804301.2702228 26914591.1851544 -3318.20248809314 -217.05862552913 200 0.0926705287590419 -0
145500 59138960.7573191 26870411.9383777 -3335.25240970575 -224.768612686024 200 0.0944608015654455 -0
145700 58470180.0924261 26824669.5498319 -3352.60555364764 -232.691469119439 200 0.0963122262801874 -0
145900 57797897.6901598 26777320.574531 -3370.27139748149 -240.835985177365 200 0.0982278024720748 -0
146100 57122050.0278225 26728319.760903 -3388.25984069896 -249.211441923915 200 0.100210722264555 -0
146300 56442571.558613 26677619.949221 -3406.58122903236 -257.827645875756 200 0.102264385670822 -0
146500 55759394.619806 26625171.9627918 -3425.2463804786 -266.69496673026 200 0.104392417392212 -0
146700 55072449.3355434 26570924.4912754 -3444.26661317666 -275.824378390049 200 0.10659868524315 -0
146900 54381663.5138523 26514823.9654411 -3463.65377529366 -285.227503624484 200 0.108887320386783 -0
147100 53686962.5374707 26456814.4225967 -3483.42027708883 -294.916662749442 200 0.111262739589409 -0
147300 52988269.2480272 26396837.3618444 -3503.57912534112 -304.904926753008 200 0.113729669729246 -0
147500 52285503.8230823 26334831.5882279 -3524.14396034401 -315.206175347406 200 0.116293174826679 -0
147700 51578583.6454956 26270733.0447315 -3545.12909569066 -325.83516048765 200 0.118958685899447 -0
147900 50867423.1645362 26204474.6309787 -3566.54956109459 -336.80757596606 200 0.121732033988231 -0
148100 50151933.7481038 26135986.007348 -3588.42114851485 -348.140133770455 200 0.124619486746621 -0
148300 49432023.5253698 26065193.3830766 -3610.76046188167 -359.850647984081 200 0.127627789045693 -0
148500 48707597.2190859 25992019.2867569 -3633.58497074741 -371.958127109045 200 0.130764208108817 -0
148700 47978555.966741 25916382.3174447 -3656.91306822066 -384.482875814567 200 0.134036583768428 -0
148900 47244797.1296705 25838196.8743803 -3680.76413357679 -397.446607249346 200 0.137453384525341 -0
149100 46506214.0891394 25757372.8630847 -3705.15859997776 -410.872567217009 200 0.141023770195204 -0
149300 45762696.0283325 25673815.3753125 -3730.11802777773 -424.785671698883 200 0.144757662048669 -0
149500 45014127.6990803 25587424.3400255 -3755.66518393848 -439.212659423683 200 0.148665821495393 -0
149700 44260389.1720441 25498094.1421871 -3781.82412813122 -454.182261434759 200 0.152759938531258 -0
149900 43501355.5689593 25405713.2057605 -3808.62030615876 -469.725389898946 200 0.15705273136848 -0
150000 43119812.665938 25358342.1015293 -3822.26571347802 -477.722334342393 200 0.15927791419162 -0
150100 42736896.7753619 25310163.5367548 -3836.08065138755 -485.875348736784 200 0.161558058906218 -0
150200 42352590.7641902 25261161.6771435 -3850.06873707206 -494.189008405287 200 0.163895096976812 -0
150300 41966877.1323332 25211320.2219203 -3864.23369498565 -502.668069104948 200 0.166291047979582 -0
150400 41579738.0017267 25160622.3853413 -3878.57936083592 -511.317475991435 200 0.1687480245512 -0
150500 41191155.1050007 25109050.8772836 -3893.10968573999 -520.142373121917 200 0.171268237668243 -0
150600 40801109.7737232 25056587.882856 -3907.82874056037 -529.148113533983 200 0.173854002282804 -0
150700 40409582.9262007 25003215.0409716 -3922.74072042897 -538.340269941604 200 0.176507743342185 -0
150800 40016555.0548177 24948913.4218179 -3937.84994946781 -547.724646092461 200 0.179232002223058 -0
150900 39622006.2128921 24893663.5031562 -3953.16088571541 -557.307288834629 200 0.182029443613192 -0
151000 39225916.0010291 24837445.145377 -3968.67812626813 -567.09450094462 200 0.184902862876903 -0
151100 38828263.5529487 24780237.5652314 -3984.40641264597 -577.092854773153 200 0.187855193943656 -0
151200 38429027.5207654 24722019.3081556 -4000.35063639295 -587.309206769819 200 0.190889517762961 -0
151300 38028186.0596955 24662768.2190954 -4016.51584492209 -597.750712953067 200 0.194009071372713 -0
151400 37625716.8121675 24602461.4117337 -4032.90724761557 -608.424845397692 200 0.197217257632645 -0
151500 37221596.8913093 24541075.2360153 -4049.53022219085 -619.339409818365 200 0.200517655679486 -0
151600 36815802.8637844 24478585.2438548 -4066.39032134371 -630.502564334657 200 0.203914032165903 -0
151700 36408310.7319504 24414966.1529052 -4083.49327967926 -641.922839510719 200 0.207410353351426 -0
151800 35999095.9153088 24350191.8082546 -4100.84502094224 -653.609159771167 200 0.211010798120271 -0
151900 35588133.231217 24284235.1419078 -4118.4516655578 -665.570866304035 200 0.214719772008495 -0
152000 35175396.8748295 24217068.1298982 -4136.31953849388 -677.817741571908 200 0.218541922331291 -0
152100 34760860.3982368 24148661.7468633 -4154.45517745613 -690.360035563659 200 0.222482154510496 -0
152200 34344496.6887676 24078985.9179011 -4172.86534142602 -703.208493931743 200 0.226545649712788 -0
152300 33926277.9464199 24008009.4675126 -4191.55701955208 -716.374388173849 100 0.23073788392061 -0
152400 33506175.6603843 23935700.0654166 -4210.53744040344 -729.869548033059 100 0.235064648570802 -0
152500 33084160.584624 23862024.1690054 -4229.81408159411 -743.70639630768 100 0.239532072910411 -0
152600 32660202.7124736 23786946.9621906 -4249.39467978452 -757.897986280804 100 0.244146648235371 -0
152700 32234271.2502179 23710432.2903655 -4269.2872410655 -772.458042000689 100 0.248915254195933 -0
152800 31806334.5896144 23632442.5911864 -4289.50005172749 -787.401001666374 100 0.253845187373205 -0
152900 31376360.2793182 23552938.8208479 -4310.04168941476 -802.742064399017 100 0.258944192354118 -0
153000 30944314.9951732 23471880.3755002 -4330.92103466121 -818.497240708473 100 0.264220495558058 -0
153100 30510164.5093308 23389225.0074198 -4352.14728279964 -834.683406997055 100 0.269682842097623 -0
153200 30073873.6581594 23304928.7355127 -4373.72995623117 -851.318364478664 100 0.275340535988917 -0
153300 29635406.3089097 23218945.7496881 -4395.67891703506 -868.420902932085 100 0.281203484064138 -0
153400 29194725.3251034 23131228.3085952 -4418.00437989083 -886.010869752702 100 0.287282243981453 -0
153500 28751792.5306156 23041726.6301692 -4440.71692527531 -904.109244817933 100 0.293588076775088 -0
153600 28306568.6724251 22950388.7743761 -4463.82751288514 -922.738221739051 100 0.300133004442997 -0
153700 27859013.3820146 22857160.5174871 -4487.34749522126 -941.921296136578 100 0.306929873131434 -0
153800 27409085.1354072 22761985.2171448 -4511.28863125448 -961.683361649125 100 0.313992422546322 -0
153900 26956741.2118364 22664803.6674091 -4535.66310007085 -982.050814467589 100 0.32133536230186 -0
154000 26501937.6510579 22565553.9428876 -4560.48351437002 -1003.05166727924 100 0.328974456008914 -0
154100 26044629.2093255 22464171.2309591 -4585.76293366012 -1024.71567361106 100 0.336926614011157 -0
154200 25584769.3140696 22360587.6509987 -4611.51487695588 -1047.07446368034 100 0.345209995797859 -0
154300 25122310.0173417 22254732.0593902 -4637.7533347432 -1070.16169299532 100 0.353844123261148 -0
154400 24657201.9481102 22146529.8389839 -4664.49277992031 -1094.01320510156 100 0.362850006125482 -0
154500 24189394.2635277 22035902.6715078 -4691.74817736183 -1118.66721004371 100 0.37225028106137 -0
154600 23718834.5993284 21922768.2912738 -4719.53499167531 -1144.16448031067 100 0.382069366208308 -0
154700 23245469.0195618 21807040.2183341 -4747.86919262637 -1170.54856625837 100 0.392333633078207 -0
154800 22769241.9659263 21688627.4690272 -4776.7672575965 -1197.86603326242 100 0.403071598096117 -0
154900 22290096.2070369 21567434.241619 -4806.24617030097 -1226.16672314901 100 0.414314136366644 -0
155000 21807972.7880462 21443359.5744668 -4836.32341482944 -1255.50404279063 100 0.42609472064021 -0
155100 21322810.9811421 21316296.9738314 -4867.01696387135 -1285.93528314192 100 0.43844968890299 -0
155200 20834548.23757 21186134.0081109 -4898.34525974452 -1317.52197243723 100 0.4514185445395 -0
155300 20343120.1419803 21052751.8648716 -4930.32718654871 -1350.3302677849 100 0.465044293631237 -0
155400 19848460.3700876 20916024.8666021 -4962.98203140418 -1384.43138998436 100 0.479373824675051 -0
155450 19599897.3477823 20846365.7659716 -4979.5679230098 -1401.99052014585 100 0.486818326970122 -0
155500 19350500.6508351 20775819.9405338 -4996.32943228687 -1419.90210705254 100 0.494458336852881 -0
155550 19100261.4359617 20704369.505372 -5013.26905756547 -1438.17670180288 100 0.502301007136098 -0
155600 18849170.7346412 20631996.037663 -5030.38930946634 -1456.82527285968 100 0.510353823967787 -0
155650 18597219.4525823 20558680.5553046 -5047.69270759268 -1475.85922640646 100 0.518624625595897 -0
155700 18344398.3693659 20484403.4944966 -5065.18177679974 -1495.29042787279 100 0.527121622363655 -0
155750 18090698.1382852 20409144.6862145 -5082.85904299731 -1515.13122470491 100 0.535853418027024 -0
155800 17836109.2864086 20332883.3315118 -5100.72702843548 -1535.39447046315 100 0.544829032493282 -0
155850 17580622.2148924 20255597.9755827 -5118.78824641859 -1556.09355033406 100 0.554057926087907 -0
155900 17324227.1995732 20177266.4805119 -5137.0451953865 -1577.24240815087 100 0.563550025465877 -0
155950 17066914.3918735 20097865.9966332 -5155.50035229558 -1598.85557502331 100 0.573315751293235 -0
156000 16808673.8200576 20017372.9324145 -5174.1561652244 -1620.94819968468 100 0.583366047835371 -0
156050 16549495.3908775 19935762.92278 -5193.01504512113 -1643.53608067221 100 0.593712414600017 -0
156100 16289368.8916559 19853010.7957751 -5212.07935660009 -1666.63570046509 100 0.604366940195597 -0
156150 16028283.9928545 19769090.5374724 -5231.35140768508 -1690.26426171376 100 0.61534233857929 -0
156200 15766230.2511839 19683975.255011 -5250.83343838525 -1714.43972570366 100 0.626651987884194 -0
156250 15503197.1133167 19597637.1376543 -5270.52760797685 -1739.18085320738 100 0.638309972031363 -0
156300 15239173.9202717 19510047.4157409 -5290.43598084956 -1764.50724789014 100 0.650331125350327 -0
156350 14974149.9125448 19421176.3173989 -5310.56051076025 -1790.43940244587 100 0.662731080451247 -0
156400 14708114.2360711 19330993.0228799 -5330.90302331907 -1816.99874765388 100 0.675526319613095 -0
156450 14441055.9491099 19239465.6163644 -5351.46519651239 -1844.2077045601 100 0.688734229975494 -0
156500 14172964.0301583 19146561.0350744 -5372.24853904478 -1872.0897400016 100 0.702373162847168 -0
156550 13903827.3870066 19052245.0155216 -5393.25436625673 -1900.66942570879 50 0.716462497471543 -0
156600 13633634.867064 18956482.0367063 -5414.48377334612 -1929.97250123664 50 0.73102270962017 -0
156650 13362375.269097 18859235.2600678 -5435.93760558963 -1960.02594099391 50 0.746075445417386 -0
156700 13090037.3565388 18760466.4659753 -5457.61642522411 -1990.85802565844 50 0.761643600835335 -0
156750 12816609.8725462 18660135.9865321 -5479.52047460704 -2022.49841828617 50 0.777751407337247 -0
156800 12542081.5569995 18558202.6344499 -5501.64963522985 -2054.97824544286 50 0.794424524189032 -0
156850 12266441.165666 18454623.6277337 -5524.0033821058 -2088.33018370907 50 0.811690138004942 -0
156900 11989677.4917708 18349354.5098999 -5546.58073299615 -2122.58855193189 50 0.829577070142543 -0
156950 11711779.3902469 18242349.0654292 -5569.38019187232 -2157.78940962024 50 0.848115892615718 -0
157000 11432735.8049714 18133559.2301379 -5592.39968593764 -2193.97066190486 50 0.867339053252057 -0
157050 11152535.7993264 18022934.9961279 -5615.63649544804 -2231.17217150814 50 0.887281010882896 -0
157100 10871168.5904666 17910424.3109527 -5639.08717547614 -2269.43587819315 50 0.907978381420579 -0
157150 10588623.5877204 17795972.9706143 -5662.7474686555 -2308.80592618488 50 0.929470095748138 -0
157200 10304890.4356013 17679524.505979 -5686.61220782013 -2349.32880007907 50 0.951797570421436 -0
157250 10019959.0619649 17561020.0621741 -5710.67520731622 -2391.05346977378 50 0.975004892262584 -0
157300 9733819.7319126 17440398.2705011 -5734.92914160701 -2434.03154497668 50 0.9991390180056 -0
157350 9446463.10811362 17317595.1123729 -5759.36540961395 -2478.31743985264 50 1.02424999023998 -0
157400 9157880.31830394 17192543.7747522 -5783.97398303716 -2523.96854838322 50 1.05039117098403 -0
157450 8868063.03080976 17065174.4965432 -5808.7432366696 -2571.04543100694 50 1.07761949430544 -0
157500 8577003.53905189 16935414.4053573 -5833.65975846149 -2619.61201309577 50 1.10599573948999 -0
157550 8284694.85610525 16803187.3440478 -5858.70813679856 -2669.73579579548 50 1.13558482633609 -0
157600 7991130.82052321 16668413.6863836 -5883.8707221256 -2721.48807970957 50 1.16645613422038 -0
157650 7696306.21478874 16531010.1412089 -5909.12735967085 -2774.9442018354 50 1.19868384663046 -0
157700 7400216.89792747 16390889.5444181 -5934.45508960102 -2830.18378605771 50 1.23234732288906 -0
157750 7102859.9540125 16247960.6380634 -5959.82781045508 -2887.29100736243 50 1.26753149878849 -0
157800 6804233.85851229 16102127.8359088 -5985.21590116152 -2946.35486974076 50 1.30432731780353 -0
157850 6504338.66468219 15953290.9747519 -6010.58579632997 -3007.46949749808 50 1.3428321944379 -0
157900 6203176.2124831 15801345.0508573 -6035.89950881886 -3070.73443934761 50 1.3831505110633 -0
157950 5900750.36282907 15646179.9408866 -6061.11409280588 -3136.25498423553 50 1.42539414930401 -0
158000 5597067.26032613 15487680.1067762 -6086.18103972275 -3204.14248728831 50 1.46968305656945 -0
158050 5292135.62806979 15325724.2841109 -6111.04559845169 -3274.514703564 50 1.51614584769862 -0
158100 4985967.09852529 15160185.1536797 -6135.64601011348 -3347.49612639109 50 1.56492044079797 -0
158150 4678576.58502698 14990928.9960884 -6159.91264660309 -3423.21832594589 50 1.61615472515842 -0
158175 4524428.74348713 14904863.4059209 -6171.89665240662 -3462.15034992016 50 1.6427433643211 -0
158200 4369982.69903445 14817815.3294968 -6183.76704076687 -3501.82028225548 50 1.67000725754945 -0
158225 4215241.43280354 14729766.0878583 -6195.51244311865 -3542.24670578218 50 1.69796800919152 -0
158250 4060208.21876176 14640696.5312205 -6207.12079463336 -3583.44870528941 50 1.72664798101853 -0
158275 3904886.64163382 14550587.0263146 -6218.57929236977 -3625.44587609664 50 1.75607031528413 -0
158300 3749280.61590392 14459417.4435239 -6229.87435089546 -3668.25833196703 50 1.7862589577058 -0
158325 3593394.40596047 14367167.1438319 -6240.99155523541 -3711.90671223233 50 1.81723868022894 -0
158350 3437232.64745199 14273814.9656038 -6251.91561099754 -3756.41218798273 50 1.84903510341156 -0
158375 3280800.36992688 14179339.211226 -6262.63029152021 -3801.79646715736 50 1.8816747182414 -0
158400 3124103.02083329 14083717.633635 -6273.11838188048 -3848.08179835107 50 1.91518490716872 -0
158425 2967146.49095985 13986927.4227682 -6283.36161959783 -3895.29097313131 50 1.94959396410466 -0
158450 2809937.14140179 13888945.1919784 -6293.34063186328 -3943.44732663466 50 1.98493111309878 -0
158475 2652481.83214163 13789746.9644579 -6303.03486912063 -3992.57473618588 50 2.02122652536774 -0
158500 2494787.9523377 13689308.1597235 -6312.42253482425 -4042.6976176527 50 2.05851133430088 -0
158525 2336863.45241845 13587603.5802257 -6321.4805111966 -4093.84091921741 50 2.09681764801648 -0
158550 2178716.87808454 13484607.3981487 -6330.18428080941 -4146.03011221038 50 2.13617855898458 -0
158575 2020357.4063255 13380293.1424804 -6338.50784381479 -4199.29117861186 50 2.17662815016763 -0
158600 1861794.88356173 13274633.6864414 -6346.42363065783 -4253.65059478548 50 2.21820149705801 -0
158625 1703039.86602688 13167601.2353724 -6353.90241010974 -4309.13531096008 50 2.26093466491177 -0
158650 1544103.66250938 13059167.315193 -6360.91319247215 -4365.77272592568 50 2.30486470038895 -0
158675 1384998.37957574 12949302.7615601 -6367.42312781866 -4423.59065635394 50 2.35002961671288 -0
158700 1225736.96940098 12837977.7098654 -6373.39739915982 -4482.61730009334 50 2.39646837135252 -0
158725 1066333.28033438 12725161.5862349 -6378.79911044419 -4542.88119272436 50 2.44422083511266 -0
158750 906802.110330366 12610823.0997061 -6383.58916934035 -4604.41115658995 50 2.49332775138621 -0
158775 747159.263375221 12494930.2357822 -6387.72616478588 -4667.23624144153 50 2.5438306841799 -0
158800 587421.609040245 12377450.251585 -6391.16623933861 -4731.38565576026 50 2.595771953369 -0
158825 427607.145290141 12258349.6728519 -6393.86295642567 -4796.8886877284 50 2.64919455546797 -0
158850 267735.064672298 12137594.2930494 -6395.76716265825 -4863.77461473514 50 2.70414206802208 -0
158875 107825.824007344 12015149.1749049 -6396.82684546571 -4932.07260020681 50 2.76065853552925 -0
158900 -52098.7823062463 11890978.6546895 -6396.98698640488 -5001.81157645318 50 2.81878833459381 -0
158925 -212015.545271011 11765046.3496191 -6396.18941061965 -5073.02011211995 25 2.87857601579296 -0
158950 -371899.760463995 11637315.1687776 -6394.37263306644 -5145.72626273473 25 2.94006611950662 -2.41691541948189e-304
158975 -531725.143333365 11507747.3280039 -6391.47170228337 -5219.95740273022 25 3.00330296272141 -6.08422978999329e-297
159000 -691463.740568399 11376304.369228 -6387.41804266935 -5295.7400372272 25 3.06833039357546 -1.4286013664778e-289
159025 -851085.837519905 11242947.1847847 -6382.13929645573 -5373.09959176245 25 3.13519151016416 -3.11277915787581e-282
159050 -1010559.8616807 11107636.0472786 -6375.55916680048 -5452.06017805795 25 3.20392833988554 -6.25998100748074e-275
159075 -1169852.28227499 10970330.6456257 -6367.59726371671 -5532.64433384939 25 3.27458147537283 -1.15536903055294e-267
159100 -1328927.50605218 10830990.1279446 -6358.16895486585 -5614.87273473131 25 3.3471896628513 -1.9453666138782e-260
159125 -1487747.76943583 10689573.1520229 -6347.18522360414 -5698.76387593723 25 3.42178933857652 -2.96957454545104e-253
159150 -1646273.02724298 10546037.9441366 -6334.55253707129 -5784.33372196369 25 3.49841410887639 -4.08264333129199e-246
159175 -1804460.83826449 10400342.367053 -6320.1727275546 -5871.59532197556 25 3.5770941692454 -5.02045670504663e-239
159200 -1962266.2480836 10252443.998096 -6303.94289085077 -5960.55838900553 25 3.65785565794697 -5.48216124200994e-232
159225 -2119641.66960977 10102300.2182046 -6285.75530588188 -6051.22884109451 25 3.74071993969123 -5.27552658627616e-225
159250 -2276536.76191833 9949868.31295495 -6265.49738039942 -6143.60830272502 25 3.82570281519904 -4.43838256540817e-218
159275 -2432898.30811496 9795105.58655854 -6243.05162822782 -6237.69356518979 25 3.9128136528696 -3.23745243377787e-211
159300 -2588670.09308838 9637969.4898741 -6218.29568415093 -6333.4760049296 25 4.00205443937444 -2.0295825576222e-204
159325 -2743792.7821756 9478417.76349227 -6191.10236322178 -6430.94095938395 25 4.09341874684421 -1.08358921517591e-197
159350 -2898203.80194236 9316408.5969538 -6161.33977196668 -6530.06706054509 25 4.18689061544097 -4.88008705341614e-191
159375 -3051837.22447666 9151900.8051482 -6128.87147964032 -6630.82552720774 25 4.28244335156283 -1.83553139737166e-184
159400 -3204623.65680533 8984854.02290308 -6093.55675834938 -6733.17941788455 25 4.38003824375854 -5.70618963570385e-178
159425 -3356490.13727236 8815228.91871089 -6055.2509014678 -6837.08284752761 25 4.47962320068512 -1.45033660113321e-171
159450 -3507360.0409591 8642987.42844462 -6013.80563028471 -6942.48017257704 25 4.5811313181665 -2.98005828064986e-165
159475 -3657152.99648107 8468093.00978111 -5969.06959921238 -7049.30515046114 25 4.68447938564522 -4.89232004470963e-159
159500 -3805784.81675646 8290510.9178755 -5920.88901008828 -7157.48008150737 25 4.78956634609027 -6.33935908598437e-153
159525 -3953167.4466056 8110208.50260551 -5869.10834607342 -7266.9149432894 25 4.89627172774614 -6.40219511367743e-147
159550 -4099208.93029924 7927155.52742594 -5813.57123531529 -7377.5065297237 25 5.00445407096926 -4.97378554533665e-141
159575 -4243813.40242011 7741324.50953486 -5754.12145383478 -7489.13760971662 25 5.1139493787605 -2.93260971348891e-135
159600 -4386881.10562489 7552691.0806504 -5690.60407593833 -7601.67612281114 25 5.22456962538599 -1.29414762707569e-129
159625 -4528308.43908163 7361234.36722623 -5622.86677876932 -7714.97443203373 25 5.33610136355962 -4.2136232607442e-124
159650 -4667988.04149557 7166937.38839455 -5550.7613053224 -7828.86865691443 25 5.44830447685668 -9.97439936477491e-119
159675 -4805808.91270877 6969787.46931668 -5474.14508728058 -7943.17811234298 25 5.56091113009625 -1.69099842333726e-113
159700 -4941656.57784856 6769776.66694861 -5392.88302534451 -8057.70488139655 25 5.67362497605667 -2.02188215279632e-108
159725 -5075413.29788738 6566902.20449818 -5306.8494202721 -8172.23355237127 25 5.78612068169096 -1.67856414912751e-103
159750 -5206958.33024343 6361166.91007409 -5215.93004263352 -8286.53115178416 25 5.89804384053707 -9.52370999289722e-99
159775 -5336168.24267905 6152579.65422158 -5120.02432335042 -8400.34730587687 25 6.00901133976494 -3.6341631395949e-94
159800 -5462917.28322425 5941155.78022677 -5019.04764051781 -8513.41466292687 25 6.11861224972299 -9.1776384589377e-90
159825 -5587077.8081533 5726917.52027909 -4912.93367095337 -8625.44960722927 25 6.22640930038746 -1.50927525491251e-85
159850 -5708520.76916176 5509894.38984285 -4801.63676759706 -8736.15329274114 25 6.33194100225438 -1.59044042313547e-81
159875 -5827116.25982817 5290123.55194114 -4685.13431658278 -8845.21301989431 25 6.43472445850234 -1.05689611396593e-77
159900 -5942734.12020185 5067650.14254217 -4563.42902087921 -8952.3039728517 25 6.53425890038713 -4.35974155625723e-74
159912.5 -5999385.8561297 4955416.32799906 -4500.63360661692 -9005.00685186885 25 6.58264740000496 -2.33029997798453e-72
159925 -6055244.59701212 4842527.54787875 -4436.55105129789 -9057.09132635282 25 6.63002995864876 -1.0992211545087e-70
159937.5 -6110294.30398319 4728991.80069824 -4371.18973893014 -9108.51438547661 25 6.67634097507705 -4.56739969413316e-69
159950 -6164519.05509631 4614817.62456012 -4304.56000063588 -9159.23272204571 25 6.7215146607928 -1.66865356682755e-67
159962.5 -6217903.06995356 4500014.10025876 -4236.67416021687 -9209.20282909348 25 6.76548523297278 -5.35050216191773e-66
159975 -6270430.73486947 4384590.8531477 -4167.54657399743 -9258.38110144046 25 6.80818711649626 -1.50310390883116e-64
159987.5 -6322086.62849431 4268558.05370825 -4097.19366442893 -9306.72394189186 25 6.84955515424403 -3.69320025410437e-63
160000 -6372855.5478159 4151926.41676353 -4025.63394695761 -9354.18787169275 25 6.88952482471489 -7.92335792618891e-62
160012.5 -6422722.53445266 4034707.19928749 -3952.88804968292 -9400.7296448055 25 6.92803246588509 -1.48184503720711e-60
160025 -6471672.90114497 3916912.19676407 -3878.97872536397 -9446.30636552107 25 6.96501550411922 -2.41213028647297e-59
160037.5 -6519692.25834673 3798553.73805819 -3803.93085537007 -9490.87560886384 25 7.00041268682993 -3.41228136983021e-58
160050 -6566766.540814 3679644.67876721 -3727.77144521447 -9534.39554320098 25 7.03416431748194 -4.18892298908971e-57
160062.5 -6612882.03408357 3560198.39302935 -3650.52961136114 -9576.82505442189 25 7.06621249144374 -4.45623290295728e-56
160075 -6658025.40073073 3440228.76377351 -3572.23655905015 -9618.12387101223 25 7.09650133111122 -4.10264887722138e-55
160087.5 -6702183.70629268 3319750.17140376 -3492.92555094864 -9658.25268931123 25 7.12497721866253 -3.26471009348869e-54
160100 -6745344.44474201 3198777.48092081 -3412.63186650092 -9697.17329821059 25 7.1515890247552 -2.24281092917616e-53
160112.5 -6787495.56339367 3077326.02749228 -3331.39275192199 -9734.84870253021 25 7.17628833144531 -1.32869347405218e-52
160125 -6828625.48712835 2955411.60049297 -3249.24736085286 -9771.24324428938 25 7.19902964759763 -6.78095556046901e-52
160137.5 -6868723.14181621 2833050.42604666 -3166.23668577322 -9806.3227210838 25 7.21977061506375 -2.97834811040182e-51
160150 -6907777.97682632 2710259.14811028 -3082.40348034576 -9840.05450077821 25 7.23847220393566 -1.12486048504862e-50
160162.5 -6945779.98651008 2587054.8081516 -2997.79217294595 -9872.40763173312 25 7.25509889523306 -3.65020561751514e-50
160175 -6982719.73055027 2463454.82348094 -2912.44877171029 -9903.35294780044 25 7.2696188494559 -1.01701133093895e-49
160187.5 -7018588.35307235 2339476.96430706 -2826.42076151412 -9932.86316734919 25 7.28200405952726 -2.43140146989662e-49
160200 -7053377.60042006 2215139.32959619 -2739.75699336529 -9960.91298561639 25 7.2922304867664 -4.98518862990353e-49
160212.5 -7087079.83750384 2090460.32182184 -2652.50756677182 -9987.47915972132 25 7.30027817866494 -8.76217166644536e-49
160225 -7119688.06263822 1965458.62070107 -2564.72370570894 -10012.5405857321 25 7.30613136739074 -1.3197705877114e-48
160237.5 -7151195.9207923 1840153.15601993 -2476.45762887214 -10036.0783672319 25 7.30977854811054 -1.70307361201619e-48
160250 -7181597.71518655 1714563.07965758 -2387.76241495792 -10058.0758748977 25 7.31121253640311 -1.88256162807373e-48
160262.5 -7210888.41717862 1588707.73692405 -2298.69186376109 -10078.5187966745 25 7.31043050422547 -1.78245779209775e-48
160275 -7239063.67439099 1462606.63733139 -2209.30035391683 -10097.3951782059 25 7.30743399409444 -1.44563298935365e-48
160287.5 -7266119.81704391 1336279.42492172 -2119.64269814583 -10114.6954532605 25 7.30222891134986 -1.00443314302557e-48
160300 -7292053.86246786 1209745.8482785 -2029.77399688232 -10130.4124639783 25 7.29482549457236 -5.98004536530572e-49
160312.5 -7316863.51778093 1083025.7303488 -1939.74949117595 -10144.5414708452 25 7.28523826443389 -3.05172379096351e-49
160325 -7340547.1807275 956138.938205208 -1849.62441576079 -10157.0801523905 25 7.2734859514604 -1.33542751056733e-49
160337.5 -7363103.93868605 829105.352875332 -1759.45385317674 -10168.0285946869 25 7.25959140337962 -5.01356392839108e-50
160350 -7384533.56586453 701944.839365529 -1669.2925898116 -10177.3892708157 25 7.24358147291123 -1.61577136353099e-50
160362.5 -7404836.51871267 574677.21700278 -1579.19497470559 -10185.1670105419 25 7.22548688702717 -4.47316426851101e-51
160375 -7424013.92959089 447322.230215183 -1489.21478192548 -10191.3689605194 25 7.20534209886647 -1.06459300526221e-51
160387.5 -7442067.5987451 319899.51986707 -1399.4050772724 -10196.0045354187 25 7.18318512362742 -2.17999412682079e-52
160400 -7458999.98464629 192428.595259395 -1309.8180900375 -10199.0853604369 25 7.15905735988021 -3.84445776558071e-53
160412.5 -7474814.19276202 64928.8068999295 -1220.50509046292 -10200.6252057087 25 7.13300339784342 -5.84471013025862e-54
160425 -7489513.96283491 -62580.6798590009 -1131.516273504 -10200.6399131894 25 7.10507081624641 -7.66854370432813e-55
160437.5 -7503103.65475046 -190080.910224971 -1042.90064942193 -10199.1473166283 25 7.07530996945782 -8.6934366049069e-56
160450 -7515588.23308231 -317553.164329769 -954.70594166645 -10196.1671552845 25 7.04377376659604 -8.5258344099221e-57
160462.5 -7526973.25040865 -444978.980479619 -866.978492436121 -10191.7209820711 25 7.01051744435278 -7.24298288882965e-58
160475 -7537264.82949783 -572340.177226017 -779.763176229855 -10185.8320668305 25 6.97559833525507 -5.33740854567844e-59
160487.5 -7546469.64446461 -699618.874200829 -693.103321629928 -10178.5252954593 25 6.93907563306574 -3.41665125543196e-60
160500 -7554594.90100096 -826797.511668264 -607.040641483199 -10169.8270656041 25 6.90101015697922 -1.90273807654075e-61
160512.5 -7561648.31578728 -953858.868755377 -521.61517157573 -10159.7651796506 25 6.8614641162088 -9.23296445413482e-63
160525 -7567638.09519018 -1080786.08033171 -436.865217826651 -10148.3687357135 25 6.82050087648699 -3.91008338325974e-64
160537.5 -7572572.91335335 -1207562.65251745 -352.827311960975 -10135.6680173236 25 6.77818472991156 -1.44755232302285e-65
160550 -7576461.88978677 -1334172.47680805 -269.536175558693 -10121.6943824827 25 6.73458066947089 -4.69274470848577e-67
160562.5 -7579314.56655808 -1460599.84281144 -187.024692319451 -10106.4801527301 25 6.68975416947357 -1.33451615638242e-68
160575 -7581140.88518756 -1586829.44960185 -105.323888328862 -10090.0585028329 25 6.64377097299186 -3.33504876849021e-70
160587.5 -7581951.16334507 -1712846.41570165 -24.4629200644548 -10072.4633516725 25 6.5966968873078 -7.33761744274755e-72
160600 -7581756.07144387 -1838636.28770964 55.5309301634377 -10053.7292548649 25 6.54859758822771 -1.42393434211327e-73
160625 -7578394.08244014 -2089479.11868125 212.817496239896 -10012.985002106 25 6.44958428944848 -3.70765484763221e-77
160650 -7571146.44890466 -2339251.12209843 366.354773623527 -9968.11099825321 25 6.34724704224119 -5.97894251937489e-81
160675 -7560108.86138878 -2587852.6622155 515.990887682143 -9919.39626592185 25 6.2420889019186 -6.06597259388591e-85
160700 -7545380.45220578 -2835191.34565247 661.602190101475 -9867.13071261737 25 6.13459563409232 -3.93424877019061e-89
160725 -7527063.10456948 -3081182.01023058 803.092031216363 -9811.60251439889 25 6.02523207127809 -1.65768661164673e-93
160750 -7505260.79548248 -3325746.65196347 940.389297166878 -9753.09578708247 25 5.91443919592281 -4.61146713639004e-98
160775 -7480078.97755317 -3568814.29753317 1073.44676748493 -9691.88855466313 25 5.80263192043933 -8.60751725999871e-103
160800 -7451624.00356767 -3810320.82970875 1202.23934550782 -9628.25101576857 25 5.69019751934257 -1.09542677733078e-107
160825 -7420002.59638581 -4050208.77308904 1326.76220962977 -9562.44410147108 25 5.57749465727243 -9.65719714718585e-113
160850 -7385321.36559344 -4288427.04730535 1447.0289282242 -9494.71831173136 25 5.46485294928436 -5.99078111821957e-118
160875 -7347686.37134223 -4524930.69444127 1563.06957544407 -9425.3128131028 25 5.35257298586033 -2.65563334265989e-123
160900 -7307202.73495003 -4759680.58694784 1674.92887933226 -9354.45477700086 25 5.24092675412393 -8.54003773986709e-129
160925 -7263974.29512069 -4992643.12178622 1782.66442799139 -9282.35893570923 25 5.13015838818333 -2.02192318510225e-134
160950 -7218103.30806641 -5223789.90594362 1886.34495415956 -9209.2273321975 25 5.02048518482455 -3.57542278205421e-140
160975 -7169690.189371 -5453097.43786535 1986.04871355031 -9135.24923959694 25 4.91209882542232 -4.78873502839191e-146
161000 -7118833.2951048 -5680546.78874698 2081.86196782942 -9060.60122665285 25 4.80516675046715 -4.92422027236365e-152
161025 -7065628.73948137 -5906123.28705012 2173.87757916496 -8985.44734648583 25 4.69983363913142 -3.93897911801238e-158
161050 -7010170.24621544 -6129816.20905533 2262.19371991568 -8909.93942740335 25 4.59622295249185 -2.48241888911202e-164
161075 -6952549.03068907 -6351618.47775524 2346.9126982043 -8834.2174461796 25 4.49443850513621 -1.24776837121493e-170
161100 -6892853.71004396 -6571526.37192362 2428.13989782842 -8758.40996605731 25 4.39456603571888 -5.06160470593469e-177
161125 -6831170.23838021 -6789539.24677649 2505.9828291489 -8682.63462362951 25 4.29667475245992 -1.67598926177642e-183
161150 -6767581.86434381 -7005659.2672692 2580.55028621424 -8606.99865066166 25 4.20081883452095 -4.57955386209781e-190
161175 -6702169.10851714 -7219891.15474789 2651.95160437676 -8531.59941876058 25 4.10703887459324 -1.04350165657318e-196
161200 -6635009.75817928 -7432241.94739377 2720.29601197709 -8456.52499654663 25 4.01536325188554 -2.00282093296965e-203
161225 -6566178.87716924 -7642720.7746607 2785.69206926675 -8381.85471061236 25 3.92580942801049 -3.26923841082226e-210
161250 -6495748.82875864 -7851338.64570716 2848.24718755495 -8307.6597030387 25 3.83838516106623 -4.58039294547135e-217
161275 -6423789.30961615 -8058108.25166056 2908.06722156169 -8234.00347957954 25 3.75308963553158 -5.5568806404194e-224
161300 -6350367.39311989 -8263043.7814194 2965.25612809505 -8160.94244381686 25 3.66991450748312 -5.88682899846174e-231
161325 -6275547.58044331 -8466160.7505949 3019.91568441291 -8088.52641363374 25 3.58884486614963 -5.48956841065938e-238
161350 -6199391.85800225 -8667475.84311398 3072.14525994787 -8016.79911725941 25 3.50986011399029 -4.54073169464719e-245
161375 -6121959.76000417 -8867006.76494676 3122.0416354466 -7945.7986669172 25 3.43293476836583 -3.35594135432696e-252
161400 -6043308.43498436 -9064772.10938104 3169.69886397899 -7875.55800876501 25 3.35803918850946 -2.231644606406e-259
161425 -5963492.71534751 -9260791.23324053 3215.20816869383 -7806.10534836805 25 3.28514023193825 -1.34411376638676e-266
161450 -5882565.18905524 -9455084.14343043 3258.65787262303 -7737.4645513989 25 3.21420184471045 -7.3788399050769e-274
161475 -5800576.27271308 -9647671.39319124 3300.13335625553 -7669.65551962982 25 3.14518559006391 -3.71441230424436e-281
161500 -5717574.28541166 -9838573.98744702 3339.71703900844 -7602.69454257877 25 3.07805111999151 -1.72434703416392e-288
161525 -5633605.52276908 -10027813.2966464 3377.48838111048 -7536.59462540285 25 3.01275659424649 -7.42255560699013e-296
161550 -5548714.33070393 -10215410.9785119 3413.52390277864 -7471.36579381125 25 2.94925905114343 -2.9779851787267e-303
161575 -5462943.17854201 -10401388.9071344 3447.89721791042 -7407.01537690082 25 2.88751473434661 -1.13169547325631e-310
161600 -5376332.73112521 -10585769.1088722 3480.67907983024 -7343.54826891101 25 2.82747937963058 -0
161625 -5288921.91964898 -10768573.7045422 3511.93743691876 -7280.96717095486 25 2.76910846536921 -0
161650 -5200748.01100568 -10949824.8574149 3541.73749621922 -7219.2728138175 50 2.71235743026899 -0
161675 -5111846.67545553 -11129544.7265541 3570.14179335524 -7158.46416292603 50 2.65718186161619 -0
161700 -5022252.05248618 -11307755.4250699 3597.21026731133 -7098.53860659038 50 2.60353765706278 -0
161725 -4931996.8147551 -11484478.9828798 3623.00033882265 -7039.49212859671 50 2.55138116273538 -0
161750 -4841112.23003856 -11659737.3135996 3647.56699129424 -6981.3194662068 50 2.50066929021942 -0
161775 -4749628.22113588 -11833552.1852129 3670.96285332547 -6924.01425458045 50 2.45135961474888 -0
161800 -4657573.42369865 -12005945.1941919 3693.23828205275 -6867.56915859631 50 2.40341045672195 -0
161825 -4564975.2419734 -12176937.7427651 3714.44144664487 -6811.97599300093 50 2.35678094846551 -0
161850 -4471859.90246076 -12346551.019053 3734.61841139264 -6757.22583176749 50 2.31143108798756 -0
161875 -4378252.50550745 -12514805.9798111 3753.81321792791 -6703.30910749679 50 2.26732178128591 -0
161900 -4284177.07485769 -12681723.3355416 3772.0679661891 -6650.21570164299 50 2.22441487462391 -0
161925 -4189656.60519956 -12847323.5377539 3789.42289382182 -6597.93502629785 50 2.18267317803921 -0
161950 -4094713.10774839 -13011626.7681715 3805.91645376484 -6546.45609821878 50 2.1420604812193 -0
161975 -3999367.65391546 -13174652.9296992 3821.5853898255 -6495.76760573953 50 2.10254156275654 -0
162000 -3903640.41711395 -13336421.6389802 3836.46481009438 -6445.85796915717 50 2.06408219368554 -0
162025 -3807550.71275772 -13496952.2203875 3850.58825808876 -6396.71539514632 50 2.02664913610635 -0
162050 -3711117.03651076 -13656263.7013058 3863.98778154815 -6348.32792571056 50 1.99021013760679 -0
162075 -3614357.10084663 -13814374.8085745 3876.69399883354 -6300.68348214243 50 1.95473392211577 -0
162100 -3517287.86997811 -13971303.9659712 3888.7361629065 -6253.76990442698 50 1.92019017774681 -0
162125 -3419925.59321772 -14127069.2926281 3900.14222288434 -6207.57498648981 50 1.88654954212474 -0
162150 -3322285.83682953 -14281688.6022813 3910.93888318444 -6162.08650765851 50 1.85378358563 -0
162175 -3224383.51443218 -14435179.4032627 3921.1516602851 -6117.29226067666 50 1.82186479294208 -0
162200 -3126232.91601239 -14587558.8991527 3930.80493714105 -6073.18007658185 50 1.79076654321649 -0
162225 -3027847.73560675 -14738843.9900187 3939.92201530173 -6029.73784673339 50 1.76046308918774 -0
162250 -2929241.09770888 -14889051.274171 3948.52516478707 -5986.95354225159 50 1.7309295354532 -0
162275 -2830425.58245697 -15038197.0503752 3956.6356717817 -5944.81523110849 50 1.70214181615947 -0
162300 -2731413.2496556 -15186297.3204649 3964.27388421235 -5903.31109308932 50 1.67407667228337 -0
162325 -2632215.6616839 -15333367.7923037 3971.45925527669 -5862.42943282551 50 1.6467116286732 -0
162350 -2532843.90534034 -15479423.8830507 3978.21038499381 -5822.15869108251 50 1.62002497099305 -0
162400 -2333619.98079371 -15768553.1577376 3990.48029062605 -5743.4044636972 50 1.56860362211128 -0
162450 -2133821.42653889 -16053802.8071572 4001.21679880486 -5666.95899423014 50 1.51965325599929 -0
162500 -1933521.82009295 -16335286.0889315 4010.54180904397 -5592.73552911264 50 1.47302522269338 -0
162550 -1732788.90492116 -16613111.9926255 4018.56694633362 -5520.65011810173 50 1.42858089372454 -0
162600 -1531685.08056955 -16887385.3822624 4025.39448974255 -5450.62170017257 50 1.38619099196576 -0
162650 -1330267.84857079 -17158207.1420057 4031.11821422767 -5382.57214587451 50 1.34573495334549 -0
162700 -1128590.21826579 -17425674.3230578 4035.8241534456 -5316.42626501402 50 1.307100322644 -0
162750 -926701.07630757 -17689880.2902312 4039.59129081778 -5252.11178696939 50 1.27018218436759 -0
162800 -724645.523264774 -17950914.8669792 4042.49218554807 -5189.55931964341 50 1.23488262879236 -0
162850 -522465.180421166 -18208864.4779444 4044.59353974531 -5128.7022919811 50 1.20111025261531 -0
162900 -320198.469573183 -18463812.2883081 4045.95671227566 -5069.47688408247 50 1.16877969318741 -0
162950 -117880.868358833 -18715838.3394047 4046.63818446903 -5011.82194819664 50 1.13781119498807 -0
163000 84454.856592967 -18965019.6802147 4046.6899823335 -4955.67892326735 50 1.10813020679714 -0
163050 286778.436625197 -19211430.4944704 4046.16005949528 -4900.99174518999 50 1.07966700790236 -0
163100 489061.90626095 -19455142.2232028 4045.09264467871 -4847.70675451886 50 1.05235636162526 -0
163150 691279.424971646 -19696223.6826415 4043.52855717178 -4795.77260301569 50 1.02613719444049 -0
163200 893407.113983584 -19934741.177435 4041.50549338533 -4745.14016014388 50 1.00095229898942 -0
163250 1095422.90674876 -20170758.6092136 4039.0582873077 -4695.76242037714 50 0.976748059338485 -0
163300 1297306.41183891 -20404337.5805531 4036.21914737872 -4647.59441199791 50 0.95347419689919 -0
163350 1499038.78714165 -20635537.4944254 4033.01787205593 -4600.59310790211 50 0.931083535502976 -0
163400 1700602.62434516 -20864415.6492487 4029.48204611869 -4554.71733879764 50 0.909531784207208 -0
163450 1901981.84279544 -21091027.3296637 4025.637219552 -4509.92770907824 50 0.888777336494119 -0
163500 2103161.59189704 -21315425.8931738 4021.50707066757 -4466.18651556903 50 0.868781084610705 -0
163550 2304128.16130721 -21537662.8527976 4017.11355495447 -4423.45766927065 50 0.849506247882464 -0
163600 2504868.89824411 -21757787.9558855 4012.47704100282 -4381.70662017348 50 0.830918213916232 -0
163650 2705372.1312935 -21975849.259254 4007.61643471093 -4340.90028516919 50 0.812984391686398 -0
163700 2905627.10015585 -22191893.2007924 4002.54929286588 -4301.00697905153 50 0.795674075573935 -0
163750 3105623.8908274 -22405964.6676975 3997.29192708038 -4261.99634857071 50 0.778958319498648 -0
163800 3305353.37575574 -22618107.0614849 3991.85949897187 -4223.83930948489 50 0.76280982035161 -0
163850 3504807.15855216 -22828362.3599264 3986.26610738333 -4186.50798653533 50 0.747202809997065 -0
163900 3703977.52288124 -23036771.1760588 3980.52486836728 -4149.97565626058 50 0.732112955170948 -0
163950 3902857.38518249 -23243372.8144007 3974.6479885845 -4114.21669255571 50 0.717517264657004 -0
164000 4101440.25090964 -23448205.3245149 3968.6468327064 -4079.20651487727 50 0.703394003171236 -0
164050 4299720.17400138 -23651305.5520451 3962.53198535343 -4044.92153899066 100 0.689722611431383 -0
164100 4497691.71932252 -23852709.1873504 3956.3133080511 -4011.33913015489 100 0.676483631930563 -0
164150 4695349.92783756 -24052450.8118589 3949.99999163974 -3978.43755863917 100 0.663658639973196 -0
164200 4892690.28429945 -24250563.9422525 3943.600604533 -3946.19595746652 100 0.651230179567269 -0
164250 5089708.68725498 -24447081.0725928 3937.12313718323 -3914.59428228102 100 0.639181703799976 -0
164300 5286401.42118542 -24642033.7144911 3930.57504307831 -3883.61327323763 100 0.627497519354038 -0
164350 5482765.1306166 -24835452.4354213 3923.96327656508 -3853.23441881616 100 0.616162734849816 -0
164400 5678796.79604631 -25027366.8952701 3917.29432776683 -3823.43992146409 100 0.605163212723795 -0
164450 5874493.71155015 -25217805.8812126 3910.57425483839 -3794.21266497633 100 0.594485524377403 -0
164500 6069853.46393819 -25406797.3409989 3903.80871378019 -3765.53618352338 100 0.584116908351512 -0
164550 6264873.91334554 -25594368.414731 3897.0029860126 -3737.39463224327 100 0.574045231301638 -0
164600 6459553.17514952 -25780545.4652074 3890.16200389424 -3709.77275931597 100 0.564258951566794 -0
164650 6653889.60311483 -25965354.1069061 3883.29037435124 -3682.65587944294 100 0.554747085141478 -0
164700 6847881.77367622 -26148819.233676 3876.39240077021 -3656.02984865789 100 0.545499173875335 -0
164750 7041528.47127522 -26330965.0451998 3869.47210329376 -3629.88104039858 100 0.536505255738928 -0
164800 7234828.67467455 -26511815.0722911 3862.53323764599 -3604.19632277286 100 0.52775583700669 -0
164850 7427781.54417928 -26691392.2010836 3855.5793126038 -3578.96303695546 100 0.519241866219816 -0
164900 7620386.40970013 -26869718.6961661 3848.61360622035 -3554.16897665551 100 0.510954709802483 -0
164950 7812642.75959868 -27046816.2227179 3841.63918089774 -3529.80236859768 100 0.502886129214605 -0
165000 8004550.23025933 -27222705.867691 3834.658897398 -3505.8518539631 100 0.495028259533302 -0
165050 8196108.59633697 -27397408.1600887 3827.67542787366 -3482.30647073877 100 0.487373589363506 -0
165100 8387317.76163331 -27570943.0903818 3820.69126799282 -3459.15563692727 100 0.479914941985702 -0
165150 8578177.75055815 -27743330.1291077 3813.70874822714 -3436.389134571 100 0.472645457655773 -0
165250 8958850.85252734 -28084735.9204476 3799.75718731551 -3391.96998207776 100 0.458648025282052 -0
165350 9338130.21832272 -28421771.5586388 3785.83646701632 -3348.97399060099 100 0.445332146462692 -0
165450 9716019.63200978 -28754575.8155118 3771.96026895109 -3307.33106167176 100 0.432652781256701 -0
165550 10092524.1542162 -29083280.6828028 3758.14048107257 -3266.97562975556 100 0.420568590602763 -0
165650 10467649.9537626 -29408011.8073895 3744.38741274744 -3227.8463067519 100 0.409041576958076 -0
165750 10841404.1594097 -29728888.8926135 3730.70998267384 -3189.88555864929 100 0.398036764812372 -0
165850 11213794.729196 -30046026.0687394 3717.11588333141 -3153.03941110605 100 0.387521916141438 -0
165950 11584830.3351796 -30359532.2352977 3703.61172511886 -3117.25718107551 100 0.377467276533407 -0
166050 11954520.2616934 -30669511.3777829 3690.20316287654 -3082.49123190325 100 0.367845348292339 -0
166150 12322874.315469 -30976062.8609391 3676.8950071056 -3048.6967495987 100 0.358630687312169 -0
166250 12689902.7462009 -31279281.7006447 3663.69132186844 -3015.83153822792 100 0.349799720932887 -0
166350 13055616.1763076 -31579258.8162148 3650.59551107769 -2983.85583259078 100 0.341330584350362 -0
166450 13420025.5388032 -31876081.2647666 3637.61039464572 -2952.73212653875 100 0.333202973460549 -0
166550 13783142.02233 -32169832.4591367 3624.73827576545 -2922.42501546052 100 0.3253980122854 -0
166650 14144977.0225235 -32460592.370699 3611.98100042231 -2892.90105161486 100 0.317898133357992 -0
166750 14505542.0989786 -32748437.7183096 3599.34001009034 -2864.12861112557 100 0.310686969643471 -0
166850 14864848.9371817 -33033442.1444879 3586.81638844001 -2836.07777157371 100 0.303749256744993 -0
166950 15222909.3148426 -33315676.3798484 3574.41090277733 -2808.72019922964 100 0.297070744293581 -0
167050 15579735.0721346 -33595208.3966991 3562.12404084137 -2782.02904506304 100 0.290638115551101 -0
167150 15935338.0854049 -33872103.5526494 3549.95604350687 -2755.97884875441 100 0.284438914369026 -0
167250 16289730.243971 -34146424.7249882 3537.9069338703 -2730.54545000748 100 0.278461478744629 -0
167350 16642923.4296619 -34418232.4365321 3525.97654313734 -2705.7059065304 100 0.272694880302816 -0
167450 16994929.4988041 -34687584.9735816 3514.16453367861 -2681.43841811397 100 0.267128869107558 -0
167550 17345760.2663856 -34954538.4965673 3502.47041957539 -2657.72225629004 100 0.261753823273284 -0
167650 17695427.4921593 -35219147.1439221 3490.89358493812 -2634.53769910188 100 0.256560702904969 -0
167750 18043942.8684797 -35481463.1296676 3479.43330024658 -2611.8659705619 100 0.251541007946942 -0
167850 18391318.0096817 -35741536.835165 3468.0887369311 -2589.6891844119 100 0.246686739565642 -0
167950 18737564.4428393 -35999416.8954419 3456.85898038827 -2567.99029183575 100 0.241990364731456 -0
168050 19082693.599754 -36255150.2804745 3445.7430416022 -2546.75303280676 100 0.237444783699965 -0
168150 19426716.8100423 -36508782.3717753 3434.73986752239 -2525.96189078007 100 0.233043300124143 -0
168250 19769645.2952047 -36760357.0346043 3423.84835033226 -2505.60205046666 100 0.22877959355664 -0
168350 20111490.16357 -37009916.6861034 3413.0673357269 -2485.65935844847 100 0.224647694125823 -0
168450 20452262.4060239 -37257502.359624 3402.39563030537 -2466.12028641535 200 0.220641959190985 -0
168550 20791972.8924351 -37503153.7655014 3391.83200817121 -2446.97189682341 200 0.216757051801538 -0
168650 21130632.3687064 -37746909.3485083 3381.37521682423 -2428.20181079166 200 0.212987920802239 -0
168750 21468251.4543815 -37988806.3422029 3371.02398241777 -2409.79817806914 200 0.209329782441896 -0
168850 21804840.6407501 -38228880.8203706 3360.77701444726 -2391.74964891924 200 0.205778103356748 -0
168950 22140410.2893942 -38467167.7457445 3350.63300992916 -2374.04534778025 200 0.202328584811998 -0
169050 22474970.6311308 -38703701.0161746 3340.59065712248 -2356.67484857304 200 0.198977148095979 -0
169150 22808531.7653041 -38938513.5084063 3330.64863884014 -2339.62815153741 200 0.195719920971301 -0
169250 23141103.6593916 -39171637.1196131 3320.80563539188 -2322.89566148803 200 0.192553225096161 -0
169350 23472696.1488867 -39403102.8068221 3311.06032719639 -2306.4681673897 200 0.189473564336964 -0
169450 23803318.9374277 -39632940.6243602 3301.4113970962 -2290.33682315983 200 0.186477613900533 -0
169550 24132981.5971446 -39861179.7594364 3291.85753240555 -2274.49312961295 200 0.183562210220635 -0
169650 24461693.5691988 -40087848.5659739 3282.39742671818 -2258.92891746904 200 0.180724341539345 -0
169750 24789464.1644922 -40312974.5967925 3273.02978149927 -2243.63633135325 200 0.177961139129006 -0
169850 25116302.5645258 -40536584.6342381 3263.75330748341 -2228.60781472042 200 0.175269869105257 -0
169950 25442217.8223891 -40758704.7193478 3254.56672589807 -2213.83609564245 200 0.172647924785899 -0
170050 25767218.8638642 -40979360.1796349 3245.46876953018 -2199.31417340179 200 0.170092819554208 -0
170150 26091314.4886288 -41198575.6555713 3236.45818365167 -2185.03530583794 200 0.167602180188835 -0
170250 26414513.371546 -41416375.12584 3227.53372681819 -2170.99299739835 200 0.165173740625575 -0
170350 26736824.0640274 -41632781.9314261 3218.69417155386 -2157.18098784821 200 0.162805336119212 -0
170450 27058254.9954604 -41847818.7986099 3209.93830493354 -2143.59324159727 200 0.16049489777623 -0
170550 27378814.4746879 -42061507.8609219 3201.26492907318 -2130.22393760455 200 0.158240447431579 -0
170650 27698510.6915339 -42273870.6801159 3192.67286153746 -2117.06745982491 200 0.15604009284485 -0
170850 28335345.51167 -42694701.0965986 3175.72800087486 -2091.37148989955 200 0.151794504840392 -0
171050 28968822.6541556 -43110471.8466123 3159.09458350639 -2066.4641713549 200 0.147744549806797 -0
171250 29599003.5155231 -43521336.7753716 3142.76373218092 -2042.30709186126 200 0.143877757186465 -0
171450 30225947.7433287 -43927442.3012307 3126.72683463582 -2018.86435907548 200 0.140182660485029 -0
171650 30849713.2892211 -44328927.8987598 3110.97554393812 -1996.1023949504 200 0.136648700369435 -0
171850 31470356.4618754 -44725926.5427149 3095.50177687893 -1973.98974996987 200 0.133266138600434 -0
172050 32087931.9794471 -45118565.1166602 3080.29771083735 -1952.49693508929 200 0.130025981429272 -0
172250 32702493.0212738 -45506964.7895848 3065.3557794542 -1931.59626944007 200 0.126919911280961 -0
172450 33314091.2786175 -45891241.3634931 3050.66866739324 -1911.26174209549 200 0.12394022570936 -0
172650 33922777.0042861 -46271505.5946287 3036.22930441647 -1891.46888640294 200 0.121079782747531 -0
172850 34528599.0610175 -46647863.4907098 3022.03085895826 -1872.19466556609 200 0.11833195189436 -0
