0 314159000 0 -1173.38230651226 251.344311182816 100 0.00403837820768556 -0
100 314041641.572428 25134.4305794927 -1173.78629523864 251.344295016128 200 0.00404139705706594 -0
300 313806803.44513 75403.2787912176 -1174.59517943001 251.344165464826 400 0.00404744789234819 -0
700 313336641.253899 175940.832399829 -1176.21658699097 251.343515448194 800 0.00405960236525475 -0
1500 312394366.303874 377014.633983933 -1179.47405737965 251.34063525483 1600 0.0040841245915628 -0
3100 310501958.968056 779151.039287909 -1186.04842008718 251.328419495588 1600 0.00413403907954862 -0
4700 308598968.272594 1181260.8451193 -1192.70357310159 251.307332167224 1600 0.00418514682329673 -0
6300 306685263.418117 1583329.59518058 -1199.44144591948 251.277043634172 1600 0.00423748925260025 -0
7900 304760710.46497 1985342.29402202 -1206.26403489786 251.237209461234 1600 0.00429110969402169 -0
9500 302825172.22381 2387283.38272235 -1213.17340630727 251.187469605155 1600 0.00434605347906347 -0
11100 300878508.141195 2789136.71323425 -1220.17169955856 251.127447553469 1600 0.00440236805974736 -0
12700 298920574.17985 3190885.52130706 -1227.26113061498 251.056749406575 1600 0.00446010313219715 -0
14300 296951222.693323 3592512.39789266 -1234.44399560273 250.974962898683 1600 0.00451931076887314 -0
15900 294970302.294697 3993999.25893266 -1241.72267463342 250.881656352857 1600 0.00458004556016804 -0
17500 292977657.719005 4395327.31341758 -1249.09963585373 250.776377564945 1600 0.00464236476614027 -0
19100 290973129.678971 4796477.0295997 -1256.57743973822 250.658652610752 1600 0.0047063284792348 -0
20700 288956554.71368 5197428.09923183 -1264.15874364303 250.527984570253 1600 0.00477199979892365 -0
22300 286927765.029739 5598159.39969402 -1271.84630663942 250.383852162082 1600 0.00483944501928892 -0
23900 284886588.334468 5998648.95385878 -1279.64299464778 250.225708280915 1600 0.00490873383067225 -0
25500 282832847.660618 6398873.88753312 -1287.5517858947 250.05297842964 1600 0.00497993953662685 -0
27100 280766361.182089 6798810.38430194 -1295.57577671741 249.865059037426 1600 0.00505313928753304 -0
28700 278686942.020058 7198433.6375827 -1303.71818774215 249.661315653975 1600 0.00512841433237773 -0
30300 276594398.038912 7597717.79968476 -1311.98237046559 249.441081009229 1600 0.0052058502903533 -0
31900 274488531.631299 7996635.92764879 -1320.37181427072 249.203652926789 1600 0.00528553744410521 -0
33500 272369139.491586 8395159.92562212 -1328.89015391188 248.948292078083 1600 0.00536757105665202 -0
35100 270236012.376946 8793260.48350397 -1337.54117750651 248.674219563002 1600 0.00545205171421881 -0
36700 268088934.855219 9190907.01157036 -1346.32883507497 248.38061430127 1600 0.00553908569746974 -0
38300 265927685.038641 9588067.57076246 -1355.25724767365 248.06661021712 1600 0.0056287853838995 -0
39900 263752034.302458 9984708.79829225 -1364.33071717094 247.731293198053 1600 0.00572126968445242 -0
41500 261561746.987344 10380795.8281874 -1373.55373672047 247.37369780633 1600 0.00581666451778616 -0
43100 259356580.084464 10776292.2063614 -1382.93100199166 246.992803719581 1600 0.00591510332598961 -0
44700 257136282.901924 11171159.7997539 -1392.46742322321 246.587531874249 1600 0.00601672763600872 -0
46300 254900596.711219 11565358.6990446 -1402.16813817245 246.15674028269 1600 0.0061216876715372 -0
47900 252649254.372205 11958847.1143914 -1412.0385260405 245.699219491393 1600 0.00623014302069934 -0
49500 250381979.934944 12351581.2635902 -1422.08422246192 245.213687644082 1600 0.00634226336550029 -0
51100 248098488.216647 12743515.2519944 -1432.31113565687 244.698785109178 1600 0.00645822927975743 -0
52700 245798484.351782 13134600.9434579 -1442.72546385438 244.153068626334 1600 0.00657823310306716 -0
53500 244642195.454033 13329809.9884224 -1448.00492942415 243.86817970888 1600 0.00663981278794768 -0
54300 243481663.313133 13524787.8214836 -1453.33371410647 243.575004921468 1600 0.00670247989932691 -0
55100 242316848.129239 13719527.7316256 -1458.71268287335 243.273337396195 1600 0.00676626223103614 -0
55900 241147709.40181 13914022.8397418 -1464.14272263118 242.962963732428 1600 0.00683118850941146 -0
56700 239974205.911759 14108266.0933074 -1469.62474295046 242.643663742092 1600 0.00689728843211901 -0
57500 238796295.703028 14302250.2608437 -1475.15967682566 242.315210183063 1600 0.00696459270891491 -0
58300 237613936.063528 14495967.9261641 -1480.7484814667 241.977368479988 1600 0.00703313310445212 -0
59100 236427083.505445 14689411.4823913 -1486.39213912353 241.629896431849 1600 0.00710294248325456 -0
59900 235235693.744863 14882573.1257353 -1492.09165794566 241.272543905533 1600 0.00717405485698609 -0
60700 234039721.680688 15075444.8490204 -1497.84807287822 240.905052514627 1600 0.00724650543415138 -0
61500 232839121.372842 15268018.4349485 -1503.66244659651 240.527155282587 1600 0.00732033067237439 -0
62300 231633846.019693 15460285.449087 -1509.53587048101 240.138576289411 1600 0.00739556833341073 -0
63100 230423847.934681 15652237.2325671 -1515.46946563489 239.73903030086 1600 0.00747225754106051 -0
63900 229209078.522124 15843864.8944775 -1521.46438394633 239.32822237921 1600 0.00755043884216042 -0
64700 227989488.252149 16035159.3039401 -1527.52180919796 238.905847474468 1600 0.00763015427084592 -0
65500 226765026.634712 16226111.0818493 -1533.64295822584 238.471589994891 1600 0.00771144741628847 -0
66300 225535642.192677 16416710.5922596 -1539.82908213086 238.025123355594 1600 0.0077943634941269 -0
67100 224301282.433901 16606947.933403 -1546.08146754508 237.566109503919 1600 0.00787894942182839 -0
67900 223061893.822286 16796812.9283167 -1552.40143795633 237.094198420169 1600 0.00796525389823124 -0
68700 221817421.747738 16986295.1150613 -1558.79035509396 236.609027592216 1600 0.00805332748754058 -0
69500 220567810.495004 17175383.7365068 -1565.2496203794 236.110221462364 1600 0.00814322270806796 -0
70300 219313003.211312 17364067.7296662 -1571.78067644495 235.59739084475 1600 0.00823499412602777 -0
71100 218052941.872772 17552335.7145487 -1578.38500872474 235.070132311455 1600 0.00832869845472715 -0
71900 216787567.249474 17740175.9825097 -1585.064147122 234.528027545337 1600 0.00842439465951127 -0
72700 215516818.869216 17927576.4840692 -1591.81966775692 233.97064265747 1600 0.00852214406885455 -0
73500 214240634.979808 18114524.8161683 -1598.65319479986 233.397527466935 1600 0.00862201049201782 -0
74300 212958952.509862 18301008.2088346 -1605.56640239482 232.808214740489 1600 0.00872406034372509 -0
75100 211671707.028017 18487013.5112221 -1612.5610166786 232.202219389525 1600 0.00882836277634895 -0
75900 210378832.700504 18672527.1769903 -1619.63881790123 231.579037621479 1600 0.0089349898201333 -0
76700 209080262.246967 18857535.2489858 -1626.80164265389 230.938146042663 1600 0.00904401653202408 -0
77500 207775926.894465 19042023.3431853 -1634.05138621069 230.279000709241 1600 0.00915552115372587 -0
78300 206465756.329549 19225976.6318574 -1641.39000499142 229.601036122853 1600 0.00926958527965245 -0
79100 205149678.648314 19409379.8258977 -1648.81951915271 228.903664167055 800 0.00938629403549541 -0
79900 203827620.304334 19592217.1562883 -1656.34201531561 228.18627298052 800 0.00950573626819531 -0
80700 202499506.054344 19774472.3546282 -1663.9596494382 227.448225762532 800 0.00962800474816669 -0
81500 201165258.901577 19956128.6326802 -1671.67464984249 226.688859506034 800 0.00975319638470093 -0
82300 199824800.036603 20137168.6608738 -1679.48932040556 225.90748365303 800 0.00988141245555097 -0
83100 198478048.775555 20317574.5456983 -1687.40604392555 225.103378666757 800 0.0100127588517897 -0
83900 197124922.495578 20497327.8059197 -1695.42728567409 224.275794514575 800 0.0101473463391306 -0
84700 195765336.567369 20676409.3475451 -1703.55559714746 223.423949054983 800 0.0102852908370041 -0
85500 194399204.284623 20854799.4374566 -1711.79362002991 222.547026321664 800 0.0104267137168024 -0
86300 193026436.790226 21032477.6756282 -1720.14409038336 221.644174696782 800 0.0105717421208309 -0
87100 191646942.998991 21209422.9658346 -1728.60984307923 220.714504965165 800 0.0107205093036501 -0
87900 190260629.51676 21385613.4847525 -1737.19381648899 219.757088240177 800 0.0108731549976452 -0
88700 188867400.555628 21561026.6493481 -1745.89905745159 218.770953751369 800 0.0110298258048372 -0
89500 187467157.845088 21735639.0824359 -1754.72872653743 217.755086483014 800 0.0111906756171384 -0
90300 186059800.538836 21909426.5762842 -1763.68610363014 216.708424651721 800 0.0113558660674707 -0
91100 184645225.116974 22082364.0541353 -1772.774593849 215.629857010186 800 0.0115255670143986 -0
91900 183223325.283328 22254425.529493 -1781.99773383721 214.518219962975 800 0.0116999570631925 -0
92700 181793991.857589 22425584.0630235 -1791.35919844295 213.372294478883 800 0.0118792241265278 -0
93500 180357112.661934 22595811.7168987 -1800.86280782278 212.190802782962 800 0.0120635660283512 -0
94300 178912572.401787 22765079.5063992 -1810.5125349993 210.972404809676 800 0.0122531911548062 -0
95100 177460252.540345 22933357.3485775 -1820.31251390815 209.71569439685 800 0.0124483191565118 -0
95900 176000031.166448 23100614.0077648 -1830.26704797222 208.419195198059 800 0.0126491817069424 -0
96700 174531782.855378 23266817.0376879 -1840.38061924464 207.081356288892 800 0.0128560233221586 -0
97500 173055378.522089 23431932.7199387 -1850.65789816581 205.700547440043 800 0.0130691022477036 -0
98300 171570685.266379 23595925.9985201 -1861.10375398406 204.275054027391 800 0.013288691419117 -0
99100 170077566.209437 23758760.4101629 -1871.72326589414 202.803071546196 800 0.0135150795032256 -0
99900 168575880.321172 23920398.0100845 -1882.52173495299 201.282699693012 800 0.0137485720281774 -0
100700 167065482.23768 24080799.2928265 -1893.50469683783 199.711935975131 800 0.013989492611084 -0
101500 165546222.06814 24239923.1077764 -1904.67793551839 198.088668802964 800 0.0142381842931602 -0
102300 164017945.190387 24397726.56894 -1916.04749792173 196.410670015965 800 0.0144950109933993 -0
103100 162480492.034322 24554164.9584894 -1927.61970967652 194.675586787165 800 0.01476035909313 -0
103900 160933697.85226 24709191.6235673 -1939.40119203211 192.880932845286 800 0.0150346391652802 -0
104700 159377392.475252 24862757.8657716 -1951.39888005803 191.024078946384 800 0.0153182878638561 -0
105500 157811400.054278 25014812.8226939 -1963.62004224021 189.102242519162 800 0.0156117699910573 -0
106300 156235538.785178 25165303.340815 -1976.07230160319 187.112476399182 800 0.0159155807616348 -0
107100 154649620.616019 25314173.8389917 -1988.76365850092 185.051656557094 800 0.0162302482865883 -0
107900 153053450.93551 25461366.1616899 -2001.70251523509 182.916468714591 800 0.0165563363011566 -0
108700 151446828.240939 25606819.4210248 -2014.89770267721 180.703393728722 800 0.0168944471653243 -0
109500 149829543.783936 25750469.8265732 -2028.35850909079 178.408691610339 800 0.0172452251688314 -0
110300 148201381.192238 25892250.501803 -2042.09471137255 176.028384025497 800 0.0176093601769988 -0
111100 146562116.065403 26032091.2858419 -2056.11660895713 173.558235109151 800 0.017987591658683 -0
111900 144911515.54225 26169918.5191579 -2070.43506065892 170.993730398226 800 0.0183807131434483 -0
112300 144081889.311078 26238053.0223121 -2077.70905043057 169.674602017221 800 0.0185831216020835 -0
112700 143249337.837487 26305654.8115385 -2085.06152475554 168.330053666272 800 0.0187895771617611 -0
113100 142413829.422447 26372713.5889008 -2092.49401674907 166.959431981413 800 0.0190001965073007 -0
113500 141575331.745101 26439218.7907097 -2100.00810266616 165.562061407909 800 0.0192151007296965 -0
113900 140733811.845204 26505159.5784589 -2107.60540349019 164.137243254376 800 0.019434415532366 -0
114300 139889236.104891 26570524.8293733 -2115.28758659406 162.684254698159 800 0.0196582714489467 -0
114700 139041570.229784 26635303.1265491 -2123.05636747778 161.202347739015 800 0.0198868040733944 -0
115100 138190779.22938 26699482.7486643 -2130.91351158667 159.690748097944 800 0.0201201543031945 -0
115500 137336827.39669 26763051.6592371 -2138.86083621459 158.148654057773 800 0.0203584685965571 -0
115900 136479678.287109 26825997.495409 -2146.90021249715 156.575235241876 800 0.0206018992445342 -0
116300 135619294.696461 26888307.5562256 -2155.03356749974 154.96963132715 800 0.02085060465907 -0
116700 134755638.638196 26949968.7903887 -2163.26288640593 153.330950687053 800 0.0211047496780715 -0
117100 133888671.319688 27010967.7834517 -2171.590214812 151.658268960278 800 0.0213645058886743 -0
117500 133018353.117588 27071290.7444264 -2180.01766113367 149.950627540209 800 0.021630051969969 -0
117900 132144643.552199 27130923.4917681 -2188.54739913165 148.207031980045 800 0.0219015740565564 -0
118300 131267501.260813 27189851.4387065 -2197.18167056303 146.426450308015 800 0.0221792661244081 -0
118700 130386883.969954 27248059.5778821 -2205.92278796598 144.607811246731 800 0.0224633304006305 -0
119100 129502748.466493 27305532.4652517 -2214.77313758577 142.750002330251 800 0.0227539777988609 -0
119500 128615050.567549 27362254.2032174 -2223.73518245075 140.851867911924 800 0.0230514283821666 -0
119900 127723745.089139 27418208.4229376 -2232.81146560736 138.912207055561 800 0.0233559118554769 -0
120300 126828785.813491 27473378.2657677 -2242.00461352413 136.929771301882 800 0.0236676680897465 -0
120700 125930125.454967 27527746.363783 -2251.31733967518 134.903262301533 800 0.0239869476802387 -0
121100 125027715.624516 27581294.819325 -2260.75244831446 132.8313293053 800 0.0243140125415223 -0
121500 124121506.792565 27634005.1835145 -2270.31283845305 130.712566501344 800 0.0246491365420014 -0
121900 123211448.250294 27685858.4336667 -2280.0015080524 128.545510188482 800 0.0249926061810463 -0
122300 122297488.069174 27736834.9495413 -2289.82155844767 126.3286357736 800 0.0253447213120665 -0
122700 121379573.058693 27786914.4883535 -2299.77619901618 124.06035458031 800 0.0257057959151677 -0
123100 120457648.722162 27836076.1584692 -2309.86875210735 121.739010454843 800 0.0260761589233637 -0
123500 119531659.210495 27884298.3916993 -2320.10265825142 119.362876153997 400 0.0264561551066829 -0
123900 118601547.273846 27931558.9141023 -2330.48148166615 116.930149498624 400 0.0268461460189075 -0
124300 117667254.210978 27977834.7151993 -2341.0089160815 114.438949274717 400 0.0272465110121328 -0
124700 116728719.816239 28023102.015495 -2351.68879090464 111.887310862529 400 0.0276576483248234 -0
125100 115785882.323995 28067336.2321928 -2362.5250777488 109.273181572467 400 0.0280799762495907 -0
125500 114838678.350382 28110511.9429819 -2373.52189735184 106.59441566451 400 0.02851393438752 -0
125900 113887042.832199 28152602.847764 -2384.6835269122 103.84876902584 400 0.0289599849965456 -0
126300 112930908.962782 28193581.7281793 -2396.01440787266 101.033893478965 400 0.0294186144421214 -0
126700 111970208.124677 28233420.4047756 -2407.5191541842 98.1473306900738 400 0.0298903347592593 -0
127100 111004869.818889 28272089.6916561 -2419.20256108589 95.1865056444486 400 0.0303756853359379 -0
127500 110034821.590525 28309559.3484245 -2431.06961443894 92.1487196526139 400 0.0308752347289087 -0
127900 109059988.950581 28345798.0292323 -2443.12550065708 89.0311428473411 400 0.0313895826240829 -0
128300 108080295.293622 28380773.2287155 -2455.37561727878 85.8308061277324 400 0.0319193619549667 -0
128700 107095661.811111 28414451.2245908 -2467.82558423088 82.5445925022368 400 0.0324652411940543 -0
129100 106106007.400073 28446797.0166598 -2480.481255838 79.1692277776026 400 0.0330279268337035 -0
129500 105111248.5668 28477774.2619484 -2493.34873363654 75.7012705353606 400 0.0336081660748326 -0
129900 104111299.325265 28507345.2056838 -2506.43438005815 72.137101331392 400 0.0342067497438183 -0
130300 103106071.089866 28535470.6077836 -2519.74483305303 68.4729110473856 400 0.034824515460267 -0
130700 102095472.56213 28562109.6645041 -2533.28702173052 64.7046883154304 400 0.035462351080926 -0
131100 101079409.610935 28587219.9248572 -2547.06818310169 60.8282059285175 400 0.0361211984479223 -0
131500 100057785.145809 28610757.2013738 -2561.09588001689 56.8390061402154 400 0.0368020574728268 -0
131900 99030498.9827868 28632675.474747 -2575.3780204005 52.7323847460862 400 0.03750599059179 -0
132300 97997447.7023023 28652926.7918438 -2589.92287789505 48.5033738273692 400 0.0382341276312496 -0
132700 96958524.4985206 28671461.156526 -2604.7391140386 44.1467230238723 400 0.0389876711285475 -0
133100 95913619.019467 28688226.4126603 -2619.83580211171 39.6568791876673 400 0.0397679021573004 -0
133500 94862617.1972605 28703168.1186401 -2635.22245280446 35.0279642518175 400 0.0405761867136566 -0
133900 93805401.0676877 28716229.4126661 -2650.90904187012 30.2537511286788 400 0.0414139827267504 -0
134300 92741848.5782894 28727350.8679586 -2666.90603994945 25.3276374299588 400 0.0422828477648969 -0
134700 91671833.3840476 28736470.3369833 -2683.22444476994 20.2426167752839 400 0.0431844475185072 -0
135100 90595224.6296819 28743522.7836755 -2699.8758159464 14.9912474270306 400 0.0441205651515601 -0
135500 89511886.7174633 28748440.1025345 -2716.87231263475 9.56561795607151 400 0.0450931116259716 -0
135900 88421679.05935 28751150.9233356 -2734.22673431925 3.95730960519645 400 0.0461041371176465 -0
136300 87324455.8121292 28751580.4000656 -2751.9525650455 -1.84264502647173 400 0.0471558436597022 -0
136700 86220065.5941207 28749649.9825252 -2770.06402144808 -7.84380740466502 400 0.0482505991677432 -0
137100 85108351.1818445 28745277.168863 -2788.57610496268 -14.0563830708449 400 0.0493909530245924 -0
137500 83989149.1848963 28738375.2370958 -2807.50465865956 -20.4912767931924 400 0.0505796534281468 -0
137900 82862289.6970831 28728852.9534384 -2826.86642918833 -27.1601534848911 400 0.0518196667367045 -0
138300 81727595.9216694 28716614.2549939 -2846.67913438467 -34.0755056058827 400 0.0531141990820426 -0
138500 81157253.9444109 28709444.8256489 -2856.76040790742 -37.6297583470214 400 0.0537829832680257 -0
138700 80584883.7682906 28701557.9040154 -2866.96153715529 -41.2507278651081 400 0.0544667205628121 -0
138900 80010461.1712113 28692939.9649417 -2877.28504405024 -44.9402430812576 400 0.05516589042419 -0
139100 79433961.4191554 28683577.1108168 -2887.73352635822 -48.700200176263 400 0.0558809923800394 -0
139300 78855359.2507216 28673455.0578085 -2898.30966065471 -52.5325657111454 400 0.056612547067499 -0
139500 78274628.8610549 28662559.1214616 -2909.01620543285 -56.4393799230971 400 0.0573610973363894 -0
139700 77691743.8851397 28650874.2016171 -2919.85600436251 -60.422760208428 400 0.0581272094215148 -0
139900 77106677.3804249 28638384.7666157 -2930.83198970884 -64.4849048050095 400 0.0589114741888584 -0
140100 76519401.8087499 28625074.8367436 -2941.94718591955 -68.6280966876756 400 0.0597145084610934 -0
140300 75929889.0175334 28610927.9668767 -2953.20471339095 -72.8547076910861 400 0.0605369564282956 -0
140500 75338110.2201926 28595927.2282764 -2964.60779242316 -77.1672028756975 400 0.0613794911502362 -0
140700 74744035.9757492 28580055.1894859 -2976.15974737577 -81.5681451537286 400 0.0622428161571856 -0
140900 74147636.1675853 28563293.8962749 -2987.86401103612 -86.0602001933612 400 0.0631276671567536 -0
141100 73548879.9813015 28545624.8505726 -2999.72412921295 -90.6461416208928 400 0.0640348138549547 -0
141300 72947735.8816342 28527028.9883301 -3011.74376556926 -95.3288565421698 400 0.0649650619004054 -0
141500 72344171.5883798 28507486.6562435 -3023.92670670914 -100.111351406394 400 0.0659192549613603 -0
141700 71738154.0512759 28486977.5872687 -3036.27686753436 -104.996758237317 400 0.0668982769461656 -0
141900 71129649.4237821 28465480.8748507 -3048.79829688767 -109.988341258957 400 0.0679030543786741 -0
142100 70518623.0357024 28442974.9457859 -3061.49518350099 -115.089503945272 400 0.0689345589412317 -0
142300 69905039.3645854 28419437.5316295 -3074.37186226794 -120.303796525767 400 0.069993810199014 -0
142500 69288862.0058365 28394845.6385531 -3087.43282086166 -125.634923981803 400 0.0710818785207972 -0
142700 68670053.6414696 28369175.5155509 -3100.68270672044 -131.086754571417 400 0.0721998882126742 -0
142900 68048576.0074229 28342402.6208853 -3114.12633442524 -136.663328923845 400 0.0733490208828249 -0
143100 67424389.8593582 28314501.5866517 -3127.76869349518 -142.36886974864 400 0.0745305190572051 -0
143300 66797454.9368568 28285446.1813371 -3141.61495662887 -148.207792208362 400 0.0757456900679808 -0
143500 66167729.9259199 28255209.2702327 -3155.6704884218 -154.184715008315 200 0.0769959102387027 -0
143700 65535172.4196757 28223762.7735526 -3169.9408545922 -160.304472261807 200 0.0782826293926386 -0
143900 64899738.8771868 28191077.6220959 -3184.43183175033 -166.572126194893 200 0.0796073757133731 -0
144100 64261384.5802475 28157123.7102787 -3199.149417749 -172.992980760663 200 0.080971760989785 -0
144300 63620063.5880478 28121869.8463457 -3214.09984265604 -179.5725962399 200 0.0823774862808701 -0
144500 62975728.6895789 28085283.6995563 -3229.28958039283 -186.316804912412 200 0.0838263480396254 -0
144700 62328331.3536392 28047331.744121 -3244.7253610863 -193.231727891693 200 0.0853202447394041 -0
144900 61677821.6762947 28007979.1996473 -3260.41418418607 -200.323793224802 200 0.0868611840508583 -0
145100 61024148.3256348 27967189.967829 -3276.36333240235 -207.599755369692 200 0.0884512906228664 -0
145300 60367258.4836537 27924926.5650921 -3292.58038652486 -215.066716173708 200 0.0900928145267735 -0
145500 59707097.785074 27881150.0508838 -3309.07324118827 -222.73214748982 200 0.0917881404299564 -0
145700 59043610.2529174 27835819.9512624 -3325.85012165499 -230.603915581527 200 0.0935397975722531 -0
145900 58376738.2306099 27788894.177413 -3342.91960169222 -238.690307483438 200 0.0953504706272982 -0
146100 57706422.3103962 27740328.9386801 -3360.29062262678 -247.000059502577 200 0.0972230115404163 -0
146300 57032601.257817 27690078.6496701 -3377.97251366837 -255.54238806569 200 0.0991604524456099 -0
146500 56355211.9319872 27638095.8309294 -3395.97501360006 -264.327023140603 200 0.101166019776527 -0
146700 55674189.2013903 27584331.0026612 -3414.30829394286 -273.364244485327 200 0.103243149700312 -0
146900 54989465.8548826 27528732.5708855 -3432.98298371153 -282.664921007505 200 0.105395505019221 -0
147100 54300972.5075773 27471246.7053908 -3452.01019588821 -292.240553549478 200 0.107626993703067 -0
147300 53608637.5012494 27411817.2087571 -3471.40155575248 -302.10332145122 200 0.109941789236344 -0
147500 52912386.7988782 27350385.3756553 -3491.16923121867 -312.266133285284 200 0.112344352987688 -0
147700 52212143.8729061 27286889.8415477 -3511.32596534448 -322.742682205496 200 0.11483945883655 -0
147900 51507829.5867657 27221266.4198144 -3531.88511119049 -333.54750640525 200 0.1174322203233 -0
148100 50799362.0691821 27153447.9262333 -3552.86066922575 -344.696055242925 200 0.120128120625009 -0
148300 50086656.5807231 27083363.989615 -3574.26732749299 -356.204761662368 200 0.122933045700693 -0
148500 49369625.3720202 27010940.8472664 -3596.1205047659 -368.091121616915 200 0.125853320997839 -0
148700 48648177.5330387 26936101.1238037 -3618.43639695252 -380.37378129773 200 0.128895752167645 -0
148900 47922218.8327191 26858763.5916637 -3641.23202702164 -393.072633073249 200 0.132067670300934 -0
149100 47191651.5482566 26778842.9114727 -3664.52529875422 -406.208921168501 200 0.13537698227181 -0
149300 46456374.2832198 26696249.3502078 -3688.33505464887 -419.805358253787 200 0.138832226863689 -0
149500 45716281.7736441 26610888.4748418 -3712.68113834008 -433.886254274792 200 0.142442637454656 -0
149700 44971264.6811572 26522660.8188716 -3737.58446191892 -448.477659044615 200 0.146218212159095 -0
149900 44221209.372116 26431461.5188096 -3763.06707857996 -463.607520336925 200 0.150169792463389 -0
150100 43465997.6816429 26337179.9173426 -3789.15226105371 -479.305859474082 200 0.154309151559527 -0
150200 43086419.9660895 26288846.9829453 -3802.42844137309 -487.378204513276 200 0.156453206256815 -0
150300 42705506.661317 26239699.1293858 -3815.86458631554 -495.604966693695 200 0.158649093776886 -0
150400 42323241.6070812 26189720.6950106 -3829.46398680819 -503.990572538293 200 0.160898594171592 -0
150500 41939608.3094044 26138895.5670607 -3843.23002713492 -512.539618968564 200 0.16320356674254 -0
150600 41554589.9310767 26087207.1642236 -3857.16618821048 -521.256881555883 200 0.165565954379625 -0
150700 41168169.2818238 26034638.4183349 -3871.27605098455 -530.147323254899 200 0.167987788181696 -0
150800 40780328.808128 25981171.7551828 -3885.56329998108 -539.216103651965 200 0.17047119238061 -0
150900 40391050.5826877 25926789.0743593 -3900.03172697804 -548.468588764197 200 0.173018389591771 -0
151000 40000316.2935018 25871471.7281027 -3914.68523483307 -557.910361427605 200 0.175631706416242 -0
151100 39608107.2325646 25815200.4990706 -3929.52784146063 -567.547232315752 200 0.178313579421712 -0
151200 39214404.2841546 25757955.5769769 -3944.56368396611 -577.385251633815 200 0.181066561532016 -0
151300 38819187.9127017 25699716.5340243 -3959.79702294266 -587.430721536539 200 0.183893328857537 -0
151400 38422438.1502169 25640462.299056 -3975.23224693645 -597.690209322576 200 0.186796688001768 -0
151500 38024134.5832662 25580171.1303474 -3990.87387708602 -608.170561462078 200 0.189779583882467 -0
151600 37624256.3394721 25518820.5869503 -4006.72657194143 -618.878918519182 200 0.192845108109428 -0
151700 37222782.0735241 25456387.498498 -4022.79513246861 -629.822731036244 200 0.195996507964745 -0
151800 36819689.9526782 25392847.93337 -4039.08450724458 -641.009776452418 200 0.199237196035779 -0
151900 36414957.6417288 25328177.1651106 -4055.59979784833 -652.448177135449 200 0.20257076055579 -0
152000 36008562.2874297 25262349.636985 -4072.34626445243 -664.146419612445 200 0.206000976512441 -0
152100 35600480.5023476 25195338.924548 -4089.32933161963 -676.113375092954 200 0.20953181759024 -0
152200 35190688.3481237 25127117.6960924 -4106.55459430821 -688.358321386014 200 0.213167469019432 -0
152300 34779161.3181256 25057657.6708308 -4124.02782408917 -700.890966321983 200 0.216912341411001 -0
152400 34365874.3194659 24986929.5746551 -4141.75497557739 -713.721472800057 200 0.220771085665454 -0
152500 33950801.6543679 24914903.0933046 -4159.74219307772 -726.860485593519 200 0.224748609051869 -0
152600 33533917.0008545 24841546.8227599 -4177.99581744572 -740.319160057006 100 0.228850092563569 -0
152700 33115193.392742 24766828.2166639 -4196.52239316082 -754.109192893673 100 0.233081009667769 -0
152800 32694603.1989147 24690713.5305568 -4215.32867560791 -768.242855155112 100 0.237447146578799 -0
152900 32272118.1018625 24613167.7626909 -4234.42163856071 -782.733027663492 100 0.241954624198186 -0
153000 31847709.0754592 24534154.5911736 -4253.80848185735 -797.593239063744 100 0.246609921880213 -0
153100 31421346.3619651 24453636.3071649 -4273.49663925507 -812.837706734055 100 0.251419903198689 -0
153200 30992999.4482353 24371573.7438294 -4293.49378644663 -828.48138080553 100 0.256391843909897 -0
153300 30562637.0411196 24287926.2007212 -4313.80784921614 -844.53999156708 100 0.261533462328246 -0
153400 30130227.0420409 24202651.3632445 -4334.44701170569 -861.030100559576 100 0.266852952355387 -0
153500 29695736.5207424 24115705.2168081 -4355.41972475739 -877.969155694486 100 0.272359019430831 -0
153600 29259131.6881993 24027041.9552507 -4376.73471428652 -895.375550767009 100 0.278060919702813 -0
153700 28820377.8686934 23936613.8830786 -4398.40098963185 -913.268689772505 100 0.283968502752817 -0
153800 28379439.4710567 23844371.3110131 -4420.42785181681 -931.669056478416 100 0.290092258246327 -0
153900 27936279.9590965 23750262.4442966 -4442.82490164138 -950.598289752387 100 0.29644336692663 -0
154000 27490861.8212237 23654233.2631563 -4465.60204750752 -970.079265201664 100 0.303033756418695 -0
154100 27043146.539317 23556227.3947617 -4488.76951286124 -990.136183739779 100 0.309876162367013 -0
154200 26593094.5568675 23456185.9759521 -4512.33784311061 -1010.79466776496 100 0.316984195495917 -0
154300 26140665.2464645 23354047.5059335 -4536.31791185129 -1032.08186571162 100 0.324372415254446 -0
154400 25685816.8767019 23249747.6880667 -4560.72092619765 -1054.0265658228 100 0.332056410791505 -0
154500 25228506.5786059 23143219.2597791 -4585.55843097829 -1076.65932008894 100 0.340052890102676 -0
154600 24768690.3117119 23034391.8095295 -4610.84231150792 -1100.01257940833 100 0.348379778299152 -0
154700 24306322.8299495 22923191.5796483 -4636.58479459174 -1124.12084114863 100 0.357056326074185 -0
154800 23841357.6475314 22809541.2537464 -4662.79844735215 -1149.02081042949 100 0.366103229585603 -0
154900 23373747.00509 22693359.7272493 -4689.49617338866 -1174.75157660478 100 0.375542763137214 -0
155000 22903441.8363539 22574561.8594548 -4716.69120568749 -1201.35480660323 100 0.385398926230797 -0
155100 22430391.7357252 22453058.2053361 -4744.39709558475 -1228.87495699031 100 0.395697606777787 -0
155200 21954544.9271911 22328754.725118 -4772.62769695247 -1257.35950684592 100 0.406466762510465 -0
155300 21475848.2350975 22201552.4694257 -4801.39714461524 -1286.85921381601 100 0.417736622921969 -0
155400 20994247.0574165 22071347.2375621 -4830.71982581191 -1317.42839599589 100 0.429539914399264 -0
155500 20509685.3422746 21938029.2061802 -4860.61034328414 -1349.12524264422 100 0.441912111601031 -0
155600 20022105.5686596 21801482.5253041 -4891.08346829398 -1382.01215711558 100 0.454891718582298 -0
155700 19531448.7324122 21661584.8782882 -4922.15408153501 -1416.15613584297 100 0.468520583690204 -0
155800 19037654.3388329 21518207.0018967 -4953.83709949471 -1451.62918770706 100 0.482844252863174 -0
155850 18789561.2458761 21445170.5554432 -4969.91290942032 -1469.88810275727 100 0.490281979857017 -0
155900 18540660.4034842 21371212.1621615 -4986.1473833277 -1488.50879868558 100 0.49791236667581 -0
155950 18290943.8326239 21296313.4690236 -5002.54235183217 -1507.50190160382 100 0.505742331483868 -0
156000 18040403.4631822 21220455.5815285 -5019.09962673011 -1526.87844746012 100 0.513779107285655 -0
156050 17789031.1350289 21143619.0427311 -5035.82099603739 -1546.64990138495 100 0.522030259134703 -0
156100 17536818.5993405 21065783.8112771 -5052.70821850954 -1566.82817810199 100 0.530503702430652 -0
156150 17283757.5202121 20986929.2383899 -5069.76301759334 -1587.42566346913 100 0.539207722381622 -0
156200 17029839.4765869 20907034.0437505 -5086.98707475406 -1608.45523721969 100 0.548150994715129 -0
156250 16775055.9645358 20826076.2902089 -5104.38202211703 -1629.93029697838 100 0.557342607727251 -0
156300 16519398.3999247 20744033.3572607 -5121.94943435618 -1651.86478363139 100 0.566792085766725 -0
156350 16262858.1215063 20660881.9132206 -5139.69081975487 -1674.27320813534 100 0.576509414258232 -0
156400 16005426.3944819 20576597.8860163 -5157.60761035708 -1697.17067985551 100 0.586505066377359 -0
156450 15747094.4145806 20491156.4325265 -5175.70115111837 -1720.57293652929 100 0.596790031498548 -0
156500 15487853.3127075 20404531.9063772 -5193.97268795637 -1744.49637595767 100 0.60737584554696 -0
156550 15227694.1602191 20316697.8241081 -5212.42335459053 -1768.95808953371 100 0.618274623395553 -0
156600 14966607.9748898 20227626.8296147 -5231.05415804887 -1793.97589772438 100 0.629499093459842 -0
156650 14704585.7276395 20137290.6567641 -5249.86596270664 -1819.56838762955 100 0.641062634654968 -0
156700 14441618.350098 20045660.0900791 -5268.85947270749 -1845.75495274959 100 0.652979315892725 -0
156750 14177696.7430931 19952704.9233748 -5288.03521260165 -1872.55583510172 100 0.665263938310334 -0
156800 13912811.7861553 19858393.9162289 -5307.39350601785 -1899.99216983357 100 0.67793208043793 -0
156850 13646954.3481409 19762694.7481542 -5326.9344521658 -1928.08603249183 100 0.691000146528118 -0
156900 13380115.2990907 19665573.9703387 -5346.65789994396 -1956.86048911315 100 0.704485418288576 -0
156950 13112285.5234467 19566996.9548068 -5366.56341940263 -1986.33964931444 100 0.718406110277576 -0
157000 12843455.9347689 19466927.8408471 -5386.6502702848 -2016.54872256976 50 0.732781429242614 -0
157050 12573617.492103 19365329.4785424 -5406.9173673365 -2047.51407787132 50 0.747631637704035 -0
157100 12302761.2181716 19262163.3692279 -5427.3632420439 -2079.26330698298 50 0.762978122108717 -0
157150 12030878.2195754 19157389.6026924 -5447.98600041612 -2111.82529150462 50 0.778843465903564 -0
157200 11757959.7092124 19050966.7909262 -5468.78327638986 -2145.23027397678 50 0.795251527904719 -0
157250 11483997.0311467 18942851.9982079 -5489.75218038343 -2179.50993326483 50 0.812227526366066 -0
157300 11208981.6881813 18833000.6673093 -5510.88924247484 -2214.69746447147 50 0.829798129179652 -0
157350 10932905.3724185 18721366.5415873 -5532.19034961749 -2250.82766363536 50 0.847991550671025 -0
157400 10655759.999122 18607901.5827144 -5553.65067624044 -2287.93701748086 50 0.866837655483962 -0
157450 10377537.74423 18492555.8837904 -5575.26460750422 -2326.06379848995 50 0.886368070081398 -0
157500 10098231.0859048 18375277.577562 -5597.02565439898 -2365.24816557047 50 0.906616302422154 -0
157550 9817832.85055082 18256012.7394628 -5618.92635977673 -2405.53227059563 50 0.927617870405834 -0
157600 9536336.26377882 18134705.2851744 -5640.95819430374 -2446.96037108569 50 0.94941043971024 -0
157650 9253735.00684697 18011296.8623936 -5663.11144119987 -2489.57894929442 50 0.972033971676009 -0
157700 8970023.27917211 17885726.7364811 -5685.37506849893 -2533.43683794746 50 0.995530881920647 -0
157750 8685195.86756877 17757931.6696511 -5707.73658741465 -2578.58535285661 50 1.01994621038715 -0
157800 8399248.22294992 17627845.7933551 -5730.18189523039 -2625.07843260046 50 1.045327803549 -0
157850 8112176.54530656 17495400.4735014 -5752.69510094395 -2672.9727854156 50 1.07172650950099 -0
157900 7823977.87787691 17360524.1681481 -5775.25833169025 -2722.32804338073 50 1.09919638666068 -0
157950 7534650.2115206 17223142.2773043 -5797.85151773211 -2773.20692389454 50 1.12779492678427 -0
158000 7244192.60042987 17083176.9844769 -5820.45215354945 -2825.67539834302 50 1.15758329295856 -0
158050 6952605.29044078 16940547.0896093 -5843.03503226889 -2879.80286771713 50 1.18862657315984 -0
158100 6659889.8613528 16795167.8330731 -5865.57195035441 -2935.66234477123 50 1.22099404986464 -0
158150 6366049.38482817 16646950.710401 -5888.03137912487 -2993.33064209807 50 1.25475948604449 -0
158200 6071088.59962344 16495803.2774864 -5910.37809927166 -3052.88856522847 50 1.29000142766559 -0
158250 5775014.10610804 16341628.9460265 -5932.57279411804 -3114.42110953046 50 1.32680352252933 -0
158300 5477834.58224877 16184326.7690589 -5954.57159688984 -3178.01765927115 50 1.36525485491024 -0
158350 5179561.02348857 16023791.2165344 -5976.32558675289 -3243.77218669712 50 1.40545029495242 -0
158400 4880207.00922398 15859911.9409921 -5997.78022781794 -3311.78344836616 50 1.44749086114275 -0
158450 4579788.99888992 15692573.5335569 -6018.87474472043 -3382.15517520173 50 1.49148409335495 -0
158500 4278326.66099614 15521655.2706837 -6039.54142775549 -3454.99625181183 50 1.53754443290779 -0
158550 3975843.23882638 15347030.8523163 -6059.70485989727 -3530.42087948463 50 1.5857936047513 -0
158600 3672365.95691172 15168568.1324473 -6079.28105736942 -3608.54871590355 50 1.63636099522147 -0
158650 3367926.47282251 14986128.8434493 -6098.17651478165 -3689.50498296944 50 1.68938401670885 -0
158675 3215357.13257879 14893373.0341222 -6107.33688345749 -3731.08444843352 50 1.71686160955713 -0
158700 3062561.37932314 14799568.3159774 -6116.28714525708 -3773.42053208388 50 1.74500844798731 -0
158725 2909544.64978585 14704695.5588196 -6125.01244320639 -3816.53047162818 50 1.77384411110946 -0
158750 2756312.76222034 14608735.197138 -6133.49710531616 -3860.43185409172 50 1.80338873565554 -0
158775 2602871.93732101 14511667.2214184 -6141.72460082147 -3905.14261194141 50 1.83366302192915 -0
158800 2449228.82026262 14413471.1695719 -6149.67749420658 -3950.68101763286 50 1.86468823829661 -0
158825 2295390.50391761 14314126.1185218 -6157.33739693266 -3997.06567639128 50 1.89648622397895 -0
158850 2141364.55330975 14213610.6759943 -6164.68491678832 -4044.31551701789 50 1.92907938987646 -0
158875 1987159.03136454 14111902.9725676 -6171.69960478612 -4092.44978049395 50 1.96249071712633 -0
158900 1832782.52601868 14008980.6540342 -6178.35989953287 -4141.48800613261 50 1.99674375306006 -0
158925 1678244.17875251 13904820.8741446 -6184.643069008 -4191.45001500554 50 2.03186260419015 -0
158950 1523553.71461101 13799400.287801 -6190.52514969202 -4242.35589034611 50 2.06787192581499 -0
158975 1368721.47378021 13692695.0447833 -6195.98088299745 -4294.22595460376 50 2.10479690778639 -0
159000 1213758.44478698 13584680.7840933 -6200.98364896709 -4347.0807427956 50 2.14266325593616 -0
159025 1058676.29939067 13475332.6290158 -6205.50539721986 -4400.94097176982 50 2.1814971686057 -0
159050 903487.429235592 13364625.183004 -6209.51657514301 -4455.82750496332 50 2.22132530766606 -0
159075 748204.984332927 13252532.5265057 -6212.98605335164 -4511.7613122003 50 2.26217476335483 -0
159100 592842.913439805 13139028.2148631 -6215.8810484629 -4568.7634240425 50 2.30407301219059 -0
159125 437416.006401846 13024085.277426 -6218.16704326335 -4626.85488016257 50 2.3470478671557 -0
159150 281939.938522939 12907676.2180375 -6219.80770438412 -4686.05667117194 50 2.39112741926324 -0
159175 126431.317022702 12789773.0170611 -6220.76479764137 -4746.38967329272 50 2.43633996954504 -0
159200 -29092.2703624762 12670347.1351381 -6220.99810124812 -4807.87457521977 50 2.48271395041421 -0
159225 -184612.204584758 12549369.5188774 -6220.46531716082 -4870.53179647568 50 2.53027783526874 -0
159250 -340108.782253874 12426810.6087014 -6219.12198088858 -4934.38139651648 50 2.57906003511245 -0
159275 -495561.160336259 12302640.349087 -6216.92137016771 -4999.44297380255 50 2.62908878087703 -0
159300 -650947.298561855 12176828.201465 -6213.81441298866 -5065.73555400596 50 2.68039199003535 -0
159325 -806243.899529444 12049343.1600579 -6209.74959555836 -5133.27746648479 50 2.73299711600265 -0
159350 -961426.346517326 11920153.7709629 -6204.67287088911 -5202.08620811748 50 2.78693097873088 -0
159375 -1116468.63902487 11789228.1548063 -6198.52756882664 -5272.1782935575 50 2.84221957481481 -0
159400 -1271343.32609247 11656534.0333213 -6191.25430846549 -5343.56909094206 50 2.89888786534848 -2.71070460474211e-309
159425 -1426021.43747306 11522038.7602256 -6182.79091405096 -5416.27264207096 50 2.9569595397022 -2.41881230560807e-302
159450 -1580472.41275768 11385709.3567985 -6173.07233563382 -5490.30146606436 50 3.01645675333599 -1.96951853288643e-295
159475 -1734664.02859181 11247512.5525833 -6162.03057592762 -5565.66634551512 50 3.07739983773178 -1.45985846807317e-288
159500 -1888562.32415758 11107414.8316654 -6149.59462501951 -5642.37609417448 50 3.13980698051841 -9.7959899775023e-282
159525 -2042131.52514115 10965382.4849979 -6135.69040480368 -5720.43730525404 50 3.20369387388818 -5.91644240165049e-275
159550 -2195333.96645423 10821381.6692713 -6120.24072524205 -5799.85407949534 50 3.26907332946924 -3.1968748164495e-268
159575 -2348130.01403403 10675378.4728424 -6103.16525480859 -5880.62773225639 50 3.33595485793287 -1.53570507053254e-261
159600 -2500477.9861089 10527338.9892548 -6084.38050774033 -5962.7564789962 50 3.40434421179024 -6.51560595965972e-255
159625 -2652334.07438501 10377229.398897 -6063.79985099769 -6046.23509871113 50 3.4742428900794 -2.42490060561726e-248
159650 -2803652.26568657 10225016.0593529 -6041.33353412567 -6131.05457509441 50 3.54564760397404 -7.86011755372042e-242
159675 -2954384.2646647 10070665.6050022 -6016.88874550169 -6217.20171546098 50 3.61854970277342 -2.20260902195375e-235
159700 -3104479.41828144 9914145.0564212 -5990.36969874923 -6304.65874780941 50 3.69293456027307 -5.29501313590654e-229
159725 -3253884.64287321 9755421.94012345 -5961.67775338258 -6393.40289678731 50 3.76878092218237 -1.08326343636449e-222
159750 -3402544.35470323 9594464.41915256 -5930.71157401603 -6483.40593979463 50 3.84606021606416 -1.87034070862381e-216
159775 -3550400.40502355 9431241.43500263 -5897.3673327121 -6574.6337450042 50 3.92473582623583 -2.7019259495992e-210
159800 -3697392.0207846 9265722.86128993 -5861.53895924162 -6667.04579370815 50 4.00476233720581 -3.23669477896367e-204
159825 -3843455.75225128 9097879.66953009 -5823.11844417063 -6760.59469011497 50 4.08608475053325 -3.18549928155253e-198
159850 -3988525.42890839 8927684.10728716 -5781.99619975533 -6855.22566252737 50 4.16863768150018 -2.55114368975515e-192
159875 -4132532.12516275 8755109.88885174 -5738.06148359621 -6950.87606072541 50 4.25234454367578 -1.64615668294127e-186
159900 -4275404.13747136 8580132.39847255 -5691.20288985439 -7047.47485535807 50 4.33711673132778 -8.47125953342777e-181
159925 -4417066.97464202 8402728.90600781 -5641.30891254054 -7144.94214620231 50 4.42285281168219 -3.44028233129151e-175
159950 -4557443.36315972 8222878.79467743 -5588.26858492458 -7243.18868726771 25 4.50943774122593 -1.09070833486639e-169
159975 -4696453.26948602 8040563.80038298 -5531.97219845493 -7342.11543788879 25 4.59674212254955 -2.66972092240267e-164
160000 -4834013.9413524 7855768.26181916 -5472.31210369294 -7441.61315012931 25 4.68462152058687 -4.98793669791944e-159
160025 -4970039.97011785 7668479.38032784 -5409.18359463683 -7541.56200399031 25 4.77291585945542 -7.03099974082615e-154
160050 -5104443.37627828 7478687.48814407 -5342.48587640744 -7641.83130302404 25 4.86144892334627 -7.38914653485458e-149
160075 -5237133.72019417 7286386.32335595 -5272.12311458101 -7742.27924395905 25 4.9500279869476 -5.7200440920688e-144
160100 -5368018.24003596 7091573.30954904 -5198.00556247324 -7842.75277477853 25 5.0384436025839 -3.22179491631331e-139
160125 -5497002.01882621 6894249.8377368 -5120.0507604068 -7943.08755629824 25 5.12646957246652 -1.30402971710089e-134
160150 -5623988.18227745 6694421.54779811 -5038.18479844831 -8043.10804258861 25 5.21386313502158 -3.74552937337467e-130
160175 -5748878.12887715 6492098.60625937 -4952.34363131235 -8142.62769550126 25 5.30036539401618 -7.5384922543399e-126
160200 -5871571.7933517 6287295.97688284 -4862.47443115098 -8241.44934801507 25 5.38570201797239 -1.04976968819278e-121
160225 -5991967.94424605 6080033.6801677 -4768.53696084956 -8339.36573003596 25 5.46958423497636 -9.9870762553298e-118
160250 -6109964.51588171 5870337.0375486 -4670.50494732802 -8436.16016860179 25 5.55171014431195 -6.40973846885749e-114
160275 -6225458.97440518 5658236.89580614 -4568.36743131694 -8531.60747210593 25 5.63176636126715 -2.74077241177521e-110
160300 -6338348.71701526 5443769.82699923 -4462.1300672768 -8625.47500512932 25 5.70943000491704 -7.71232630078051e-107
160325 -6448531.50276776 5226978.29910972 -4351.81634471116 -8717.5239567562 25 5.78437103068854 -1.41100822381047e-103
160350 -6555905.91261302 5007910.81257129 -4237.46870025487 -8807.51080087313 25 5.85625490014795 -1.65877900864395e-100
160375 -6660371.8355401 4786621.99795302 -4119.14948876742 -8895.18894198272 25 5.92474556990853 -1.23881301532904e-97
160400 -6761830.97690168 4563172.67029672 -3996.94178139235 -8980.3105346153 25 5.98950877011574 -5.81319316715107e-95
160425 -6860187.38420017 4337629.83597725 -3870.94995930302 -9062.62845864956 25 6.05021553102479 -1.69616974745796e-92
160450 -6955347.98485486 4110066.64847052 -3741.30007376031 -9141.89842695655 25 6.10654590422315 -3.04700828565471e-90
160475 -7047223.12977176 3880562.31007636 -3608.1399462329 -9217.8811959978 25 6.15819281363858 -3.3389662509892e-88
160487.5 -7091901.71078206 3765108.57712792 -3540.29565009818 -9254.56705628329 25 6.18216848929343 -2.89607843029465e-87
160500 -7135727.13597739 3649201.91739954 -3471.63898675075 -9290.34484454202 25 6.20486596120506 -2.21298146176576e-86
160512.5 -7178689.40236925 3532853.85420195 -3402.19442693686 -9325.1870934427 25 6.22625219999946 -1.48834586408519e-85
160525 -7220778.82083722 3416076.24960142 -3331.98771389557 -9359.06708128719 25 6.24629570378544 -8.80239232301849e-85
160537.5 -7261986.03184081 3298881.29465694 -3261.0458314523 -9391.9589026075 25 6.26496661139078 -4.57408162980323e-84
160550 -7302302.02070215 3181281.49878276 -3189.39696727474 -9423.83753745009 25 6.28223681157194 -2.08676313993356e-83
160562.5 -7341718.13239944 3063289.67825496 -3117.07047135447 -9454.67891897615 25 6.2980800474758 -8.35204881645346e-83
160575 -7380226.08581207 2944918.94388561 -3044.09680981061 -9484.45999900831 25 6.31247201564773 -2.93071482574063e-82
160587.5 -7417817.98735978 2826182.68789214 -2970.507514146 -9513.15881115857 25 6.32539045890345 -9.0105416375403e-82
160600 -7454486.34397981 2707094.56999479 -2896.3351261195 -9540.75453118093 25 6.33681525241237 -2.42598321082297e-81
160612.5 -7490224.07538868 2587668.50277866 -2821.61313843099 -9567.22753420325 25 6.34672848237803 -5.71707806376851e-81
160625 -7525024.52557746 2467918.63636163 -2746.37593144739 -9592.55944850778 25 6.3551145167457 -1.17876529507181e-80
160637.5 -7558881.47349273 2347859.34241331 -2670.65870622851 -9616.73320554794 25 6.36196006741835 -2.12565535214915e-80
160650 -7591789.14285873 2227505.19757371 -2594.49741414 -9639.73308590981 25 6.36725424351952 -3.3515394771013e-80
160662.5 -7623742.21109996 2106870.96632425 -2517.92868336761 -9661.54476095078 25 6.37098859530412 -4.619383831122e-80
160675 -7654735.81732757 1985971.58336649 -2440.98974267077 -9682.15532987473 25 6.37315714838589 -5.56471582253013e-80
160687.5 -7684765.56935726 1864822.13556716 -2363.71834273512 -9701.55335203169 25 6.37375642802162 -5.85842782880973e-80
160700 -7713827.54973115 1743437.84353012 -2286.15267550194 -9719.72887426159 25 6.37278547326683 -5.38998122675481e-80
160712.5 -7741918.32072052 1621834.04285839 -2208.33129186761 -9736.67345313432 25 6.37024584089466 -4.33390555791402e-80
160725 -7769034.92829179 1500026.16517067 -2130.293018158 -9752.38017197275 25 6.36614159904797 -3.04582248777684e-80
160737.5 -7795174.90502292 1378029.71893802 -2052.076871791 -9766.84365258082 25 6.36047931067327 -1.871278839347e-80
160750 -7820336.27196268 1255860.27020742 -1973.72197654469 -9780.06006163476 25 6.35326800686308 -1.00527697260692e-80
160762.5 -7844517.53943049 1133533.42327867 -1895.26747784978 -9792.02711173164 25 6.3445191503099 -4.72366735954711e-81
160775 -7867717.7067597 1011064.80140156 -1816.75245852212 -9802.74405712579 25 6.33424658914901 -1.94213971880479e-81
160787.5 -7889936.26099248 888470.027559205 -1738.21585534437 -9812.21168421876 25 6.32246650153765 -6.99001870457073e-82
160800 -7911173.17453934 765764.705402441 -1659.69637689646 -9820.43229690336 25 6.30919733138489 -2.20338045027957e-82
160812.5 -7931428.90182132 642964.400399017 -1581.2324230207 -9827.40969689524 25 6.29445971570778 -6.08635843553036e-83
160825 -7950704.37491774 520084.621259068 -1502.86200629136 -9833.14915921712 25 6.27827640414513 -1.47418685324773e-83
160837.5 -7969000.99824656 397140.801696342 -1424.62267583889 -9837.65740303021 25 6.26067217121009 -3.13307331551924e-84
160850 -7986320.64230907 274148.282581972 -1346.55144385724 -9840.94255803477 25 6.24167372190549 -5.84699836415049e-85
160862.5 -8002665.63653429 151122.294544672 -1268.68471509818 -9843.0141266862 25 6.22130959136209 -9.58927639908579e-86
160875 -8018038.76126209 28077.941067982 -1191.05821963023 -9843.8829424952 25 6.19961003918836 -1.38324528565346e-86
160887.5 -8032443.23890763 -94969.8178682442 -1113.70694911197 -9843.56112469971 25 6.17660693924198 -1.75657363513247e-87
160900 -8045882.72435227 -218006.181558651 -1036.66509679989 -9842.06202961227 25 6.15233366554715 -1.96563604208974e-88
160925 -8069883.43783092 -463986.406892835 -883.642095416294 -9835.59130550607 25 6.10011688818663 -1.69104854472734e-90
160950 -8090078.38086861 -709748.073478419 -732.244766084098 -9824.60033474344 25 6.04325219475435 -8.88388367273977e-93
160975 -8106511.22506691 -955179.9658434 -582.712731262584 -9809.23491940531 25 5.98204838841984 -2.87669517187628e-95
161000 -8119231.42090365 -1200174.69632904 -435.268505412063 -9789.65515115048 25 5.91682668446838 -5.79903886873984e-98
161025 -8128293.75821713 -1444629.0372628 -290.116596492416 -9766.03339857867 25 5.84791687092156 -7.35467083454735e-101
161050 -8133757.90770922 -1688444.20243333 -147.442884735175 -9738.55227060072 25 5.77565360718354 -5.93343318360026e-104
161075 -8135687.95028113 -1931526.07774697 -7.41426826784456 -9707.40259359256 25 5.70037292427019 -3.0800770503722e-107
161100 -8134151.90068622 -2173785.40184393 129.821440155373 -9672.78143633064 25 5.62240897866964 -1.04103116866074e-110
161125 -8129221.23153502 -2415137.89824821 264.135385348403 -9634.89021229279 25 5.54209109989484 -2.3188581123119e-114
161150 -8120970.40314437 -2655504.36130541 395.417334056901 -9593.93288410557 25 5.45974115988141 -3.44630923232543e-118
161175 -8109476.40411227 -2894810.69872006 523.575156887675 -9550.11428995337 25 5.37567128103252 -3.46049387166303e-122
161200 -8094818.30684902 -3132987.93393796 648.53415436007 -9503.63860684109 25 5.29018188929511 -2.37742718838665e-126
161225 -8077076.84162584 -3369972.1719314 770.236253897005 -9454.70796089025 25 5.20356010944192 -1.13179222318295e-130
161250 -8056333.99203703 -3605704.53214461 888.639104058278 -9403.52119048448 25 5.11607849190383 -3.78114124377288e-135
161275 -8032672.61412726 -3840131.05245194 1003.7150911615 -9350.27276416118 25 5.02799405412755 -8.97765888667977e-140
161300 -8006176.0808269 -4073202.56798512 1115.45030177522 -9295.15185173667 25 4.93954761452187 -1.53404071792598e-144
161325 -7976927.95277577 -4304874.568611 1223.84345253973 -9238.3415442825 25 4.85096339353857 -1.91002621399919e-149
161350 -7945011.67610749 -4535107.03870163 1328.90480649978 -9180.01821624577 25 4.76244885419553 -1.7542680193733e-154
161375 -7910510.30731678 -4763864.28264702 1430.65509273249 -9120.35102120839 25 4.67419475324397 -1.20295519446931e-159
161400 -7873506.26494284 -4991114.73933121 1529.1244436199 -9059.5015114736 25 4.58637537404212 -6.23229714707335e-165
161425 -7834081.10747334 -5216830.78853535 1624.35136172796 -8997.62337080777 25 4.49914891285311 -2.46794783620054e-170
161450 -7792315.33660324 -5440988.55195795 1716.38172597549 -8934.86224919549 25 4.41265799156353 -7.55516629415296e-176
161475 -7748288.22476735 -5663567.69126165 1805.26784465312 -8871.3556883304 50 4.32703027156467 -1.80793812372985e-181
161500 -7702077.6657014 -5884551.20527507 1891.06756091566 -8807.23312670497 50 4.24237914560467 -3.41853708252527e-187
161525 -7653760.04666764 -6103925.22820431 1973.84341464056 -8742.61597352342 50 4.15880448668209 -5.16142867640127e-193
161550 -7603410.14090324 -6321678.83044502 2053.66186302745 -8677.61774119281 50 4.07639343540441 -6.28629581479895e-199
161575 -7551101.018807 -6537803.82333843 2130.59256100995 -8612.34422680075 50 3.99522120959078 -6.23737129992058e-205
161600 -7496903.97636751 -6752294.5689836 2204.70770145229 -8546.89373372391 50 3.91535192219073 -5.09025829736637e-211
161625 -7440888.4793478 -6965147.79600654 2276.08141419865 -8481.35732529501 50 3.83683939576806 -3.44842912531766e-217
161650 -7383122.12177493 -7176362.42199523 2344.78922231681 -8415.81910325829 50 3.75972796382614 -1.95668211587811e-223
161675 -7323670.59733101 -7385939.38313759 2410.90755331194 -8350.35650454182 50 3.68405325110492 -9.37937976580063e-230
161700 -7262597.68230419 -7593881.47144768 2474.51330266322 -8285.04061065092 50 3.60984292664791 -3.8298758642376e-236
161725 -7199965.22882748 -7800193.17983205 2535.68344673636 -8219.93646472732 50 3.53711742491652 -1.34282718515298e-242
161750 -7135833.16721023 -8004880.55513341 2594.49470193222 -8155.10339201359 50 3.46589063152142 -4.07396201968547e-249
161775 -7070259.51624668 -8207951.05919005 2651.02322682709 -8090.59532010593 50 3.39617053125413 -1.07741450821047e-255
161800 -7003300.40046762 -8409413.43786695 2705.34436402997 -8026.46109596663 50 3.32795981704733 -2.50149156295856e-262
161825 -6935010.07338319 -8609277.59794507 2757.53241851101 -7962.7447971994 50 3.26125645928379 -5.13362222713012e-269
161850 -6865440.9458446 -8807554.49169934 2807.66046923122 -7899.48603556666 50 3.19605423552462 -9.37337059637339e-276
161875 -6794643.61873083 -9004256.0089505 2855.80021101562 -7836.72025114945 50 3.13234322125363 -1.53227444932145e-282
161900 -6722666.91924106 -9199394.87634089 2902.02182375093 -7774.47899592011 50 3.0701102426502 -2.25608302667313e-289
161925 -6649557.94014455 -9392984.56355738 2946.39386614629 -7712.79020581974 50 3.00933929272312 -3.00919784228912e-296
161950 -6575362.08140658 -9585039.19620571 2988.98319146492 -7651.67846070853 50 2.95001191237527 -3.6560917960851e-303
161975 -6500123.09367189 -9775573.47502772 3029.85488281109 -7591.16523179319 50 2.89210753813641 -4.01968791344752e-310
162000 -6423883.12314493 -9964602.60114539 3069.07220573465 -7531.26911633432 50 2.83560381840997 -0
162025 -6346682.75746022 -10152142.2070132 3106.6965760925 -7472.0060596024 50 2.78047690014016 -0
162050 -6268561.07218532 -10338208.2927608 3142.78754127915 -7413.3895641876 50 2.72670168782567 -0
162075 -6189555.67764393 -10522817.1676128 3177.40277310488 -7355.43088687909 50 2.67425207679514 -0
162100 -6109702.76578799 -10705985.3960778 3210.59807075939 -7298.139223418 50 2.6231011626228 -0
162125 -6029037.15688438 -10887729.748609 3242.42737244873 -7241.52188149656 50 2.57322142850691 -0
162150 -5947592.34581577 -11068067.1564467 3272.94277443464 -7185.5844424281 50 2.52458491236318 -0
162175 -5865400.54782482 -11247014.6703664 3302.1945563367 -7130.33091195019 50 2.47716335530483 -0
162200 -5782492.74355838 -11424589.4230653 3330.23121167927 -7075.76386064884 50 2.43092833309328 -0
162225 -5698898.72329198 -11600808.594936 3357.09948277766 -7021.88455450729 50 2.38585137205188 -0
162250 -5614647.13023631 -11775689.3829845 3382.84439916039 -6968.69307608989 50 2.34190405084139 -0
162275 -5529765.50284654 -11949248.9726676 3407.50931881833 -6916.18843687223 50 2.2990580894025 -0
162300 -5444280.31607159 -12121504.5124315 3431.13597165703 -6864.36868122297 50 2.25728542627814 -0
162325 -5358217.02149529 -12292473.0907522 3453.76450460538 -6813.23098253351 50 2.21655828543875 -0
162350 -5271600.08633427 -12462171.7154853 3475.43352790371 -6762.77173197835 50 2.17684923364678 -0
162375 -5184453.03126815 -12630617.2953474 3496.18016215706 -6712.98662037303 50 2.13813122931418 -0
162400 -5096798.46708769 -12797826.6233631 3516.04008579559 -6663.87071357905 50 2.10037766372769 -0
162425 -5008658.13015461 -12963816.3621201 3535.04758263431 -6615.41852188586 50 2.06356239544288 -0
162450 -4920052.9166739 -13128603.0306889 3553.23558926901 -6567.62406377992 50 2.02765977857797 -0
162475 -4831002.91578569 -13292202.9930692 3570.63574208542 -6520.48092449056 50 1.99264468567386 -0
162500 -4741527.44148868 -13454632.4480404 3587.27842369338 -6473.98230968139 50 1.95849252572571 -0
162525 -4651645.06341162 -13615907.4202951 3603.19280862951 -6428.12109463564 50 1.92517925793593 -0
162550 -4561373.63645267 -13776043.7527518 3618.40690819891 -6382.88986926342 50 1.89268140168614 -0
162575 -4470730.32930968 -13935057.0999415 3632.94761435087 -6338.28097923912 50 1.86097604317821 -0
162600 -4379731.65192644 -14092962.922379 3646.84074250443 -6294.28656355802 50 1.83004083915049 -0
162625 -4288393.48188224 -14249776.4818307 3660.11107325834 -6250.89858878247 50 1.79985401803515 -0
162650 -4196731.08975306 -14405512.8373992 3672.78239293581 -6208.10888023058 50 1.77039437888576 -0
162675 -4104759.16347416 -14560186.8423532 3684.87753292838 -6165.90915034302 50 1.74164128837077 -0
162700 -4012491.83173429 -14713813.1416319 3696.41840781551 -6124.29102444776 50 1.71357467609772 -0
162750 -3827124.80417417 -15017980.1505173 3717.92065661418 -6042.76578835138 50 1.65942338154579 -0
162800 -3640732.6826485 -15318126.7990307 3737.44749016725 -5963.46526648806 50 1.60779092975806 -0
162850 -3453410.54040595 -15614362.621829 3755.14482211196 -5886.32144045999 50 1.55853626032059 -0
162900 -3265246.44487411 -15906793.7599145 3771.14713261081 -5811.26665330124 50 1.51152649266927 -0
162950 -3076322.00580731 -16195522.9885947 3785.57839715465 -5738.23399080791 50 1.46663657059114 -0
163000 -2886712.8787993 -16480649.7624969 3798.55294377934 -5667.15758468999 50 1.42374888903016 -0
163050 -2696489.2276451 -16762270.2740541 3810.17624255125 -5597.9728502 50 1.38275291293276 -0
163100 -2505716.14883634 -17040477.5224616 3820.54563143987 -5530.61666900424 50 1.34354479555903 -0
163150 -2314454.06126549 -17315361.3906021 3829.75098279726 -5465.02752643639 50 1.30602700183672 -0
163200 -2122759.06400314 -17587008.7278573 3837.87531464809 -5401.14561087804 50 1.27010794086297 -0
163250 -1930683.26480476 -17855503.4370791 3844.99535089512 -5338.91288181694 50 1.23570161049201 -0
163300 -1738275.08180166 -18120926.5642998 3851.18203438837 -5278.27311211479 50 1.20272725602902 -0
163350 -1545579.52063816 -18383356.3900078 3856.50099661345 -5219.17190914821 50 1.17110904433258 -0
163400 -1352638.42913476 -18642868.5210367 3861.01298753862 -5161.55671874779 50 1.14077575407134 -0
163450 -1159490.7313854 -18899535.9822904 3864.77426893363 -5105.37681523334 50 1.11166048245359 -0
163500 -966172.643037295 -19153429.3076815 3867.83697424383 -5050.58328031097 50 1.08370036842409 -0
163550 -772717.869353259 -19404616.6297847 3870.2494378758 -4997.12897314753 50 1.05683633208112 -0
163600 -579157.787518999 -19653163.7678148 3872.05649653098 -4944.96849355568 50 1.0310128298899 -0
163650 -385521.614531642 -19899134.3136255 3873.29976501295 -4894.05813990126 50 1.00617762514301 -0
163700 -191836.561889238 -20142589.7155003 3874.01788873478 -4844.3558630714 50 0.982281573033739 -0
163750 1872.02180545383 -20383589.3595668 3874.24677496572 -4795.82121761248 50 0.959278419653982 -0
163800 195580.519311193 -20622190.6487165 3874.01980468194 -4748.41531095313 50 0.937124614198865 -0
163850 389266.923357922 -20858449.0789537 3873.3680267242 -4702.10075146416 50 0.915779133649057 -0
163900 582910.724554645 -21092418.3131319 3872.32033581587 -4656.84159597028 50 0.895203319204233 -0
163950 776492.807824477 -21324150.2520623 3870.90363585686 -4612.60329721291 50 0.8753607237543 -0
164000 969995.356663414 -21553695.1030024 3869.14298978323 -4569.35265166688 50 0.856216969695388 -0
164050 1163401.76458089 -21781101.4455523 3867.06175716621 -4527.05774803267 50 0.83773961642336 -0
164100 1356696.55313626 -22006416.2949966 3864.68172061907 -4485.68791665796 50 0.81989803686686 -0
164150 1549865.29603623 -22229685.1631458 3862.02320198375 -4445.21368008601 50 0.80266330245326 -0
164200 1742894.54880474 -22450952.1167358 3859.10516918173 -4405.60670488097 50 0.786008075933444 -0
164250 1935771.78357889 -22670259.8334538 3855.94533453334 -4366.83975484145 50 0.769906511524183 -0
164300 2128485.32862293 -22887649.6556602 3852.5602452775 -4328.88664568107 50 0.754334161859465 -0
164350 2321024.31218729 -23103161.6418835 3848.96536695777 -4291.72220122828 50 0.739267891274026 -0
164400 2513378.61037124 -23316834.6161628 3845.17516028053 -4255.32221117562 50 0.724685794973217 -0
164450 2705538.79867691 -23528706.2153177 3841.20315199706 -4219.6633903909 50 0.710567123673001 -0
164500 2897496.10696859 -23738812.9342219 3837.06200031162 -4184.72333978825 100 0.696892213322152 -0
164550 3089242.37757514 -23947190.1691601 3832.76355527295 -4150.48050874528 100 0.683642419545557 -0
164600 3280770.02629535 -24153872.2593428 3828.31891456597 -4116.91415904341 100 0.670800056472867 -0
164650 3472072.0060859 -24358892.5266567 3823.7384750836 -4084.00433030101 100 0.658348339640562 -0
164700 3663141.77322968 -24562283.3137223 3819.03198062497 -4051.73180686347 100 0.646271332677875 -0
164750 3853973.25579881 -24764076.0203327 3814.20856603613 -4020.07808611008 100 0.6345538975079 -0
164800 4044560.82424182 -24964301.1383411 3809.27679808154 -3989.02534813433 100 0.623181647814751 -0
164850 4234899.26393822 -25162988.2850667 3804.24471330984 -3958.55642675219 100 0.612140905545801 -0
164900 4424983.74957629 -25360166.2352825 3799.11985315429 -3928.65478179164 100 0.601418660234967 -0
164950 4614809.82122136 -25555862.9518491 3793.9092964879 -3899.30447261575 100 0.591002530948692 -0
165000 4804373.3619524 -25750105.6150545 3788.61968983426 -3870.49013283156 100 0.580880730670867 -0
165050 4993670.57695453 -25942920.6507175 3783.25727541809 -3842.19694613714 100 0.571042032956474 -0
165100 5182697.97396341 -26134333.7571115 3777.82791722397 -3814.41062325977 100 0.561475740696214 -0
165150 5371452.34496621 -26324369.930761 3772.33712521742 -3787.11737993895 100 0.552171656846001 -0
165200 5559930.74907051 -26513053.4911632 3766.79007786978 -3760.30391590903 100 0.543120056985952 -0
165250 5748130.49645984 -26700408.1044818 3761.19164311652 -3733.95739483734 100 0.534311663583374 -0
165300 5936049.13336043 -26886456.8062615 3755.54639786788 -3708.06542517505 100 0.525737621843491 -0
165350 6123684.42794965 -27071222.0232064 3749.858646181 -3682.61604187939 100 0.517389477040091 -0
165400 6311034.35714164 -27254725.5940662 3744.13243619383 -3657.59768896719 100 0.509259153226139 -0
165450 6498097.09419065 -27436988.7896693 3738.37157591295 -3632.99920286139 100 0.501338933231647 -0
165500 6684870.99705685 -27618032.3321427 3732.57964793999 -3608.80979649336 100 0.493621439862809 -0
165550 6871354.59748368 -27797876.413355 3726.76002321459 -3585.0190441257 100 0.486099618222562 -0
165600 7057546.59073909 -27976540.7126179 3720.91587384559 -3561.61686686132 100 0.478766719078522 -0
165700 7429051.29719294 -28330406.2209843 3709.1657665914 -3515.93957383784 100 0.464642126668195 -0
165800 7799377.59695988 -28679776.6697478 3697.35116270283 -3471.70371259791 100 0.451199209626968 -0
165900 8168520.02716524 -29024792.6903173 3685.49140763666 -3428.83980437384 100 0.438393493831378 -0
166000 8536474.94693929 -29365588.1873598 3673.60364040502 -3387.28273565155 100 0.426184099808035 -0
166100 8903240.32952609 -29702290.758599 3661.70304322171 -3346.97142858935 100 0.414533400677102 -0
166200 9268815.57780509 -30035022.0830945 3649.80306082936 -3307.84853975769 100 0.403406717137334 -0
166300 9633201.36039838 -30363898.2807004 3637.91559349984 -3269.86018455562 100 0.392772045039759 -0
166400 9996399.46590644 -30689030.245149 3626.05116713282 -3232.95568491341 100 0.382599811679744 -0
166500 10358412.6731331 -31010523.9529769 3614.21908339585 -3197.08733812275 100 0.372862657438209 -0
166600 10719244.6354338 -31328480.7503103 3602.42755244087 -3162.21020484529 100 0.363535239834311 -0
166700 11078899.7775566 -31642997.6193342 3590.68381038413 -3128.28191454058 100 0.354594057424044 -0
166800 11437383.2035496 -31954167.4261104 3578.99422344002 -3095.26248672588 100 0.346017291300662 -0
166900 11794700.6144828 -32262079.1512508 3567.36438034578 -3063.11416663491 100 0.337784662230846 -0
167000 12150858.2348882 -32566818.104824 3555.79917449728 -3031.80127398193 100 0.329877301701437 -0
167100 12505862.7469499 -32868466.1267428 3544.30287703014 -3001.29006366298 100 0.322277635360544 -0
167200 12859721.2315961 -33167101.7737753 3532.87920192025 -2971.5485973386 100 0.314969277518425 -0
167300 13212441.1157402 -33462800.4942179 3521.53136404058 -2942.54662494397 100 0.307936935531654 -0
167400 13564030.1250119 -33755634.791179 3510.2621309923 -2914.25547526339 100 0.301166323031791 -0
167500 13914496.2413884 -34045674.3753413 3499.07386942582 -2886.64795478796 100 0.294644081080096 -0
167600 14263847.6652099 -34332986.3079934 3487.96858647855 -2859.69825414919 100 0.28835770643496 -0
167700 14612092.7811174 -34617635.135057 3476.94796687954 -2833.38186148718 100 0.282295486210793 -0
167800 14959240.1275049 -34899683.0127734 3466.01340620418 -2807.67548217211 100 0.276446438287851 -0
167900 15305298.3691224 -35179189.8256573 3455.16604070432 -2782.55696435114 100 0.270800256903406 -0
168000 15650276.2725066 -35456213.2972762 3444.40677408844 -2758.00522984133 100 0.265347262916971 -0
168100 15994182.683951 -35730809.0943688 3433.73630158261 -2734.00020993272 100 0.260078358297274 -0
168200 16337026.5097582 -36003030.9247717 3423.15513156419 -2710.52278570514 100 0.254984984427048 -0
168300 16678816.6985457 -36272930.6295887 3412.66360502695 -2687.5547324976 100 0.250059083864534 -0
168400 17019562.2253991 -36540558.2700011 3402.26191310628 -2665.07866820139 100 0.245293065238388 -0
168500 17359272.0776888 -36805962.2090852 3391.95011286766 -2643.0780050767 100 0.240679770986214 -0
168600 17697955.2423876 -37069189.1889767 3381.7281415386 -2621.53690481893 100 0.236212447676634 -0
168700 18035620.6947395 -37330284.4036935 3371.59582934427 -2600.44023662464 100 0.231884718681208 -0
168800 18372277.3881479 -37589291.5679055 3361.55291108948 -2579.77353802809 100 0.227690558985951 -0
168900 18707934.2451663 -37846252.9819175 3351.59903661405 -2559.52297829946 100 0.223624271953091 -0
169000 19042600.1494807 -38101209.5931125 3341.73378023494 -2539.67532421282 200 0.219680467862307 -0
169100 19376283.9387921 -38354201.0540825 3331.95664927619 -2520.21790800833 200 0.215854044077301 -0
169200 19708994.3985084 -38605265.7776586 3322.26709177735 -2501.13859738761 200 0.212140166698394 -0
169300 20040740.2561705 -38854440.9890358 3312.6645034611 -2482.42576739436 200 0.208534253575108 -0
169400 20371530.1765406 -39101762.7751752 3303.14823403255 -2464.06827404438 200 0.205031958564583 -0
169500 20701372.7572907 -39347266.1316502 3293.71759287532 -2446.05542958025 200 0.201629156932335 -0
169600 21030276.5252314 -39590985.0070959 3284.37185420252 -2428.37697923564 200 0.198321931801425 -0
169700 21358249.9330322 -39832952.345405 3275.11026171495 -2411.02307940356 200 0.195106561564713 -0
169800 21685301.3563845 -40073200.1258071 3265.93203281371 -2393.98427711106 200 0.191979508182586 -0
169900 22011439.091565 -40311759.4009567 3256.8363624094 -2377.25149071053 200 0.188937406295535 -0
170000 22336671.3533618 -40548660.3331482 3247.822426366 -2360.81599170466 200 0.185977053087208 -0
170100 22661006.2733282 -40783932.2287661 3238.88938461378 -2344.66938762851 200 0.183095398839261 -0
170200 22984451.898332 -41017603.5710741 3230.03638396225 -2328.80360591787 200 0.180289538124397 -0
170300 23307016.1893732 -41249702.051437 3221.26256064099 -2313.21087869857 200 0.177556701588682 -0
170400 23628707.020642 -41480254.5990653 3212.56704259349 -2297.88372843608 200 0.174894248278323 -0
170500 23949532.1787958 -41709287.4093655 3203.94895154712 -2282.81495438944 200 0.172299658469976 -0
170600 24269499.3624327 -41936825.9709736 3195.40740487936 -2267.99761981744 200 0.169770526967027 -0
170700 24588616.1817417 -42162895.0915446 3186.94151729945 -2253.42503988901 200 0.167304556827438 -0
170800 24906890.1583129 -42387518.9223675 3178.55040236186 -2239.09077025302 200 0.164899553491589 -0
170900 25224328.7250917 -42610720.9818669 3170.2331738273 -2224.98859622602 200 0.162553419281113 -0
171000 25540939.2264611 -42832524.1780537 3161.98894688485 -2211.11252255938 200 0.160264148242072 -0
171100 25856728.9184407 -43052950.82998 3153.81683924792 -2197.45676374993 200 0.15802982130798 -0
171200 26171704.9689891 -43272022.6882503 3145.71597213546 -2184.01573486089 200 0.155848601760076 -0
171400 26799244.3797627 -43706186.3008022 3129.72446705154 -2157.75647817045 200 0.151638524364755 -0
171600 27423613.0582578 -44135178.3762978 3114.00750250871 -2132.29376477496 200 0.147620713550679 -0
171800 28044865.228107 -44559154.3512621 3098.55825243001 -2107.58930374678 200 0.143783036790691 -0
172000 28663053.7594422 -44978262.2551617 3083.37001029416 -2083.60728055399 200 0.140114327720195 -0
172200 29278230.1941322 -45392643.1854438 3068.43620182877 -2060.31415800447 200 0.136604293978663 -0
172400 29890444.7732346 -45802431.7446973 3053.75039454968 -2037.67849615996 200 0.13324343522897 -0
172600 30499746.4660859 -46207756.4435185 3039.30630469475 -2015.67078914305 200 0.130022970083837 -0
172800 31106183.0005569 -46608740.0722742 3025.09780200825 -1994.26331701556 200 0.126934770844918 -0
