0 314159000 0 -1179.00315678648 223.498448065128 100 0.00403837820768556 -0
100 314041079.487377 22349.8443274138 -1179.40714623621 223.498433689459 200 0.00404141152945086 -0
300 313805117.189396 67049.5214692778 -1180.21603622902 223.498318489508 400 0.00404749143991489 -0
700 313332706.650397 156448.748757499 -1181.83747294947 223.497740470325 800 0.00405970458882118 -0
1500 312385934.94614 335246.042291892 -1185.09507299858 223.495179207629 1600 0.00408434630203398 -0
3100 310484533.595566 692830.671045383 -1191.66998954453 223.484315381572 1600 0.00413450856980672 -0
4700 308572547.673529 1050391.6429982 -1198.32610718916 223.465560164054 1600 0.00418587636371789 -0
6300 306649845.705325 1407916.09790189 -1205.06537822308 223.438618868603 1600 0.00423849178343377 -0
7900 304716293.038465 1765390.69346077 -1211.8898230933 223.403183504568 1600 0.00429239886800663 -0
9500 302771751.731141 2122801.58346643 -1218.80153354052 223.358932045991 1600 0.00434764370719618 -0
11100 300816080.435526 2480134.39472465 -1225.8026759163 223.305527652484 1600 0.00440427456046747 -0
12700 298849134.275615 2837374.20269474 -1232.89549469256 223.242617838418 1600 0.00446234198428542 -0
14300 296870764.71929 3194505.50575575 -1240.08231617669 223.169833586415 1600 0.00452189896838318 -0
15900 294880819.444264 3551512.19800663 -1247.3655524469 223.086788400756 1600 0.00458300108174546 -0
17500 292879142.197544 3908377.54050078 -1254.74770552334 222.993077295956 1600 0.00464570662911823 -0
19100 290865572.64802 4265084.13080693 -1262.23137179214 222.888275715282 1600 0.00471007681893404 -0
20700 288839946.231758 4621613.87077984 -1269.81924670056 222.771938373541 1600 0.00477617594362849 -0
22300 286802093.989559 4977947.93241486 -1277.51412974348 222.643598017906 1600 0.00484407157341959 -0
23900 284751842.39628 5334066.72164963 -1285.31892976283 222.502764099994 1600 0.00491383476472787 -0
25500 282689013.181421 5689949.83996526 -1293.2366705835 222.348921351711 1600 0.00498554028453406 -0
27100 280613423.140402 6045576.04362644 -1301.27049701159 222.18152825671 1600 0.00505926685210305 -0
28700 278524883.935937 6400923.20038643 -1309.42368122294 222.000015408459 1600 0.00513509739965024 -0
30300 276423201.888851 6755968.24346779 -1317.69962957235 221.803783745062 1600 0.00521311935369096 -0
31900 274308177.75765 7110687.12261298 -1326.10188985714 221.592202649954 1600 0.00529342493899798 -0
33500 272179606.506073 7465054.7519809 -1334.6341590711 221.364607906502 1600 0.00537611150729776 -0
35100 270037277.057828 7819044.95464523 -1343.30029168905 221.120299493321 1600 0.00546128189306807 -0
36700 267880972.037611 8172630.40342815 -1352.10430852547 220.858539205705 1600 0.00554904479905856 -0
38300 265710467.497468 8525782.55777868 -1361.05040621518 220.57854808706 1600 0.00563951521444856 -0
39900 263525532.62745 8878471.59637753 -1370.14296736863 220.279503652493 1600 0.00573281486888508 -0
41500 261325929.449442 9230666.3451203 -1379.38657145954 219.960536884767 1600 0.0058290727260154 -0
43100 259111412.49295 9582334.20009768 -1388.78600650864 219.62072898065 1600 0.00592842552054795 -0
44700 256881728.451501 9933441.04515404 -1398.34628163348 219.259107823271 1600 0.0060310183433502 -0
46300 254636615.818228 10283951.1635646 -1408.07264054163 218.874644153283 1600 0.00613700527963015 -0
47900 252375804.499053 10633827.1433255 -1417.97057605286 218.46624740856 1600 0.00624655010585974 -0
49500 250099015.401743 10983029.7755003 -1428.04584574475 218.03276119862 1600 0.00635982705179331 -0
51100 247805959.998973 11331517.9450077 -1438.30448882648 217.572958375954 1600 0.0064770216347274 -0
52700 245496339.863327 11679248.5131739 -1448.75284435708 217.08553566195 1600 0.00659833157405225 -0
53500 244335221.93379 11852815.6316692 -1454.05023204998 216.831037321236 1600 0.00666059517124869 -0
54300 243169846.171929 12026176.1912861 -1459.39757093642 216.569107780088 1600 0.00672396779518503 -0
55100 242000172.26398 12199324.1726446 -1464.79574676544 216.299560014738 1600 0.00678847805599957 -0
55900 240826159.178538 12372253.4043771 -1470.24566801691 216.022201042252 1600 0.00685415553313959 -0
56700 239647765.148067 12544957.558268 -1475.74826666738 215.736831685949 1600 0.00692103081613125 -0
57500 238464947.649786 12717430.1442017 -1481.30449898789 215.443246329743 1600 0.00698913554740242 -0
58300 237277663.385905 12889664.5049084 -1486.91534637541 215.141232660782 1600 0.00705850246727928 -0
59100 236085868.263175 13061653.8104999 -1492.5818162197 214.830571399748 1600 0.00712916546128519 -0
59900 234889517.371741 13233391.052784 -1498.30494280714 214.511036018111 1600 0.00720115960987957 -0
60700 233688564.963247 13404869.0393478 -1504.0857882637 214.182392441603 1600 0.00727452124078364 -0
61500 232482964.428172 13576080.3873975 -1509.92544353892 213.844398739122 1600 0.00734928798405003 -0
62300 231272668.272367 13747017.5173432 -1515.82502943303 213.496804796231 1600 0.00742549883004428 -0
63100 230057628.092746 13917672.6461167 -1521.78569766956 213.139351972356 1600 0.00750319419051809 -0
63900 228837794.552101 14088037.7802072 -1527.80863201581 212.771772740718 1600 0.00758241596296663 -0
64700 227613117.353009 14258104.7084027 -1533.89504945372 212.393790310002 1600 0.00766320759847627 -0
65500 226383545.210763 14427864.9942202 -1540.04620140382 212.005118226651 1600 0.00774561417328368 -0
66300 225149025.825325 14597309.9680105 -1546.26337500534 211.605459956639 1600 0.00782968246428349 -0
67100 223909505.852211 14766430.718719 -1552.54789445522 211.194508445472 1600 0.00791546102873891 -0
67900 222664930.872292 14935218.0852857 -1558.90112240963 210.771945655085 1600 0.00800300028846855 -0
68700 221415245.360442 15103662.6476651 -1565.32446145125 210.337442076222 1600 0.00809235261880308 -0
69500 220160392.652992 15271754.7174454 -1571.81935562612 209.890656214767 1600 0.00818357244262744 -0
70300 218900314.913913 15439484.3280462 -1578.38729205393 209.431234050384 1600 0.00827671632984821 -0
71100 217634953.099692 15606841.224471 -1585.02980261609 208.958808465738 1600 0.00837184310265176 -0
71900 216364246.92282 15773814.852591 -1591.74846572591 208.472998644392 1600 0.00846901394694719 -0
72700 215088134.813828 15940394.3479341 -1598.5449081858 207.973409435381 1600 0.00856829253041862 -0
73500 213806553.881801 16106568.5239511 -1605.4208071366 207.459630682281 1600 0.00866974512764488 -0
74300 212519439.8733 16272325.8597305 -1612.37789210448 206.931236514462 1600 0.00877344075278112 -0
75100 211226727.129595 16437654.4871304 -1619.41794715125 206.387784597993 1600 0.00887945130033647 -0
75900 209928348.542145 16602542.1772939 -1626.5428131344 205.828815343533 1600 0.00898785169462523 -0
76700 208624235.506216 16766976.3265126 -1633.75439008359 205.253851068271 1600 0.00909872004851623 -0
77500 207314317.872551 16930943.9414005 -1641.05463970068 204.662395108807 1600 0.00921213783215656 -0
78300 205998523.896991 17094431.6233375 -1648.44558799113 204.053930881588 800 0.00932819005240272 -0
79100 204676780.187933 17257425.5521382 -1655.92932803493 203.427920887246 800 0.00944696544375317 -0
79900 203349011.651511 17419911.4689021 -1663.50802290608 202.783805654919 800 0.00956855667164508 -0
80700 202015141.434383 17581874.6579919 -1671.18390874995 202.121002622272 800 0.00969306054905092 -0
81500 200675090.863986 17743299.9280903 -1678.95929802901 201.438904946635 800 0.00982057826739315 -0
82300 199328779.386123 17904171.592275 -1686.8365829478 200.73688024226 800 0.00995121564288381 -0
83100 197976124.49974 18064473.4470537 -1694.81823906912 200.014269238298 800 0.0100850833794944 -0
83900 196617041.688722 18224188.7502903 -1702.90682913412 199.270384351638 800 0.0102222973498697 -0
84700 195251444.350552 18383300.1979545 -1711.10500710025 198.504508168243 800 0.010362978895618 -0
85500 193879243.721644 18541789.8996167 -1719.41552241188 197.715891826083 800 0.0105072551485418 -0
86300 192500348.799165 18699639.3526079 -1727.84122451969 196.90375329216 800 0.0106552593745184 -0
87100 191114666.259133 18856829.4147559 -1736.38506766619 196.067275525438 800 0.0108071313418981 -0
87900 189722100.370574 19013340.2756035 -1745.05011595629 195.205604516795 800 0.0109630177164687 -0
88700 188322552.905505 19169151.4260059 -1753.8395487332 194.317847196292 800 0.0111230724852268 -0
89500 186915923.044481 19324241.6259979 -1762.75666628178 193.40306919717 800 0.011287457411417 -0
90300 185502107.277451 19478588.8708103 -1771.80489588321 192.460292465013 800 0.011456342523541 -0
91100 184080999.299605 19632170.3549087 -1780.98779824717 191.488492699451 800 0.011629906641305 -0
91900 182652489.901931 19784962.4339132 -1790.30907434954 190.486596614553 800 0.0118083379417757 -0
92700 181216466.856121 19936940.5842489 -1799.7725727065 189.453479002768 800 0.011991834569344 -0
93500 179772814.793471 20088079.3603641 -1809.38229711849 188.387959585801 800 0.0121806052934686 -0
94300 178321415.077392 20238352.3493376 -1819.14241492035 187.288799634159 800 0.0123748702185854 -0
95100 176862145.669099 20387732.1226822 -1829.05726577756 186.15469833535 800 0.0125748615510302 -0
95900 175394880.986038 20536190.1851353 -1839.13137107197 184.984288888638 800 0.012780824428343 -0
96700 173919491.75254 20683696.9202082 -1849.36944392448 183.77613430208 800 0.0129930178169008 -0
97500 172435844.842199 20830221.5322441 -1859.77639990656 182.528722865029 800 0.0132117154844804 -0
98300 170943803.11138 20975731.9847157 -1870.35736849778 181.240463266505 800 0.0134372070550847 -0
99100 169443225.223238 21120194.9344641 -1881.11770535147 179.909679326716 800 0.0136697991541949 -0
99900 167933965.461589 21263575.6615569 -1892.06300543743 178.534604305514 800 0.0139098166535403 -0
100700 166415873.533879 21405837.9944102 -1903.19911713679 177.113374747614 800 0.014157604025531 -0
101500 164888794.362479 21546944.2297868 -1914.53215737228 175.644023820024 800 0.0144135268186917 -0
102300 163352567.863425 21686855.0472451 -1926.06852786523 174.124474092132 800 0.0146779732667819 -0
103100 161807028.711672 21825529.4175711 -1937.81493262036 172.552529703328 800 0.0149513560458216 -0
103900 160252006.091831 21962924.5046784 -1949.77839675002 170.92586785667 800 0.0152341141949852 -0
104700 158687323.433267 22098995.560412 -1961.96628676133 169.242029569989 800 0.0155267152193086 -0
105500 157112798.128345 22233695.8116302 -1974.38633244305 167.498409607697 800 0.0158296573944235 -0
106300 155528241.232467 22366976.3388757 -1987.04665050431 165.692245507372 800 0.0161434722961209 -0
107100 153933457.144448 22498785.9458744 -1999.95577013391 163.820605604727 800 0.0164687275805153 -0
107900 152328243.265611 22629071.019018 -2013.12266066817 161.880375948668 800 0.0168060300439889 -0
108700 150712389.635841 22757775.3758941 -2026.55676157721 159.868245984527 800 0.0171560289960134 -0
109500 149085678.544632 22884840.1018254 -2040.26801500339 157.780692868017 800 0.017519419982466 -0
110300 147447884.115017 23010203.3732606 -2054.26690111423 155.613964254634 800 0.0178969489022783 -0
111100 145798771.857971 23133800.2667302 -2068.56447656293 153.364059388743 800 0.0182894165662985 -0
111500 144969895.794596 23194915.1349285 -2075.82889585951 152.20659262156 800 0.0184915189290317 -0
111900 144138098.194648 23255562.5519053 -2083.17241638452 151.026708293744 800 0.0186976837542827 -0
112300 143303347.106394 23315733.4353683 -2090.59660163733 149.82382683001 800 0.0189080289313233 -0
112700 142465609.943839 23375418.4672583 -2098.10305970701 148.597348833523 800 0.0191226768339962 -0
113100 141624853.468558 23434608.0856522 -2105.69344493875 147.346654234373 800 0.0193417545323387 -0
113500 140781043.770847 23493292.4763154 -2113.36945967753 146.071101393791 800 0.0195653940161586 -0
113900 139934146.250161 23551461.5638879 -2121.13285609332 144.770026161411 800 0.01979373243135 -0
114300 139084125.594805 23609105.0026826 -2128.98543809235 143.442740882663 800 0.0200269123297967 -0
114700 138230945.760843 23666212.1670765 -2136.92906331934 142.088533353202 800 0.0202650819337751 -0
115100 137374569.950185 23722772.1414721 -2144.9656452558 140.706665717039 800 0.0205083954158386 -0
115500 136514960.587816 23778773.7098067 -2153.09715542 139.296373304805 800 0.0207570131952414 -0
115900 135652079.298122 23834205.3445839 -2161.32562567445 137.856863408318 800 0.0210111022520438 -0
116300 134785886.880277 23889055.1954021 -2169.65315064722 136.387313987338 800 0.021270836460129 -0
116700 133916343.282626 23943311.0769507 -2178.08189027378 134.886872304088 800 0.0215363969404628 -0
117100 133043407.576037 23996960.4564455 -2186.61407246654 133.354653480783 800 0.0218079724360314 -0
117500 132167037.926152 24049990.4404705 -2195.25199591987 131.789738975067 800 0.0220857597100118 -0
117900 131287191.564492 24102387.7611925 -2203.99803305864 130.191174967823 800 0.0223699639688571 -0
118300 130403824.758343 24154138.7619129 -2212.85463313932 128.557970657454 800 0.022660799312115 -0
118700 129516892.779387 24205229.3819167 -2221.82432551279 126.889096454204 800 0.0229584892109565 -0
119100 128626349.870972 24255645.1405783 -2230.9097230593 125.183482067647 800 0.0232632670175522 -0
119500 127732149.213992 24305371.1206801 -2240.11352580614 123.440014479857 800 0.0235753765076215 -0
119900 126834242.891267 24354391.9508958 -2249.43852473988 121.657535796229 800 0.0238950724586788 -0
120300 125932581.850364 24402691.7873882 -2258.88760582564 119.834840965218 800 0.0242226212667208 -0
120700 125027115.864766 24450254.2944668 -2268.46375424676 117.970675357588 800 0.0245583016043415 -0
121100 124117793.493297 24497062.6242483 -2278.17005887955 116.063732194935 800 0.024902405123529 -0
121500 123204562.037709 24543099.3952551 -2288.00971701855 114.112649816432 800 0.0252552372066879 -0
121900 122287367.498326 24588346.6698877 -2297.98603936924 112.116008771768 800 0.0256171177697579 -0
122300 121366154.527631 24632785.9306959 -2308.10245532616 110.07232872726 800 0.0259883821216526 -0
122700 120440866.381686 24676398.0553739 -2318.36251855628 107.980065170933 400 0.0263693818846361 -0
123100 119511444.869255 24719163.2903937 -2328.76991290838 105.837605901188 400 0.0267604859806923 -0
123500 118577830.298488 24761061.2231891 -2339.32845867169 103.643267282233 400 0.0271620816894172 -0
123900 117639961.42103 24802070.752791 -2350.04211920818 101.395290248025 400 0.0275745757835039 -0
124300 116697775.373404 24842170.0588111 -2360.91500798537 99.0918360347358 400 0.027998395748475 -0
124700 115751207.615489 24881336.5686614 -2371.95139603877 96.7309816199862 400 0.0284339910939761 -0
125100 114800191.865922 24919546.9228855 -2383.15571989513 94.3107148450331 400 0.0288818347646731 -0
125500 113844660.034238 24956776.9384723 -2394.53258999101 91.8289291938675 400 0.0293424246596056 -0
125900 112884542.149531 24993001.5700071 -2406.08679962334 89.2834182007099 400 0.029816285269753 -0
126300 111919766.285429 25028194.868507 -2417.82333447275 86.6718694546403 400 0.030303969444581 -0
126700 110950258.481132 25062329.937771 -2429.74738274322 83.9918581670567 400 0.030806060299458 -0
127100 109975942.658262 25095378.8880645 -2441.86434596625 81.2408402642732 400 0.0313231732770956 -0
127500 108996740.533257 25127312.7869381 -2454.17985052146 78.4161449638034 400 0.0318559583775755 -0
127900 108012571.525 25158101.6069665 -2466.69975993088 75.5149667886854 400 0.0324051025731097 -0
128300 107023352.657359 25187714.1701726 -2479.43018798912 72.5343569695272 400 0.0329713324254574 -0
128700 106028998.45631 25216118.0888805 -2492.37751279771 69.4712141787296 400 0.0335554169259229 -0
129100 105029420.841239 25243279.7027187 -2505.5483917782 66.3222745355056 400 0.0341581705801115 -0
129500 104024529.010041 25269164.0114679 -2518.94977774611 63.0841008137736 400 0.0347804567621601 -0
129900 103014229.317555 25293734.6034208 -2532.58893613557 59.7530707776656 400 0.035423191366032 -0
130300 101998425.146866 25316953.5788875 -2546.47346347364 56.325364561153 400 0.0360873467847165 -0
130700 100977016.772946 25338781.4684455 -2560.61130721309 52.7969509990226 400 0.0367739562518553 -0
131100 99949901.2180768 25359177.1454971 -2575.01078704363 49.1635728059897 400 0.0374841185845038 -0
131500 98916972.0984246 25378097.7326473 -2589.68061781401 45.4207304889492 400 0.0382190033704931 -0
131900 97878119.4611017 25395498.5013733 -2604.62993421102 41.5636648640382 400 0.0389798566492815 -0
132300 96833229.6109791 25411332.7643977 -2619.86831735748 37.5873380350961 400 0.0397680071413762 -0
132700 95782184.9264457 25425551.7601188 -2635.40582350811 33.4864126729894 400 0.0405848730884848 -0
133100 94724863.6632374 25438104.5283835 -2651.25301504244 29.2552294158181 400 0.0414319697746748 -0
133500 93661139.7453726 25448937.7768107 -2667.4209939755 24.8877821878723 400 0.0423109178081331 -0
133900 92590882.5421396 25457995.7367892 -2683.92143823215 20.3776912099457 400 0.0432234522538444 -0
134300 91513956.6299767 25465220.0081755 -2700.7666409592 15.7181734447392 400 0.0441714327198672 -0
134700 90430221.5379692 25470549.3916088 -2717.96955318077 10.902010188017 400 0.0451568545141753 -0
135100 89339531.4755589 25473919.7072384 -2735.54383013928 5.92151147822943 400 0.0461818610055793 -0
135500 88241735.0409178 25475263.5985171 -2753.50388170446 0.76847695366337 400 0.0472487573414549 -0
135900 87136674.9082732 25474510.319558 -2771.86492728044 -4.56584726412977 400 0.0483600256973533 -0
136300 86024187.4922914 25471585.5043713 -2790.64305569323 -10.0908161400122 400 0.049518342259652 -0
136700 84904102.58742 25466410.9160916 -2809.85529060244 -15.8164382947458 400 0.0507265961728968 -0
137100 83776242.9798609 25458904.1740765 -2829.51966205035 -21.7534341991431 400 0.0519879107192472 -0
137300 83209340.2647125 25454249.2957387 -2839.52732768166 -24.8047578386577 400 0.0526395115574064 -0
137500 82640424.0295258 25448978.4564509 -2849.65528483733 -27.9133007064602 400 0.0533056670395635 -0
137700 82069469.959992 25443080.0562934 -2859.90610646761 -31.0806329794754 400 0.053986844465044 -0
137900 81496453.2193634 25436542.1755626 -2870.28244452712 -34.3083827559204 400 0.0546835307548017 -0
138100 80921348.4323382 25429352.5629197 -2880.78703314237 -37.5982387554691 400 0.0553962334720072 -0
138300 80344129.6682966 25421498.622983 -2891.42269193642 -40.9519531721373 400 0.0561254819061112 -0
138500 79764770.4238548 25412967.4033349 -2902.19232951971 -44.3713446900777 400 0.0568718282249873 -0
138700 79183243.6047042 25403745.5809078 -2913.0989471572 -47.8583016732512 400 0.0576358487001397 -0
138900 78599521.5066984 25393819.4477132 -2924.14564262228 -51.414785540802 400 0.0584181450103824 -0
139100 78013575.7961493 25383174.8958777 -2935.33561424891 -55.0428343408864 400 0.0592193456298532 -0
139300 77425377.4892925 25371797.4019414 -2946.67216519398 -58.7445665367211 400 0.0600401073067259 -0
139500 76834896.9308784 25359672.0103777 -2958.15870792317 -62.5221850197164 400 0.0608811166395385 -0
139700 76242103.7718414 25346783.3162867 -2969.79876893401 -66.3779813657655 400 0.0617430917586542 -0
139900 75646966.9460012 25333115.4472103 -2981.59599373129 -70.3143403520736 400 0.0626267841210391 -0
140100 75049454.6457408 25318652.0440179 -2993.55415207079 -74.3337447533465 400 0.0635329804272692 -0
140300 74449534.2966089 25303376.2408021 -3005.67714348871 -78.4387804377303 400 0.0644625046704807 -0
140500 73847172.5307854 25287270.6437237 -3017.96900313517 -82.6321417846144 400 0.0654162203278662 -0
140700 73242335.1593483 25270317.3087393 -3030.43390793192 -86.9166374482927 400 0.0663950327062907 -0
140900 72634987.1432752 25252497.7181392 -3043.0761830757 -91.2951964935495 400 0.0673998914546836 -0
141100 72025092.5631075 25233792.7558185 -3055.90030891024 -95.7708749315056 400 0.0684317932570487 -0
141300 71412614.5872009 25214182.6811984 -3068.91092819207 -100.346862686555 400 0.0694917847212565 -0
141500 70797515.4384819 25193647.1017089 -3082.11285377679 -105.026491027971 400 0.0705809654802385 -0
141700 70179756.3596217 25172164.9437349 -3095.51107675507 -109.813240502786 400 0.0717004915238223 -0
141900 69559297.5765359 25149714.4219227 -3109.11077506948 -114.710749409879 400 0.0728515787812426 -0
142100 68936098.2601102 25126273.0067339 -3122.91732264629 -119.722822858888 400 0.0740355069763584 -0
142300 68310116.4860442 25101817.3901247 -3136.93629907876 -124.853442461633 400 0.0752536237798262 -0
142500 67681309.1927012 25076323.4492206 -3151.17349990168 -130.106776708235 200 0.0765073492849532 -0
142700 67049632.13684 25049766.2078407 -3165.63494750017 -135.487192085084 200 0.0777981808367156 -0
142900 66415039.8470973 25022119.795721 -3180.32690269952 -140.999264997355 200 0.0791276982465015 -0
143100 65777485.5750804 24993357.4052659 -3195.25587708649 -146.64779456487 200 0.0804975694285908 -0
143300 65136921.2439175 24963451.2456474 -3210.42864611737 -152.437816366963 200 0.0819095564982353 -0
143500 64493297.3941033 24932372.494053 -3225.85226307248 -158.374617219525 200 0.0833655223755306 -0
143700 63846563.1264631 24900091.2438686 -3241.5340739223 -164.463751075916 200 0.0848674379441254 -0
143900 63196666.0420467 24866576.449559 -3257.48173317609 -170.71105615281 200 0.0864173898192733 -0
144100 62543552.1787489 24831795.8679927 -3273.70322079052 -177.122673392597 200 0.0880175887858796 -0
144300 61887165.9444335 24795715.9959298 -3290.2068602225 -183.705066385715 200 0.0896703789741268 -0
144500 61227450.0463266 24758302.0033683 -3307.00133771862 -190.465042889522 200 0.0913782478480917 -0
144700 60564345.4164187 24719517.6624147 -3324.09572294192 -197.409778095081 200 0.0931438370916223 -0
144900 59897791.1325993 24679325.2713122 -3341.49949104635 -204.546839809892 200 0.0949699544857743 -0
145100 59227724.3352214 24637685.5732256 -3359.22254631992 -211.884215743317 200 0.0968595868834967 -0
145300 58554080.1387699 24594557.6693419 -3377.27524752906 -219.430343102534 200 0.0988159144001925 -0
145500 57876791.538279 24549898.9258011 -3395.66843510982 -227.194140730686 200 0.100842325953527 -0
145700 57195789.3101129 24503664.8739242 -3414.41346036601 -235.185044045807 200 0.102942436302666 -0
145900 56511001.9066928 24455809.1031495 -3433.52221685024 -243.413043069623 200 0.105120104756336 -0
146100 55822355.3447117 24406283.1460275 -3453.00717412188 -251.888723869908 200 0.107379455741119 -0
146300 55129773.0863442 24355036.3545555 -3472.8814140958 -260.623313779457 200 0.109724901446619 -0
146500 54433175.9129066 24302015.7670583 -3493.15867021793 -269.628730799481 200 0.11216116679316 -0
146700 53732481.7903781 24247165.9647311 -3513.85336972864 -278.917637646373 200 0.114693317001109 -0
146900 53027605.7261367 24190428.916866 -3534.98067930263 -288.503500959193 200 0.117326788079496 -0
147100 52318459.6162035 24131743.8136739 -3556.55655438524 -298.400656252149 200 0.120067420596227 -0
147300 51604952.0822204 24071046.8854859 -3578.59779257984 -308.624379273133 200 0.122921497143964 -0
147500 50886988.2973124 24008271.2069812 -3601.12209148037 -319.190964517729 200 0.125895783975861 -0
147700 50164469.7999039 23943346.4849269 -3624.14811138691 -330.117811749928 200 0.128997577355423 -0
147900 49437294.2944621 23876198.8277326 -3647.69554339193 -341.42352149843 200 0.132234755246551 -0
148100 48705355.4380424 23806750.4949184 -3671.78518338048 -353.128000633647 200 0.13561583506563 -0
148300 47968542.6113915 23734919.6243543 -3696.43901255078 -365.252579288685 200 0.139150038329905 -0
148500 47226740.6732393 23660619.9348632 -3721.6802851324 -377.820140571583 200 0.142847363168741 -0
148700 46479829.6962644 23583760.4014654 -3747.53362405999 -390.855264730803 200 0.146718665820487 -0
148900 45727684.6830599 23504244.9001872 -3774.02512545078 -404.384389687136 200 0.150775752422506 -0
149100 44970175.2602445 23421971.8189459 -3801.18247283737 -418.435990139747 200 0.155031482621392 -0
149200 44589366.6028995 23379767.8271497 -3815.01995447299 -425.667222745383 200 0.157238174313282 -0
149300 44207165.3486162 23336833.6304978 -3829.03506221626 -433.040777793123 200 0.159499886792077 -0
149400 43823553.5375761 23293154.7868582 -3843.23176062654 -440.560880573027 200 0.161818578581596 -0
149500 43438512.8073017 23248716.4231726 -3857.61413914707 -448.231925704623 200 0.16419629896435 -0
149600 43052024.3799181 23203503.2180995 -3872.18641714269 -456.058485712473 200 0.166635193172918 -0
149700 42664069.0488985 23157499.3837723 -3886.95294918263 -464.045320127997 200 0.169137507935352 -0
149800 42274627.1652697 23110688.6466209 -3901.91823058203 -472.197385155538 200 0.171705597402668 -0
149900 41883678.623248 23063054.2271956 -3917.08690321685 -480.519843943868 200 0.174341929489059 -0
150000 41491202.8452815 23014578.8189325 -3932.46376162757 -489.018077507751 200 0.17704909265827 -0
150100 41097178.7664649 22965244.5657917 -3948.05375942819 -497.69769634801 200 0.179829803192643 -0
150200 40701584.818299 22915033.0386968 -3963.86201603798 -506.56455282268 200 0.182686912984789 -0
150300 40304398.911759 22863925.2106972 -3979.89382375449 -515.624754326393 200 0.185623417895604 -0
150400 39905598.4196383 22811901.4307692 -3996.15465518756 -524.884677340171 200 0.188642466726509 -0
150500 39505160.1581298 22758941.3961663 -4012.65017107521 -534.350982419288 200 0.191747370858464 -0
150600 39103060.3676053 22705024.1232209 -4029.38622850373 -544.030630192952 200 0.19494161461538 -0
150700 38699274.6925521 22650127.9164908 -4046.36888955541 -553.930898456215 200 0.19822886641531 -0
150800 38293778.1606222 22594230.3361403 -4063.60443040919 -564.059400441908 200 0.201612990779081 -0
150900 37886545.1607478 22537308.1634295 -4081.09935092057 -574.424104368507 200 0.205098061273098 -0
151000 37477549.4202738 22479337.3641814 -4098.86038470922 -585.033354368848 200 0.208688374470891 -0
151100 37066763.9810542 22420293.050082 -4116.89450978406 -595.895892914534 200 0.212388465026723 -0
151200 36654161.1744589 22360149.4376586 -4135.2089597377 -607.020884861886 200 0.216203121964343 -0
151300 36239712.5952303 22298879.8047662 -4153.81123554365 -618.417943257514 200 0.220137406294894 -0
151400 35823389.0741292 22236456.444399 -4172.70911799208 -630.097157055107 100 0.224196670090205 -0
151500 35405160.6493028 22172850.6156281 -4191.91068080158 -642.069120910132 100 0.228386577151407 -0
151600 34984996.5363072 22108032.4914485 -4211.42430444681 -654.344967235853 100 0.232713125428168 -0
151700 34562865.0967087 22041971.1032982 -4231.25869074383 -666.93640072277 100 0.23718267136115 -0
151800 34138733.8051875 21974634.2819941 -4251.42287823736 -679.855735544379 100 0.24180195633972 -0
151900 33712569.2150597 21905988.5948021 -4271.92625843622 -693.11593549541 100 0.246578135488862 -0
152000 33284336.9221325 21835999.2783355 -4292.77859294576 -706.730657334699 100 0.251518809023994 -0
152100 32854001.5267985 21764630.1669472 -4313.99003154808 -720.714297633955 100 0.256632056440316 -0
152200 32421526.5942725 21691843.616247 -4335.57113128295 -735.082043466323 100 0.261926473835009 -0
152300 31986874.6128681 21617600.4213438 -4357.53287658452 -749.849927305321 100 0.267411214696431 -0
152400 31550006.9502049 21541859.7293691 -4379.8867005307 -765.034886545898 100 0.273096034535259 -0
152500 31110883.8072335 21464578.9457998 -4402.64450726329 -780.654828105805 100 0.278991339778825 -0
152600 30669464.1699572 21385713.6340451 -4425.81869563833 -796.728698617793 100 0.285108241402714 -0
152700 30225705.758724 21305217.4077108 -4449.42218416662 -813.276560782273 100 0.291458613833943 -0
152800 29779564.9749586 21223041.8148951 -4473.46843730378 -830.319676516924 100 0.298055159728929 -0
152900 29330996.8451947 21139136.2137993 -4497.97149314849 -847.88059761553 100 0.304911481308353 -0
153000 28879954.9622655 21053447.638865 -4522.94599260452 -865.98326471429 100 0.312042159021528 -0
153100 28426391.4235013 20965920.6565617 -4548.40721005852 -884.653115461593 100 0.319462838416971 -0
153200 27970256.7657832 20876497.2098566 -4574.37108561881 -903.917202898549 100 0.327190326215693 -0
153300 27511499.8972922 20785116.4502883 -4600.85425895196 -923.804325184534 100 0.335242696722055 -0
153400 27050068.0257941 20691714.5564486 -4627.87410474127 -944.345167947055 100 0.34363940986695 -0
153500 26585906.583297 20596224.5375386 -4655.44876977526 -965.572460701355 100 0.352401442363401 -0
153600 26118959.1469187 20498576.0205117 -4683.59721165179 -987.521148975608 100 0.361551433669857 -0
153700 25649167.355805 20398695.0191426 -4712.3392390555 -1010.22858399647 100 0.371113848706913 -0
153800 25176470.8239446 20296503.6831639 -4741.69555352858 -1033.73473204172 100 0.381115159565245 -0
153900 24700807.0487365 20191920.0253841 -4771.68779260769 -1058.08240585745 100 0.391584048784037 -0
154000 24222111.3151847 20084857.6244492 -4802.33857413833 -1083.31752087321 100 0.402551637179276 -0
154100 23740316.5956113 19975225.3006148 -4833.67154150037 -1109.48937933799 100 0.414051739671232 -0
154200 23255353.4448179 19862926.7615608 -4865.71140937906 -1136.65098595135 100 0.426121153113835 -0
154300 22767149.8906616 19747860.2149006 -4898.48400959033 -1164.85939909 100 0.43879998078187 -0
154400 22275631.320072 19629917.9435937 -4932.01633630975 -1194.17612234259 100 0.452131998945015 -0
154500 21780720.3606106 19508985.8399671 -4966.33658985262 -1224.66754178145 100 0.466165071875148 -0
154550 21531967.7715244 19447361.0698921 -4983.80134180006 -1240.37596249017 100 0.473460693874987 -0
154600 21282336.757742 19384942.8934041 -5001.47421788851 -1256.40541521775 100 0.480951622726995 -0
154650 21031816.8163479 19321715.0130837 -5019.35910009294 -1272.76579899794 100 0.488645211472321 -0
154700 20780397.248274 19257660.6264468 -5037.45995270177 -1289.46742079179 100 0.496549169022808 -0
154750 20528067.1541626 19192762.4050284 -5055.7808231279 -1306.52101647414 100 0.504671581170595 -0
154800 20274815.4301932 19127002.4723856 -5074.32584257195 -1323.93777311053 100 0.513020933058991 -0
154850 20020630.7638796 19060362.3809525 -5093.09922651259 -1341.7293526164 100 0.521606133231394 -0
154900 19765501.6298487 18992823.0876758 -5112.10527499616 -1359.90791689791 100 0.530436539385505 -0
154950 19509416.285609 18924364.9283536 -5131.34837269386 -1378.48615458184 100 0.539521985971696 -0
155000 19252362.7673233 18854967.5905959 -5150.83298869068 -1397.47730945074 100 0.548872813787079 -0
155050 18994328.8856005 18784610.0853183 -5170.56367596574 -1416.89521070905 100 0.558499901730844 -0
155100 18735302.2213201 18713270.7166733 -5190.54507051826 -1436.75430521659 100 0.568414700901905 -0
155150 18475270.1215121 18640927.0503179 -5210.78189008765 -1457.06969183689 100 0.578629271236906 -0
155200 18214219.6953113 18567555.8799082 -5231.27893240916 -1477.85715806073 100 0.589156320905484 -0
155250 17952137.8100121 18493133.1917009 -5252.04107293936 -1499.13321907851 100 0.600009248700472 -0
155300 17689011.0872514 18417634.1271379 -5273.07326197658 -1520.91515949023 100 0.6112021896837 -0
155350 17424825.8993533 18341032.9432737 -5294.3805210921 -1543.22107785812 100 0.62275006437353 -0
155400 17159568.3658701 18263302.9709003 -5315.96793877645 -1566.06993432481 100 0.634668631788418 -0
155450 16893224.3503641 18184416.5702095 -5337.84066519265 -1589.48160153938 100 0.646974546692047 -0
155500 16625779.4574757 18104345.0838202 -5360.00390591403 -1613.47691915541 100 0.659685421420211 -0
155550 16357219.0303334 18023058.7869863 -5382.46291450762 -1638.07775218817 100 0.672819892708121 -0
155600 16087528.1483662 17940526.8347833 -5405.22298380582 -1663.30705354425 100 0.686397693979511 -0
155650 15816691.6255895 17856717.2060571 -5428.28943568768 -1689.1889310651 50 0.700439733606458 -0
155700 15544694.009443 17771596.6439006 -5451.66760916706 -1715.74871945675 50 0.714968179701675 -0
155750 15271519.580271 17685130.5924024 -5475.3628465573 -1743.01305751234 50 0.73000655206391 -0
155800 14997152.3515488 17597283.1293936 -5499.38047745045 -1771.00997107135 50 0.745579821962656 -0
155850 14721576.0709696 17508016.8948927 -5523.72580021323 -1799.76896220031 50 0.761714520521501 -0
155900 14444774.2225273 17417293.0149257 -5548.40406066022 -1829.32110512513 50 0.778438856541024 -0
155950 14166730.0297425 17325071.020368 -5573.42042751785 -1859.69914949448 50 0.795782844693204 -0
156000 13887426.4602056 17231308.760427 -5598.77996423802 -1890.93763160799 50 0.813778445121062 -0
156050 13606846.231631 17135962.3103505 -5624.48759665808 -1923.07299430281 50 0.832459715590871 -0
156100 13324971.8196427 17038985.8729078 -5650.54807593178 -1956.14371625747 50 0.851862977471468 -0
156150 13041785.4675468 16940331.6731534 -5676.96593607341 -1990.19045154358 50 0.872026996957258 -0
156200 12757269.1983755 16839949.8459382 -5703.74544536182 -2025.25618033486 50 0.892993183110653 -0
156250 12471404.829533 16737788.3155855 -5730.89055074126 -2061.38637176879 50 0.914805804477613 -0
156300 12184173.9904164 16633792.6670982 -5758.40481422868 -2098.6291600503 50 0.937512226229217 -0
156350 11895558.1434395 16527906.0082042 -5786.29134019051 -2137.03553498992 50 0.961163170005089 -0
156400 11605538.6089479 16420068.821488 -5814.55269218134 -2176.65954828018 50 0.985812998883969 -0
156450 11314096.594584 16310218.8057854 -5843.19079784004 -2217.55853693593 50 1.01152003018571 -0
156500 11021213.2297415 16198290.7059443 -5872.20684010951 -2259.79336545578 50 1.03834687912077 -0
156550 10726869.6058414 16084216.1299752 -5901.60113278028 -2303.42868840358 50 1.06636083665159 -0
156600 10431046.8232709 15967923.3525233 -5931.37297804832 -2348.53323526134 50 1.09563428531854 -0
156650 10133726.0459481 15849337.1034999 -5961.52050341689 -2395.18011956733 50 1.12624515721567 -0
156700 9834888.56462179 15728378.3406042 -5992.04047485125 -2443.4471745247 50 1.15827743878201 -0
156750 9534515.87018084 15604964.0043546 -6022.92808260425 -2493.41731744595 50 1.19182172760677 -0
156800 9232589.73844043 15479006.7541234 -6054.1766955564 -2545.17894558369 50 1.2269758470344 -0
156850 8929092.32809774 15350414.6835394 -6085.77757924282 -2598.82636608647 50 1.26384552500197 -0
156900 8624006.29380914 15219091.0134785 -6117.71957195271 -2654.46026300306 50 1.30254514424732 -0
156950 8317314.91664466 15084933.760714 -6149.98871236551 -2712.1882044345 50 1.34319857179202 -0
157000 8009002.25452849 14947835.3801378 -6182.56781110665 -2772.12519308834 50 1.3859400764257 -0
157050 7699053.31568582 14807682.3782987 -6215.43595733695 -2834.39426361191 50 1.43091534378926 -0
157100 7387454.25859716 14664354.8958333 -6248.56794999972 -2899.12713015065 50 1.47828259956159 -0
157150 7074192.62252246 14517726.2561909 -6281.9336415993 -2966.46488756956 50 1.5282138521739 -0
157175 6916934.88555227 14443132.432662 -6298.69316670638 -3001.15744289061 50 1.55419883401442 -0
157200 6759257.59332626 14367662.4778202 -6315.49718033756 -3036.55876960535 50 1.58089626738461 -0
157225 6601159.70163577 14291298.416108 -6332.34016604031 -3072.68949037611 50 1.60833216559517 -0
157250 6442640.3100301 14214021.747219 -6349.21613397154 -3109.57096723175 50 1.63653368780801 -0
157275 6283698.67408639 14135813.4272525 -6366.11858565373 -3147.22533059119 50 1.66552919542905 -0
157300 6124334.2185939 14056653.8491306 -6383.04047603682 -3185.67550930299 50 1.69534831131722 -0
157325 5964546.55172261 13976522.8222515 -6399.97417265007 -3224.94526170311 50 1.72602198192136 -0
157350 5804335.48025185 13895399.5513533 -6416.91141161122 -3265.05920768653 50 1.75758254245437 -0
157375 5643701.02594051 13813262.6145637 -6433.84325024056 -3306.04286178024 50 1.79006378521028 -0
157400 5482643.44312727 13730089.9406107 -6450.76001600736 -3347.92266719577 50 1.82350103112415 -0
157425 5321163.23765593 13645858.7851698 -6467.65125151377 -3390.72603082809 50 1.85793120466644 -0
157450 5159261.18722911 13560545.7063251 -6484.50565519732 -3434.48135915465 50 1.89339291215291 -0
157475 4996938.36330133 13474126.539122 -6501.31101740768 -3479.21809497259 50 1.92992652353664 -0
157500 4834196.15463196 13386576.3691922 -6518.05415148565 -3524.96675489415 50 1.96757425773054 -0
157525 4671036.29262768 13297869.5054326 -6534.72081944276 -3571.75896749885 50 2.00638027148589 -0
157550 4507460.8786151 13207979.4517236 -6551.2956518084 -3619.62751201654 50 2.04639075182374 -0
157575 4343472.41319473 13116878.877675 -6567.76206117764 -3668.60635738626 50 2.08765401198099 -0
157600 4179073.82784037 13024539.588393 -6584.1021489571 -3718.73070150284 50 2.13022059078986 -0
157625 4014268.51892038 12930932.4932659 -6600.29660476808 -3770.03701042416 50 2.17414335535752 -0
157650 3849060.38433163 12836027.573773 -6616.32459792643 -3822.56305726759 50 2.21947760684959 -0
157675 3683453.86295204 12739793.8503276 -6632.16366037608 -3876.3479604722 50 2.26628118910616 -0
157700 3517453.97713344 12642199.3481765 -6647.78956040925 -3931.43222104419 50 2.3146145997285 -0
157725 3351066.37847396 12543211.0623845 -6663.17616646084 -3987.8577583343 50 2.36454110316766 -0
157750 3184297.39712756 12442794.9219491 -6678.29530021711 -4045.66794381747 25 2.41612684521898 -0
157775 3017154.09492768 12340915.7531015 -6693.11657823089 -4104.90763225471 25 2.4694409681759 -0
157800 2849644.32262317 12237537.2418692 -6707.60724118749 -4165.62318951404 25 2.52455572571958 -0
157825 2681776.78154618 12132621.8959926 -6721.7319699175 -4227.86251620865 25 2.58154659641188 -0
157850 2513561.0900553 12026131.0063143 -6735.45268720654 -4291.67506617596 25 2.6404923944154 -0
157875 2345007.85512135 11918024.6077808 -6748.72834440888 -4357.11185866695 25 2.70147537577781 -0
157900 2176128.74944837 11808261.4402335 -6761.514691833 -4424.22548293982 25 2.76458133828435 -0
157925 2006936.59454899 11696798.9091932 -6773.76403183532 -4493.07009375331 25 2.82989971249401 -0
157950 1837445.45021982 11583593.0468904 -6785.42495353556 -4563.70139602872 25 2.89752364112382 -1.85871961328975e-309
157975 1667670.71089019 11468598.4738339 -6796.44204805739 -4636.17661669471 25 2.96755004342361 -4.25501207132975e-301
158000 1497629.2093446 11351768.3612674 -6806.75560320452 -4710.55446144041 25 3.04007966058047 -9.58977243513375e-293
158025 1327339.32834649 11233054.3949225 -6816.30127651053 -4786.89505377823 25 3.11521707749767 -2.11661822942748e-284
158050 1156821.12071661 11112406.7405459 -6825.00974565644 -4865.25985345361 25 3.1930707154954 -4.55645356108967e-276
158075 986096.438443552 10989774.0117611 -6832.80633534029 -4945.71155083234 25 3.27375278956846 -9.52493082937845e-268
158100 815189.07142516 10865103.2409075 -6839.61061981626 -5028.31393344291 25 3.35737922279664 -1.92449107680343e-259
158125 644124.896457098 10738339.8536109 -6845.33600050818 -5113.13172034928 25 3.44406950932283 -3.73953329268054e-251
158150 472932.037096479 10609427.6479452 -6849.88925835466 -5200.23035947613 25 3.53394651598144 -6.95095700794408e-243
158175 301641.035033254 10478308.7791813 -6853.17008087604 -5289.67578240224 25 3.62713621116133 -1.22889759261856e-234
158200 130285.033597049 10344923.7512614 -6855.07056438301 -5381.53411047841 25 3.72376730781558 -2.0538943309236e-226
158225 -41100.0259898965 10209211.4162985 -6855.47469229272 -5475.87130541599 25 3.82397080567632 -3.22401538061439e-218
158250 -212475.19503541 10071108.9835848 -6854.25779120372 -5572.7527567351 25 3.92787941569627 -4.72002056475965e-210
158275 -383798.293948979 9930552.03978896 -6851.28596723068 -5672.24279766514 25 4.03562684752323 -6.39709558863639e-202
158300 -555023.674510646 9787474.58224604 -6846.41552614372 -5774.40414026773 25 4.14734693843509 -7.96266106322356e-194
158325 -726101.967489616 9641809.06748291 -6839.4923821268 -5879.29721972061 25 4.26317259964944 -9.02568649359736e-186
158350 -896979.815403864 9493486.47738443 -6830.35146150058 -5986.97943688689 25 4.38323455331837 -9.23230940092388e-178
158375 -1067599.59039292 9342436.40568738 -6818.81610958501 -6097.5042875318 25 4.50765983089698 -8.44007037923889e-170
158400 -1237899.09740668 9188587.16778841 -6804.69751104469 -6210.92036588493 25 4.63657000103112 -6.82503961537272e-162
158425 -1407811.26320276 9031865.93716662 -6787.79413660496 -6327.27022974103 25 4.77007909278428 -4.82846884551114e-154
158450 -1577263.81200303 8872198.91204556 -6767.89123198454 -6446.58911402238 25 4.90829117809912 -2.95371029744508e-146
158475 -1746178.92909785 8709511.5162463 -6744.76036829296 -6568.90347978844 25 5.05129757610633 -1.54297885481354e-138
158500 -1914472.914215 8543728.63850324 -6718.15907700689 -6694.22938619162 25 5.19917364156081 -6.79232343101323e-131
158525 -2082055.8271013 8374774.91481454 -6687.83059697371 -6822.57067398561 25 5.35197510068769 -2.48434577368496e-123
158550 -2248831.12851019 8202575.05866218 -6653.50376567167 -6953.91695106487 25 5.50973390053233 -7.43754609659848e-116
158575 -2414695.32065801 8027054.24414146 -6614.89309212952 -7088.24137334799 25 5.6724535430947 -1.79375660589778e-108
158600 -2579537.59221471 7848138.54715953 -6571.69905437276 -7225.49821833614 25 5.84010388375206 -3.42684466137399e-101
158625 -2743239.47403628 7665755.44986425 -6523.60866985831 -7365.6202541259 25 6.01261538548449 -5.09422561480611e-94
158650 -2905674.51312697 7479834.41331008 -6470.29639284512 -7508.51591378791 25 6.18987283703295 -5.78274152422895e-87
158675 -3066707.97373205 7290307.52301042 -6411.42539769555 -7654.06629409457 25 6.37170856519152 -4.91398895778838e-80
158700 -3226196.57599184 7097110.21141584 -6346.64931126866 -7802.12200881979 25 6.55789519978265 -3.06125927789324e-73
158725 -3383988.2842038 6900182.06043719 -6275.61446028714 -7952.49994041688 25 6.74813808519064 -1.36772217715808e-66
158750 -3539922.15839949 6699467.68584213 -6197.96270013443 -8104.97994988448 25 6.94206747508988 -4.28293757356984e-60
158775 -3693828.28458144 6494917.70363412 -6113.33488913669 -8259.30162298602 25 7.13923069724657 -9.17702371191251e-54
158800 -3845527.80049666 6286489.77631686 -6021.37506605648 -8415.16115141513 25 7.33908453242894 -1.31225675438142e-47
158825 -3994833.03513693 6074149.73421077 -5921.7353772445 -8572.20846943724 25 7.54098811411085 -1.22018496073627e-41
158850 -4141547.78111495 5857872.76369292 -5814.08178262073 -8730.04478907574 25 7.74419672127373 -7.18254581071433e-36
158875 -4285467.7195071 5637644.65037949 -5698.1005454337 -8888.22069872022 25 7.94785690133467 -2.60373043546606e-30
158887.5 -4356313.71123963 5526047.68638843 -5636.89633859397 -8967.28141373778 25 8.04955909891003 -1.29562741438579e-27
158900 -4426381.01656942 5413463.0609165 -5573.50547884871 -9046.23500915406 25 8.1510034185226 -5.65081315031187e-25
158912.5 -4495642.11107767 5299892.55193522 -5507.89780000041 -9125.01071145804 25 8.25205162552031 -2.15238704725121e-22
158925 -4564069.11014909 5185338.84213982 -5440.0458825096 -9203.53454650816 25 8.35255856900269 -7.13396101918797e-20
158937.5 -4631633.80503146 5069805.55860668 -5369.92533065955 -9281.72939927291 25 8.45237232953093 -2.05001664820948e-17
158950 -4698307.70239203 4953297.31156337 -5297.51505459513 -9359.5150963029 25 8.55133442563774 -5.08875429785375e-15
158962.5 -4764062.06742007 4835819.73197837 -5222.79755534296 -9436.80851236199 25 8.64928008304317 -1.08718364283723e-12
158975 -4828867.97049995 4717379.50765997 -5145.75921068175 -9513.52370251845 25 8.74603857010682 -1.99178962123683e-10
158987.5 -4892696.3374506 4597984.41753885 -5066.39055949739 -9589.57206083595 25 8.84143360256162 -3.11781380422058e-08
159000 -4955518.00329662 4477643.36379583 -4984.68658203178 -9664.86250660515 25 8.93528381997678 -4.15478744894575e-06
159012.5 -5017303.76950233 4356366.40148575 -4900.6469732226 -9739.30169882092 25 9.027403335681 -0.000469653499946474
159025 -5078024.46456389 4234164.76530143 -4814.27640614002 -9812.7942793349 25 9.11760236094244 -0.0448735970521472
159037.5 -5137651.00781594 4111050.8931185 -4725.5847823179 -9885.24314471045 25 9.20568789533846 -3.61129917802934
159050 -5196154.47626037 3987038.44598091 -4634.58746267387 -9956.54974009541 25 9.29146397414428 -243.946376933195
159062.5 -5253506.17366743 3862142.32531845 -4541.30530551109 -10026.6140001468 12.5 9.37470474158562 -13785.1395600256
159068.75 -5281741.2174742 3799367.89273553 -4493.8145834843 -10061.1466474501 6.25 9.41516024408948 -96816.6737238279
159075 -5309677.67552918 3736378.74582047 -4445.75655976421 -10095.3159444301 6.25 9.45393962367884 -649487.922747216
159078.125 -5323532.81628336 3704804.40471059 -4421.50819487435 -10112.242158742 6.25 9.47158559657772 -1653311.48303372
159081.25 -5337311.93540985 3673177.37880499 -4397.0995641798 -10129.0263891067 3.125 9.48609986530281 -4159928.38602967
159084.375 -5351014.49052214 3641498.2133737 -4372.49941992261 -10145.592664152 3.125 9.49357830800876 -10345005.4020894
159085.9375 -5357836.84855272 3625639.34157339 -4360.10675175577 -10153.7442832899 3.125 9.49240293991861 -16241677.4429324
159087.5 -5364639.78127485 3609767.83368697 -4347.63150929357 -10161.7584629749 3.125 9.48611194007891 -25423638.5400928
159089.0625 -5371423.14047098 3593883.95029363 -4335.04722231949 -10169.5719901673 3.125 9.47316831340782 -39676925.2703315
159090.625 -5378186.7262298 3577988.07552482 -4322.3131970106 -10177.0875187334 1.5625 9.45288361106022 -61732364.5468754
159092.1875 -5384930.25932689 3562080.783483 -4309.36710476309 -10184.1555801687 1.5625 9.42814579547139 -95749128.9405266
159093.75 -5391653.3393007 3546162.93945891 -4296.11383752457 -10190.5474197728 1.5625 9.41261227245283 -148034503.478722
159095.3125 -5398355.38107572 3530235.85355477 -4282.40883561197 -10195.914189056 1.5625 9.44833604117077 -228105837.278795
159096.875 -5405035.51959632 3514301.51278445 -4268.0333026536 -10199.7260198491 1.5625 9.64523190568832 -350238630.289313
159097.65625 -5408366.99441606 3506332.51050381 -4260.4967367687 -10200.812337504 1.5625 9.8745696183819 -433369002.726488
159098.4375 -5411692.46707442 3498362.92992995 -4252.65765373637 -10201.1817755971 1.5625 10.2549999032861 -535684813.41206
159099.21875 -5415011.67583928 3490393.39310163 -4244.44881403465 -10200.6701518147 1.5625 10.8553301971501 -661440349.91206
159100 -5418324.30084588 3482424.66414812 -4235.78816971861 -10199.0767280855 1.5625 11.7611381640651 -815770308.566988
159100.78125 -5421629.95136505 3474457.68075501 -4226.57580101692 -10196.1565490072 1.5625 13.0714300405062 -1004845908.75274
159101.5625 -5424928.15046565 3466493.59215633 -4216.69029777262 -10191.611366064 1.5625 14.8940116912641 -1236046577.45641
159102.34375 -5428218.31661167 3458533.80482693 -4205.984520336 -10185.0789727284 1.5625 17.3427432301899 -1518142241.64616
159103.125 -5431499.74168672 3450580.03717845 -4194.28068485408 -10176.1207979664 0.78125 20.5388104205075 -1861476787.34468
159103.90625 -5434771.56490318 3442634.3846634 -4181.36474040272 -10164.2076578416 0.78125 24.6154532194083 -2278136652.47511
159104.6875 -5438032.74204289 3434699.39673567 -4166.98004609499 -10148.7036619502 0.78125 29.723923887758 -2782079165.88263
159105.46875 -5441282.00950597 3426778.16706022 -4150.82042316461 -10128.8484334993 0.78125 36.0386660991931 -3389182478.59037
159106.25 -5444517.84274134 3418874.43814859 -4132.52276015039 -10103.7380546513 0.78125 43.7606325841914 -4117162302.99986
159107.03125 -5447738.40882645 3410992.72113825 -4111.65950054984 -10072.3055227836 0.78125 53.1182124613148 -4985280298.68684
159107.8125 -5450941.51329998 3403138.43062482 -4087.73155405878 -10033.3020309889 0.78125 64.3652461581211 -6013746142.91453
159108.59375 -5454124.5418792 3395318.03316574 -4060.16245490985 -9985.28109502839 0.78125 77.7753126250979 -7222693598.55294
159109.375 -5457284.39847156 3387539.20615462 -4028.29494650309 -9926.58844883398 0.78125 93.631119353371 -8630597212.32726
159110.15625 -5460417.44197071 3379811.00107649 -3991.39158700381 -9855.36169195561 0.78125 112.207568715818 -10252002477.8948
159110.9375 -5463519.42574293 3372144.00160227 -3948.64140376262 -9769.54479460322 0.78125 133.747054315215 -12094485907.4644
159111.71875 -5466585.44544549 3364550.46259273 -3899.17498914034 -9666.9235382021 0.78125 158.425932104375 -14154864581.1537
159112.5 -5469609.90276667 3357044.41110476 -3842.09058202993 -9545.1884323914 1.5625 186.312126162859 -16414858875.4162
159113.28125 -5472586.494595 3349641.68551729 -3776.4934107655 -9402.03108156566 0.78125 217.315670210483 -18836686332.9147
159114.0625 -5475508.23858891 3342359.88497103 -3701.5496349648 -9235.2777393452 0.78125 251.136726774171 -21359406502.9113
159114.84375 -5478367.54650967 3335218.19998968 -3616.55438944054 -9043.05929452385 0.78125 287.219029419439 -23897169053.0108
159115.625 -5481156.3552544 3328237.09831919 -3521.01061867183 -8824.00992642854 0.78125 324.720014655997 -26340695746.4337
159116.40625 -5483866.32157616 3321437.84951375 -3414.71181705134 -8577.47765620633 0.78125 362.510810930429 -28563157524.3526
159117.1875 -5486489.07964342 3314841.88862047 -3297.8181298125 -8303.72064119734 0.78125 399.218022024759 -30430922976.85
159117.96875 -5489016.55121957 3308470.04272108 -3170.91265614953 -8004.05613947962 0.78125 433.313477018868 -31818438374.9967
159118.75 -5491441.2876821 3302341.67081879 -3035.02458166182 -7680.92804278451 0.78125 463.247761092809 -32625012241.0914
159119.53125 -5493756.81367026 3296473.79185145 -2891.60898689404 -7337.86644574477 0.78125 487.610563726885 -32790066080.716
159120.3125 -5495957.93663875 3290880.2904231 -2742.47989128169 -6979.32919771912 0.78125 505.290003181453 -32303118187.6244
159121.09375 -5498040.98730573 3285571.28922191 -2589.70197088377 -6610.43759756713 0.78125 515.599002558553 -31205763940.9033
159121.875 -5500003.96368867 3280552.7588216 -2435.45494643646 -6236.64017279537 0.78125 518.342392930117 -29584999893.2063
159122.65625 -5501846.56478426 3275826.40273046 -2281.89015299145 -5863.35294027164 0.78125 513.812562103462 -27559629648.0578
159123.4375 -5503570.11580702 3271389.81590509 -2130.99952263406 -5495.6271007254 0.78125 502.719105443729 -25263217512.653
159124.21875 -5505177.40139307 3267236.87817091 -1984.51314795523 -5137.88557345049 0.78125 486.072587741988 -22827495533.9828
159125 -5506672.43312864 3263358.31819089 -1843.83441938083 -4793.75215605734 0.78125 465.049537138831 -20369301995.8788
159125.78125 -5508060.18169434 3259742.37276651 -1710.01390062944 -4465.97750262364 1.5625 440.864260669988 -17982590766.1275
159126.5625 -5509346.30220417 3256375.46962727 -1583.75677735913 -4156.4500144019 0.78125 414.665481943452 -15735505878.8411
159127.34375 -5510536.87565984 3253242.87537791 -1465.45503254349 -3866.27013494746 0.78125 387.466091511258 -13671458129.6919
159128.125 -5511638.181986 3250329.26859096 -1355.23451874106 -3595.86369067857 0.78125 360.105839214656 -11812715673.8072
159128.515625 -5512157.32990429 3248949.75614001 -1303.1343542555 -3468.05611426273 0.78125 346.577573828626 -10962663345.8599
159128.90625 -5512656.5127573 3247619.21637554 -1253.00811989705 -3345.11217008629 0.78125 333.241335345984 -10165102809.6227
159129.296875 -5513136.4949221 3246335.76411491 -1204.82028379722 -3226.95338388878 0.78125 320.152147903208 -9418974588.97508
159129.6875 -5513598.02548536 3245097.5485189 -1158.52832195842 -3113.48297141609 0.78125 307.355448271899 -8722757192.18247
159130.078125 -5514041.83577504 3243902.75958344 -1114.08404471234 -3004.5891719817 0.78125 294.887901753813 -8074578576.25831
159130.46875 -5514468.6373861 3242749.63338762 -1071.43479862129 -2900.14827973695 0.78125 282.778254155118 -7472313172.87002
159130.859375 -5514879.12065102 3241636.45621822 -1030.52454170844 -2800.02736514772 0.78125 271.048188615239 -6913664726.69116
159131.25 -5515273.95350569 3240561.56769125 -991.294793813786 -2704.08668922906 0.78125 259.713163167206 -6396235695.18368
159131.640625 -5515653.78070302 3239523.36298895 -953.685466809236 -2612.18182070694 0.78125 248.783211216838 -5917584282.5381
159132.03125 -5516019.22332837 3238520.29432533 -917.635581492452 -2524.16547176207 0.78125 238.263692554824 -5475270364.13549
159132.421875 -5516370.87857424 3237550.87174643 -883.083879351901 -2439.88907169129 0.78125 228.155987032048 -5066891633.42591
159132.8125 -5516709.31973489 3236613.66336365 -849.96933818403 -2359.20410002067 0.78125 218.458126677107 -4690111299.3315
159133.203125 -5517035.09638502 3235707.29510957 -818.231600870767 -2281.9632016231 0.78125 209.165364887101 -4342678603.35226
159133.59375 -5517348.73471057 3234830.45009709 -787.811326599683 -2208.02110650218 0.78125 200.270683482698 -4022443331.35356
159134.375 -5517941.58699206 3233160.34214919 -730.692523569138 -2069.46700530206 0.78125 183.638759399992 -3455520347.70984
159135.15625 -5518491.6378666 3231593.90517987 -678.167829151185 -1942.44605114589 0.78125 168.476396959284 -2974421260.68934
159135.9375 -5519002.31188165 3230122.53542454 -629.820926076196 -1825.92948876079 0.78125 154.684432811975 -2566096239.32172
159136.71875 -5519476.72041685 3228738.40426114 -585.266651934576 -1718.96242898112 0.78125 142.157876337778 -2219285909.8105
159137.5 -5519917.68635907 3227434.39934185 -544.151615840205 -1620.66619104584 0.78125 130.791086830636 -1924371714.99513
159138.28125 -5520327.76875943 3226204.06519797 -506.153616450055 -1530.23751417763 0.78125 120.481254761982 -1673195835.36787
159139.0625 -5520709.28670892 3225041.54532488 -470.980284079423 -1446.94571077985 0.78125 111.130614465582 -1458874778.54552
159139.84375 -5521064.34195432 3223941.52702911 -438.367257421752 -1370.12855392791 0.78125 102.647732785282 -1275620747.25086
159140.625 -5521394.83998256 3222899.18979092 -408.076116865466 -1299.18746995166 0.78125 94.9481422905885 -1118578225.26796
159141.40625 -5521702.50944749 3221910.15751922 -379.892228621905 -1233.58243607079 0.78125 87.9545229407952 -983678960.701735
159142.1875 -5521988.91991255 3220970.45481612 -353.622603235816 -1172.82685470421 0.78125 81.596583483223 -867515938.269469
159142.96875 -5522255.49794865 3220076.46719482 -329.093835022965 -1116.48258170268 0.78125 75.8107525581412 -767235462.616534
159143.75 -5522503.54166757 3219224.90508434 -306.150162461702 -1064.15521774378 0.78125 70.5397578600666 -680445725.731204
159144.53125 -5522734.23379477 3218412.7713887 -284.651670975556 -1015.48972410335 0.78125 65.7321479957713 -605139929.649911
159145.3125 -5522948.65339688 3217637.33233485 -264.472646821912 -970.166390860924 0.78125 61.3417942142774 -539631997.977065
159146.09375 -5523147.78638244 3216896.09133012 -245.500082349811 -927.89716331358 0.78125 57.3273965248467 -482503017.829434
159146.875 -5523332.53489254 3216186.76555233 -227.632327495717 -888.42231792236 0.78125 53.6520096818532 -432556733.20195
159147.65625 -5523503.72569233 3215507.26500581 -210.777879146309 -851.507470217709 0.78125 50.2825981697319 -388782616.413453
159148.4375 -5523662.11766739 3214855.67379247 -194.854298248203 -816.940892064006 0.78125 47.1896249450075 -350325250.23374
159149.21875 -5523808.40852041 3214230.23336618 -179.787243805086 -784.531113303819 0.78125 44.3466757395524 -316458945.616799
159150 -5523943.24075527 3213629.32755792 -165.509612828766 -754.104782188821 1.5625 41.7301187953835 -286566692.222259
159150.78125 -5524067.20702723 3213051.46917972 -151.960775658674 -725.504759529987 1.5625 39.3187986835994 -260122689.011657
159151.5625 -5524180.8549295 3212495.28803399 -139.085896664974 -698.588422725691 1.5625 37.0937621428925 -236677830.598336
159152.34375 -5524284.69127967 3211959.52017318 -126.835331087077 -673.226157448559 1.5625 35.0380134976112 -215847633.398376
159153.125 -5524379.18596165 3211442.99827116 -115.164089554002 -649.300016584117 1.5625 33.1362970685709 -197302176.230347
159153.90625 -5524464.77537338 3210944.64298306 -104.031362634242 -626.70252787964 1.5625 31.3749039933512 -180757705.246865
159154.6875 -5524541.86552412 3210463.45518415 -93.400098538405 -605.3356335918 1.5625 29.7415009694273 -165969615.241909
159155.46875 -5524610.83482069 3209998.50899034 -83.2366278285629 -585.109747163087 1.5625 28.2249785856112 -152726570.564107
159156.25 -5524672.03657701 3209548.94547441 -73.5103296637741 -565.942913578823 1.5625 26.8153170879477 -140845570.912489
159157.03125 -5524725.80127751 3209113.96700163 -64.1933347272178 -547.760061544291 1.5625 25.5034676180646 -130167801.779071
159157.8125 -5524772.4386214 3208692.83211717 -55.2602605364634 -530.492336970898 1.5625 24.2812471538992 -120555137.569204
159159.375 -5524845.47701721 3207889.38096618 -38.4553870269379 -498.454440215717 1.5625 22.0767436335266 -104058804.005857
159160.9375 -5524893.2797104 3207133.61893427 -22.9340213387775 -469.381676950083 1.5625 20.1503846397632 -90563896.1344443
159162.5 -5524917.7438022 3206421.21791083 -8.56153075491446 -442.893963776803 1.5625 18.4596623149585 -79460957.7928181
159164.0625 -5524920.57408554 3205748.39866737 4.77430024692576 -418.667089240164 1.5625 16.9692466733361 -70277643.4068693
159165.625 -5524903.31503156 3205111.85109554 17.1670335153708 -396.423401262571 1.5625 15.6496214028982 -62645031.0476579
159167.1875 -5524867.37744955 3204508.66753549 28.6946600712649 -375.924294543708 1.5625 14.4760096916648 -56272806.6530745
159168.75 -5524814.06076098 3203936.2866836 39.4221535138107 -356.964126881069 1.5625 13.4275266765575 -50930837.5823537
159170.3125 -5524744.57161877 3203392.4460841 49.4036118791523 -339.365272279375 1.5625 12.4865090333169 -46435385.4203998
159171.875 -5524660.03944048 3202875.14161613 58.6840794092501 -322.974079414045 1.5625 11.6379828419742 -42638714.6272893
159173.4375 -5524561.52929808 3202382.59271113 67.3011184373085 -307.657550874975 1.5625 10.8692389829643 -39421207.0152117
159175 -5524450.05251145 3201913.21229425 75.2861842679051 -293.300595055836 1.5625 10.1694915985242 -36685340.270561
159176.5625 -5524326.57522164 3201465.58065167 82.6658416503035 -279.803731214429 1.5625 9.52960010412216 -34351064.2941341
159178.125 -5524192.025169 3201038.42259397 89.4628496440581 -267.081151135673 1.5625 8.94183923969111 -32352234.0551926
159179.6875 -5524047.2968673 3200630.58742126 95.6971320221832 -255.059059503643 1.5625 8.39970498424264 -30633847.0300952
159181.25 -5523893.25534443 3200241.03130525 101.386642676742 -243.674230647231 1.5625 7.89774700063612 -29149897.5366342
159182.8125 -5523730.73861029 3199868.80179016 106.548129707145 -232.872732544918 1.5625 7.43142073519586 -27861706.6462747
159184.375 -5523560.5590099 3199513.02418187 111.197797937783 -222.608780367071 1.5625 6.99695441757399 -26736619.9875247
159185.9375 -5523383.50362212 3199172.88964597 115.351867463613 -212.843691697069 3.125 6.59122799931241 -25746990.3132957
159187.5 -5523200.33386891 3198847.64487196 119.02702533558 -203.544924048241 3.125 6.21166252250561 -24869379.8431893
159189.0625 -5523011.78450352 3198536.5831854 122.240768466334 -194.685182424221 3.125 5.85611950426551 -24083931.032003
159190.625 -5522818.56214807 3198239.03700428 125.01163796959 -186.241590446963 3.125 5.52281064655787 -23373864.9455663
159192.1875 -5522621.34354782 3197954.37154253 127.359348081414 -178.194922983996 3.125 5.21021853992673 -22725074.8226613
159193.75 -5522420.77370247 3197681.97966387 129.304816143452 -170.52890125652 3.125 4.91702905310818 -22125789.3265031
159195.3125 -5522217.46402165 3197421.2777866 130.870103446861 -163.229553166348 3.125 4.64207584476996 -21566285.8531429
159196.875 -5522011.99063438 3197171.70273475 132.078279667015 -156.284642167525 3.125 4.38429697885178 -21038639.2935654
159198.4375 -5521804.89296048 3196932.70942608 132.953225861288 -149.683167612499 3.125 4.14270306828159 -20536495.9407109
159200 -5521596.67262706 3196703.76928372 133.519392352984 -143.4149383542 3.125 3.91635581507638 -20054865.8176178
159201.5625 -5521387.79278785 3196484.36925659 133.801528193939 -137.470219741061 3.125 3.70435535002762 -19589929.5743745
159203.125 -5521178.67787677 3196274.01133504 133.824398307514 -131.839452260391 3.125 3.50583447162043 -19138858.262937
159204.6875 -5520969.71380348 3196072.21245246 133.612502978657 -126.513038202507 3.125 3.31995777740246 -18699645.7795705
159206.25 -5520761.24857699 3195878.5046704 133.189812264683 -121.481191028561 3.125 3.1459237717138 -18270954.6308899
159207.8125 -5520553.59332599 3195692.43555431 132.579525374533 -116.733840770023 3.125 2.98296828912522 -17851976.0293403
159209.375 -5520347.02367053 3195513.56865825 131.803862339644 -112.260587850291 3.125 2.83036793865743 -17442305.2774524
159210.9375 -5520141.78139099 3195341.48404927 130.883892592411 -108.050697226234 3.125 2.68744268668045 -17041833.0848145
159212.5 -5519938.07633442 3195175.7788146 129.83940255787 -104.093124680217 3.125 2.55355709702149 -16650652.9977181
