0 314159000 0 -1167.727380477 276.428589122621 100 0.00403837820768556 -0
100 314042207.065056 27642.8583197034 -1168.13136847565 276.428571342554 200 0.00404138249704845 -0
300 313808499.923597 82928.5607198323 -1168.94024683051 276.428428863643 400 0.00404740408172494 -0
700 313340599.710483 193499.808455748 -1170.56162505645 276.427713995473 800 0.00405949952716441 -0
1500 312402848.775744 414640.86806265 -1173.81896501088 276.424546555793 1600 0.00408390156128544 -0
3100 310519489.979777 856910.673150231 -1180.39277063243 276.411113428336 1600 0.00413356685064308 -0
4700 308625549.043002 1299151.22937878 -1187.04695348918 276.387926682416 1600 0.00418441311668547 -0
6300 306720895.845041 1741346.64458426 -1193.7834202735 276.354625736824 1600 0.00423648112248773 -0
7900 304805397.162736 2183480.43690692 -1200.60414324967 276.310833912014 1600 0.0042898134857248 -0
9500 302878916.562879 2625535.50834211 -1207.51116322385 276.25615755608 1600 0.00434445478374339 -0
11100 300941314.290058 3067494.11684771 -1214.50659268159 276.190185114094 1600 0.0044004516657812 -0
12700 298992447.149343 3509337.84691452 -1221.59261910401 276.112486136497 1600 0.0044578529729029 -0
14300 297032168.383513 3951047.57849808 -1228.77150847507 276.022610221891 1600 0.00451670986627384 -0
15900 295060327.54451 4392603.45420326 -1236.04560899291 275.920085889138 1600 0.00457707596445007 -0
17500 293076770.358783 4833984.84460388 -1243.41735499982 275.804419373235 1600 0.00463900749042677 -0
19100 291081338.586158 5275170.31157085 -1250.88927114595 275.675093338937 1600 0.00470256342925733 -0
20700 289073869.871849 5716137.56947189 -1258.46397680384 275.531565505549 1600 0.00476780569713282 -0
22300 287054197.591194 6156863.44409517 -1266.14419075153 275.373267175686 1600 0.00483479932289809 -0
23900 285022150.686665 6597323.82913686 -1273.93273614419 275.199601660158 1600 0.00490361264307578 -0
25500 282977553.496688 7037493.64007984 -1281.83254579547 275.00994259038 1600 0.00497431751157615 -0
27100 280920225.575739 7477346.76527596 -1289.84666779174 274.80363210888 1600 0.00504698952538831 -0
28700 278849981.505179 7916856.0140288 -1297.97827146452 274.57997892759 1600 0.00512170826768008 -0
30300 276766630.694234 8355993.06145647 -1306.23065374851 274.338256242576 1600 0.00519855756988027 -0
31900 274669977.170464 8794728.38989486 -1314.6072459551 274.077699492763 1600 0.00527762579448069 -0
33500 272559819.359046 9233031.22658105 -1323.11162099411 273.797503948946 1600 0.00535900614047842 -0
35100 270435949.85012 9670869.47733337 -1331.74750107926 273.496822118001 1600 0.00544279697358312 -0
36700 268298155.153391 10108209.6559194 -1340.51876595654 273.174760945664 1600 0.00552910218354435 -0
38300 266146215.439123 10545016.808775 -1349.42946169791 272.830378799512 1600 0.00561803157121102 -0
39900 263979904.264576 10981254.4347074 -1358.48381010722 272.462682211855 1600 0.00570970126822486 -0
41500 261798988.284872 11416884.3991792 -1367.68621878955 272.070622360072 1600 0.00580423419257605 -0
43100 259603226.947181 11851866.8427351 -1377.04129194026 271.653091259523 1600 0.00590176054361659 -0
44700 257392372.16703 12286160.0830891 -1386.55384191569 271.208917641409 1600 0.00600241834054217 -0
46300 255166167.985426 12719720.5103434 -1396.22890165358 270.736862484926 1600 0.00610635400882321 -0
47900 252924350.20538 13152502.4747608 -1406.0717380184 270.235614169589 1600 0.00621372301959729 -0
49500 250666646.006279 13584458.1664503 -1416.08786615446 269.7037832097 1600 0.00632469058763941 -0
51100 248392773.534432 14015537.4862676 -1426.2830649384 269.139896528565 1600 0.00643943243421258 -0
52700 246102441.467942 14445687.9071528 -1436.66339363252 268.54239122506 1600 0.00655813562188318 -0
54300 243795348.553899 14874854.3250555 -1447.23520985138 267.909607779504 1600 0.00668099946927717 -0
55100 242635419.801371 15089050.5689868 -1452.59499886105 267.579439923695 1600 0.00674405752372784 -0
55900 241471183.115628 15302978.8984848 -1458.00518896539 267.239782639628 1600 0.00680823655477643 -0
56700 240302597.822269 15516631.62729 -1463.46666767708 266.890397899255 1600 0.00687356538744818 -0
57500 239129622.527904 15730000.8757172 -1468.98034508453 266.531040118816 1600 0.00694007381930076 -0
58300 237952215.10179 15943078.5644936 -1474.54715460489 266.161455862742 1600 0.00700779266112985 -0
59100 236770332.656858 16155856.4083547 -1480.16805376803 265.781383533653 1600 0.00707675377971325 -0
59900 235583931.530101 16368325.9093853 -1485.8440250333 265.390553047658 1600 0.00714699014271248 -0
60700 234392967.262289 16580478.3500958 -1491.57607664054 264.988685494177 1600 0.00721853586585901 -0
61500 233197394.576994 16792304.7862192 -1497.36524349712 264.57549277939 1600 0.00729142626256072 -0
62300 231997167.358887 17003796.0392161 -1503.21258810288 264.150677252405 1600 0.00736569789607333 -0
63100 230792238.631283 17214942.6884734 -1509.11920151478 263.713931313164 1600 0.00744138863439168 -0
63900 229582560.532894 17425735.0631818 -1515.08620435341 263.264937001036 1600 0.00751853770802617 -0
64700 228368084.293762 17636163.2338763 -1521.11474785355 262.803365562981 1600 0.00759718577084144 -0
65500 227148760.210332 17846217.0036218 -1527.20601496093 262.328877000111 1600 0.00767737496414654 -0
66300 225924537.619625 18055885.8988279 -1533.36122147784 261.841119591355 1600 0.00775914898423961 -0
67100 224695364.872484 18265159.1596725 -1539.58161725998 261.339729392899 1600 0.00784255315362415 -0
67900 223461189.305828 18474025.7301146 -1545.86848746746 260.824329711941 1600 0.00792763449612988 -0
68700 222221957.213895 18682474.2474762 -1552.22315387279 260.29453055322 1600 0.00801444181618829 -0
69500 220977613.818403 18890493.0315686 -1558.64697622898 259.749928036665 1600 0.00810302578253071 -0
70300 219728103.237602 19098070.0733421 -1565.14135370109 259.190103784403 1600 0.00819343901659728 -0
71100 218473368.454149 19305193.0230313 -1571.70772636472 258.614624275224 1600 0.00828573618596613 -0
71900 217213351.281754 19511849.1777714 -1578.34757677518 258.023040164487 1600 0.00837997410313573 -0
72700 215947992.330545 19718025.4686543 -1585.06243161137 257.414885567288 1600 0.00847621183001847 -0
73500 214677230.971088 19923708.4471977 -1591.85386339857 256.789677302568 1600 0.00857451078853104 -0
74300 213401005.29699 20128884.2711915 -1598.72349231475 256.146914095655 1600 0.0086749348776971 -0
75100 212119252.086025 20333538.6898892 -1605.67298808516 255.486075736564 1600 0.00877755059770991 -0
75900 210831906.75971 20537657.0285078 -1612.70407197047 254.806622191171 1600 0.00888242718143835 -0
76700 209538903.341246 20741224.1719959 -1619.81851885387 254.107992662161 1600 0.00898963673389758 -0
77500 208240174.411753 20944224.54803 -1627.0181594331 253.38960459642 1600 0.00909925438024813 -0
78300 206935651.0647 21146642.109194 -1634.30488252377 252.650852635286 1600 0.00921135842293246 -0
79100 205625262.858456 21348460.3142943 -1641.6806374806 251.891107503783 1600 0.00932603050860816 -0
79900 204308937.766847 21549662.1087612 -1649.14743674398 251.109714834687 800 0.00944335580559132 -0
80700 202986602.127619 21750229.9040815 -1656.70735851945 250.305993922927 800 0.00956342319258336 -0
81500 201658180.588718 21950145.5562054 -1664.36254959858 249.479236405457 800 0.00968632545951985 -0
82300 200323596.052232 22149390.3428657 -1672.11522832998 248.628704861388 800 0.00981215952145093 -0
83100 198982769.615914 22347944.9397429 -1679.96768775028 247.753631326679 800 0.00994102664644209 -0
83900 197635620.512115 22545789.395407 -1687.92229888511 246.853215717293 800 0.0100730326985691 -0
84700 196282066.044015 22742903.1049575 -1695.98151423142 245.926624154162 800 0.0102082883971758 -0
85500 194922021.518992 22939264.7822831 -1704.14787143276 244.972987182776 800 0.010346909593668 -0
86300 193555400.178961 23134852.4308514 -1712.42399716073 243.991397879604 800 0.0104890175672288 -0
87100 192182113.127532 23329643.3129359 -1720.81261121603 242.980909836876 800 0.010634739340969 -0
87900 190802069.253784 23523613.9171797 -1729.31653086436 241.940535016539 800 0.0107842080201646 -0
88700 189415175.152477 23716739.9243856 -1737.93867542309 240.86924146339 800 0.0109375631543833 -0
89500 188021335.040489 23908996.1714183 -1746.68207111608 239.765950866511 800 0.0110949511254775 -0
90300 186620450.66925 24100356.6130893 -1755.54985621564 238.629535957155 800 0.0112565255636015 -0
91100 185212421.23295 24290794.2818924 -1764.54528649169 237.458817730181 800 0.0114224477936233 -0
91900 183797143.272246 24480281.2454395 -1773.6717409904 236.252562474928 800 0.0115928873145286 -0
92700 182374510.573219 24668788.5614406 -1782.93272816608 235.00947860016 800 0.01176802231467 -0
93500 180944414.061264 24856286.2300556 -1792.33189239215 233.728213236233 800 0.0119480402259983 -0
94300 179506741.689619 25042743.1434331 -1801.87302087947 232.407348596084 800 0.0121331383207284 -0
95100 178061378.322181 25228127.0322338 -1811.56005103241 231.045398074865 800 0.0123235243542422 -0
95900 176608205.610254 25412404.4089228 -1821.39707827606 229.640802066088 800 0.0125194172584236 -0
96700 175147101.862832 25595540.5075931 -1831.38836439068 228.191923470007 800 0.0127210478900591 -0
97500 173677941.910002 25777499.2200635 -1841.53834639277 226.69704286753 800 0.0129286598394227 -0
98300 172200596.959009 25958243.0279727 -1851.85164600602 225.1543533303 800 0.0131425103047174 -0
99100 170714934.442487 26137732.930565 -1862.33307976886 223.561954834571 800 0.0133628710386521 -0
99900 169220817.858338 26315928.3678364 -1872.98766983017 221.917848243227 800 0.0135900293741298 -0
100700 167718106.600683 26492787.1386818 -1883.82065548934 220.219928816507 800 0.0138242893367905 -0
101500 166206655.781254 26668265.3136464 -1894.8375055423 218.465979207906 800 0.01406597285303 -0
102300 164686316.040573 26842317.1418532 -1906.04393150099 216.653661897011 800 0.0143154210630978 -0
103100 163156933.348176 27014894.951633 -1917.44590176073 214.780511005844 800 0.014572995749988 -0
103900 161618348.791101 27185949.0443419 -1929.04965679681 212.843923439363 800 0.0148390808960958 -0
104700 160070398.349773 27355427.5807992 -1940.86172548037 210.841149284223 800 0.0151140843810363 -0
105500 158512912.660362 27523276.4597226 -1952.8889426124 208.769281392377 800 0.0153984398356385 -0
106300 156945716.762582 27689439.1874785 -1965.13846778527 206.625244067759 800 0.0156926086689672 -0
107100 155368629.831842 27853856.7383913 -1977.61780569247 204.405780764723 800 0.0159970822873185 -0
107900 153781464.894509 28016467.4047842 -1990.33482802025 202.107440696166 800 0.0163123845265253 -0
108700 152184028.524995 28177206.6358312 -2003.29779706917 199.726564237041 800 0.0166390743216382 -0
109500 150576120.523187 28336006.8642088 -2016.51539126999 197.25926699506 800 0.0169777486411805 -0
110300 148957533.570648 28492797.3194231 -2029.99673277642 194.701422404578 800 0.0173290457167613 -0
111100 147328052.863857 28647503.8265686 -2043.75141733818 192.048642681568 800 0.0176936486029671 -0
111900 145687455.722545 28800048.5891345 -2057.78954668079 189.296257956991 800 0.0180722891072043 -0
112700 144035511.171061 28950349.9543216 -2072.12176364525 186.439293382199 800 0.018465752134669 -0
113100 143205209.058718 29024632.7298756 -2079.40163816297 184.969949478093 800 0.0186683030700377 -0
113500 142371979.490355 29098322.1591292 -2086.7592903688 183.472443973676 800 0.0188748804999938 -0
113900 141535791.05624 29171406.8343844 -2094.1962203599 181.946057621504 800 0.01908559970014 -0
114300 140696611.738332 29243875.0554285 -2101.71396983247 180.39004692839 800 0.0193005802644114 -0
114700 139854408.893339 29315714.8196322 -2109.3141235892 178.803643130625 800 0.01951994630545 -0
115100 139009149.235168 29386913.8116283 -2116.99831111415 177.186051116892 800 0.0197438266660914 -0
115500 138160798.816722 29457459.3925476 -2124.76820821895 175.536448295718 800 0.0199723551426841 -0
115900 137309323.011028 29527338.5887908 -2132.62553876392 173.853983404102 800 0.0202056707210121 -0
116300 136454686.491659 29596538.080311 -2140.57207645835 172.137775253752 800 0.0204439178256507 -0
116700 135596853.212426 29665044.1883823 -2148.60964674415 170.386911411051 800 0.0206872465836476 -0
117100 134735786.386286 29732842.8628257 -2156.74012876761 168.600446806661 800 0.0209358131034875 -0
117500 133871448.463455 29799919.6686645 -2164.96545744414 166.777402270348 800 0.0211897797703749 -0
117900 133003801.10867 29866259.7721774 -2173.28762562112 164.916762986285 800 0.0214493155589475 -0
118300 132132805.177569 29931847.9263179 -2181.70868634462 163.017476863762 800 0.0217145963646203 -0
118700 131258420.692135 29996668.4554631 -2190.2307552358 161.078452817866 800 0.0219858053548545 -0
119100 130380606.815174 30060705.2394563 -2198.85601298333 159.098558954247 800 0.0222631333417495 -0
119500 129499321.823771 30123941.6969035 -2207.5867079587 157.076620651703 800 0.0225467791774681 -0
119900 128614523.081669 30186360.7676811 -2216.42515896152 155.011418535801 800 0.0228369501741252 -0
120300 127726167.01053 30247944.8946099 -2225.37375810259 152.901686336242 800 0.023133862549909 -0
120700 126834209.060003 30308676.0042476 -2234.43497383305 150.746108620127 800 0.0234377419033431 -0
121100 125938603.676565 30368535.486749 -2243.61135412829 148.543318392657 800 0.0237488237177639 -0
121500 125039304.271038 30427504.1747372 -2252.90552983622 146.291894556143 800 0.0240673538982572 -0
121900 124136263.184751 30485562.3211299 -2262.32021819994 143.990359217466 800 0.024393589343493 -0
122300 123229431.654238 30542689.5758551 -2271.85822656563 141.637174833349 800 0.024727798555104 -0
122700 122318759.77443 30598864.9613921 -2281.52245628744 139.230741181939 800 0.025070262287486 -0
123100 121404196.460229 30654066.8470629 -2291.31590684165 136.769392148231 800 0.0254212742411494 -0
123500 120485689.406407 30708272.9219997 -2301.24168016364 134.251392309883 800 0.0257811418030286 -0
123900 119563185.045708 30761460.1667029 -2311.30298522212 131.674933308794 800 0.0261501868374632 -0
124300 118636628.505085 30813604.8231037 -2321.50314284591 129.038129992619 400 0.0265287465318987 -0
124700 117705963.559941 30864682.3630334 -2331.84559082014 126.339016309024 400 0.0269171743017287 -0
125100 116771132.586281 30914667.4549985 -2342.33388926967 123.575540934016 400 0.0273158407591057 -0
125500 115832076.51065 30963533.9291502 -2352.97172634913 120.745562614032 400 0.0277251347510034 -0
125900 114888734.757728 31011254.74033 -2363.76292426045 117.846845199707 400 0.028145464472312 -0
126300 113941045.19545 31057801.9290633 -2374.71144562026 114.877052347258 400 0.0285772586602998 -0
126700 112988944.077503 31103146.5803624 -2385.82140020159 111.833741861235 400 0.0290209678773903 -0
127100 112032365.983052 31147258.7801905 -2397.09705207607 108.714359650048 400 0.0294770658898826 -0
127500 111071243.753516 31190107.5694252 -2408.54282718501 105.516233262973 400 0.0299460511509995 -0
127900 110105508.426237 31231660.8951471 -2420.16332137014 102.236564974482 400 0.0304284483974873 -0
128300 109135089.164826 31271885.559066 -2431.96330889734 98.872424378474 400 0.0309248103699276 -0
128700 108159913.186004 31310747.1628797 -2443.94775150941 95.4207404514485 400 0.0314357196679648 -0
129100 107179905.682704 31348210.0503445 -2456.12180804716 91.8782930396547 400 0.0319617907528148 -0
129500 106194989.743211 31384237.2458169 -2468.49084468139 88.2417037209031 400 0.0325036721107249 -0
129900 105205086.266071 31418790.3890066 -2481.06044580196 84.5074259868035 400 0.0330620485925071 -0
130300 104210113.870511 31451829.6656562 -2493.83642561451 80.671734685772 400 0.0336376439459007 -0
130700 103209988.802063 31483313.7338395 -2506.82484049948 76.7307146610859 400 0.0342312235593486 -0
131100 102204624.833094 31513199.6455421 -2520.03200219345 72.6802485115098 400 0.0348435974378304 -0
131500 101193933.157871 31541442.7631578 -2533.4644918579 68.5160033944615 400 0.0354756234337062 -0
131900 100177822.281828 31567996.6704995 -2547.12917510688 64.2334167832428 400 0.0361282107581365 -0
132300 99156197.9046006 31592813.0778883 -2561.03321807135 59.8276810803962 400 0.0368023238015847 -0
132700 98128962.7964248 31615841.7208415 -2575.18410458575 55.293726978635 400 0.0374989862952365 -0
133100 97096016.6674166 31637030.2518333 -2589.58965459009 50.6262054488652 400 0.0382192858489365 -0
133500 96057256.0292313 31656324.1245557 -2604.25804385028 45.8194682214003 400 0.0389643789055157 -0
133900 95012574.0485525 31673666.4700448 -2619.19782510931 40.8675466113454 400 0.0397354961562351 -0
134300 93961860.3918141 31688997.9639793 -2634.41795079294 35.7641285220563 400 0.0405339484675906 -0
134700 92905001.0605069 31702256.684385 -2649.92779740632 30.5025334412768 400 0.0413611333760226 -0
135100 91841878.2163632 31713377.9589027 -2665.7371917716 25.0756852227018 400 0.042218542214257 -0
135500 90772369.995651 31722294.2006871 -2681.85643927205 19.476082420911 400 0.0431077679412302 -0
135900 89696350.311739 31728934.7319077 -2698.29635428567 13.6957659194377 400 0.0440305137569788 -0
136300 88613688.6450173 31733225.5937114 -2715.06829301048 7.72628355964614 400 0.044988602594698 -0
136700 87524249.8191718 31735089.3413824 -2732.18418890544 1.55865144148455 400 0.0459839875946397 -0
137100 86427893.7627192 31734444.8232964 -2749.65659099511 -4.81668847465594 400 0.0470187636788882 -0
137500 85324475.2546014 31731206.9421061 -2767.49870531371 -11.4099148836605 400 0.0480951803626665 -0
137900 84213843.6525241 31725286.3964193 -2785.72443979467 -18.2318782426563 400 0.0492156559570657 -0
138300 83095842.6025939 31716589.4010279 -2804.34845294669 -25.2941570061253 400 0.0503827933404327 -0
138700 81970309.7286659 31705017.3835161 -2823.38620669598 -32.6091195989394 400 0.0515993975016472 -0
139100 80837076.2996503 31690466.6548188 -2842.85402381879 -40.1899928212705 400 0.0528684950888518 -0
139300 80267517.3235675 31682040.3843222 -2852.75455766772 -44.0845324535492 400 0.0535237406737841 -0
139500 79695966.8728013 31672828.0509615 -2862.76915043469 -48.050937474111 400 0.0541933562327426 -0
139700 79122401.9055365 31662815.0898117 -2872.90011332733 -52.0911376594899 400 0.0548777925795737 -0
139900 78546798.9111015 31651986.5431097 -2883.14982410712 -56.2071321230148 400 0.0555775189546771 -0
140100 77969133.8964113 31640327.0460762 -2893.52072956572 -60.4009924510119 400 0.056293023954975 -0
140300 77389382.3719049 31627820.8120931 -2904.01534811382 -64.6748660105323 400 0.0570248165198395 -0
140500 76807519.3369528 31614451.6172016 -2914.63627248854 -69.0309794396314 400 0.0577734269768958 -0
140700 76223519.2647102 31600202.7838828 -2925.3861725858 -73.4716423320439 400 0.0585394081519327 -0
140900 75637356.0863917 31585057.1640809 -2936.26779842446 -77.9992511289845 400 0.0593233365474895 -0
141100 75049003.174938 31568997.1214263 -2947.28398324932 -82.6162932317618 400 0.0601258135950647 -0
141300 74458433.3280492 31552004.512613 -2958.43764678071 -87.3253513499362 400 0.0609474669862967 -0
141500 73865618.7505512 31534060.6678811 -2969.73179861876 -92.1291081008842 400 0.0617889520889095 -0
141700 73270531.0360658 31515146.3705529 -2981.16954181101 -97.0303508778601 400 0.062650953453706 -0
141900 72673141.1479508 31495241.8355675 -2992.75407659244 -102.031977004988 400 0.0635341864194182 -0
142100 72073419.3994726 31474326.6869538 -3004.48870430782 -107.136999199067 400 0.0644393988228099 -0
142300 71471335.4331766 31452379.934178 -3016.37683152671 -112.348551359674 400 0.0653673728220622 -0
142500 70866858.1994136 31429379.9472998 -3028.4219743621 -117.669894710755 400 0.0663189268421775 -0
142700 70259955.9339816 31405304.4308616 -3040.62776300463 -123.104424318823 400 0.0672949176518991 -0
142900 69650596.1348377 31380130.3964347 -3052.99794648477 -128.655676014896 400 0.0682962425824981 -0
143100 69038745.537834 31353834.133739 -3065.53639767645 -134.327333749623 400 0.0693238418997007 -0
143300 68424370.0914275 31326391.1802444 -3078.24711855641 -140.123237413448 400 0.0703787013410611 -0
143500 67807434.9303111 31297776.2891598 -3091.13424573431 -146.047391156438 400 0.0714618548322076 -0
143700 67187904.3479101 31267963.3957049 -3104.20205627011 -152.103972245298 400 0.0725743873966416 -0
143900 66565741.7676852 31236925.581553 -3117.45497379572 -158.297340498396 400 0.0737174382751397 -0
144100 65940909.7131795 31204635.0373259 -3130.89757495965 -164.632048343176 400 0.0748922042723369 -0
144300 65313369.7767419 31171063.023011 -3144.53459621427 -171.112851544242 400 0.0760999433497471 -0
144500 64683082.5868577 31136179.8261609 -3158.37094096674 -177.744720654765 200 0.0773419784863476 -0
144700 64050007.7740106 31099954.7177264 -3172.41168711627 -184.53285324856 200 0.0786197018299225 -0
144900 63414103.9349965 31062355.9053592 -3186.66209500155 -191.482686995488 200 0.0799345791646579 -0
145100 62775328.5956047 31023350.4840096 -3201.12761578432 -198.599913648571 200 0.0812881547230382 -0
145300 62133638.1715766 30982904.3836301 -3215.81390029638 -205.89049401765 200 0.0826820563729357 -0
145500 61488987.9277463 30940982.3137778 -3230.72680837949 -213.360674011458 200 0.0841180012139554 -0
145700 60841331.935261 30897547.7048953 -3245.8724187497 -221.017001837829 200 0.08559780162063 -0
145900 60190623.0267736 30852562.6460264 -3261.25703941956 -228.866346460442 200 0.0871233717740121 -0
146100 59536812.7494919 30805987.818707 -3276.88721871427 -236.915917420144 200 0.0886967347276248 -0
146300 58879851.3159622 30757782.4267445 -3292.76975692017 -245.173286139571 200 0.0903200300586764 -0
146500 58219687.5524566 30707904.1215783 -3308.91171860669 -253.646408841755 200 0.0919955221609935 -0
146700 57556268.8448244 30656308.9228818 -3325.32044566568 -262.343651226592 200 0.0937256092423509 -0
146900 56889541.0816607 30602951.1340418 -3342.00357111511 -271.273815063917 200 0.0955128330958779 -0
147100 56219448.5946333 30547783.252112 -3358.9690337173 -280.44616687838 200 0.097359889723103 -0
147300 55545934.0957999 30490755.8718053 -3376.22509346522 -289.870468919838 200 0.0992696408950878 -0
147500 54868938.6117373 30431817.5830445 -3393.78034799418 -299.557012633611 200 0.101245126748134 -0
147700 54188401.4142895 30370914.861551 -3411.64374997965 -309.516654868152 200 0.103289579521903 -0
147900 53504259.9477331 30307991.9518952 -3429.82462558647 -319.760857083689 200 0.105406438560631 -0
148100 52816449.7521417 30242990.7423815 -3448.33269403832 -330.301727854658 200 0.107599366712727 -0
148300 52124904.3827185 30175850.6310765 -3467.17808838104 -341.152068991657 200 0.109872268280579 -0
148500 51429555.32485 30106508.3822211 -3486.37137751776 -352.325425645825 200 0.112229308691294 -0
148700 50730331.9046189 30034897.9721898 -3505.92358959813 -363.836140800448 200 0.114674936080555 -0
148900 50027161.1944967 29960950.4240757 -3525.84623684896 -375.69941460205 200 0.117213905006368 -0
149100 49319967.9139181 29884593.6298842 -3546.15134193769 -387.931369036969 200 0.119851302537539 -0
149300 48608674.3244217 29805752.1592096 -3566.85146596484 -400.549118520364 200 0.122592576993938 -0
149500 47893200.1190209 29724347.0531501 -3587.95973818568 -413.570847033954 200 0.125443569652559 -0
149700 47173462.3054486 29640295.6020825 -3609.48988756493 -427.015892527667 200 0.128410549775941 -0
149900 46449375.0828995 29553511.1057624 -3631.45627627154 -440.904839390417 200 0.131500253368523 -0
150100 45720849.7118698 29463902.6140499 -3653.87393522258 -455.259619898076 200 0.134719926123178 -0
150300 44987794.3766741 29371374.646363 -3676.7586017859 -470.103625664445 200 0.138077371085685 -0
150500 44250114.0401971 29275826.887745 -3700.12675975042 -485.461830256119 200 0.141581001640957 -0
150700 43507710.290415 29177153.8591842 -3723.99568166906 -501.360924287284 200 0.145239900513236 -0
150900 42760481.1782039 29075244.5595441 -3748.38347367254 -517.829464489265 200 0.149063885575414 -0
151100 42008321.0459301 28969982.0761419 -3773.30912284138 -534.898038455761 200 0.153063583382914 -0
151300 41251120.3463041 28861243.1606513 -3798.79254720658 -552.599447003181 200 0.157250511488264 -0
151500 40488765.450968 28748897.7665891 -3824.85464842531 -570.968906361668 200 0.161637170757645 -0
151600 40105618.505578 28691330.018305 -3838.10951715026 -580.415875385355 200 0.163909600242986 -0
151700 39721138.4482431 28632808.5441152 -3851.51736713961 -590.044272724276 200 0.166237149105327 -0
151800 39335309.8357094 28573314.9435234 -3865.08111283564 -599.859283877485 200 0.16862170484101 -0
151900 38948116.9296784 28512830.2876716 -3878.80374101132 -609.866292107499 200 0.171065238288408 -0
152000 38559543.6894767 28451335.0990966 -3892.68831272122 -620.070887870083 200 0.173569808129875 -0
152100 38169573.7645287 28388809.3305169 -3906.73796528821 -630.478878783112 200 0.176137565681092 -0
152200 37778190.4866289 28325232.3425945 -3920.95591432333 -641.096300170358 200 0.178770759988935 -0
152300 37385376.8620113 28260582.8806111 -3935.34545577602 -651.92942621882 200 0.181471743260797 -0
152400 36991115.5632113 28194839.0499977 -3949.90996801111 -662.984781791116 200 0.1842429766502 -0
152500 36595388.9207198 28127978.2906466 -3964.65291390822 -674.269154937693 200 0.187087036425616 -0
152600 36198178.9144258 28059977.3499365 -3979.57784297862 -685.789610157067 200 0.190006620551773 -0
152700 35799467.164847 27990812.2543915 -3994.68839349337 -697.553502456081 200 0.193004555715188 -0
152800 35399234.9241471 27920458.2798918 -4009.98829461588 -709.568492266303 200 0.196083804828475 -0
152900 34997463.0669402 27848889.9203474 -4025.48136853033 -721.842561277122 200 0.19924747505099 -0
153000 34594132.0808825 27776080.8547404 -4041.17153255665 -734.384029250988 200 0.202498826366703 -0
153100 34189222.0570545 27702003.9124327 -4057.06280124051 -747.201571891549 200 0.205841280763871 -0
153200 33782712.680135 27626631.0366323 -4073.15928840561 -760.304239841219 200 0.209278432065058 -0
153300 33374583.218373 27549933.2458993 -4089.46520915309 -773.701478891005 200 0.212814056460538 -0
153400 32964812.5133626 27471880.5935665 -4105.98488179075 -787.403151492335 200 0.21645212380293 -0
153500 32553378.96963 27392442.1249401 -4122.72272967217 -801.419559668142 200 0.220196809726327 -0
153600 32140260.5440411 27311585.8321347 -4139.68328292272 -815.761469428684 200 0.224052508659081 -0
153700 31725434.735044 27229278.6063865 -4156.87118002604 -830.440136806596 200 0.228023847805975 -0
153800 31308878.5717607 27145486.1876779 -4174.29116924075 -845.467335635494 200 0.232115702182685 -0
153900 30890568.6029471 27060173.1114901 -4191.94810981258 -860.855387207281 100 0.236333210793507 -0
154000 30470480.8858437 26973302.6524911 -4209.84697294203 -876.617191955102 100 0.240681794052081 -0
154100 30048590.9749437 26884836.7649467 -4227.99284246213 -892.766263321881 100 0.245167172554703 -0
154200 29624873.9107097 26794736.0196288 -4246.3909151736 -909.316763988624 100 0.249795387326644 -0
154300 29199304.208277 26702959.5369748 -4265.04650077805 -926.283544652285 100 0.254572821673955 -0
154400 28771855.8461857 26609464.916233 -4283.96502134017 -943.682185560208 100 0.259506224786613 -0
154500 28342502.2551942 26514208.1603077 -4303.15201020086 -961.529041027024 100 0.264602737253728 -0
154600 27911216.3072319 26417143.595993 -4322.61311025113 -979.841287180697 100 0.269869918668094 -0
154700 27477970.3045612 26318223.7892597 -4342.35407146411 -998.636973207292 100 0.275315777515763 -0
154800 27042735.9692276 26217399.4552306 -4362.38074756727 -1017.93507638925 100 0.280948803566853 -0
154900 26605484.4328917 26114619.3624486 -4382.69909171977 -1037.75556125971 100 0.286778003006689 -0
155000 26166186.2271497 26009830.2310093 -4403.31515104048 -1058.11944322622 100 0.292812936571932 -0
155100 25724811.2744648 25902976.6240921 -4424.23505980904 -1079.0488570506 100 0.299063760984862 -0
155200 25281328.8798545 25794000.8323821 -4445.46503113676 -1100.56713060959 100 0.305541274010922 -0
155300 24835707.7234959 25682842.7508337 -4467.01134687363 -1122.69886440151 100 0.312256963500295 -0
155400 24387915.8544403 25569439.7471741 -4488.8803454834 -1145.47001731011 100 0.319223060814282 -0
155500 23937920.6856539 25453726.5214954 -4511.07840757862 -1168.90799918684 100 0.326452599082012 -0
155600 23485688.990637 25335634.9562218 -4533.61193876099 -1193.04177086818 100 0.333959476783269 -0
155700 23031186.9019104 25215093.9556743 -4556.48734935937 -1217.90195230638 100 0.341758527209534 -0
155800 22574379.9117023 25092029.2743879 -4579.71103059549 -1243.52093955941 100 0.349865594418647 -0
155900 22115232.8752203 24966363.3332509 -4603.28932663572 -1269.93303146105 100 0.358297616369533 -0
156000 21653710.016948 24838015.0224574 -4627.22850190389 -1297.17456687465 100 0.367072716003332 -0
156100 21189774.9404787 24706899.4901632 -4651.53470293324 -1325.28407352567 100 0.376210301127062 -0
156200 20723390.6424701 24572927.915635 -4676.21391392295 -1354.30242950849 100 0.385731174056955 -0
156300 20254519.5313977 24436007.2655652 -4701.27190503324 -1384.27303867463 100 0.395657652092195 -0
156400 19783123.4518885 24296040.0320985 -4726.71417229989 -1415.24202123128 100 0.406013700017575 -0
156500 19309163.7155347 24152923.9509786 -4752.54586787029 -1447.25842101379 100 0.416825075977313 -0
156600 18832601.1392302 24006551.6980665 -4778.77171905357 -1480.37443104317 100 0.428119492223839 -0
156700 18353396.0922327 23856810.5623167 -4805.39593443285 -1514.64563914084 100 0.439926792426914 -0
156800 17871508.5533456 23703582.0931078 -4832.42209499996 -1550.13129554906 100 0.45227914743226 -0
156900 17386898.1798325 23546741.719623 -4859.8530279363 -1586.8946046962 100 0.465211271587384 -0
157000 16899524.389935 23386158.3397497 -4887.69066026678 -1625.0030434528 100 0.478760662008049 -0
157100 16409346.4611647 23221693.8757228 -4915.93584914777 -1664.52870844547 100 0.492967863444481 -0
157200 15916323.6468891 23053202.7934689 -4944.58818500023 -1705.54869523166 100 0.507876761724455 -0
157250 15668732.7011878 22967399.6250718 -4959.06650318078 -1726.64461967912 100 0.515609054432416 -0
157300 15420415.3141436 22880531.5822466 -4973.64576305016 -1748.14551236421 100 0.523534909105283 -0
157350 15171366.4510368 22792578.1373641 -4988.32544938836 -1770.06260683834 100 0.531660901864252 -0
157400 14921581.106088 22703518.1912566 -5003.10491807727 -1792.40753376037 100 0.539993885243889 -0
157450 14671054.3091685 22613330.0529542 -5017.98338535955 -1815.19233737477 100 0.54854100171711 -0
157500 14419781.1330676 22521991.418578 -5032.9599162555 -1838.4294927332 100 0.55730969795106 -0
157550 14167756.7013625 22429479.3493528 -5048.03341206992 -1862.13192369151 100 0.566307739834768 -0
157600 13914976.1969368 22335770.2487008 -5063.20259691453 -1886.3130217156 100 0.575543228321553 -0
157650 13661434.8711988 22240839.8383729 -5078.46600316548 -1910.98666552954 100 0.585024616131261 -0
157700 13407128.0540561 22144663.1335766 -5093.8219557686 -1936.16724164087 100 0.594760725359583 -0
157750 13152051.1647047 22047214.4170547 -5109.26855529727 -1961.8696657777 100 0.60476076604388 -0
157800 12896199.7232996 21948467.2120691 -5124.80365965979 -1988.10940527298 100 0.615034355737107 -0
157850 12639569.3635752 21848394.2542399 -5140.42486434403 -2014.90250243134 100 0.625591540143613 -0
157900 12382155.8464933 21746967.4621919 -5156.12948107758 -2042.26559891348 100 0.636442814872655 -0
157950 12123955.0749998 21644157.9069554 -5171.91451477073 -2070.21596117295 100 0.647599148367524 -0
158000 11864963.1099806 21539935.7800677 -5187.77663859837 -2098.7715069787 100 0.659072006070002 -0
158050 11605176.1875129 21434270.3603216 -5203.712167064 -2127.95083305608 100 0.670873375881619 -0
158100 11344590.7375177 21327129.979102 -5219.71702687551 -2157.77324387628 100 0.683015794984549 -0
158150 11083203.4039262 21218481.9842552 -5235.7867254475 -2188.25878162221 100 0.695512378086134 -0
158200 10821011.0664856 21108292.7024286 -5251.91631682831 -2219.42825735495 100 0.70837684715166 -0
158250 10558010.8643368 20996527.3998222 -5268.10036483287 -2251.30328340084 100 0.721623562690162 -0
158300 10294200.2215102 20883150.2412906 -5284.33290314249 -2283.90630697363 100 0.735267556657466 -0
158350 10029576.8744982 20768124.2477315 -5300.60739211255 -2317.2606450396 100 0.749324567039293 -0
158400 9764138.90207518 20651411.2517009 -5316.91667200581 -2351.39052042506 100 0.763811074174862 -0
158450 9497884.75755109 20532971.8511914 -5333.25291234476 -2386.32109915601 50 0.77874433887771 -0
158500 9230813.30366213 20412765.3615142 -5349.60755704967 -2422.07852900724 50 0.794142442405294 -0
158550 8962923.85031677 20290749.7652222 -5365.97126499992 -2458.68997922416 50 0.810024328321906 -0
158600 8694216.19543647 20166881.6600213 -5382.3338456254 -2496.18368136313 50 0.826409846290164 -0
158650 8424690.66914986 20041116.2046108 -5398.68418910048 -2534.58897117579 50 0.843319797814494 -0
158700 8154348.18162182 19913407.0624074 -5415.01019067722 -2573.93633143861 50 0.860775983944922 -0
158750 7883190.27482264 19783706.3431053 -5431.29866865503 -2614.25743560027 50 0.878801254930703 -0
158800 7611219.17856921 19651964.5420377 -5447.53527544244 -2655.58519208626 50 0.89741956179 -0
158850 7338437.87119789 19518130.4773101 -5463.70440112152 -2697.9537890601 50 0.916656009733208 -0
158900 7064850.14525981 19382151.2246898 -5479.78906887793 -2741.3987393952 50 0.936536913342636 -0
158950 6790460.67866219 19243972.0502466 -5495.77082160893 -2785.95692555692 50 0.957089853368952 -0
159000 6515275.11171526 19103536.3407606 -5511.62959896809 -2831.66664403204 50 0.978343734953772 -0
159050 6239300.13058234 18960785.531927 -5527.34360404921 -2878.56764886976 50 1.00032884702646 -0
159100 5962543.55767262 18815659.0344182 -5542.88915885384 -2926.7011938134 50 1.0230769225499 -0
159150 5685014.44955982 18668094.1578864 -5558.24054762569 -2976.11007240395 50 1.04662119920259 -0
159200 5406723.20305778 18518026.0330272 -5573.3698470741 -3026.83865532276 50 1.07099647998035 -0
159250 5127681.67013412 18365387.5318621 -5588.24674244609 -3078.93292410921 50 1.0962391930782 -0
159300 4847903.28239702 18210109.1864473 -5602.8383283452 -3132.44050023794 50 1.12238745026708 -0
159350 4567403.18594633 18052119.1062686 -5617.10889313606 -3187.41066836555 50 1.14948110280898 -0
159400 4286198.38744014 17891342.8946487 -5631.01968571843 -3243.89439235663 50 1.17756179375286 -0
159450 4004307.91228959 17727703.5645661 -5644.52866340626 -3301.9443224692 50 1.20667300521724 -0
159500 3721752.9759593 17561121.4543755 -5657.59021960859 -3361.61479181701 50 1.23686009899032 -0
159550 3438557.16941616 17391514.1440165 -5670.1548899847 -3422.96179992638 50 1.26817034845652 -0
159600 3154746.65983651 17218796.3724208 -5682.1690357403 -3486.04298086439 50 1.30065295948526 -0
159650 2870350.40774725 17042879.9569564 -5693.57450275073 -3550.91755302803 50 1.33435907748557 -0
159700 2585400.40184169 16863673.7159113 -5704.30825524964 -3617.64624724648 50 1.36934177733065 -0
159750 2299931.91277136 16681083.3951919 -5714.30198291541 -3686.29120935595 50 1.40565603228327 -0
159800 2013983.76727019 16495011.6006223 -5723.48168033544 -3756.91587285351 50 1.44335865739568 -0
159850 1727598.64401342 16305357.7374606 -5731.76719804278 -3829.58479661987 50 1.48250822210967 -0
159900 1440823.39264657 16112017.9590207 -5739.07176461725 -3904.36346201678 50 1.52316492593417 -0
159950 1153709.37743614 15914885.1265871 -5745.30147974426 -3981.31802291117 50 1.56539043012338 -0
160000 866312.846985792 15713848.7831542 -5750.35477865057 -4060.5150013549 50 1.60924763721101 -0
160050 578695.331425232 15508795.1439099 -5754.1218690158 -4142.02092075878 50 1.65480040907399 -0
160100 290924.068402725 15299607.1068096 -5756.48414232135 -4225.90186744824 50 1.70211321290316 -0
160150 3072.45908841988 15086164.2870717 -5757.31356268174 -4312.22297048818 50 1.75125068305528 -0
160200 -284779.444789184 14868343.0799557 -5756.47203754602 -4401.04778863327 50 1.80227708526729 -0
160250 -572544.422110475 14646016.7567658 -5753.81077630571 -4492.43759222594 50 1.85525566815602 -0
160300 -860127.531322811 14419055.599658 -5749.16964484815 -4586.45052686542 50 1.9102478853469 -0
160350 -1147425.52723696 14187327.0815123 -5742.37652650293 -4683.14064476116 50 1.96731247003526 -0
160400 -1434326.24630145 13950696.0978519 -5733.24670269698 -4782.55678893383 50 2.02650434237106 -0
160450 -1720707.96174247 13709025.2585506 -5721.58227001242 -4884.74131492968 50 2.08787332888974 -0
160500 -2006438.71088743 13462175.2478393 -5707.1716142749 -4989.72863458775 50 2.1514626724458 -0
160550 -2291375.59813254 13210005.2618874 -5689.78896682213 -5097.54356679375 50 2.21730731094509 -0
160600 -2575364.07839746 12952373.5339673 -5669.19407322555 -5208.19948125055 50 2.28543190387225 -0
160650 -2858237.22756432 12689137.9578594 -5645.13201044307 -5321.69622331403 50 2.35584858748948 -0
160700 -3139815.00835083 12420156.8206791 -5617.33319460476 -5438.01781114106 50 2.42855444302226 -0
160750 -3419903.54234141 12145289.6566359 -5585.51362824948 -5557.12990106723 50 2.50352866759408 -0
160800 -3698294.40151093 11864398.2332845 -5549.37544263135 -5678.97702360042 50 2.58072944563002 -0
160850 -3974763.93552503 11577347.6815026 -5508.60779738583 -5803.4796010214 50 2.66009052946425 -0
160900 -4249072.6543709 11284007.7796155 -5462.88820594215 -5930.53076866345 50 2.74151755251672 -0
160950 -4520964.68942172 10984254.400649 -5411.88435999337 -6059.99303579671 50 2.82488411716592 -0
161000 -4790167.35978761 10677971.129488 -5355.25652931429 -6191.69483888713 50 2.91002772274244 -6.07371096045705e-308
161050 -5056390.8746369 10365051.0535935 -5292.66061329324 -6325.42705990319 50 2.99674562708973 -1.06577132254272e-297
161100 -5319328.20590996 10045398.7267407 -5223.75191657954 -6460.93960515186 50 3.08479076772641 -9.62951048241471e-288
161125 -5449463.9081566 9883021.79874178 -5186.82350146771 -6529.27333741836 50 3.12922076897436 -7.03742252026153e-283
161150 -5578655.16931372 9718932.29989462 -5148.18971195817 -6597.93816526112 50 3.17386790509237 -4.28332253045339e-278
161175 -5706858.83964927 9553122.49861283 -5107.80946261748 -6666.889913184 50 3.21868717949821 -2.15849415337882e-273
161200 -5834030.75397984 9385585.80632675 -5065.64263759674 -6736.08130430591 50 3.26363018963348 -8.95218832324123e-269
161225 -5960125.7585778 9216316.85579837 -5021.65030624635 -6805.46189989719 50 3.30864506018759 -3.037273155833e-264
161250 -6085097.74363305 9045311.5807938 -4975.7949517933 -6874.97805152616 50 3.35367639331835 -8.37816129164131e-260
161275 -6208899.68158991 8872567.29677613 -4928.04071258743 -6944.57286757991 50 3.3986652383334 -1.86735528853472e-255
161300 -6331483.67166528 8698082.78223669 -4878.35363521597 -7014.18619597646 50 3.44354908336824 -3.34190972150646e-251
161325 -6452800.99083366 8521858.36023691 -4826.70193855925 -7083.75462491829 50 3.48826187163529 -4.77205295496876e-247
161350 -6572802.15153827 8343895.97968643 -4773.05628761738 -7153.21150354515 50 3.53273404481793 -5.40248368369201e-243
161375 -6691436.96635548 8164199.29583692 -4717.39007567939 -7222.48698432404 25 3.57689261613704 -4.81815462092061e-239
161400 -6808654.61980029 7982773.74942589 -4659.679713136 -7291.50808896193 25 3.62066127551865 -3.36341318873324e-235
161425 -6924403.74741491 7799626.64386067 -4599.90492095872 -7360.19879953807 25 3.66396052913482 -1.82600731725016e-231
161450 -7038632.52222936 7614767.21979251 -4538.04902658561 -7428.48017642476 25 3.70670787536932 -7.66057958277217e-228
161475 -7151288.74862312 7428206.72639291 -4474.09925967385 -7496.27050439497 25 3.74881801897098 -2.46763787892706e-224
161500 -7262319.96355001 7239958.48861243 -4408.04704490648 -7563.48546809953 25 3.79020312479779 -6.06460271752541e-221
161525 -7371673.54501453 7050037.96967547 -4339.8882887837 -7630.03835783486 25 3.83077311212149 -1.13002623422381e-217
161550 -7479296.82760874 6858462.82804557 -4269.62365709425 -7695.84030621355 25 3.87043598995638 -1.58648189271273e-214
161575 -7585137.22483298 6665252.96808455 -4197.25883955865 -7760.80055599512 25 3.90909823329929 -1.66792329723012e-211
161600 -7689142.35783426 6470430.5836274 -4122.80479797192 -7824.82675893554 25 3.9466651995252 -1.30524496473388e-208
161625 -7791260.19010255 6274020.19370376 -4046.27799405699 -7887.82530507519 25 3.98304158348292 -7.55820148146704e-206
161650 -7891439.16756971 6076048.66965725 -3967.70059318014 -7949.70168141042 25 4.01813190908671 -3.21998662734165e-203
161675 -7989628.36345953 5876545.25294629 -3887.10064008399 -8010.3608583922 25 4.05184105441859 -1.0036196609501e-200
161700 -8085777.62714187 5675541.56295579 -3804.51220286911 -8069.70770217352 25 4.08407480655558 -2.27622005544096e-198
161725 -8179837.73615162 5473071.59420744 -3719.97548160795 -8127.64740999688 25 4.11474044153799 -3.73704694904376e-196
161750 -8271760.55044533 5269171.70242806 -3633.53687820795 -8184.08596558518 25 4.14374732411839 -4.41924979427305e-194
161775 -8361499.16788772 5063880.5790208 -3545.24902445796 -8238.93061088702 25 4.17100752119938 -3.74641885285421e-192
161800 -8449008.07988845 4857239.21358072 -3455.1707655919 -8292.09033004436 25 4.19643642220595 -2.26666763641451e-190
161825 -8534243.32604853 4649290.84420564 -3363.36709718474 -8343.47634101084 25 4.21995335906831 -9.74632472003932e-189
161850 -8617162.6466283 4440080.89547215 -3269.90905375191 -8393.00258986769 25 4.24148221803783 -2.96676208200849e-187
161875 -8697725.63161546 4229656.90407455 -3174.87354804746 -8440.58624257367 25 4.260952035242 -6.37026437145307e-186
161900 -8775893.86515522 4018068.43225911 -3078.34316073705 -8486.14816865946 25 4.27829756772523 -9.61729201673523e-185
161925 -8851631.06410531 3805366.96932517 -2980.4058808466 -8529.61341124635 25 4.29345983173295 -1.01790309289885e-183
161950 -8924903.20949818 3591605.82160559 -2881.15479814023 -8570.91163774154 25 4.30638660018959 -7.53375909095335e-183
161975 -8995678.66973089 3376839.99147943 -2780.68774934558 -8609.97756564604 25 4.31703285169969 -3.89065645122312e-182
162000 -9063928.31436088 3161126.04610679 -2679.10692090124 -8646.75135810689 25 4.325361163965 -1.39945629102331e-181
162025 -9129625.61746159 2944521.97670609 -2576.51841163103 -8681.17898415519 25 4.33134204525197 -3.50113988377771e-181
162050 -9192746.74958608 2727087.04931567 -2473.03175943474 -8713.21253898919 25 4.33495419844785 -6.08602134412778e-181
162075 -9253270.65749644 2508881.64809133 -2368.75943670444 -8742.81052018228 25 4.33618471329243 -7.34624711653946e-181
162100 -9311179.13094199 2289967.11228675 -2263.81631971473 -8769.93805630689 25 4.33502918353803 -6.15623306681857e-181
162125 -9366456.85590563 2070405.56814334 -2158.31913767766 -8794.56708515411 25 4.33149174704441 -3.58234251238622e-181
162150 -9419091.45388505 1850259.756977 -2052.38590748694 -8816.67647947907 25 4.32558504812449 -1.44837837229716e-181
162175 -9469073.50692836 1629592.86079131 -1946.13536039323 -8836.25211899432 25 4.31733012278336 -4.07281018583135e-182
162200 -9516396.56830182 1408468.32676847 -1839.68636694541 -8853.28690814969 25 4.30675620880351 -7.97645266971586e-183
162225 -9561057.15882519 1186949.69199055 -1733.15736650271 -8867.78074005495 25 4.29390048388509 -1.08994404060342e-183
162250 -9603054.74906634 965100.409724609 -1626.66580746908 -8879.74040770224 25 4.27880773621967 -1.04140118619869e-184
162275 -9642391.72773731 742983.678566836 -1520.32760413208 -8889.17946440887 25 4.26152997292796 -6.9751416651182e-186
162300 -9679073.35677684 520662.27568359 -1414.25661561161 -8896.11803610926 25 4.24212597270126 -3.28447991378811e-187
162325 -9713107.7137358 298198.395313676 -1308.56415195237 -8900.58258876268 25 4.22066078973313 -1.0908535872838e-188
162350 -9744505.62220172 75653.4936071678 -1203.35851184151 -8902.6056546977 25 4.19720521659697 -2.56450822805104e-190
162375 -9773280.57110234 -146911.859225262 -1098.74455581709 -8902.22552217422 25 4.17183521411008 -4.28418312541672e-192
162400 -9799448.62381721 -369438.118590323 -994.823318170098 -8899.48589280424 25 4.1446313164232 -5.10712527067266e-194
162425 -9823028.31809738 -591866.89627465 -891.691660051935 -8894.43551172793 25 4.11567801959136 -4.36385076056263e-196
162450 -9844040.55784732 -814141.081673687 -789.441965597061 -8887.12777559353 25 4.08506316172727 -2.68536060243475e-198
162475 -9862508.4978601 -1036204.95299573 -688.161882175171 -8877.62032343933 25 4.05287730252706 -1.19601058282067e-200
162500 -9878457.42261561 -1258004.27807707 -587.934105213219 -8865.97461553039 25 4.01921310950841 -3.87547517829228e-203
162525 -9891914.62025509 -1479486.40456882 -488.836207389429 -8852.25550506789 25 3.98416475773488 -9.18584815619292e-206
162550 -9902909.25283254 -1700600.33937681 -390.940511410638 -8836.53080747672 25 3.94782734914022 -1.60156738184595e-208
162575 -9911472.22391703 -1921296.81734968 -294.314005050305 -8818.87087169577 25 3.9102963568368 -2.06586537978487e-211
162600 -9917636.04458106 -2141528.35931731 -199.018296654444 -8799.34815755915 25 3.87166709901717 -1.98313518825157e-214
162625 -9921434.69875989 -2361249.31967898 -105.109608921275 -8778.03682297682 25 3.83203424625923 -1.42532495803113e-217
162650 -9922903.50890778 -2580415.92382822 -12.6388084298318 -8755.01232421127 25 3.79149136524585 -7.71705227141942e-221
162675 -9922079.00281055 -2798986.29577873 78.3485318664322 -8730.35103211633 25 3.7501305011266 -3.16715045451964e-224
162700 -9918998.78234174 -3016920.47642141 167.812040154608 -8704.12986676457 25 3.70804180000045 -9.91518160270099e-228
162725 -9913701.39487354 -3234180.43289818 255.716426382556 -8676.42595245164 25 3.66531317229602 -2.3829026356362e-231
162750 -9906226.2079756 -3450730.05962225 342.031339142256 -8647.31629463848 25 3.62202999718149 -4.42447038019122e-235
162775 -9896613.28795549 -3666535.17150863 426.731201978952 -8616.87747998222 25 3.57827486755778 -6.38780165648954e-239
162800 -9884903.28271603 -3881563.49000233 509.795032243366 -8585.18540022111 25 3.53412737467994 -7.21715603590608e-243
162825 -9871137.30932787 -4095784.62250645 591.206245515436 -8552.31500032163 50 3.48966393101611 -6.42232555253956e-247
162850 -9855356.84664145 -4309170.0358185 670.952448502544 -8518.34005097173 50 3.44495762959151 -4.53011302610712e-251
162875 -9837603.63319178 -4521693.02418139 749.025223159966 -8483.3329452139 50 3.40007813777381 -2.54907065493413e-255
162900 -9817919.57058292 -4733328.67254754 825.419904602846 -8447.36451875794 50 3.35509162323384 -1.15148479399308e-259
162925 -9796346.63247743 -4944053.8156399 900.13535518354 -8410.50389329527 50 3.31006070965682 -4.20206415455307e-264
162950 -9772926.7792589 -5153846.99337452 973.173736901601 -8372.81834195347 50 3.26504445967902 -1.24650218714388e-268
162975 -9747701.87838458 -5362688.40318593 1044.54028410089 -8334.37317588166 50 3.22009838247667 -3.02424110853022e-273
163000 -9720713.6303986 -5570559.84976956 1114.24307819416 -8295.23165084015 50 3.17527446343193 -6.03762073606495e-278
163025 -9692003.50053559 -5777444.69272647 1182.2928259435 -8255.45489258127 50 3.13062121333847 -9.97785572081535e-283
163050 -9661612.65580891 -5983327.79256426 1248.70264261921 -8215.10183974868 50 3.08618373467978 -1.37305099282701e-287
163100 -9595951.65856991 -6392035.37730787 1376.66572832636 -8132.89143885977 50 2.9981199583675 -1.53613961802352e-297
163150 -9524051.9510332 -6796589.38974263 1498.27759517619 -8049.02702313435 50 2.91137916011296 -8.84535599042886e-308
163200 -9446226.91255666 -7196917.03927491 1613.70932788349 -7963.8989903542 50 2.82620913063537 -0
163250 -9362780.84017002 -7592964.15962139 1723.15225273486 -7877.86204679623 50 2.74281327751495 -0
163300 -9274008.06386026 -7984693.44825122 1826.81294232229 -7791.23624872093 50 2.66135470189631 -0
163350 -9180192.2967315 -8372082.76892558 1924.90881502882 -7704.30846344402 50 2.58196033705679 -0
163400 -9081606.19057941 -8755123.53525927 2017.66431520222 -7617.33413074853 50 2.50472502225955 -0
163450 -8978511.06852129 -9133819.18770925 2105.30764493817 -7530.53922308709 50 2.42971541796713 -0
163500 -8871156.80804648 -9508183.77175197 2188.06800834813 -7444.1223202611 50 2.35697369658687 -0
163550 -8759781.84997321 -9878240.62120326 2266.17332320439 -7358.25673033235 50 2.28652096629113 -0
163600 -8644613.31113411 -10244021.1475917 2339.84835207359 -7273.09260299571 50 2.21836040428539 -0
163650 -8525867.18102467 -10605563.7341318 2409.31320469212 -7188.75899431358 50 2.15248009058839 -0
163700 -8403748.58503279 -10962912.7310673 2474.78216473188 -7105.36585253716 50 2.08885554445676 -0
163750 -8278452.09914877 -11316117.5478735 2536.46279669895 -7023.00590378213 50 2.02745197358758 -0
163800 -8150162.10318692 -11665231.8369384 2594.55529205489 -6941.756423722 50 1.96822625171445 -0
163850 -8019053.16150285 -12010312.762803 2649.2520174064 -6861.68088738498 50 1.91112864368017 -0
163900 -7885290.42195019 -12351420.3507682 2700.73723151621 -6782.83049378012 50 1.85610429896976 -0
163950 -7749030.02538621 -12688616.9086034 2749.18694175965 -6705.24556562518 50 1.80309453540454 -0
164000 -7610419.51941062 -13021966.515174 2794.76887436039 -6628.95682708349 50 1.75203793454833 -0
164050 -7469598.27121743 -13351534.5700046 2837.64253620343 -6553.98656430309 50 1.70287126961865 -0
164100 -7326697.87546942 -13677387.3980619 2877.95934919572 -6480.34967483473 50 1.65553028553279 -0
164150 -7181842.5539833 -13999591.9043743 2915.86284100479 -6408.05461281119 50 1.60995034930863 -0
164200 -7035149.5447572 -14318215.2734554 2951.48887854947 -6337.10423720488 50 1.5660669875012 -0
164250 -6886729.47849641 -14633324.7088733 2984.96593285429 -6267.4965706323 50 1.52381632577677 -0
164300 -6736686.74131263 -14944987.2086786 3016.41536582878 -6199.22547611577 50 1.48313544416752 -0
164350 -6585119.82270085 -15253269.3727697 3045.95173121647 -6132.28125900173 50 1.44396266005525 -0
164400 -6432121.64824879 -15558237.2386276 3073.6830834016 -6066.65120091953 50 1.40623774952794 -0
164450 -6277779.89681774 -15859956.1421851 3099.71128898989 -6002.32003227953 50 1.3699021164553 -0
164500 -6122177.30216127 -16158490.600913 3124.13233711798 -5939.27034938375 50 1.3348989174453 -0
164550 -5965391.93912789 -16453904.216494 3147.03664531862 -5877.48298177738 50 1.3011731497748 -0
164600 -5807497.49473393 -16746259.59473 3168.50935849672 -5816.93731502074 50 1.26867170843082 -0
164650 -5648563.52449923 -17035618.2805731 3188.63063917559 -5757.61157362078 50 1.23734341754954 -0
164700 -5488655.69451773 -17322040.7063972 3207.47594767069 -5699.48306843667 50 1.20713904079018 -0
164750 -5327836.00979128 -17605586.1518345 3225.11631125535 -5642.52841247047 50 1.17801127452287 -0
164800 -5166163.02939374 -17886312.7136861 3241.61858171443 -5586.7237085761 50 1.14991472713437 -0
164850 -5003692.06905504 -18164277.2845814 3257.04568094833 -5532.04471226717 50 1.1228058872557 -0
164900 -4840475.39176685 -18439535.5392174 3271.45683450254 -5478.46697248012 50 1.09664308328209 -0
164950 -4676562.38701301 -18712141.9271372 3284.90779306577 -5425.96595285105 50 1.07138643618165 -0
165000 -4511999.73922249 -18982149.6711349 3297.45104211027 -5374.51713579303 50 1.04699780726689 -0
165050 -4346831.58603118 -19249610.770476 3309.13599994756 -5324.0961114143 50 1.02344074232689 -0
165100 -4181099.66692347 -19514576.0082238 3320.00920454723 -5274.67865309453 50 1.00068041328139 -0
165150 -4014843.4628055 -19777094.9620453 3330.11448952048 -5226.24078133533 50 0.978683558316106 -0
165200 -3848100.327041 -20037216.0179461 3339.49314970669 -5178.75881732041 50 0.957418421287037 -0
165250 -3680905.60845826 -20294986.3864531 3348.18409682519 -5132.20942745872 50 0.936854691035323 -0
165300 -3513292.76681284 -20550452.1208231 3356.22400566702 -5086.56966003875 50 0.916963441131188 -0
165350 -3345293.48116732 -20803658.1369076 3363.64745130546 -5041.81697499261 50 0.897717070461065 -0
165400 -3176937.75162511 -21054648.2343521 3370.48703780185 -4997.92926765312 50 0.879089244984431 -0
165450 -3008253.99483177 -21303465.1188498 3376.77351887539 -4954.88488728387 50 0.86105484091332 -0
165500 -2839269.13363418 -21550150.4252053 3382.53591099388 -4912.66265107108 50 0.843589889506031 -0
165550 -2670008.68126546 -21794744.7409979 3387.80159932827 -4871.24185418444 50 0.826671523615342 -0
165600 -2500496.82040155 -22037287.6306602 3392.59643699683 -4830.60227644222 50 0.810277926089133 -0
165650 -2330756.47741493 -22277817.6598151 3396.94483800708 -4790.72418605167 50 0.794388280086311 -0
165700 -2160809.39213052 -22516372.4197363 3400.8698642849 -4751.58834083919 50 0.778982721342232 -0
165750 -1990676.1833703 -22752988.5518141 3404.39330716072 -4713.17598733455 50 0.764042292394429 -0
165800 -1820376.41055477 -22987701.7719291 3407.53576366357 -4675.46885802884 100 0.749548898760585 -0
165850 -1649928.63161263 -23220546.8946493 3410.31670795453 -4638.44916708669 100 0.735485267045555 -0
165900 -1479350.45743367 -23451557.8571783 3412.75455821231 -4602.09960475854 100 0.721834904942323 -0
165950 -1308658.60308501 -23680767.7429979 3414.86673926542 -4566.40333070796 100 0.708582063082501 -0
166000 -1137868.93599615 -23908208.805152 3416.66974124759 -4531.34396644201 100 0.695711698684921 -0
166050 -966996.521305319 -24133912.4891344 3418.17917453643 -4496.9055870089 100 0.683209440945618 -0
166100 -796055.664546644 -24357909.4553456 3419.4098212187 -4463.07271210555 100 0.671061558108866 -0
166150 -625059.951846124 -24580229.6010931 3420.3756833104 -4429.83029671992 100 0.659254926156454 -0
166200 -454022.287783258 -24800902.0821144 3421.09002794513 -4397.16372141573 100 0.647776999050989 -0
166250 -282954.931064856 -25019955.3336068 3421.56542973029 -4365.05878235339 100 0.636615780468496 -0
166300 -111869.528147931 -25237417.0907543 3421.81381045767 -4333.50168112798 100 0.625759796955624 -0
166350 59222.855060447 -25453314.4087427 3421.84647634256 -4302.47901449397 100 0.615198072447524 -0
166400 230311.703306877 -25667673.6822593 3421.67415295399 -4271.97776403659 100 0.60492010408348 -0
166450 401387.023787332 -25880520.664476 3421.30701798792 -4241.98528584117 100 0.594915839258835 -0
166500 572439.31953056 -26091880.4855172 3420.75473202479 -4212.48930020413 100 0.585175653853451 -0
166550 743459.564271743 -26301777.6704143 3420.02646740362 -4183.47788142265 100 0.575690331578781 -0
166600 914439.178725358 -26510236.1565531 3419.13093533559 -4154.93944769429 100 0.566451044387672 -0
166650 1085370.00817211 -26717279.3106186 3418.07641137204 -4126.86275115274 100 0.5574493338931 -0
166700 1256244.30128038 -26922929.9450464 3416.87075933375 -4099.23686806129 100 0.548677093744211 -0
166750 1427054.69008774 -27127210.3339876 3415.52145380146 -4072.05118918197 100 0.540126552910191 -0
166800 1597794.171073 -27330142.2287964 3414.03560126037 -4045.29541033462 100 0.531790259824703 -0
166850 1768456.08725363 -27531746.873052 3412.41995998558 -4018.95952315746 100 0.523661067345764 -0
166900 1939034.1112477 -27732045.017122 3410.68095874906 -3993.03380607792 100 0.515732118488056 -0
166950 2109522.22924322 -27931056.9322813 3408.82471442372 -3967.50881550059 100 0.507996832886761 -0
167050 2450206.16961498 -28325300.8471224 3404.78350297274 -3917.62457802135 100 0.49308223669287 -0
167150 2790465.51226539 -28714631.7154253 3400.33962864007 -3869.2365007162 100 0.47886969631209 -0
167250 3130261.98657421 -29099195.8021262 3395.53236925096 -3822.27819488922 100 0.465315298414818 -0
167350 3469561.06557904 -29479132.9191994 3390.397383973 -3776.68695078623 100 0.452378473176919 -0
167450 3808331.62254044 -29854576.782025 3384.96707491618 -3732.40350941723 100 0.440021700599352 -0
167550 4146545.62164743 -30225655.3436344 3379.27090917416 -3689.37184819228 100 0.42821024542942 -0
167650 4484177.83914711 -30592491.1081883 3373.33570599683 -3647.53897986265 100 0.416911917703879 -0
167750 4821205.61162112 -30955201.4249913 3367.18589319078 -3606.85476418547 100 0.406096856252427 -0
167850 5157608.60851469 -31313898.7642819 3360.84373632871 -3567.27173168542 100 0.395737332786008 -0
167950 5493368.62635933 -31668690.9759773 3354.32954390245 -3528.74491886564 100 0.385807574450352 -0
168050 5828469.40242402 -32019681.5324841 3347.66185116615 -3491.23171421429 100 0.376283602953858 -0
168150 6162896.44578683 -32366969.7566231 3340.85758507903 -3454.69171436062 100 0.367143088582964 -0
168250 6496636.8840451 -32710651.0356502 3333.93221246411 -3419.08658974958 100 0.358365217599842 -0
168350 6829679.32408085 -33050817.0222952 3326.89987324373 -3384.37995922612 100 0.349930571678967 -0
168450 7162013.72547263 -33387555.8236806 3319.77350039047 -3350.53727294597 100 0.34182101818301 -0
168550 7493631.28529921 -33720952.178924 3312.56492803751 -3317.52570305783 100 0.334019610206331 -0
168650 7824524.33321601 -34051087.6261758 3305.28498902343 -3285.3140416319 100 0.326510495428144 -0
168750 8154686.23580523 -34378040.659791 3297.94360299736 -3253.87260533952 100 0.319278832918433 -0
168850 8484111.30930655 -34701886.878287 3290.54985608141 -3223.17314641885 100 0.31231071712964 -0
168950 8812794.73992909 -35022699.1236938 3283.11207297257 -3193.18876949089 100 0.30559310838707 -0
169050 9140732.51102863 -35340547.6128622 3275.63788226718 -3163.8938538186 100 0.299113769262109 -0
169150 9467921.3365076 -35655500.0612528 3268.13427570263 -3135.26398062916 100 0.292861206275648 -0
169250 9794358.5998612 -35967621.7996963 3260.60766193424 -3107.27586514538 100 0.28682461643555 -0
169350 10120042.2983511 -36276975.8845788 3253.06391539686 -3079.90729299709 100 0.280993838162225 -0
169450 10444970.9918401 -36583623.2018734 3245.5084207412 -3053.13706070621 100 0.275359306201236 -0
169550 10769143.755868 -36887622.5654133 3237.94611328148 -3026.94491996146 100 0.269912010161852 -0
169650 11092560.1385883 -37189030.8097697 3230.38151584468 -3001.31152541859 100 0.264643456356177 -0
169750 11415220.1212256 -37487902.8780766 3222.81877237001 -2976.21838578147 100 0.259545632645467 -0
169850 11737124.0817433 -37784291.9051174 3215.26167857054 -2951.64781793691 100 0.254610976028741 -0
169950 12058272.7614417 -38078249.2959695 3207.7137099367 -2927.58290393271 100 0.249832342734429 -0
170050 12378667.2342352 -38369824.8004803 3200.17804733212 -2904.00745060365 100 0.245202980598648 -0
170150 12698308.878377 -38659066.5838309 3192.65760040696 -2880.90595166462 100 0.240716503534289 -0
170250 13017199.3504257 -38946021.2934248 3185.15502903084 -2858.26355210295 100 0.23636686791349 -0
170350 13335340.5612628 -39230734.1223253 3177.6727629273 -2836.06601471449 100 0.232148350702657 -0
170450 13652734.6539915 -39513248.8694465 3170.21301967347 -2814.29968863927 200 0.22805552920406 -0
170550 13969383.983559 -39793607.9966931 3162.77782121262 -2792.95147976277 200 0.224083262271427 -0
170650 14285291.0979622 -40071852.6832279 3155.36900901259 -2772.00882285904 200 0.220226672879031 -0
170750 14600458.7209059 -40348022.8770361 3147.98825799043 -2751.45965536018 200 0.216481131934602 -0
170850 14914889.735797 -40622157.3439436 3140.63708931173 -2731.29239264569 200 0.212842243236234 -0
170950 15228587.1709657 -40894293.7142351 3133.3168821631 -2711.49590475217 200 0.209305829482285 -0
171050 15541554.1860172 -41164468.5270118 3126.02888458656 -2692.05949441153 200 0.205867919251277 -0
171150 15853794.0592228 -41432717.2724143 3118.77422345656 -2672.97287633191 200 0.202524734876019 -0
171250 16165310.1758688 -41699074.4318337 3111.55391367269 -2654.22615764194 200 0.199272681142745 -0
171350 16476106.0174889 -41963573.5162208 3104.36886663457 -2635.80981942425 200 0.196108334751968 -0
171450 16786185.1519098 -42226247.1026016 3097.2198980589 -2617.7146992696 200 0.193028434483133 -0
171550 17095551.2240488 -42487126.8688958 3090.10773519385 -2599.93197478755 200 0.190029872010043 -0
171650 17404207.9474045 -42746243.6271315 3083.03302348033 -2582.45314801416 200 0.187109683318422 -0
171750 17712159.0961874 -43003627.3551439 3075.99633270574 -2565.2700306612 200 0.184265040681062 -0
171850 18019408.498043 -43259307.2268383 3068.99816269147 -2548.37473015528 200 0.181493245149609 -0
171950 18325960.0273214 -43513311.6410945 3062.03894855194 -2531.75963641873 200 0.178791719525398 -0
172050 18631817.5988531 -43765668.2493848 3055.11906555959 -2515.41740934721 200 0.176158001774796 -0
172150 18936985.1621928 -44016403.9821729 3048.23883364722 -2499.34096694241 200 0.173589738857241 -0
172250 19241466.6962965 -44265545.0741562 3041.39852157657 -2483.52347406047 200 0.171084680936738 -0
172350 19545266.2045998 -44513117.088414 3034.59835079915 -2467.95833173989 200 0.168640675949835 -0
172450 19848387.7104682 -44759144.939514 3027.83849903374 -2452.63916707463 200 0.166255664505233 -0
172550 20150835.2529917 -45003652.9156335 3021.11910358221 -2437.55982360071 200 0.163927675092112 -0
172650 20452612.8830986 -45246664.6997435 3014.44026440416 -2422.71435216643 200 0.161654819575991 -0
172750 20753724.6599659 -45488203.3899018 3007.80204696868 -2408.09700225839 200 0.159435288962595 -0
