0 -4676244.53719698 0 0 12.4463223650146 380071755.462803 0 0 -1011.60141491715 314159000 0 314159000 3.83639262847249e-14 100
100 -4676244.37156093 1244.6322218062 0.00331272108104292 12.4463219241567 380071742.000379 -101160.140297326 -0.269248476339376 -1011.60137908548 314141908.257539 120023.19651717 314141908.257539 120023.19651717 200
300 -4676243.04647256 3733.89631273222 0.00993816230441644 12.446318397293 380071634.300994 -303480.39222664 -0.80774535272228 -1011.6010924321 314107640.970158 360069.379799164 314107640.970158 360069.379799164 400
700 -4676236.42103259 8712.42061503481 0.0231890344253299 12.4463007629796 380071095.804219 -708120.580766606 -1.88473826623393 -1011.59965916564 314038770.875971 840159.442446534 314038770.875971 840159.442446534 800
1500 -4676207.26913388 18669.433951038 0.0496906847960206 12.4462231720996 380068726.421432 -1517398.09131563 -4.03871646368026 -1011.59335280127 313899685.829684 1800318.69451885 313899685.829684 1800318.69451885 800
2300 -4676156.91599699 28626.3626425646 0.0761921098764314 12.4460891518684 380064633.86276 -2326668.72220417 -6.19267635017826 -1011.58246002093 313758801.514028 2760428.1217802 313758801.514028 2760428.1217802 800
3100 -4676085.3618502 38583.16154636 0.102693189512986 12.4458987028937 380058818.146759 -3135928.80431784 -8.34660815998958 -1011.56698087403 313616109.352822 3720461.72736532 313616109.352822 3720461.72736532 800
3900 -4675992.60701793 48539.7855197574 0.129193803553676 12.445651826039 380051279.299795 -3945174.66859005 -10.5005021275032 -1011.54691543074 313471599.435965 4680394.06106543 313471599.435965 4680394.06106543 800
4700 -4675878.65192071 58496.1894208836 0.1556938318486 12.4453485224235 380042017.35605 -4754402.64601871 -12.6543484872796 -1011.52226378204 313325260.604276 5640200.31474445 313325260.604276 5640200.31474445 800
5500 -4675743.49707521 68452.328108863 0.182193154250518 12.4449887934223 380031032.357515 -5563609.06768281 -14.8081374740952 -1011.49302603969 313177080.544162 6599856.40642197 313177080.544162 6599856.40642197 800
6300 -4675587.14309419 78408.1564440223 0.208691650615384 12.4445726406666 380018324.353995 -6372790.26475906 -16.9618593229864 -1011.45920233625 313027045.890015 7559339.05220873 313027045.890015 7559339.05220873 800
7100 -4675409.59068654 88363.6292880956 0.235189200802903 12.4441000660429 380003893.403106 -7181942.56853855 -19.1155042692943 -1011.42079282508 312875142.332238 8518625.8256299 312875142.332238 8518625.8256299 800
7900 -4675210.84065725 98318.7015044284 0.261685684677065 12.443571071694 379987739.570275 -7991062.31044336 -21.2690625487082 -1011.37779768031 312721354.728793 9477695.20420758 312721354.728793 9477695.20420758 800
8700 -4674990.89390744 108273.327958183 0.288180982106699 12.4429856600181 379969862.928743 -8800145.8220432 -23.4225243973108 -1011.33021709689 312565667.218266 10436526.6034837 312565667.218266 10436526.6034837 800
9500 -4674749.7514343 118227.463516542 0.314674972966009 12.4423438336695 379950263.559558 -9609189.43507206 -25.5758800516217 -1011.27805129053 312408063.332601 11395100.3989384 312408063.332601 11395100.3989384 800
10300 -4674487.41433114 128181.063048915 0.341167537135125 12.441645595558 379928941.551582 -10418189.4814448 -27.729119748642 -1011.22130049774 312248526.107813 12353397.9364895 312248526.107813 12353397.9364895 800
11100 -4674203.88378737 138134.08142714 0.367658554500646 12.4408909488495 379905897.001486 -11227142.2932738 -29.8822337258987 -1011.15996497583 312087038.191226 13311401.5324425 312087038.191226 13311401.5324425 800
11900 -4673899.16108845 148086.473525691 0.394147904956182 12.4400798969654 379881130.013749 -12036044.2028857 -32.0352122214886 -1011.09404500289 311923581.94401 14269094.4638969 311923581.94401 14269094.4638969 800
12700 -4673573.24761597 158038.194221882 0.420635468402902 12.4392124435828 379854640.700663 -12844891.5428377 -34.188045474123 -1011.02354087778 311758139.538005 15226460.9507037 311758139.538005 15226460.9507037 800
13500 -4673226.14484757 167989.198396071 0.447121124750077 12.4382885926347 379826429.182325 -13653680.6459346 -36.3407237231713 -1010.94845292016 311590693.046085 16183486.1301154 311590693.046085 16183486.1301154 800
14300 -4672857.85435696 177939.440931862 0.473604753915624 12.4373083483096 379796495.586643 -14462407.8452451 -38.4932372087062 -1010.86878147046 311421224.525524 17140156.0252797 311421224.525524 17140156.0252797 800
15100 -4672468.37781391 187888.876716315 0.50008623582665 12.4362717150519 379764840.04933 -15271069.4741189 -40.6455761715469 -1010.78452688991 311249716.094009 18096457.5087009 311249716.094009 18096457.5087009 1600
15900 -4672057.71698425 197837.460640147 0.52656545042 12.4351786975615 379731462.71391 -16079661.8662024 -42.7977308533043 -1010.69568956051 311076149.998175 19052378.2617465 311076149.998175 19052378.2617465 1600
16700 -4671625.87372987 207785.147597937 0.553042277642795 12.434029300794 379696363.731709 -16888181.3554565 -44.9496914964244 -1010.60226988502 310900508.674642 20007906.7312028 310900508.674642 20007906.7312028 1600
17500 -4671172.85000867 217731.89248833 0.579516597452985 12.4328235299605 379659543.261861 -17696624.2761723 -47.1014483442332 -1010.50426828701 310722774.803721 20963032.0837991 310722774.803721 20963032.0837991 1600
18300 -4670698.64787459 227677.650214245 0.605988289819883 12.4315613905279 379621001.471305 -18504986.962988 -49.2529916409807 -1010.40168521078 310542931.356019 21917744.1595271 310542931.356019 21917744.1595271 1600
19100 -4670203.26947761 237622.375683072 0.632457234724717 12.4302428882186 379580738.534784 -19313265.7509058 -51.4043116318849 -1010.29452112146 310360961.632287 22872033.4244827 310360961.632287 22872033.4244827 1600
19900 -4669686.71706369 247566.023806885 0.658923312161172 12.4288680290103 379538754.634843 -20121456.9753082 -53.5553985631765 -1010.18277650489 310176849.296917 23825890.9238569 310176849.296917 23825890.9238569 1600
20700 -4669148.99297481 257508.549502642 0.685386402135933 12.4274368191365 379495049.961832 -20929556.9719746 -55.7062426821426 -1010.06645186771 309990578.405521 24779308.235609 309990578.405521 24779308.235609 1600
21500 -4668590.09964893 267449.907692388 0.71184638466923 12.4259492650862 379449624.713902 -21737562.0770981 -57.8568342371713 -1009.94554773732 309802133.427069 25732277.4252595 309802133.427069 25732277.4252595 1600
22300 -4668010.03961998 277390.053303462 0.73830313979538 12.4244053736037 379402479.097003 -22545468.6273021 -60.0071634777959 -1009.82006466188 309611499.26107 26684791.0021584 309611499.26107 26684791.0021584 1600
23100 -4667408.81551788 287328.941268703 0.764756547563336 12.4228051516887 379353613.324888 -23353272.9596566 -62.1572206547388 -1009.69000321032 309418661.250275 27636841.8775026 309418661.250275 27636841.8775026 1600
23900 -4666786.43006849 297266.526526648 0.791206488037224 12.4211486065964 379303027.619106 -24160971.4116954 -64.3069960199559 -1009.55536397231 309223605.189379 28588423.3243107 309223605.189379 28588423.3243107 1600
24700 -4666142.88609361 307202.764021743 0.817652841296892 12.4194357458374 379250722.209005 -24968560.3214319 -66.456479826681 -1009.41614755829 309026317.330171 29539528.939498 309026317.330171 29539528.939498 1600
25500 -4665478.18651098 317137.608704545 0.844095487438452 12.4176665771774 379196697.331731 -25776036.0273765 -68.6056623294696 -1009.27235459945 308826784.383577 30490152.6081451 308826784.383577 30490152.6081451 1600
26300 -4664792.33433425 327071.015531923 0.870534306574822 12.4158411086378 379140953.232224 -26583394.8685527 -70.7545337842432 -1009.12398574771 308624993.518994 31440288.470005 308624993.518994 31440288.470005 1600
27100 -4664085.33267296 337002.939467268 0.896969178836274 12.4139593484948 379083490.16322 -27390633.1845139 -72.9030844483339 -1008.97104167577 308420932.361289 32389930.8882576 308420932.361289 32389930.8882576 1600
27900 -4663357.18473257 346933.335480693 0.923399984370971 12.4120213052801 379024308.385248 -28197747.3153599 -75.0513045805278 -1008.81352307706 308214588.985822 33339074.4204895 308214588.985822 33339074.4204895 1600
28700 -4662607.89381438 356862.158549238 0.949826603345517 12.4100269877805 378963408.16663 -29004733.6017536 -77.1991844411098 -1008.65143066572 308005951.911798 34287713.7918504 308005951.911798 34287713.7918504 1600
30300 -4661045.89672918 376714.905795708 1.00266680237602 12.4058695663495 378836453.519696 -30618308.00675 -81.4938843963362 -1008.31352736556 307581752.914837 36183459.6440574 307581752.914837 36183459.6440574 1600
31900 -4659399.36974479 396560.821169306 1.05548881765 12.4014871595982 378702628.524789 -32231327.1366972 -85.7871064279408 -1007.9573379033 307148252.069391 38077128.707376 307148252.069391 38077128.707376 1600
33500 -4657668.34272162 416399.544756559 1.10829169121945 12.3968798470033 378561935.608878 -33843761.7388594 -90.0787726766548 -1007.58286873857 306705372.563871 39968682.5449134 306705372.563871 39968682.5449134 1600
35100 -4655852.84705252 436230.716774417 1.16107446548351 12.3920477121203 378414377.323485 -35455582.5711014 -94.3688053114242 -1007.19012666253 306253043.711721 41858083.4940179 306253043.711721 41858083.4940179 1600
36700 -4653952.91566224 456053.977576782 1.21383618320582 12.3869908425817 378259956.344637 -37066760.402419 -98.6571265308209 -1006.77911879769 305791200.571126 43745294.2370644 305791200.571126 43745294.2370644 1600
38300 -4651968.58300675 475868.967661028 1.26657588753189 12.381709330096 378098675.472819 -38677266.013469 -102.943658564454 -1006.34985259786 305319783.562492 45630277.4560825 305319783.562492 45630277.4560825 1600
39900 -4649899.88507273 495675.327674522 1.31929262200645 12.3762032704454 377930537.632924 -40287070.197099 -107.228323674382 -1005.90233584795 304838738.093488 47512995.5588094 304838738.093488 47512995.5588094 1600
41500 -4647746.85937682 515472.698421142 1.37198543059082 12.3704727634844 377755545.874197 -41896143.7588777 -111.511044156517 -1005.43657666384 304348014.19837 49393410.4648879 304348014.19837 49393410.4648879 1600
43100 -4645509.54496498 535260.720867787 1.4246533576802 12.3645179131381 377573703.370182 -43504457.5176236 -115.791742342041 -1004.95258349226 303847566.19592 51271483.4422105 303847566.19592 51271483.4422105 1600
44700 -4643187.98241179 555039.036150896 1.47729544812102 12.3583388274001 377385013.418665 -45111982.3059345 -120.07034059881 -1004.45036511062 303337352.368545 53147174.9846913 303337352.368545 53147174.9846913 1600
46300 -4640782.21381971 574807.285582945 1.5299107472283 12.3519356183304 377189479.441612 -46718688.9707167 -124.346761332762 -1003.92993062685 302817334.663768 55020444.7239856 302817334.663768 55020444.7239856 1600
47900 -4638292.28281829 594565.110658963 1.5824983008029 12.3453084020538 376987104.985109 -48324548.3737133 -128.620926989329 -1003.39128947923 302287478.418379 56891251.368796 302287478.418379 56891251.368796 1600
49500 -4635718.23456341 614312.153063028 1.63505715514887 12.3384572987574 376777893.719296 -49929531.3920329 -132.892760054834 -1002.83445143622 301747752.104855 58759552.6664242 301747752.104855 58759552.6664242 1600
51100 -4633060.11573644 634048.054674763 1.68758635709073 12.3313824326888 376561849.438301 -51533608.9186778 -137.162183057907 -1002.25942659631 301198127.099199 60625305.3821039 301198127.099199 60625305.3821039 1600
52700 -4630317.97454342 653772.457575837 1.74008495399076 12.3240839321533 376338976.060172 -53136751.8630715 -141.429118570884 -1001.6662253878 300638577.469096 62488465.2924207 300638577.469096 62488465.2924207 1600
54300 -4627491.86071415 673485.004056452 1.79255199376627 12.3165619295122 376109277.626807 -54738931.1515866 -145.693489211211 -1001.05485856862 300069079.781068 64348987.1897741 300069079.781068 64348987.1897741 1600
55900 -4624581.82550132 693185.336621829 1.84498652490688 12.3088165611799 375872758.303876 -56340117.7280722 -149.955217642853 -1000.42533722615 299489612.925289 66206824.8953879 299489612.925289 66206824.8953879 1600
57500 -4621587.92167955 712873.097998695 1.89738759649176 12.3008479676217 375629422.380749 -57940282.5543804 -154.214226577688 -999.777672777016 298900157.956666 68061931.2788396 298900157.956666 68061931.2788396 1600
59100 -4618510.20354449 732547.93114176 1.94975425820687 12.2926562933512 375379274.27042 -59539396.6108931 -158.470438776915 -999.111876966856 298300697.950833 69914258.2824617 298300697.950833 69914258.2824617 1600
60700 -4615348.72691174 752209.479240192 2.00208556036223 12.2842416869277 375122318.509423 -61137430.8970484 -162.723777052455 -998.427961870141 297691217.873765 71763756.9492889 297691217.873765 71763756.9492889 1600
62300 -4612103.54911593 771857.385724089 2.0543805539091 12.2756043009533 374858559.757752 -62734356.4318666 -166.974164268345 -997.725939889943 297071704.463772 73610377.4534872 297071704.463772 73610377.4534872 1600
63900 -4608774.72900964 791491.294270946 2.10663829045723 12.2667442920705 374588002.798775 -64330144.2544754 -171.221523342142 -997.005823757704 296442146.124747 75454069.1324189 296442146.124747 75454069.1324189 1600
65500 -4605362.32696233 811110.848812115 2.15885782229203 12.2576618209589 374310652.539149 -65924765.4246356 -175.465777246322 -996.267626533015 295802532.829577 77294780.5196711 295802532.829577 77294780.5196711 1600
67100 -4601866.40485924 830715.693539262 2.21103820239176 12.2483570523327 374026514.008729 -67518191.0232654 -179.706849009671 -995.511361603371 295152856.032776 79132459.3785238 295152856.032776 79132459.3785238 1600
68700 -4598287.02610031 850305.472910824 2.26317848444471 12.2388301549376 373735592.360481 -69110392.1529654 -183.944661718685 -994.737042683935 294493108.591418 80967052.7354476 294493108.591418 80967052.7354476 1600
70300 -4594624.25559897 869879.831658453 2.3152777228664 12.2290813015477 373437892.870382 -70701339.9385425 -188.179138518967 -993.944683817285 293823284.693582 82798506.9133167 293823284.693582 82798506.9133167 3200
71900 -4590878.15978101 889438.414793461 2.36733497281664 12.2191106689621 373133420.93733 -72291005.5275331 -192.410202616614 -993.13429937316 293143379.793558 84626767.5641021 293143379.793558 84626767.5641021 3200
73500 -4587048.80658333 908980.867613255 2.41934929021675 12.2089184380023 372822182.083042 -73879360.0907271 -196.637777279618 -992.3059040482 292453390.553158 86451779.7008665 292453390.553158 86451779.7008665 3200
75100 -4583136.26545278 928506.835707772 2.47131973176665 12.1985047935083 372504181.951958 -75466374.8226903 -200.861785839248 -991.45951286568 291753314.788521 88273487.7289369 291753314.788521 88273487.7289369 3200
76700 -4579140.60734482 948015.964965908 2.52324535496196 12.1878699243357 372179426.311135 -77052020.9422867 -205.082151691452 -990.595141175238 291043151.421888 90091835.4761675 291043151.421888 90091835.4761675 3200
78300 -4575061.90472228 967507.901581936 2.57512521811107 12.1770140233521 371847921.050144 -78636269.6932009 -209.298798298234 -989.712804652592 290322900.437834 91906766.2222354 290322900.437834 91906766.2222354 3200
79900 -4570900.23155403 986982.292061924 2.6269583803523 12.1659372874334 371509672.180964 -80219092.344459 -213.511649189052 -988.812519299264 289592562.84354 93718222.7269412 289592562.84354 93718222.7269412 3200
81500 -4566655.66331366 1006438.78323015 2.67874390167087 12.1546399174606 371164685.83787 -81800460.1909502 -217.720627962198 -987.894301442281 288852140.632701 95526147.2574982 288852140.632701 95526147.2574982 3200
83100 -4562328.27697807 1025877.0222355 2.730480842916 12.1431221183159 370812968.277326 -83380344.5539472 -221.92565828619 -986.958167733885 288101636.752715 97330481.6148165 288101636.752715 97330481.6148165 3200
84700 -4557918.15102613 1045296.65655786 2.78216826581793 12.1313840988792 370454525.877867 -84958716.7816261 -226.126663901149 -986.004135151229 287341055.074832 99131167.1587937 287341055.074832 99131167.1587937 3200
86300 -4553425.36543719 1064697.33401454 2.83380523300493 12.1194260720241 370089365.139988 -86535548.2495862 -230.323568620186 -985.032220996069 286570400.366989 100928144.832635 286570400.366989 100928144.832635 3200
87900 -4548850.00168969 1084078.70276663 2.8853908080203 12.1072482546141 369717492.686022 -88110810.3613691 -234.516296330787 -984.04244289445 285789678.269049 102721355.186234 285789678.269049 102721355.186234 3200
89500 -4544192.14275965 1103440.41132539 2.93692405533937 12.0948508674987 369338915.260022 -89684474.5489773 -238.704770996185 -983.034818796387 284998895.270241 104510738.398638 284998895.270241 104510738.398638 3200
91100 -4539451.87311917 1122782.10855862 2.98840404038644 12.0822341355093 368953639.727638 -91256512.2733924 -242.888916656748 -982.009366975539 284198058.688568 106296234.299651 284198058.688568 106296234.299651 3200
92700 -4534629.2787349 1142103.44369704 3.03982982955176 12.0693982874554 368561673.075994 -92826895.0250924 -247.068657431348 -980.966106028878 283387176.652013 108077782.390593 283387176.652013 108077782.390593 3200
94300 -4529724.44706649 1161404.06634065 3.09120049020843 12.0563435561202 368163022.413559 -94395594.3245688 -251.243917518744 -979.905054876351 282566258.081354 109855321.864266 282566258.081354 109855321.864266 3200
95900 -4524737.46706499 1180683.62646506 3.14251509072932 12.0430701782562 367757694.97002 -95962581.7228433 -255.414621198953 -978.826232760537 281735312.674464 111628791.624165 281735312.674464 111628791.624165 3200
97500 -4519668.42917124 1199941.77442789 3.19377270050399 12.0295783945814 367345698.096148 -97527828.8019838 -259.580692834626 -977.7296592463 280894350.891925 113398130.302966 280894350.891925 113398130.302966 3200
99100 -4514517.42531424 1219178.16097504 3.24497238995554 12.0158684497747 366927039.263669 -99091307.1756191 -263.742056872415 -976.615354220431 280043383.943863 115163276.280343 280043383.943863 115163276.280343 3200
100700 -4509284.54890946 1238392.43724709 3.29611323055747 12.0019405924713 366501726.065126 -100652988.489454 -267.898637844349 -975.48333789129 279182423.777863 116924167.700127 279182423.777863 116924167.700127 3200
102300 -4503969.89485717 1257584.25478559 3.34719429485056 11.9877950752582 366069766.213741 -102212844.421786 -272.050360369197 -974.333630788439 278311483.067891 118680742.486874 278311483.067891 118680742.486874 3200
103900 -4498573.55954072 1276753.26553938 3.39821465645961 11.9734321546701 365631167.543275 -103770846.684012 -276.197149153841 -973.166253762266 277430575.204107 120432938.361848 277430575.204107 120432938.361848 3200
105500 -4493095.64082477 1295899.12187091 3.44917339011032 11.9588520911842 365185938.007887 -105326967.021151 -280.338928994636 -971.981227983614 276539714.283499 122180692.858471 276539714.283499 122180692.858471 3200
107100 -4487536.23805352 1315021.47656257 3.50006957164603 11.9440551492156 364734085.681991 -106881177.212347 -284.475624778776 -970.77857494339 275638915.10126 123923943.337266 275638915.10126 123923943.337266 3200
108700 -4481895.45204893 1334119.98282292 3.55090227804449 11.9290415971127 364275618.760105 -108433449.071389 -288.607161485658 -969.55831645218 274728193.14284 125662627.000317 274728193.14284 125662627.000317 3200
110300 -4476173.38510887 1353194.29429306 3.60167058743458 11.9138117071521 363810545.556707 -109983754.447217 -292.73346418824 -968.320474639852 273807564.576609 127396680.905283 273807564.576609 127396680.905283 3200
111900 -4470370.14100527 1372244.06505285 3.65237357911305 11.8983657555339 363338874.506084 -111532065.224432 -296.8544580544 -967.065071955152 272877046.247073 129126041.978989 272877046.247073 129126041.978989 3200
113500 -4464485.82498225 1391268.9496272 3.70301033356124 11.8827040223766 362860614.162174 -113078353.323811 -300.970068348296 -965.792131165303 271936655.668598 130850647.030624 271936655.668598 130850647.030624 3200
115100 -4458520.54375419 1410268.60299237 3.7535799324617 11.8668267917117 362375773.198417 -114622590.702811 -305.080220431717 -964.501675355586 270986411.01959 132570432.764558 270986411.01959 132570432.764558 3200
116700 -4452474.40550381 1429242.68058217 3.80408145871487 11.8507343514792 361884360.407594 -116164749.35608 -309.184839765439 -963.193727928923 270026331.137089 134285335.792819 270026331.137089 134285335.792819 3200
119900 -4440139.99799688 1467112.73249621 3.90487663107061 11.8179050135794 360881855.111632 -119242718.653012 -317.377182529958 -960.525453422107 268076744.283135 137700239.791203 268076744.283135 137700239.791203 3200
123100 -4427483.49721467 1504876.35822877 4.00538853882115 11.7842183901584 359853170.997265 -122312037.934894 -325.546502359104 -957.78750120481 266088058.792833 141094850.529037 266088058.792833 141094850.529037 3200
126300 -4414505.8212755 1542530.8183595 4.10560989070773 11.7496769248856 358798382.686518 -125372484.549491 -333.692206640262 -954.980069891491 264060448.601201 144468658.77869 264060448.601201 144468658.77869 3200
129500 -4401207.9115961 1580073.38138705 4.20553341654889 11.714283123442 357717566.695046 -128423836.4882 -341.813704473917 -952.103363136706 261994097.772087 147821154.930617 261994097.772087 147821154.930617 3200
132700 -4387590.73282337 1617501.32392723 4.30515186776786 11.6780395533379 356610801.426585 -131465872.402159 -349.910406716519 -949.15758962034 259889200.391186 151151829.327769 259889200.391186 151151829.327769 3200
135900 -4373655.2727644 1654811.93091055 4.40445801791834 11.6409488437268 355478167.167263 -134498371.6183 -357.981726023222 -946.142963032465 257745960.469533 154460172.587165 257745960.469533 154460172.587165 3200
139100 -4359402.54231478 1692002.4957792 4.50344466320874 11.603013685215 354319746.079778 -137521114.15536 -366.027076890491 -943.059702057843 255564591.855272 157745675.910088 255564591.855272 157745675.910088 3200
142300 -4344833.57538529 1729070.32068338 4.60210462302476 11.5642368296661 353135622.197435 -140533880.739839 -374.04587569857 -939.908030360056 253345318.151835 161007831.382161 253345318.151835 161007831.382161 3200
145500 -4329949.42882691 1766012.71667697 4.70043074045026 11.5246210900013 351925881.418054 -143536452.821902 -382.037540753827 -936.688176565289 251088372.640925 164246132.264421 251088372.640925 164246132.264421 3200
148700 -4314751.18235413 1802827.00391266 4.79841588278645 11.4841693399957 350690611.497732 -146528612.591238 -390.001492330943 -933.400374245738 248793998.208963 167460073.276312 248793998.208963 167460073.276312 3200
151900 -4299239.93846665 1839510.51183628 4.8960529420693 11.4428845140694 349429902.044488 -149510142.992859 -397.93715271497 -930.044861902671 246462447.275807 170649150.871442 246462447.275807 170649150.871442 3200
155100 -4283416.82236938 1876060.57938056 4.99333483558513 11.4007696070752 348143844.511751 -152480827.742841 -405.843946243238 -926.621882949124 244093981.724753 173812863.506794 244093981.724753 173812863.506794 3200
158300 -4267282.98189082 1912474.55515816 5.09025450638447 11.3578276740806 346832532.191733 -155440451.34402 -413.721299347116 -923.131685692247 241688872.832955 176950711.905985 241688872.832955 176950711.905985 3200
161500 -4250839.58739984 1948749.79765402 5.18680492379391 11.3140618301469 345496060.208662 -158388799.101621 -421.568640593617 -919.574523315287 239247401.201499 180062199.317103 239247401.201499 180062199.317103 3200
164700 -4234087.8317207 1984883.67541694 5.28297908392613 11.2694752501029 344134525.511875 -161325657.138832 -429.385400726851 -915.950653859225 236769856.684504 183146831.765528 236769856.684504 183146831.765528 3200
167900 -4217028.93004659 2020873.56725051 5.378770010188 11.2240711683144 342748026.868792 -164250812.41232 -437.171012709321 -912.260340204056 234256538.316677 186204118.302128 234256538.316677 186204118.302128 3200
171100 -4199664.11985144 2056716.86240324 5.47417075378666 11.17785287845 341336664.857748 -167164052.727685 -444.924911763054 -908.503850049721 231707754.238833 189233571.247097 231707754.238833 189233571.247097 3200
174300 -4181994.66080017 2092410.96075793 5.56917439423354 11.1308237332419 339900541.860699 -170065166.754854 -452.646535410574 -904.681455896685 229123821.620973 192234706.42971 229123821.620973 192234706.42971 3200
