0 314159000 0 -1174.14622873685 247.751152455529 100 0.00403837820768556 -0
100 314041565.180202 24775.1147144662 -1174.55021756154 247.751136519948 200 0.00404139902398229 -0
300 313806574.268374 74325.3313812139 -1175.35910254137 247.751008820479 400 0.00404745381078457 -0
700 313336106.507212 173425.623941097 -1176.98051406528 247.750368093858 800 0.00405961625802032 -0
1500 312393220.409349 371624.92208417 -1180.23800207523 247.747529051044 1600 0.0040841547225223 -0
3100 310499590.70905 768012.480431895 -1186.81244004779 247.735487711051 1600 0.00413410288107919 -0
4700 308595377.484428 1164373.81893066 -1193.46772414515 247.714701223613 1600 0.00418524595922511 -0
6300 306680449.844357 1560694.68711362 -1200.20578695435 247.684844429061 1600 0.0042376254773739 -0
7900 304754673.752336 1956960.30267388 -1207.02862809809 247.645577558001 1600 0.00429128485845951 -0
9500 302817911.916812 2353155.32745664 -1213.93831729923 247.596545432614 1600 0.0043462695365306 -0
11100 300870023.676443 2749263.84213223 -1220.93699761963 247.537376615797 1600 0.00440262707278997 -0
12700 298910864.880052 3145269.3194635 -1228.02688888554 247.467682504187 1600 0.0044604072796765 -0
14300 296940287.760921 3541154.59607413 -1235.2102913121 247.387056360718 1600 0.00451966235364226 -0
15900 294958140.805136 3936901.84261771 -1242.48958934106 247.295072281986 1600 0.00458044701733824 -0
17500 292964268.613599 4332492.5322389 -1249.86725570681 247.191284095303 1600 0.00464281867198984 -0
19100 290958511.757346 4727907.40721004 -1257.34585574681 247.075224179797 1600 0.00470683756081713 -0
20700 288940706.625762 5123126.44361663 -1264.92805197438 246.946402205456 1600 0.004772566944438 -0
22300 286910685.267252 5518128.81395524 -1272.61660893279 246.804303783414 1600 0.00484007328928351 -0
23900 284868275.221912 5912892.84749604 -1280.41439835155 246.648389020148 1600 0.00490942647015665 -0
25500 282813299.345689 6307395.98824988 -1288.32440462751 246.478090967567 1600 0.00498069998817856 -0
27100 280745575.625502 6701614.75036639 -1296.34973065533 246.292813960208 1600 0.00505397120549248 -0
28700 278664916.984724 7095524.67077493 -1304.49360403417 246.09193182988 1600 0.00512932159823558 -0
30300 276571131.07843 7489100.25886392 -1312.75938367969 245.874785987157 1600 0.00520683702944587 -0
31900 274464020.077706 7882314.94297637 -1321.15056687318 245.640683358068 1600 0.00528660804374599 -0
33500 272343380.442316 8275141.01347974 -1329.67079678274 245.388894163148 1600 0.00536873018584199 -0
35100 270209002.680925 8667549.56214689 -1338.32387049432 245.118649524693 1600 0.00545330434509421 -0
36700 268060671.098045 9059510.41756088 -1347.11374759436 244.829138886627 1600 0.00554043712866401 -0
38300 265898163.526771 9450992.07623024 -1356.0445593495 244.519507229704 1600 0.00563024126601687 -0
39900 263721251.046319 9841961.62907228 -1365.12061853339 244.188852062986 1600 0.00572283604787361 -0
41500 261529697.683296 10232384.6828898 -1374.3464299556 243.836220170446 1600 0.00581834780305298 -0
43100 259323260.095507 10622225.2764311 -1383.72670175277 243.460604089248 1600 0.00591691041704498 -0
44700 257101687.237058 11011445.7905831 -1393.2663575087 243.060938293674 1600 0.00601866589660257 -0
46300 254864720.003343 11400006.8522047 -1402.97054927647 242.63609505573 1600 0.0061237649851471 -0
47900 252612090.85443 11787867.2310567 -1412.84467158354 242.184879950179 1600 0.00623236783435867 -0
49500 250343523.415185 12174983.7292317 -1422.89437650917 241.706026968029 1600 0.00634464473797688 -0
51100 248058732.050358 12561311.0624261 -1433.12558993311 241.198193198284 1600 0.00646077693458278 -0
52700 245757421.412655 12946801.7323278 -1443.54452906514 240.659953033011 1600 0.00658095748698239 -0
53500 244600476.297022 13139217.8363463 -1448.82642293807 240.378960893113 1600 0.00664262969739641 -0
54300 243439285.961597 13331405.8893042 -1454.15772137637 240.089791845521 1600 0.00670539224678671 -0
55100 242273810.537064 13523359.26835 -1459.53929215039 239.792241519913 1600 0.00676927303864058 -0
55900 241104009.451124 13715071.1845673 -1464.97202507168 239.486099084236 1600 0.00683430091387435 -0
56700 239929841.410567 13906534.6777061 -1470.45683272751 239.171146992447 1600 0.00690050568991769 -0
57500 238751264.382751 14097742.610706 -1475.99465124582 238.847160720435 1600 0.0069679182017483 -0
58300 237568235.576449 14288687.6640045 -1481.58644109198 238.513908489483 1600 0.00703657034499046 -0
59100 236380711.422051 14479362.3296182 -1487.2331878991 238.171150976578 1600 0.00710649512119851 -0
59900 235188647.551087 14669758.9049867 -1492.93590333336 237.818641010842 1600 0.00717772668545469 -0
60700 233991998.775043 14859869.4865683 -1498.6956259964 237.456123255293 1600 0.00725030039641918 -0
61500 232790719.063433 15049685.9631746 -1504.51342236643 237.083333873124 1600 0.00732425286897993 -0
62300 231584761.521116 15239200.0090316 -1510.39038778015 236.700000177592 1600 0.00739962202965982 -0
63100 230374078.364796 15428403.0765541 -1516.32764745768 236.305840264602 1600 0.00747644717494973 -0
63900 229158620.898692 15617286.3888187 -1522.32635757253 235.900562626957 1600 0.00755476903274784 -0
64700 227938339.489333 15805840.9317207 -1528.38770636926 235.48386574922 1600 0.0076346298270983 -0
65500 226713183.539437 15994057.4457985 -1534.51291533113 235.055437682038 1600 0.00771607334643603 -0
66300 225483101.460833 16181926.4177091 -1540.70324040059 234.614955594698 1600 0.00779914501555951 -0
67100 224248040.64639 16369438.0713363 -1546.95997325531 234.162085304636 1600 0.00788389197156903 -0
67900 223007947.440898 16556582.358513 -1553.28444264299 233.696480782474 1600 0.00797036314402588 -0
68700 221762767.110858 16743348.9493371 -1559.67801577799 233.217783631108 1600 0.00805860933960613 -0
69500 220512443.813126 16929727.2220599 -1566.14209980326 232.725622537264 1600 0.00814868333154351 -0
70300 219256920.562365 17115706.2525241 -1572.67814332139 232.219612693776 1600 0.00824063995417763 -0
71100 217996139.197242 17301274.8031272 -1579.28763799839 231.699355190798 1600 0.00833453620294813 -0
71900 216730040.345305 17486421.3112849 -1585.97212024465 231.164436373953 1600 0.00843043134020086 -0
72700 215458563.386493 17671133.8773673 -1592.73317297729 230.614427167324 1600 0.00852838700720092 -0
73500 214181646.415196 17855400.252078 -1599.57242746875 230.048882359034 1600 0.0086284673427779 -0
74300 212899226.200798 18039207.8232471 -1606.4915652867 229.467339846973 1600 0.00873073910906193 -0
75100 211611238.146638 18222543.6020024 -1613.49232033047 228.869319842065 1600 0.00883527182480585 -0
75900 210317616.247292 18405394.2082868 -1620.57648097007 228.254324026278 1600 0.00894213790682828 -0
76700 209018293.044107 18587745.8556821 -1627.74589229373 227.621834662339 1600 0.00905141282015554 -0
77500 207713199.578887 18769584.3355004 -1635.00245847062 226.971313651911 1600 0.00916317523748772 -0
78300 206402265.345646 18950895.0001002 -1642.34814523597 226.302201538726 1600 0.00927750720866569 -0
79100 205085418.240316 19131662.7453821 -1649.78498250595 225.613916452888 800 0.00939449434087206 -0
79900 203762584.50831 19311871.9924148 -1657.31506713062 224.905852992263 800 0.00951422599036094 -0
80700 202433688.689825 19491506.668139 -1664.94056579364 224.177381036556 800 0.00963679546657888 -0
81500 201098653.562768 19670550.1850955 -1672.66371806803 223.427844489305 800 0.0097623002496129 -0
82300 199757400.08316 19848985.4201148 -1680.4868396382 222.656559942644 800 0.00989084222198356 -0
83100 198409847.322904 20026794.6919069 -1688.41232569894 221.862815259255 800 0.0100225279158893 -0
83900 197055912.404755 20203959.737481 -1696.44265454318 221.045868065461 800 0.0101574687771067 -0
84700 195695510.434337 20380461.6873219 -1704.58039135095 220.204944148924 800 0.0102957814468592 -0
85500 194328554.429048 20556281.0392443 -1712.82819219314 219.339235753827 800 0.0104375880630853 -0
86300 192954955.243671 20731397.63084 -1721.18880826472 218.447899765825 800 0.0105830165826677 -0
87100 191574621.492498 20905790.6104252 -1729.66509036305 217.530055778375 800 0.0107322011263305 -0
87900 190187459.467772 21079438.4063915 -1738.25999362844 216.584784031312 800 0.0108852823480695 -0
88700 188793373.054221 21252318.6948525 -1746.97658256529 215.611123211745 800 0.0110424078311589 -0
89500 187392263.639463 21424408.3654732 -1755.81803636383 214.608068106421 800 0.0112037325129698 -0
90300 185984030.020018 21595683.4853575 -1764.78765454399 213.574567093759 800 0.0113694191410571 -0
91100 184568568.302672 21766119.2608609 -1773.8888629447 212.509519462644 800 0.0115396387632062 -0
91900 183145771.800908 21935689.9971846 -1783.12522008432 211.411772543869 800 0.0117145712544017 -0
92700 181715530.926083 22104369.0555948 -1792.50042391937 210.280118638818 800 0.0118944058839749 -0
93500 180277733.073031 22272128.8080973 -1802.01831903186 209.113291728469 800 0.0120793419265166 -0
94300 178832262.499738 22438940.5893868 -1811.6829042777 207.909963944206 800 0.0122695893205132 -0
95100 177379000.200698 22604774.6458696 -1821.49834093167 206.668741780101 800 0.0124653693790695 -0
95900 175917823.773542 22769600.0815462 -1831.46896136776 205.388162024328 800 0.0126669155575476 -0
96700 174448607.278499 22933384.8005179 -1841.5992783171 204.066687385137 800 0.0128744742834589 -0
97500 172971221.090196 23096095.4458634 -1851.89399474966 202.702701784327 800 0.0130883058545288 -0
98300 171485531.741293 23257697.3346075 -1862.35801443016 201.294505288384 800 0.0133086854114941 -0
99100 169991401.757384 23418154.3884786 -1872.99645320355 199.840308644357 800 0.0135359039929267 -0
99900 168488689.482561 23577429.060125 -1883.81465107059 198.338227384065 800 0.0137702696801888 -0
100700 166977248.894968 23735482.2544282 -1894.81818512001 196.786275456373 800 0.0140121088415527 -0
101500 165456929.411656 23892273.2445193 -1906.0128833903 195.182358342895 800 0.0142617674855568 -0
102300 163927575.681946 24047759.5820642 -1917.40483974153 193.524265607615 800 0.0145196127348478 -0
103100 162389027.368455 24201897.0013446 -1929.00042982557 191.809662825401 800 0.0147860344330929 -0
103900 160841118.914882 24354639.3166123 -1940.80632825233 190.036082828218 800 0.015061446899061 -0
104700 159283679.299545 24505938.3121464 -1952.8295270598 188.200916200812 800 0.0153462908436901 -0
105500 157716531.773579 24655743.6243803 -1965.07735560691 186.301400949771 800 0.0156410354679167 -0
106300 156139493.58261 24804002.6154063 -1977.55750202123 184.334611260907 800 0.0159461807612807 -0
107100 154552375.670596 24950660.2370895 -1990.27803634751 182.297445249739 800 0.0162622600238672 -0
107900 152954982.364423 25095658.8849446 -2003.24743555971 180.186611598341 800 0.0165898426370733 -0
108700 151347111.03768 25238938.2408369 -2016.47461061681 177.998614958666 800 0.0169295371120417 -0
109500 149728551.751906 25380435.1034683 -2029.96893576369 175.729739987511 800 0.017281994448455 -0
110300 148099086.873427 25520083.2054936 -2043.74028030129 173.37603386112 800 0.0176479118408299 -0
111100 146458490.663707 25657813.0159846 -2057.79904307675 170.933287097873 800 0.0180280367745731 -0
111900 144806528.840922 25793551.5268105 -2072.15618997413 168.397012494976 800 0.0184231715599989 -0
112300 143976210.160566 25860650.2224692 -2079.45024932402 167.092318409073 800 0.0186266345862851 -0
112700 143142958.110182 25927222.0213186 -2086.82329471821 165.762421959962 800 0.0188341783593972 -0
113100 142306740.786987 25993256.7131937 -2094.27687514324 164.406673435049 800 0.019045920917253 -0
113500 141467525.659902 26058743.8236475 -2101.81258335402 163.024400983579 800 0.0192619847701493 -0
113900 140625279.551727 26123672.6049078 -2109.43205749267 161.614909669783 800 0.0194824971108435 -0
114300 139779968.620643 26188032.0264463 -2117.13698278158 160.177480477065 800 0.0197075900364401 -0
114700 138931558.341035 26251810.7651381 -2124.92909329475 158.711369260247 800 0.0199374007828558 -0
115100 138080013.483579 26314997.1949915 -2132.81017381164 157.215805642681 800 0.0201720719726949 -0
115500 137225298.094577 26377579.3764255 -2140.78206175824 155.689991854819 800 0.02041175187743 -0
115900 136367375.474492 26439545.0450697 -2148.84664924023 154.133101510583 800 0.0206565946948518 -0
116300 135506208.155659 26500881.6000621 -2157.00588517333 152.544278317604 800 0.0209067608428245 -0
116700 134641757.879111 26561576.0918172 -2165.26177751669 150.922634717141 800 0.0211624172704668 -0
117100 133773985.570502 26621615.2092348 -2173.61639561491 149.267250449141 800 0.0214237377879627 -0
117500 132902851.315062 26680985.2663193 -2182.0718726553 147.577171037617 800 0.0216909034163064 -0
117900 132028314.331551 26739672.1881764 -2190.63040824707 145.851406191105 800 0.0219641027583849 -0
118300 131150332.945152 26797661.4963521 -2199.29427112957 144.088928112612 800 0.0222435323929206 -0
118700 130268864.559254 26854938.2934764 -2208.06580201746 142.288669713016 800 0.0225293972929148 -0
119100 129383865.626068 26911487.2471721 -2216.94741659108 140.449522721421 800 0.0228219112703748 -0
119500 128495291.61602 26967292.5731857 -2225.94160864075 138.570335685461 800 0.0231212974492486 -0
119900 127603096.98585 27022338.0176959 -2235.05095337458 136.649911854005 800 0.023427788768659 -0
120300 126707235.145351 27076606.8387494 -2244.27811090001 134.68700693412 800 0.0237416285187022 -0
120700 125807658.422688 27130081.7867734 -2253.62582988983 132.680326713475 800 0.0240630709112726 -0
121100 124904318.028202 27182745.0841087 -2263.09695144457 130.628524538683 800 0.0243923816885886 -0
121500 123997164.016634 27234578.403503 -2272.69441316365 128.530198639293 800 0.0247298387723264 -0
121900 123086145.247675 27285562.8455019 -2282.42125343896 126.383889286284 800 0.0250757329565284 -0
122300 122171209.344747 27335678.9146674 -2292.28061598533 124.188075773001 800 0.0254303686477353 -0
122700 121252302.651931 27384906.4945519 -2302.27575462348 121.941173205441 800 0.0257940646561005 -0
123100 120329370.188919 27433224.8213471 -2312.41003833243 119.641529087702 800 0.0261671550415916 -0
123500 119402355.603898 27480612.4561238 -2322.68695658935 117.287419687162 400 0.0265499900197615 -0
123900 118471201.124225 27527047.2555717 -2333.11012501663 114.877046162632 400 0.0269429369319887 -0
124300 117535847.504791 27572506.3411385 -2343.68329135714 112.408530437252 400 0.0273463812855518 -0
124700 116596233.973918 27616966.0664653 -2354.4103418006 109.879910796258 400 0.0277607278694122 -0
125100 115652298.17665 27660401.9830018 -2365.29530768573 107.289137187987 400 0.0281864019521487 -0
125500 114703976.11529 27702788.8036785 -2376.34237260498 104.634066204508 400 0.0286238505691149 -0
125900 113751202.087005 27744100.3645035 -2387.55587994062 101.912455716078 400 0.0290735439065904 -0
126300 112793908.618326 27784309.5839384 -2398.94034086369 99.1219591312552 400 0.0295359767914726 -0
126700 111832026.39635 27823388.4198988 -2410.50044282979 96.2601192518097 400 0.030011670295922 -0
127100 110865484.196439 27861307.8242102 -2422.2410586087 93.324361688668 400 0.0305011734673355 -0
127500 109894208.806195 27898037.6943357 -2434.16725588789 90.3119878018367 400 0.0310050651950998 -0
127900 108918124.945466 27933546.8221787 -2446.28430749372 87.220167123655 400 0.0315239562267772 -0
128300 107937155.182143 27967802.8397434 -2458.59770227786 84.0459292206995 400 0.0320584913477204 -0
128700 106951219.843446 28000772.1614202 -2471.11315672075 80.786154945192 400 0.0326093517396204 -0
129100 105960236.92243 28032419.9226403 -2483.83662730867 77.4375670217801 400 0.0331772575351791 -0
129500 104964121.979366 28062709.9146224 -2496.77432374627 73.9967199100033 400 0.0337629705879984 -0
129900 103962788.037664 28091604.5149086 -2509.93272307202 70.4599888765487 400 0.0343672974789123 -0
130300 102956145.473951 28119064.6133591 -2523.31858475055 66.8235582044547 400 0.034991092782394 -0
130700 101944101.901912 28145049.5332452 -2536.93896682279 63.0834084586468 400 0.035635262619387 -0
131100 100926562.049436 28169516.9470437 -2550.80124320289 59.235302718457 400 0.0363007685259785 -0
131500 99903427.6286065 28192422.7865031 -2564.91312221931 55.2747716779817 400 0.0369886316708039 -0
131900 98874597.1979972 28213721.1465039 -2579.28266650742 51.1970975040973 400 0.0376999374580167 -0
132300 97839966.0167338 28233364.1821944 -2593.91831437157 46.9972963295241 400 0.0384358405571276 -0
132700 96799425.8896873 28251301.9988276 -2608.82890274686 42.6700992442967 400 0.0391975704061095 -0
133100 95752865.0031418 28267482.5336695 -2624.0236919039 38.2099316331357 400 0.0399864372399689 -0
133500 94700167.7502049 28281851.4292835 -2639.51239205544 33.6108906882458 400 0.0408038387036083 -0
133900 93641214.5451669 28294351.8974232 -2655.3051920401 28.8667209066813 400 0.0416512671153863 -0
134300 92575881.6259382 28304924.5726865 -2671.41279027759 23.9707873582523 400 0.0425303174564724 -0
134700 91504040.8436153 28313507.3549905 -2687.84642821124 18.916046483559 400 0.0434426961710702 -0
135100 90425559.4381327 28320035.239828 -2704.61792647701 13.6950141516476 400 0.0443902308740745 -0
135500 89340299.7988579 28324440.1351479 -2721.7397240658 8.29973067237115 400 0.0453748810759696 -0
135900 88248119.2088738 28326650.6635756 -2739.22492077585 2.72172241913529 400 0.0463987500500925 -0
136300 87148869.5715677 28326591.9485398 -2757.08732328647 -3.0480403275249 400 0.0474640979851206 -0
136700 86042397.1180056 28324185.382709 -2775.34149522366 -9.0191897571174 400 0.048573356586238 -0
137100 84928542.0934133 28319348.3769498 -2794.00281163205 -15.2020116286714 400 0.0497291453124095 -0
137500 83807138.420911 28311994.0878072 -2813.08751831815 -21.6075016633759 400 0.050934289465155 -0
137900 82678013.3404502 28302031.1212626 -2832.61279658707 -28.2474278814895 400 0.0521918403769324 -0
138100 82110499.3623436 28296041.5002425 -2842.5462922918 -31.6592100762023 400 0.0528412892155345 -0
138300 81540987.0206291 28289363.2102106 -2852.59683395702 -35.1343996253981 400 0.0535050979856817 -0
138500 80969452.6629724 28281983.398698 -2862.76686493414 -38.6747167128521 400 0.0541837221725063 -0
138700 80395872.1411196 28273888.8629846 -2873.05890153102 -42.28194413334 400 0.0548776361267566 -0
138900 79820220.7960244 28265066.037292 -2883.4755358465 -45.9579301680526 400 0.0555873340314622 -0
139100 79242473.4423952 28255500.9793851 -2894.01943874038 -49.7045916200074 400 0.0563133309277563 -0
139300 78662604.3526341 28245179.3565506 -2904.69336294691 -53.5239170199422 400 0.0570561638040739 -0
139500 78080587.2401385 28234086.4309155 -2915.50014633972 -57.4179700139692 400 0.0578163927532879 -0
139700 77496395.2419327 28222207.0440691 -2926.44271535708 -61.3888929451285 400 0.0585946022027196 -0
139900 76910000.9005988 28209525.6009486 -2937.52408859694 -65.4389106419131 400 0.0593914022223737 -0
140100 76321376.1454706 28196026.0529448 -2948.74738059146 -69.5703344278574 400 0.0602074299171947 -0
140300 75730492.273053 28181691.8801825 -2960.11580577194 -73.7855663673859 400 0.0610433509096328 -0
140500 75137319.9266294 28166506.0729268 -2971.63268263544 -78.087103764326 400 0.0618998609193491 -0
140700 74541829.0750139 28150451.1120631 -2983.30143812522 -82.4775439308006 400 0.0627776874474766 -0
140900 73943988.9904056 28133508.9485943 -2995.12561223814 -86.959589245653 400 0.063677591573505 -0
141100 73343768.2252968 28115660.9820966 -3007.10886287278 -91.5360525231188 400 0.0646003698735685 -0
141300 72741134.5883865 28096888.0380671 -3019.25497093352 -96.2098627141739 400 0.065546856469698 -0
141500 72136055.1194472 28077170.3440978 -3031.56784570618 -100.984070964856 400 0.0665179252204636 -0
141700 71528496.063086 28056487.504798 -3044.05153052273 -105.861857057906 400 0.0675144920643813 -0
141900 70918422.8413443 28034818.4753897 -3056.7102087333 -110.846536266327 400 0.0685375175285049 -0
142100 70305800.0250695 28012141.5338869 -3069.54821000525 -115.941566649904 400 0.0695880094157837 -0
142300 69690591.3039929 27988434.2517693 -3082.57001697065 -121.150556828461 400 0.0706670256860398 -0
142500 69072759.4554411 27963673.4630505 -3095.7802722448 -126.477274268564 400 0.0717756775468376 -0
142700 68452266.3116051 27937835.2316346 -3109.1837858405 -131.925654123682 400 0.0729151327720787 -0
142900 67829072.7252842 27910894.8168448 -3122.7855430044 -137.499808671395 400 0.0740866192678967 -0
143100 67203138.5340181 27882826.637002 -3136.59071250387 -143.204037395211 400 0.0752914289073462 -0
143300 66574422.5225147 27853604.2309175 -3150.60465539501 -149.042837762932 200 0.0765309216575277 -0
143500 65942882.3832727 27823200.2171566 -3164.83293430493 -155.020916758341 200 0.0778065300251671 -0
143700 65308474.6752936 27791586.2509141 -3179.28132326386 -161.143203228327 200 0.0791197638493207 -0
143900 64671154.7807696 27758732.9783345 -3193.95581812559 -167.414861113489 200 0.0804722154728371 -0
144100 64030876.8596241 27724609.9880909 -3208.86264761795 -173.841303636816 200 0.0818655653275078 -0
144300 63387593.8017763 27689185.7600233 -3224.00828506805 -180.428208532318 200 0.0833015879715291 -0
144500 62741257.1769891 27652427.610621 -3239.39946085119 -187.181534403566 200 0.0847821586220327 -0
144700 62091817.1821501 27614301.6351104 -3255.04317561592 -194.107538311113 200 0.0863092602300734 -0
144900 61439222.5858257 27574772.6458949 -3270.94671434232 -201.212794697763 200 0.0878849911506616 -0
145100 60783420.6699147 27533804.1070655 -3287.11766129548 -208.504215771837 200 0.0895115734662741 -0
145300 60124357.1682165 27491358.0646775 -3303.56391594103 -215.989073481075 200 0.0911913620288508 -0
145500 59461976.201714 27447395.0724623 -3320.29370989581 -223.675023223729 200 0.0929268542927067 -0
145700 58796220.2103556 27401874.1126092 -3337.31562499258 -231.570129459068 200 0.0947207010191531 -0
145900 58127029.8811068 27354752.5112204 -3354.63861254497 -239.682893396985 200 0.0965757179430937 -0
146100 57454344.0720206 27305985.8480036 -3372.27201390602 -248.022282966093 200 0.0984948985025762 -0
146300 56778099.7320577 27255527.8597257 -3390.22558242237 -256.5977652818 200 0.100481427744444 -0
146500 56098231.8163686 27203330.3369013 -3408.50950689482 -265.419341860776 200 0.10253869753304 -0
146700 55414673.1967217 27149343.0131422 -3427.13443666629 -274.4975868563 200 0.104670323204652 -0
146900 54727354.5667407 27093513.4465317 -3446.11150846908 -283.843688620764 200 0.106880161828299 -0
147100 54036204.3415847 27035786.892326 -3465.45237517508 -293.469494937492 200 0.109172332253942 -0
147300 53341148.551675 26976106.1662105 -3485.16923660643 -303.387562304807 200 0.111551237152629 -0
147500 52642110.7300396 26914411.4972587 -3505.27487257793 -313.61120970152 200 0.114021587279952 -0
147700 51939011.7928101 26850640.3696505 -3525.7826783591 -324.154577315608 200 0.116588428225013 -0
147900 51231769.912368 26784727.3521033 -3546.70670276089 -335.032690777872 200 0.119257169942656 -0
148100 50520300.3825922 26716603.9138564 -3568.06168907176 -346.261531510786 200 0.12203361940761 -0
148300 49804515.475614 26646198.2259165 -3589.86311908856 -357.858113881122 200 0.124924016776576 -0
148500 49084324.2894345 26573434.9461291 -3612.1272605114 -369.840569934717 200 0.127935075499058 -0
148700 48359632.5857022 26498234.9864716 -3634.87121799684 -382.228242594908 200 0.131074026881418 -0
148900 47630342.6168874 26420515.2607785 -3658.11298819187 -395.04178832487 200 0.134348669682623 -0
149100 46896352.9420228 26340188.4108941 -3681.87151910166 -408.303290391067 200 0.137767425406559 -0
149300 46157558.2301052 26257162.5090057 -3706.16677417745 -422.036384023349 200 0.141339400056687 -0
149500 45413849.0501725 26171340.7336336 -3731.01980154731 -436.266394950717 200 0.145074453237179 -0
149700 44665111.6469823 26082621.0164376 -3756.45280885174 -451.020493004859 200 0.148983275623687 -0
149900 43911227.7011212 25990895.6566365 -3782.48924418889 -466.327862731725 200 0.15307747599075 -0
150100 43152074.0722686 25896050.8994208 -3809.15388371961 -482.219893240978 200 0.1573696791764 -0
150200 42770481.2598616 25847421.4302567 -3822.72990893311 -490.395619785817 200 0.159594281827667 -0
150300 42387522.5241819 25797966.4742092 -3836.47292652507 -498.730389854037 200 0.161873636594287 -0
150400 42003180.9911246 25747669.8963084 -3850.38645057284 -507.228845424752 200 0.164209658921637 -0
150500 41617439.4300955 25696515.088355 -3864.47409739852 -515.895810556736 200 0.166604351173829 -0
150600 41230280.2436021 25644484.9502676 -3878.73958926318 -524.736300378435 200 0.169059807486179 -0
150700 40841685.4564697 25591561.8705039 -3893.18675821372 -533.755530613797 200 0.171578218939633 -0
150800 40451636.7046631 25537727.7055009 -3907.81955008855 -542.958927681397 200 0.174161879081909 -0
150900 40060115.2237007 25482963.7580756 -3922.642028689 -552.352139407273 200 0.176813189822318 -0
151000 39667101.8366422 25427250.754721 -3937.65838012326 -561.94104639525 200 0.179534667729569 -0
151100 39272576.9416337 25370568.8217308 -3952.87291732982 -571.731774102033 200 0.182328950764531 -0
151200 38876520.4989902 25312897.4600789 -3968.29008478768 -581.730705668292 200 0.185198805482754 -0
151300 38478912.0177985 25254215.5189763 -3983.91446342075 -591.944495561246 200 0.188147134744787 -0
151400 38079730.5420187 25194501.1680197 -3999.75077570378 -602.380084088887 200 0.191176985975778 -0
151500 37678954.6360653 25133731.8678434 -4015.80389097751 -613.044712851146 200 0.194291560019746 -0
151600 37276562.3698461 25071884.3391759 -4032.07883098061 -623.945941198876 200 0.197494220638141 -0
151700 36872531.3032359 25008934.5301964 -4048.58077560595 -635.091663777717 200 0.200788504707071 -0
151800 36466838.4699642 24944857.5820806 -4065.3150688888 -646.49012924063 200 0.204178133172754 -0
151900 36059460.3608914 24879627.7926116 -4082.28722523422 -658.149960220337 200 0.207667022830548 -0
152000 35650372.90665 24813218.5777275 -4099.50293589077 -670.080174661066 200 0.211259298999348 -0
152100 35239551.4596266 24745602.4308628 -4116.96807567733 -682.290208617972 200 0.214959309170201 -0
152200 34826970.7752571 24676750.8799318 -4134.6887099691 -694.789940642556 200 0.218771637715962 -0
152300 34412604.9926113 24606634.4417888 -4152.67110194837 -707.589717883288 200 0.222701121757565 -0
152400 33996427.6142379 24535222.5739868 -4170.92172012471 -720.700384042747 200 0.226752868292303 -0
152500 33578411.4852451 24462483.6236408 -4189.44724612805 -734.133309345902 100 0.230932272700434 -0
152600 33158528.7715867 24388384.7731873 -4208.25458277666 -747.900422688946 100 0.235245038758615 -0
152700 32736750.9375291 24312891.982812 -4227.35086242059 -762.01424615441 100 0.239697200302312 -0
152800 32313048.7222689 24235969.9292987 -4246.74345555836 -776.487932096428 100 0.244295144694555 -0
152900 31887392.1156766 24157581.9410333 -4266.43997972278 -791.335303020134 100 0.249045638275522 -0
153000 31459750.3331372 24077689.9288685 -4286.4483086279 -806.570894501503 100 0.25395585398656 -0
153100 31030091.7894653 23996254.3125339 -4306.77658156567 -822.210001418825 100 0.2590334013838 -0
153200 30598384.0718665 23913233.9422457 -4327.43321303577 -838.268727794648 100 0.264286359280685 -0
153300 30164593.9119272 23828586.0151367 -4348.42690258678 -854.764040577917 100 0.269723311286 -0
153400 29728687.1566093 23742265.9860975 -4369.7666448397 -871.713827730421 100 0.27535338453469 -0
153500 29290628.738236 23654227.472576 -4391.46173965687 -889.136961020164 100 0.28118629194343 -0
153600 28850382.6434544 23564422.1528447 -4413.5218024095 -907.053363967289 100 0.287232378362101 -0
153700 28407911.8811697 23472799.6571952 -4435.95677428521 -925.484085436403 100 0.29350267103674 -0
153800 27963178.4494489 23379307.4514683 -4458.77693256323 -944.451379423154 100 0.300008934849792 -0
153900 27516143.3014029 23283890.7122707 -4481.99290076785 -963.978791643624 100 0.306763732860664 -0
154000 27066766.3100628 23186492.1931652 -4505.61565859126 -984.091253603285 100 0.31378049273451 -0
154100 26615006.2322823 23087052.0810485 -4529.65655145269 -1004.81518489899 100 0.321073579721143 -0
154200 26160820.6717074 22985507.8418525 -4554.12729953252 -1026.17860459402 100 0.328658376930335 -0
154300 25704166.0408781 22881794.0546161 -4579.04000608631 -1048.21125260372 100 0.33655137374611 -0
154400 25244997.5225439 22775842.2328748 -4604.40716480286 -1070.94472213963 100 0.344770263332876 -0
154500 24783269.0303026 22667580.6322042 -4630.2416659223 -1094.41260438442 100 0.35333405031255 -0
154600 24318933.1687042 22556934.0426309 -4656.55680077213 -1118.65064671168 100 0.362263169836784 -0
154700 23851941.1929956 22443823.564483 -4683.36626430998 -1143.69692592416 100 0.371579619445068 -0
154800 23382242.9687326 22328166.3660982 -4710.68415517876 -1169.59203816643 100 0.381307105291343 -0
154900 22909786.9315338 22209875.4216299 -4738.52497268034 -1196.3793073743 100 0.391471204543071 -0
155000 22434520.0473211 22088859.2269952 -4766.90360995419 -1224.10501435894 100 0.402099546012394 -0
155100 21956387.7734665 21965021.4917853 -4795.83534250401 -1252.81864889153 100 0.413222011374844 -0
155200 21475334.0213614 21838260.8047079 -4825.33581104179 -1282.57318746049 100 0.42487095967404 -0
155300 20991301.1210366 21708470.2698455 -4855.42099741032 -1313.4253997226 100 0.437081478208985 -0
155400 20504229.7885959 21575537.1106932 -4886.10719209301 -1345.43618706912 100 0.449891663363677 -0
155500 20014059.0973941 21439342.238575 -4917.41095151454 -1378.67095718528 100 0.463342935478232 -0
155600 19520726.4540832 21299759.7816229 -4949.34904296664 -1413.20003900543 100 0.477480392490203 -0
155650 19272854.3797042 21228656.8933634 -4965.56124375329 -1430.97338251019 100 0.484821635940794 -0
155700 19024167.5808758 21156656.5699728 -4981.93837453865 -1449.09914304613 100 0.492353207812392 -0
155750 18774657.7580654 21083740.932527 -4998.48255637411 -1467.5877091949 100 0.500081965122901 -0
155800 18524316.505757 21009891.5726665 -5015.19590691739 -1486.44987291102 100 0.508015078763019 -0
155850 18273135.3127191 20935089.5319512 -5032.08053640636 -1505.69684876329 100 0.516160050802019 -0
155900 18021105.5624867 20859315.280226 -5049.13854317816 -1525.3402942517 100 0.524524732901344 -0
155950 17768218.5340778 20782548.6929431 -5066.37200868797 -1545.39233126769 100 0.533117345916005 -0
156000 17514465.4029736 20704769.0273805 -5083.78299197671 -1565.86556877023 100 0.541946500770154 -0
156050 17259837.2423906 20625954.8976952 -5101.37352353186 -1586.77312675526 100 0.551021220700071 -0
156100 17004325.0248746 20546084.248743 -5119.14559847997 -1608.12866160113 100 0.560350964965321 -0
156150 16747919.6242551 20465134.3285963 -5137.10116904262 -1629.94639287869 100 0.569945654136919 -0
156200 16490611.8179951 20383081.6596812 -5155.24213618062 -1652.24113172062 100 0.579815697080183 -0
156250 16232392.2899819 20299902.0084563 -5173.57034034348 -1675.02831085098 100 0.589972019759537 -0
156300 15973251.6338044 20215570.3535454 -5192.08755123183 -1698.32401638337 100 0.600426096002878 -0
156350 15713180.3565683 20130060.8522343 -5210.7954564712 -1722.14502150295 100 0.611189980374452 -0
156400 15452168.8833087 20043346.8052338 -5229.69564908412 -1746.50882215619 100 0.622276343317403 -0
156450 15190207.5620601 19955400.6196046 -5248.78961363569 -1771.43367488002 100 0.63369850874047 -0
156500 14927286.6696561 19866193.7697352 -5268.07871091379 -1796.93863691161 100 0.645470494237749 -0
156550 14663396.4183347 19775696.7562537 -5287.56416099031 -1823.04360872937 100 0.657607054146062 -0
156600 14398526.9632344 19683879.0627488 -5307.24702449242 -1849.76937918588 100 0.670123725661514 -0
156650 14132668.4108755 19590709.1101652 -5327.12818189436 -1877.13767340439 100 0.683036878255177 -0
156700 13865810.8287305 19496154.2087318 -5347.20831061874 -1905.17120362191 100 0.696363766647818 -0
156750 13597944.2559994 19400180.5072701 -5367.487859713 -1933.89372317375 100 0.710122587625174 -0
156800 13329058.7157167 19302752.9397199 -5387.96702183997 -1963.33008382726 50 0.724332540998618 -0
156850 13059144.2283322 19203835.1687111 -5408.64570229194 -1993.50629668543 50 0.739013895041297 -0
156900 12788190.8269225 19103389.5259951 -5429.52348470449 -2024.44959689498 50 0.754188056757019 -0
156950 12516188.5742061 19001376.949541 -5450.59959310904 -2056.18851240767 50 0.769877647368493 -0
157000 12243127.5815564 18897756.9170872 -5471.87284992142 -2088.7529370583 50 0.786106583442986 -0
157050 11968998.0302254 18792487.3759251 -5493.34162941682 -2122.17420823757 50 0.80290016410726 -0
157100 11693790.1950176 18685524.6686781 -5515.00380618906 -2156.48518945338 50 0.820285164839738 -0
157150 11417494.4706774 18576823.4548243 -5536.85669803286 -2191.72035808875 50 0.838289938366324 -0
157200 11140101.4012848 18466336.6276945 -5558.89700262151 -2227.91589867934 50 0.856944523227096 -0
157250 10861601.7129867 18354015.2266612 -5581.1207272777 -2265.10980204737 50 0.876280760624185 -0
157300 10581986.3504293 18239808.3442174 -5603.52311105125 -2303.34197064149 50 0.896332420206336 -0
157350 10301246.5172955 18123663.0276259 -5626.09853822293 -2342.65433044295 50 0.917135335492681 -0
157400 10019373.7214035 18005524.1748011 -5648.84044224753 -2383.09094980728 50 0.938727549686723 -0
157450 9736359.82486914 17885334.4240679 -5671.7411990291 -2424.69816561535 50 0.96114947268089 -0
157500 9452197.09989651 17763034.0374223 -5694.79200828717 -2467.5247171087 50 0.984444050101362 -0
157550 9166878.29082746 17638560.7769005 -5717.98276162035 -2511.62188777834 50 1.00865694529122 -0
157600 8880396.68315208 17511849.7736446 -5741.30189570341 -2557.04365566376 50 1.03383673517571 -0
157650 8592746.18026735 17382833.3892362 -5764.73622886131 -2603.8468523955 50 1.06003512099459 -0
157700 8303921.38886332 17251441.0688531 -5788.27077904741 -2652.09133127982 50 1.08730715492077 -0
157750 8013917.7139208 17117599.1857902 -5811.88856100967 -2701.84014467279 50 1.11571148360793 -0
157800 7722731.46442239 16981230.8768758 -5835.5703601554 -2753.15973082015 50 1.14531060971881 -0
157850 7430359.97101031 16842255.868307 -5859.29448031767 -2806.12011024387 50 1.17617117247441 -0
157900 7136801.71697307 16700590.2914285 -5883.0364622827 -2860.79509162988 50 1.20836424822534 -0
157950 6842056.48410936 16556146.4879822 -5906.76876955173 -2917.26248700642 50 1.24196567197161 -0
158000 6546125.5152044 16408832.8043753 -5930.46043738051 -2975.60433579103 50 1.27705638063406 -0
158050 6249011.69506384 16258553.3745374 -5954.07668065931 -3035.9071370132 50 1.31372277869551 -0
158100 5950719.75228492 16105207.8909823 -5977.57845566336 -3098.262088678 50 1.35205712656485 -0
158150 5651256.48420793 15948691.363754 -6000.92197011322 -3162.76533280517 50 1.39215795164909 -0
158200 5350631.00778484 15788893.8670179 -6024.05813533435 -3229.51820414005 50 1.43413048161945 -0
158250 5048855.03943012 15625700.2731795 -6046.9319535936 -3298.62747986201 50 1.4780870986924 -0
158300 4745943.20728396 15458989.9745639 -6069.4818329162 -3370.20562678461 50 1.52414781287043 -0
158350 4441913.39972354 15288636.5928893 -6091.63882085456 -3444.37104151451 50 1.57244075094738 -0
158400 4136787.1544062 15114507.6770275 -6113.32574779491 -3521.24827777099 50 1.62310265661059 -0
158450 3830590.0926224 14936464.3898675 -6134.45626946222 -3600.9682535158 50 1.67627939508555 -0
158475 3677099.24706272 14845929.6449919 -6144.78312632179 -3641.93696527165 50 1.70385902706265 -0
158500 3523352.40430981 14754361.1854615 -6154.93379735972 -3683.66842860146 50 1.73212645337673 -0
158525 3369354.14077007 14661739.7155273 -6164.89441251511 -3726.18087063997 50 1.7611026927307 -0
158550 3215109.38947147 14568045.4784771 -6174.6503048186 -3769.49294158413 50 1.79080942405611 -0
158575 3060623.46054416 14473258.2460437 -6184.18596535557 -3813.62371567882 50 1.82126899957699 -0
158600 2905902.06285772 14377357.3078052 -6193.48499575504 -3858.59269091038 50 1.85250445687221 -0
158625 2750951.3268783 14280321.4606098 -6202.53005809034 -3904.4197872294 50 1.88453952971803 -0
158650 2595777.82881183 14182128.9980667 -6211.30282207653 -3951.12534310519 50 1.91739865746358 -0
158675 2440388.61610218 14082757.7001451 -6219.7839094494 -3998.7301101935 50 1.95110699266037 -0
158700 2284791.23435638 13982184.8229335 -6227.95283541154 -4047.25524587619 50 1.9856904066317 -0
158725 2128993.75577149 13880387.088614 -6235.7879470335 -4096.72230340664 50 2.02117549262854 -0
158750 1973004.80914058 13777340.6757168 -6243.26635850111 -4147.1532193678 50 2.05758956617564 -0
158775 1816833.61151813 13673021.2097244 -6250.3638831059 -4198.57029812016 50 2.09496066216365 -0
158800 1660490.00162732 13567403.7541065 -6257.05496188264 -4250.99619288523 50 2.13331752819067 -0
158825 1503984.4750942 13460462.8018735 -6263.31258880832 -4304.45388307554 50 2.17268961359904 -0
158850 1347328.22159568 13352172.2677479 -6269.10823248922 -4358.96664744488 50 2.21310705358975 -0
158875 1190533.16400983 13242505.4810646 -6274.41175427956 -4414.55803259276 50 2.25460064772779 -0
158900 1033611.99965826 13131435.1795216 -6279.19132279453 -4471.2518163137 50 2.2972018320762 -0
158925 876578.24373081 13018933.503917 -6283.41332480579 -4529.07196523634 50 2.34094264411458 -0
158950 719446.274983051 12904971.9940226 -6287.04227253677 -4588.04258614848 50 2.38585567950869 -0
158975 562231.383795791 12789521.5857607 -6290.04070741097 -4648.18787035207 50 2.43197403970204 -0
159000 404949.822684315 12672552.6098655 -6292.36910034913 -4709.53203033786 50 2.47933126919685 -0
159025 247618.859341857 12554034.7922326 -6293.98574876098 -4772.09922801194 50 2.52796128128144 -0
159050 90256.8322975288 12433937.2561761 -6294.84667043647 -4835.91349364685 50 2.5778982708437 -0
159075 -67116.790737038 12312228.5268378 -6294.9054946103 -4900.99863466843 50 2.62917661278616 -0
159100 -224481.351765934 12188876.538013 -6294.11335055321 -4967.37813332674 50 2.68183074442788 -0
159125 -381814.938595612 12063848.6416845 -6292.41875413624 -5035.07503223592 50 2.73589503014326 -0
159150 -539094.318065938 11937111.6205805 -6289.76749292011 -5104.11180670474 50 2.7914036063486 -0
159175 -696294.86639691 11808631.7041015 -6286.10251044364 -5174.5102227183 50 2.84839020480647 -0
159200 -853390.496640893 11678374.5879891 -6281.36379052361 -5246.29117937296 50 2.90688795207675 -2.53576301915997e-308
159225 -1010353.58325241 11546305.4581416 -6275.48824253519 -5319.47453451342 50 2.96692914280646 -3.5981175725949e-301
159250 -1167154.88381393 11412389.019012 -6268.40958881953 -5394.07891227503 50 3.02854498442006 -4.71518505554253e-294
159275 -1323763.45798726 11276589.527057 -6260.05825556341 -5470.12149119854 50 3.09176531065434 -5.67604407026685e-287
159300 -1480146.58379635 11138870.8297411 -6250.36126871799 -5547.61777156224 50 3.15661826128165 -6.24235871588427e-280
159325 -1636269.67138975 10999196.4106302 -6239.24215676959 -5626.58132057136 50 3.22312992529074 -6.2363157167917e-273
159350 -1792096.17447927 10857529.4411472 -6226.62086244711 -5707.02349406111 25 3.29132394475298 -5.6258496299902e-266
159375 -1947587.49970769 10713832.8395917 -6212.41366574812 -5788.95313341371 25 3.3612210766045 -4.5542037151799e-259
159400 -2102702.91426128 10568069.3380596 -6196.53312098897 -5872.37623646614 25 3.43283870963266 -3.28669786034401e-252
159425 -2257399.45211539 10420201.5579267 -6178.88801093319 -5957.29560130224 25 3.50619033408331 -2.10019442923475e-245
159450 -2411631.819382 10270192.0945867 -6159.38332142455 -6043.71044198622 25 3.58128496151742 -1.17979747303578e-238
159475 -2565352.29931878 10118003.6121543 -6137.92024034461 -6131.61597551475 25 3.65812649286139 -5.7831149377969e-232
159500 -2718510.65765974 9963598.94885879 -6114.39618512426 -6221.00297954902 50 3.73671303303348 -2.4543646978382e-225
159525 -2871054.04903861 9806941.23386163 -6088.70486345929 -6311.85732084765 50 3.81703615111047 -8.94561853067477e-219
159550 -3022926.9253976 9647994.01622538 -6060.73637230266 -6404.15945476542 50 3.89908008574836 -2.77650127043579e-212
159575 -3174070.94740606 9486721.4067485 -6030.37734062098 -6497.88389672246 50 3.98282089651175 -7.27397514742207e-206
159600 -3324424.90005611 9323088.23334831 -5997.51112179553 -6592.99866719383 50 4.06822556292331 -1.59385090000992e-199
159625 -3473924.61375333 9157060.21062694 -5962.0180419029 -6689.46471253028 50 4.15525103444211 -2.89323780006377e-193
159650 -3622502.89238084 8988604.12418661 -5923.77571040628 -6787.23530480529 50 4.243843236239 -4.30805526791172e-187
159675 -3770089.44998086 8817688.03016824 -5882.65940000209 -6886.25542489876 50 4.33393603757749 -5.2081067044788e-181
159700 -3916610.85786815 8644281.47036794 -5838.54250246917 -6986.4611341761 50 4.42545019184203 -5.05779578450022e-175
159725 -4061990.5041608 8468355.70313634 -5791.29706732813 -7087.77894140332 50 4.51829225978756 -3.90254815950985e-169
159750 -4206148.56788171 8289883.95008227 -5740.79442989998 -7190.12517294781 50 4.61235353040565 -2.36541254307494e-163
159775 -4349002.00994356 8108841.65838229 -5686.90593491758 -7293.40535583762 25 4.70750895689364 -1.11313964818801e-157
159800 -4490464.58347646 7925206.77823824 -5629.50376114852 -7397.51362486881 25 4.80361612853145 -4.01827673412757e-152
159825 -4630446.86608142 7738960.05472413 -5568.46185149284 -7502.33216662903 25 4.90051430275336 -1.09899936031923e-146
159850 -4768856.31668892 7550085.33292108 -5503.65695168005 -7607.7307150042 25 4.99802352525938 -2.24857061411856e-141
159875 -4905597.35975915 7358569.87485366 -5434.96975897107 -7713.56611439764 25 5.09594386952163 -3.39722645153727e-136
159900 -5040571.49956973 7164404.68631558 -5362.28618013862 -7819.68196844999 25 5.19405483035436 -3.74018467683513e-131
159925 -5173677.46728763 6967584.85121025 -5285.49869543407 -7925.90839341893 25 5.29211490914334 -2.9604056953551e-126
159950 -5304811.40340286 6768109.87053868 -5204.50782224108 -8032.06189646518 25 5.38986143065377 -1.66169207758332e-121
159975 -5433867.0779021 6565984.00265112 -5119.22366867993 -8137.94539978607 25 5.48701063280429 -6.52337330285785e-117
160000 -5560736.1502696 6361216.60085198 -5029.56756359598 -8243.34843172297 25 5.58325807113939 -1.76622801665602e-112
160025 -5685308.47101256 6153822.44392363 -4935.47374520568 -8348.04750552146 25 5.67827937866768 -3.25218858956991e-108
160050 -5807472.4259101 5943822.0546307 -4836.8910862815 -8451.80670522348 25 5.77173141898346 -4.0156495947478e-104
160075 -5927115.32357607 5731242.00080386 -4733.78482926435 -8554.37849610624 25 5.86325386589694 -3.27872691453966e-100
160100 -6044123.82620493 5516115.17320201 -4626.13830026837 -8655.50477406256 25 5.95247123595958 -1.74579089675646e-96
160125 -6158384.42254144 5298481.03404038 -4513.95456679082 -8754.91816427825 25 6.03899539115521 -5.97950757853429e-93
160150 -6269783.94118825 5078385.8298746 -4397.25800029424 -8852.34357448294 25 6.12242851760803 -1.29982926898268e-89
160175 -6378210.1013567 4855882.76247279 -4276.09570194428 -8947.50000196296 25 6.20236657254381 -1.7699584366765e-86
160200 -6483552.09709789 4631032.11141389 -4150.53874793045 -9040.10258652189 25 6.27840317619362 -1.49068434861995e-83
160225 -6585701.20995123 4403901.30244128 -4020.68321022954 -9129.86489381923 25 6.35013390828646 -7.67117766567505e-81
160237.5 -6635545.18750366 4289503.86672017 -3954.18052126662 -9173.59161129723 25 6.38425986358529 -1.44140197571542e-79
160250 -6684551.44390639 4174564.91605289 -3886.65090967266 -9216.50140516866 25 6.41716095081535 -2.38426380199601e-78
160262.5 -6732707.26168522 4059094.88178722 -3818.11369936454 -9258.55916589708 25 6.44878928064241 -3.46725364059376e-77
160275 -6780000.17520693 3943104.63174615 -3748.58986056752 -9299.73018186609 25 6.4790980009671 -4.42706049261917e-76
160287.5 -6826417.99123036 3826605.46469347 -3678.10200438148 -9339.98022922002 25 6.50804145847673 -4.95680442330798e-75
160300 -6871948.80935191 3709609.10367028 -3606.67437129193 -9379.27566263537 25 6.53557536035968 -4.86099470860742e-74
160312.5 -6916581.04226886 3592127.68819317 -3534.33281347317 -9417.58350657819 25 6.56165693520749 -4.17051572261183e-73
160325 -6960303.4357819 3474173.76531117 -3461.1047707689 -9454.87154658189 25 6.58624509209596 -3.12697580119086e-72
160337.5 -7003105.08845766 3355760.27952408 -3387.01924027718 -9491.10842006249 25 6.60930057681115 -2.0468404092898e-71
160350 -7044975.47087079 3236900.56157107 -3312.10673950976 -9526.26370617456 25 6.63078612417094 -1.16855545044309e-70
160362.5 -7085904.44434548 3117608.3161047 -3236.3992631414 -9560.30801420176 25 6.65066660538765 -5.81338713206707e-70
160375 -7125882.27911658 2997897.6082719 -3159.93023341208 -9593.21306997107 25 6.66890916942375 -2.51802947921665e-69
160387.5 -7164899.67183163 2877782.84922981 -3082.73444429248 -9624.95179977924 25 6.68548337730998 -9.48877757596522e-69
160400 -7202947.76231674 2757278.78063066 -3004.84799957216 -9655.49841132517 25 6.7003613284245 -3.10866398768762e-68
160412.5 -7240018.14953171 2636400.45811637 -2926.30824507781 -9684.82847115108 25 6.71351777777243 -8.84867274361625e-68
160425 -7276102.90664249 2515163.23386942 -2847.1536952768 -9712.91897811043 25 6.72493024335751 -2.18716389877522e-67
160437.5 -7311194.59514255 2393582.73827271 -2767.42395456763 -9739.74843240018 25 6.7345791028009 -4.69216377925221e-67
160450 -7345286.27795908 2271674.86073641 -2687.15963360327 -9765.29689971943 25 6.74244767843612 -8.73324618912342e-67
160462.5 -7378371.53148409 2149455.72975557 -2606.40226103543 -9789.54607014598 25 6.74852231019274 -1.40975519856624e-66
160475 -7410444.45647596 2026941.69226662 -2525.19419110668 -9812.47931135608 25 6.75279241567422 -1.97317202354639e-66
160487.5 -7441499.6877823 1904149.29237587 -2443.57850755272 -9834.08171585032 25 6.75525053693544 -2.39420044799801e-66
160500 -7471532.40284108 1781095.24953665 -2361.5989243085 -9854.34014189021 25 6.75589237357238 -2.51816931287131e-66
160512.5 -7500538.32892333 1657796.43625539 -2279.2996835385 -9873.24324789484 25 6.75471680184862 -2.29575922103796e-66
160525 -7528513.74908729 1534269.85540969 -2196.72545153361 -9890.78152009418 25 6.75172587969884 -1.81428904750941e-66
160537.5 -7555455.50682085 1410532.61726373 -2113.92121303394 -9906.94729328532 25 6.74692483756752 -1.24302725649801e-66
160550 -7581361.00935619 1286601.91626785 -2030.93216454802 -9921.73476458901 25 6.74032205515935 -7.38478040241505e-67
160562.5 -7606228.22964755 1162495.00773027 -1947.80360724529 -9935.14000015567 25 6.73192902429555 -3.80539050111267e-67
160575 -7630055.70701059 1038229.18444903 -1864.58083999879 -9947.16093482246 25 6.72176029818471 -1.70145500723544e-67
160587.5 -7652842.54642866 913821.753391989 -1781.30905314995 -9957.79736477476 25 6.70983342752768 -6.60372168138891e-68
160600 -7674588.41653857 789290.012511867 -1698.03322355701 -9967.05093331626 25 6.6961688839813 -2.22599252295433e-68
160612.5 -7695293.5463154 664651.227781341 -1614.79801147263 -9974.92510990112 25 6.68078997160342 -6.52043417370773e-69
160625 -7714958.72048233 539922.610531401 -1531.64765977552 -9981.42516262885 25 6.66372272699233 -1.66084645353839e-69
160637.5 -7733585.27367834 415121.295173105 -1448.62589605589 -9986.55812444664 25 6.64499580891431 -3.68124991075364e-70
160650 -7751175.08342221 290264.31737966 -1365.77583802437 -9990.33275334538 25 6.62464037828394 -7.10585552805448e-71
160662.5 -7767730.56191714 165368.592801929 -1283.13990268143 -9992.75948687297 25 6.60268996942209 -1.19553982981152e-71
160675 -7783254.64674575 40450.8963861927 -1200.75971964693 -9993.85039132226 25 6.57918035356532 -1.75484114135816e-72
160687.5 -7797750.79050942 -84472.1576416531 -1118.67604901057 -9993.61910598015 25 6.55414939563796 -2.24938805643994e-73
160700 -7811222.94947083 -209384.135066281 -1036.92870402228 -9992.08078284966 25 6.52763690532368 -2.52055894902873e-74
160712.5 -7823675.57126178 -334268.800193586 -955.556478897962 -9989.25202227663 25 6.49968448348785 -2.47180205916076e-75
160725 -7835113.58172178 -459110.1335334 -874.597081972239 -9985.15080492865 25 6.47033536500458 -2.12382007450019e-76
160737.5 -7845542.3709355 -583892.348611534 -794.08707438443 -9979.79642058483 25 6.43963425903439 -1.60079290504015e-77
160750 -7854967.7785391 -708599.907874169 -714.061814439415 -9973.20939420102 25 6.40762718778031 -1.05977694078935e-78
160762.5 -7863396.07836707 -833217.537653478 -634.555407740557 -9965.41140971741 25 6.37436132472191 -6.17057108618349e-80
160775 -7870833.96251216 -957730.242169144 -555.600663148528 -9956.42523207266 25 6.33988483329029 -3.16415410203188e-81
160787.5 -7877288.52487121 -1082123.31654623 -477.229054577955 -9946.27462788243 25 6.30424670690223 -1.4309354289936e-82
160812.5 -7887277.96712914 -1330493.28097604 -322.354277745758 -9922.57973294905 25 6.22968472941403 -2.01910288633332e-85
160837.5 -7893428.54168905 -1578216.041714 -170.155081501202 -9894.53383543544 25 6.15107802701564 -1.75447466880616e-88
160862.5 -7895809.70052792 -1825185.52858707 -20.8326248032751 -9862.35492785877 25 6.06883279748464 -9.50655587972771e-92
160887.5 -7894495.6361326 -2071301.2308856 125.435024343039 -9826.26936023001 25 5.98335437527744 -3.25400671132105e-95
160912.5 -7889564.70446789 -2316468.37563175 268.492819421853 -9786.50940464578 25 5.89504319122792 -7.13055740992243e-99
160937.5 -7881098.85330531 -2560598.04646406 408.2083815073 -9743.31094548616 25 5.80429116494478 -1.01403648919431e-102
160962.5 -7869183.06259955 -2803607.24666028 544.471395270086 -9696.91132455556 25 5.71147855909393 -9.48889668872797e-107
160987.5 -7853904.8027132 -3045418.91046386 677.192791277161 -9647.54736336185 25 5.61697130861802 -5.9248503308557e-111
161012.5 -7835353.51536931 -3285961.86734819 806.303751627129 -9595.45357784682 25 5.52111882360904 -2.50344117284877e-115
161037.5 -7813620.1212899 -3525170.76415377 931.754575409636 -9540.86059448461 25 5.4242522523356 -7.25936704336522e-120
161062.5 -7788796.55758426 -3762985.95018354 1053.51343892177 -9483.99377091991 25 5.32668318099355 -1.4650208773408e-124
161087.5 -7760975.34710485 -3999353.33035663 1171.56508323639 -9425.07201933016 25 5.2287027391159 -2.08646738577769e-129
161112.5 -7730249.20120969 -4234224.19142163 1285.90945881024 -9364.30682652206 25 5.13058107414787 -2.12606980808451e-134
161137.5 -7696710.65666773 -4467555.00603712 1396.56035354278 -9301.90146141822 25 5.03256715528441 -1.57121376594081e-139
161162.5 -7660451.74682703 -4699307.21925982 1503.54402722742 -9238.05035802989 25 4.93488886503837 -8.53455737775889e-145
161187.5 -7621563.70663575 -4929447.02165916 1606.89787182639 -9172.93866018781 25 4.8377533368871 -3.4522284639052e-150
161212.5 -7580136.71066325 -5157945.11291778 1706.66911357135 -9106.74191314327 25 4.74134749844862 -1.05330138038746e-155
161237.5 -7536259.64290986 -5384776.45939707 1802.91356963955 -9039.62588656741 25 4.64583878168979 -2.45453555089905e-161
161262.5 -7490019.8969131 -5609920.04875778 1895.694469148 -8971.74651337898 25 4.55137596440959 -4.42219216449908e-167
161287.5 -7441503.20444926 -5833358.64433957 1985.08134549114 -8903.24992912846 50 4.45809011044056 -6.23301647965111e-173
161312.5 -7390793.49098429 -6055078.54162857 2071.14900464557 -8834.27259727401 50 4.36609557947137 -6.95248238915024e-179
161337.5 -7337972.75593905 -6275069.32878549 2153.97657198671 -8764.94150652236 50 4.27549108095018 -6.20576501963714e-185
161362.5 -7283120.97579293 -6493323.65287326 2233.64661840212 -8695.37442740744 50 4.18636075004885 -4.48063304291638e-191
161387.5 -7226316.02804905 -6709836.99311632 2310.24436502896 -8625.68021637888 50 4.09877522705316 -2.64415928886448e-197
161412.5 -7167633.63411653 -6924607.44224459 2383.85696476839 -8555.95915682291 50 4.01279272472101 -1.28823803130281e-203
161437.5 -7107147.3192231 -7137635.49672529 2454.57285780977 -8486.30332759776 50 3.9284600710709 -5.23193192529951e-210
161462.5 -7044928.38754999 -7348923.85646466 2522.48119770525 -8416.7969908027 50 3.84581371769841 -1.78782577744556e-216
161487.5 -6981045.91087386 -7558477.23436841 2587.67134404056 -8347.51699159036 50 3.76488070605765 -5.18644269423252e-223
161512.5 -6915566.72910382 -7766302.17598264 2650.23241742263 -8278.53316385816 50 3.68567958618699 -1.28832779857165e-229
161537.5 -6848555.46121123 -7972406.88929545 2710.25291232106 -8209.90873660573 50 3.60822128411544 -2.76297322005747e-236
161562.5 -6780074.52516241 -8176801.08465959 2767.82036323436 -8141.70073661364 50 3.53250991567332 -5.15649860599091e-243
161587.5 -6710184.16557762 -8379495.82469832 2823.02105967921 -8073.96038388256 25 3.45854354567008 -8.4382518413792e-250
161612.5 -6638942.48795107 -8580503.3839762 2875.93980560276 -8006.73347697059 25 3.38631489241638 -1.21961208464401e-256
161637.5 -6566405.49837457 -8779837.11815313 2926.65971897587 -7940.06076598287 25 3.3158119783819 -1.56776114795358e-263
161662.5 -6492627.1478116 -8977511.34229037 2975.26206752446 -7873.97831150521 50 3.24701872841853 -1.80431972613803e-270
161687.5 -6417659.38006625 -9173541.21794097 3021.82613678376 -7808.51782823829 50 3.17991551746518 -1.87103752423933e-277
161712.5 -6341552.18268422 -9367942.64863046 3066.42912690634 -7743.70701248576 50 3.1144796700067 -1.75883354160312e-284
161737.5 -6264353.64010904 -9560732.18331737 3109.14607490968 -7679.56985298536 50 3.05068591380621 -1.50751034527469e-291
161762.5 -6186109.98849618 -9751926.92741366 3150.04979930722 -7616.1269248527 50 2.98850679058582 -1.18466584751445e-298
161787.5 -6106865.67166098 -9941544.4609424 3189.21086432166 -7553.39566663882 50 2.92791302641185 -8.58082575189557e-306
161812.5 -6026663.39770345 -10129602.7634127 3226.69756112736 -7491.39064069104 50 2.86887386456139 -0
161837.5 -5945544.19591331 -10316120.1449982 3262.57590380711 -7430.12377715696 50 2.81135736361983 -0
161862.5 -5863547.47361439 -10501115.1836161 3296.9096379343 -7369.60460208987 50 2.75533066349529 -0
161887.5 -5780711.07265618 -10684606.6675155 3329.7602599044 -7309.84045020328 50 2.70076022194358 -0
161912.5 -5697071.3253056 -10866613.5429993 3361.18704533803 -7250.83666288885 50 2.64761202408522 -0
161937.5 -5612663.10933094 -11047154.8669188 3391.24708506129 -7192.59677215792 50 2.59585176726954 -0
161962.5 -5527519.90210552 -11226249.7635984 3419.99532733851 -7135.12267119606 50 2.54544502350583 -0
161987.5 -5441673.83358983 -11403917.3858644 3447.48462518703 -7078.41477223586 50 2.49635738154153 -0
162012.5 -5355155.73807802 -11580176.8798683 3473.76578774475 -7022.47215245689 50 2.44855457052622 -0
162037.5 -5267995.20461915 -11755047.353417 3498.88763478888 -6967.29268861716 50 2.40200256706015 -0
162062.5 -5180220.62604427 -11928547.8475337 3522.89705361972 -6912.87318110788 50 2.35666768728935 -0
162087.5 -5091859.2465492 -12100697.3109958 3545.83905762687 -6859.20946810574 50 2.31251666557698 -0
162112.5 -5002937.20779824 -12271514.5776095 3567.75684594851 -6806.29653047438 50 2.26951672115452 -0
162137.5 -4913479.59352811 -12441018.3459973 3588.69186371691 -6754.12858804173 50 2.22763561403649 -0
162162.5 -4823510.47264307 -12609227.1616922 3608.68386245759 -6702.69918785209 50 2.18684169136915 -0
162187.5 -4733052.94080194 -12776159.4013421 3627.77096027461 -6652.00128496308 50 2.1471039252784 -0
162212.5 -4642129.16050651 -12941833.2588484 3645.98970151267 -6602.02731632778 50 2.10839194318288 -0
162237.5 -4550760.39970765 -13106266.7332688 3663.37511563763 -6552.76926827227 50 2.07067605144753 -0
162262.5 -4458967.06895142 -13269477.6183338 3679.96077512165 -6504.21873804917 50 2.03392725316772 -0
162287.5 -4366768.75709241 -13431483.4934311 3695.77885215884 -6456.36698991827 50 1.99811726079682 -0
162312.5 -4274184.26560524 -13592301.7159291 3710.86017407122 -6409.20500617692 50 1.96321850425839 -0
162337.5 -4181231.64152848 -13751949.4147169 3725.23427729473 -6362.72353353497 50 1.9292041351189 -0
162362.5 -4087928.2090776 -13910443.484849 3738.92945986091 -6316.91312520271 50 1.89604802733754 -0
162387.5 -3994290.59996529 -14067800.5831927 3751.97283231212 -6271.76417903465 50 1.86372477505481 -0
162412.5 -3900334.78246899 -14224037.1249829 3764.39036700744 -6227.26697204793 50 1.83220968783305 -0
162437.5 -3806076.0892862 -14379169.2811976 3776.20694579264 -6183.41169161125 50 1.80147878371658 -0
162462.5 -3711529.24421856 -14533212.9766744 3787.44640602187 -6140.18846357845 50 1.77150878043918 -0
162487.5 -3616708.38772609 -14686183.888895 3798.13158493033 -6097.5873776207 50 1.74227708506986 -0
162512.5 -3521627.10139256 -14838097.4473704 3808.28436236715 -6055.59850999189 50 1.71376178235484 -0
162537.5 -3426298.43134296 -14988968.8335651 3817.92570190626 -6014.21194394434 50 1.68594162198418 -0
162587.5 -3234948.58073909 -15287644.5775807 3835.75357575711 -5933.20619219692 50 1.63230496942419 -0
162637.5 -3042753.3234654 -15582327.6376729 3851.76605212437 -5854.49157471679 50 1.58120989052056 -0
162687.5 -2849799.91657873 -15873130.6288089 3866.10168528884 -5777.99063485012 50 1.53250885720077 -0
162737.5 -2656168.97466669 -16160162.327747 3878.88778711381 -5703.62735114092 50 1.4860635518757 -0
162787.5 -2461935.00757664 -16443527.7517061 3890.24138863453 -5631.32740162529 50 1.44174436284572 -0
162837.5 -2267166.91212918 -16723328.2485453 3900.27012006647 -5561.01836204398 50 1.39942988285879 -0
162887.5 -2071928.42174853 -16999661.5954476 3909.07301509736 -5492.62984957636 50 1.35900641775859 -0
162937.5 -1876278.51765062 -17272622.1036356 3916.7412452316 -5426.09362184234 50 1.32036751019063 -0
162987.5 -1680271.8049461 -17542300.7270911 3923.3587897582 -5361.34363934421 50 1.28341348179539 -0
163037.5 -1483958.85674318 -17808785.1736291 3929.00304664868 -5298.31609818769 50 1.24805099612391 -0
163087.5 -1287386.52907752 -18072160.0169846 3933.74538938634 -5236.94943879527 50 1.21419264359296 -0
163137.5 -1090598.24925422 -18332506.8088372 3937.65167440196 -5177.18433537593 50 1.18175654909805 -0
163187.5 -893634.279961708 -18589904.1899107 3940.78270345771 -5118.96367011549 50 1.15066600237664 -0
163237.5 -696531.961308559 -18844427.9994718 3943.19464499032 -5062.23249537974 50 1.1208491108255 -0
163287.5 -499325.932741585 -19096151.3826955 3944.93941810324 -5006.93798665762 50 1.09223847419418 -0
163337.5 -302048.336627018 -19345144.8954952 3946.06504259085 -4953.02938849792 50 1.06477088037934 -0
163387.5 -104729.005114674 -19591476.6065131 3946.61595808759 -4900.45795529593 50 1.03838702141139 -0
163437.5 92604.3682427974 -19835212.1960541 3946.63331516336 -4849.176888454 50 1.0130312286426 -0
163487.5 289926.070778102 -20076415.0518131 3946.15524093436 -4799.14127116173 50 0.988651226101011 -0
163537.5 487212.225690051 -20315146.3613036 3945.21708152539 -4750.30800180949 50 0.965197900958988 -0
163587.5 684440.658613331 -20551465.2009404 3943.85162350502 -4702.63572685524 50 0.942625090070685 -0
163637.5 881590.774774845 -20785428.6217656 3942.08929621882 -4656.08477380279 50 0.920889381554405 -0
163687.5 1078643.44582589 -21017091.7318375 3939.95835676632 -4610.61708481597 50 0.899949930428136 -0
163737.5 1275580.90552257 -21246507.7753256 3937.48505920372 -4566.19615138118 50 0.879768287346827 -0
163787.5 1472386.6535021 -21473728.2083706 3934.69380940586 -4522.78695033861 50 0.860308239535053 -0
163837.5 1669045.36647105 -21698802.7717866 3931.60730688581 -4480.35588152611 50 0.841535663056702 -0
163887.5 1865542.81618325 -21921779.5606885 3928.24667474838 -4438.87070721654 50 0.82341838561259 -0
163937.5 2061865.79364107 -22142705.0911404 3924.6315788424 -4398.30049347783 50 0.805926059106341 -0
163987.5 2258002.03900467 -22361624.3639203 3920.78033707715 -4358.61555354256 50 0.789030041267526 -0
164037.5 2453940.17673949 -22578580.9255059 3916.7100197768 -4319.7873932394 50 0.772703285668386 -0
164087.5 2649669.6555741 -22793616.9263834 3912.43654186542 -4281.78865851067 50 0.756920239515997 -0
164137.5 2845180.69287821 -23006773.1767847 3907.9747476004 -4244.593085018 50 0.741656748645214 -0
164187.5 3040464.22310469 -23218089.199957 3903.33848850576 -4208.17544981988 50 0.726889969178926 -0
164237.5 3235511.84997075 -23427603.2830667 3898.54069509589 -4172.51152509072 50 0.712598285361057 -0
164287.5 3430315.80208125 -23635352.5258405 3893.59344292587 -4137.57803384029 100 0.698761233104259 -0
164337.5 3624868.89172305 -23841372.8870402 3888.50801345511 -4103.35260758346 100 0.685359428828407 -0
164387.5 3819164.47658205 -24045699.22887 3883.29495016637 -4069.81374590429 100 0.672374503197924 -0
164437.5 4013196.42415613 -24248365.3594069 3877.96411034198 -4036.94077785374 100 0.659789039395624 -0
164487.5 4206959.07865587 -24449404.0731465 3872.52471286256 -4004.71382511713 100 0.647586515598339 -0
164537.5 4400447.23020292 -24648847.1897487 3866.98538236068 -3973.11376688575 100 0.635751251345173 -0
164587.5 4593656.08615117 -24846725.5910701 3861.35419003189 -3942.12220636581 100 0.624268357512879 -0
164637.5 4786581.24437074 -25043069.2565594 3855.63869137872 -3911.72143885793 100 0.613123689634771 -0
164687.5 4979218.66834777 -25237907.2970961 3849.84596113881 -3881.89442134057 100 0.602303804319803 -0
164737.5 5171564.66396506 -25431267.987344 3843.98262562594 -3852.62474349197 100 0.591795918547106 -0
164787.5 5363615.85783941 -25623178.7966904 3838.05489269308 -3823.89660008615 100 0.581587871628537 -0
164837.5 5555369.17710172 -25813666.4188383 3832.06857950797 -3795.69476470046 100 0.571668089647641 -0
164887.5 5746821.83051486 -26002756.8001154 3826.02913831549 -3768.00456467358 100 0.562025552198102 -0
164937.5 5937971.29083262 -26190475.166561 3819.94168034603 -3740.8118572551 100 0.552649761258236 -0
164987.5 6128815.27831081 -26376846.0498493 3813.8109980154 -3714.10300688997 100 0.543530712050506 -0
165037.5 6319351.7452885 -26561893.3121035 3807.64158554959 -3687.86486358276 100 0.534658865746503 -0
165087.5 6509578.86176355 -26745640.1696548 3801.43765815622 -3662.08474228954 100 0.526025123888359 -0
165137.5 6699495.00189289 -26928109.215795 3795.20316985469 -3636.75040328674 100 0.517620804407303 -0
165187.5 6889098.73135281 -27109322.4425711 3788.94183006713 -3611.85003346906 100 0.509437619128976 -0
165237.5 7078388.79549983 -27289301.2616674 3782.6571190645 -3587.37222853017 100 0.501467652663405 -0
165287.5 7267364.10827706 -27468066.5244173 3776.35230235381 -3563.30597598248 100 0.493703342585084 -0
165337.5 7456023.74181517 -27645638.5409867 3770.03044408575 -3539.64063897396 100 0.486137460815644 -0
165387.5 7644366.91668063 -27822037.0987668 3763.69441955561 -3516.36594086238 100 0.478763096128013 -0
165487.5 8020101.46052773 -28171390.4787125 3750.99049780468 -3470.94906823504 100 0.464562759627798 -0
165587.5 8394564.1392206 -28516275.1605831 3738.26018645826 -3426.97980714233 100 0.451052779115777 -0
165687.5 8767753.19708433 -28856832.3333857 3725.52078335573 -3384.38749686543 100 0.438187713554418 -0
165787.5 9139668.50227368 -29193196.3485445 3712.78751010779 -3343.10598588713 100 0.425925832763997 -0
165887.5 9510311.35145825 -29525495.1531949 3700.07375292562 -3303.07328472764 100 0.414228760107568 -0
165987.5 9879684.29706509 -29853850.6903164 3687.39127365683 -3264.23124938129 100 0.403061154397266 -0
166087.5 10247790.9943039 -30178379.2686153 3674.75039501671 -3226.52529239342 100 0.392390426232823 -0
166187.5 10614636.0655694 -30499191.9047849 3662.16016342636 -3189.90411891788 100 0.382186484621383 -0
166287.5 10980224.9801317 -30816394.6405197 3649.6284923829 -3154.31948536599 100 0.372421510274508 -0
166387.5 11344563.9472964 -31130088.8364341 3637.16228887399 -3119.7259785014 100 0.363069752447663 -0
166487.5 11707659.8214496 -31440371.4448309 3624.76756499926 -3086.08081305304 100 0.354107346590941 -0
166587.5 12069520.017605 -31747335.2630854 3612.44953666328 -3053.34364611418 100 0.345512150427268 -0
166687.5 12430152.4362405 -32051069.1692416 3600.21271095134 -3021.47640677038 100 0.337263596374091 -0
166787.5 12789565.3963672 -32351658.341275 3588.06096358252 -2990.44313955558 100 0.329342558483449 -0
166887.5 13147767.575897 -32649184.4613388 3575.99760764906 -2960.20986047598 100 0.32173123229953 -0
166987.5 13504767.9584942 -32943725.9061928 3564.02545469276 -2930.74442446634 100 0.314413026227066 -0
167087.5 13860575.7861892 -33235357.9249067 3552.14686903188 -2902.01640325553 100 0.307372463172659 -0
167187.5 14215200.5171216 -33524152.8048323 3540.36381613536 -2873.99697271871 100 0.300595091367888 -0
167287.5 14568651.7878522 -33810180.0267487 3528.67790573951 -2846.65880888308 100 0.294067403410875 -0
167387.5 14920939.3797494 -34093506.4100108 3517.09043031518 -2819.97599183473 100 0.287776762674559 -0
167487.5 15272073.1890127 -34374196.2484533 3505.60239941771 -2793.9239168463 100 0.281711336327426 -0
167587.5 15622063.1999443 -34652311.4377439 3494.21457038651 -2768.47921210985 100 0.275860034297786 -0
167687.5 15970919.4611266 -34927911.5948157 3482.92747580435 -2743.61966251718 100 0.27021245358752 -0
167787.5 16318652.0641975 -35201054.1699592 3471.7414480769 -2719.32413898222 100 0.264758827406902 -0
167887.5 16665271.1249538 -35471794.5521045 3460.65664145013 -2695.57253284687 100 0.259489978659891 -0
167987.5 17010786.7665403 -35740186.16778 3449.67305174564 -2672.3456949537 100 0.25439727736016 -0
168087.5 17355209.1045079 -36006280.5741965 3438.7905340613 -2649.62537900708 100 0.249472601602999 -0
168187.5 17698548.2335502 -36270127.5468673 3428.0088186558 -2627.39418887809 100 0.244708301757843 -0
168287.5 18040814.2157452 -36531775.1621423 3417.32752521071 -2605.63552953991 100 0.240097167581268 -0
168387.5 18382017.0701495 -36791269.8750056 3406.74617564163 -2584.33356134756 100 0.235632397981294 -0
168487.5 18722166.7636078 -37048656.5924573 3396.26420561077 -2563.47315740159 100 0.231307573191381 -0
168587.5 19061273.2026542 -37303978.7427754 3385.88097487605 -2543.0398637574 100 0.227116629136974 -0
168687.5 19399346.226395 -37557278.3409325 3375.5957765971 -2523.01986226295 100 0.223053833799146 -0
168787.5 19736395.6002749 -37808596.0504188 3365.40784570535 -2503.39993582578 200 0.219113765399293 -0
168887.5 20072431.0106375 -38057971.2417057 3355.31636643345 -2484.16743592742 200 0.215291292246045 -0
168987.5 20407462.0599999 -38305442.0475663 3345.3204790894 -2465.31025221823 200 0.211581554100994 -0
169087.5 20741498.2629703 -38551045.415453 3335.41928615125 -2446.81678403996 200 0.207979944933574 -0
169187.5 21074549.0427439 -38794817.1571178 3325.61185775049 -2428.67591373551 200 0.20448209694777 -0
169287.5 21406623.7281198 -39036791.9956473 3315.89723660492 -2410.8769816172 200 0.20108386577433 -0
169387.5 21737731.5509846 -39277003.610073 3306.27444245536 -2393.40976247504 200 0.19778131673209 -0
169487.5 22067881.6442184 -39515484.6777045 3296.74247605523 -2376.26444351596 200 0.194570712070857 -0
169587.5 22397083.039978 -39752266.9143237 3287.30032275658 -2359.43160363397 200 0.191448499116314 -0
169687.5 22725344.6683213 -39987381.1123692 3277.94695573212 -2342.90219391864 200 0.188411299244577 -0
169787.5 23052675.356136 -40220857.1772297 3268.68133886836 -2326.66751931682 200 0.185455897620512 -0
169887.5 23379083.8263439 -40452724.161758 3259.50242936181 -2310.71922136901 200 0.182579233639745 -0
169987.5 23704578.6973495 -40683010.2991088 3250.40918004675 -2295.04926194784 200 0.179778392019579 -0
170087.5 24029168.4827108 -40911743.0339985 3241.40054148037 -2279.64990793162 200 0.177050594488771 -0
170187.5 24352861.5910062 -41138949.0524759 3232.4754638084 -2264.51371675087 200 0.174393192030456 -0
170287.5 24675666.3258783 -41364654.3102888 3223.63289843236 -2249.63352275068 200 0.171803657636361 -0
170387.5 24997590.8862352 -41588884.0599261 3214.87179949703 -2235.00242431558 200 0.169279579534026 -0
170487.5 25318643.3665926 -41811662.8764071 3206.19112521545 -2220.61377170779 200 0.166818654851918 -0
170587.5 25638831.7575407 -42033014.68189 3197.58983904677 -2206.46115557328 200 0.164418683690254 -0
170687.5 25958163.9463217 -42252962.7691612 3189.06691074085 -2192.53839607322 200 0.162077563567984 -0
170787.5 26276647.7175065 -42471529.8240682 3180.62131726222 -2178.8395326015 200 0.159793284218781 -0
170887.5 26594290.7537575 -42688737.9469519 3172.25204360485 -2165.35881405187 200 0.1575639227111 -0
170987.5 26911100.6366682 -42904608.6731315 3163.95808350808 -2152.09068960074 200 0.155387638869314 -0
171187.5 27542250.7689825 -43332421.3681621 3147.59212635571 -2126.17096915989 200 0.151187331727947 -0
171387.5 28170156.7816837 -43755129.6147646 3131.51559246511 -2101.03964964184 200 0.147179139518847 -0
171587.5 28794875.7883464 -44172887.2470818 3115.72080072667 -2076.65869995051 200 0.143350913494754 -0
171787.5 29416463.3844311 -44585840.7434938 3100.20025253944 -2052.99255860249 200 0.139691474860546 -0
171987.5 30034973.6845449 -44994129.7002601 3084.94663892334 -2030.0079342986 200 0.136190521979386 -0
172187.5 30650459.3608571 -45397887.2672243 3069.95284505073 -2007.67362559895 200 0.132838547860602 -0
172387.5 31262971.6822052 -45797240.5491858 3055.21195267897 -1985.96035759787 200 0.129626766641001 -0
172587.5 31872560.5535096 -46192310.9761518 3040.71724088254 -1964.84063375555 200 0.126547047950686 -0
172787.5 32479274.5551942 -46583214.6453335 3026.46218541415 -1944.28860126777 200 0.123591858206401 -0
