0 314159000 0 -1176.46856863441 236.477709341266 100 0.00403837820768556 -0
100 314041332.946203 23647.7704272054 -1176.87255775796 236.477694130781 200 0.00404140500346179 -0
300 313805877.566136 70943.2991001065 -1177.68144513474 236.477572241445 400 0.00404747180306401 -0
700 313334480.86585 165534.222076707 -1179.30286870626 236.476960662692 800 0.00405965849290865 -0
1500 312389736.86549 354714.839589694 -1182.5604102866 236.474250735423 1600 0.00408424632401367 -0
3100 310492391.151019 733065.538484278 -1189.13507707884 236.46275669159 1600 0.00413429685119024 -0
4700 308584461.411566 1111391.20876802 -1195.79075970719 236.442914258622 1600 0.00418554736340986 -0
6300 306665816.477007 1489678.2459966 -1202.52940016812 236.414412386184 1600 0.0042380396573875 -0
7900 304736322.016366 1867912.536938 -1209.35300802824 236.376926016041 1600 0.00429181744992015 -0
9500 302795840.427254 2246079.43655216 -1216.26366352341 236.330115314346 1600 0.00434692648777853 -0
11100 300844230.720196 2624163.74370257 -1223.26352083496 236.273624853668 1600 0.00440341466515386 -0
12700 298881348.397571 3002149.67551636 -1230.354811555 236.20708274092 1600 0.0044613321492676 -0
14300 296907045.326854 3380020.84030304 -1237.53984835416 236.130099686992 1600 0.00452073151480887 -0
15900 294921169.607809 3757760.20893494 -1244.82102886571 236.042268013515 1600 0.00458166788792591 -0
17500 292923565.433288 4135350.08458499 -1252.2008398016 235.943160591809 1600 0.00464419910056707 -0
19100 290914072.94325 4512772.07070889 -1259.681861317 235.832329708561 1600 0.0047083858560426 -0
20700 288892528.07158 4890007.03714987 -1267.26677164124 235.709305852309 1600 0.00477429190676322 -0
22300 286858762.385281 5267035.08423419 -1274.9583519949 235.573596414273 1600 0.00484198424520458 -0
23900 284812602.915548 5643835.50471476 -1282.75949181418 235.424684296411 1600 0.00491153330925127 -0
25500 282753871.980225 6020386.74340828 -1290.67319430563 235.262026418952 1600 0.00498301320318915 -0
27100 280682386.997093 6396666.35435841 -1298.7025823564 235.085052118886 1600 0.00505650193574409 -0
28700 278597960.287404 6772650.95534311 -1306.85090482734 234.893161430054 1600 0.00513208167670849 -0
30300 276500398.869007 7148316.17952865 -1315.12154325878 234.685723234568 1600 0.00520983903385755 -0
31900 274389504.23841 7523636.62405541 -1323.51801902155 234.462073274263 1600 0.00528986535203636 -0
33500 272265072.14101 7898585.79532192 -1332.04400094877 234.221512009728 1600 0.00537225703650001 -0
35100 270126892.3287 8273136.05071225 -1340.70331348738 233.963302313186 1600 0.00545711590281337 -0
36700 267974748.303998 8647258.5364892 -1349.49994541179 233.686666980086 1600 0.00554454955587036 -0
38300 265808417.049751 9020923.12154985 -1358.43805914661 233.390786042649 1600 0.00563467180087627 -0
39900 263627668.743395 9394098.32671217 -1367.52200074941 233.074793866833 1600 0.00572760308945649 -0
41500 261432266.454687 9766751.24916999 -1376.75631060996 232.73777601219 1600 0.00582347100441566 -0
43100 259221965.825694 10138847.4817189 -1386.1457349277 232.378765831829 1600 0.00592241078707866 -0
44700 256996514.731765 10510351.0263178 -1395.69523803577 231.996740787151 1600 0.00602456591160532 -0
46300 254755652.922039 10881224.2015068 -1405.41001564668 231.590618449213 1600 0.00613008871119295 -0
47900 252499111.637984 11251427.5431561 -1415.2955091027 231.159252155322 1600 0.00623914106167348 -0
49500 250226613.208262 11620919.6979669 -1425.35742072271 230.701426285846 1600 0.00635189512868533 -0
51100 247937870.618098 11989657.309085 -1435.60173034738 230.215851122105 1600 0.006468534185368 -0
52700 245632587.051145 12357594.8931235 -1446.03471319514 229.701157241547 1600 0.00658925350840271 -0
53500 244473646.846707 12541248.8475854 -1451.32400356642 229.432439550069 1600 0.00665120781600277 -0
54300 243310455.401577 12724684.7078025 -1456.66295915356 229.15588940128 1600 0.00671426136122739 -0
55100 242142972.63452 12907896.1296521 -1462.05245628291 228.871310384002 1600 0.00677844238339703 -0
55900 240971157.754338 13090876.6094053 -1467.49339364948 228.578499853965 1600 0.00684378007438039 -0
56700 239794969.241684 13273619.4786434 -1472.9866930663 228.277248689501 1600 0.00691030461847631 -0
57500 238614364.830253 13456117.8989745 -1478.53330024487 227.967341035752 1600 0.00697804723429459 -0
58300 237429301.487342 13638364.8565409 -1484.13418560844 227.648554036752 1600 0.0070470402187524 -0
59100 236239735.393742 13820353.1563063 -1489.79034513953 227.320657554722 1600 0.00711731699331116 -0
59900 235045621.922942 14002075.4161138 -1495.50280126355 226.983413875846 1600 0.00718891215258695 -0
60700 233846915.619609 14183524.060503 -1501.27260377036 226.636577401783 1600 0.00726186151547672 -0
61500 232643570.17731 14364691.3142734 -1507.10083077568 226.279894326085 1600 0.00733620217895225 -0
62300 231435538.415459 14545569.1957836 -1512.98858972442 225.913102294676 1600 0.00741197257468436 -0
63100 230222772.255433 14726149.5099716 -1518.93701843812 225.535930049452 1600 0.00748921252867119 -0
63900 229005222.695839 14906423.8410833 -1524.94728620886 225.148097054035 1600 0.00756796332405658 -0
64700 227782839.786882 15086383.5450936 -1531.02059494203 224.749313100617 1600 0.00764826776733793 -0
65500 226555572.603803 15266019.7418058 -1537.15818035067 224.33927789679 1600 0.00773017025817689 -0
66300 225323369.219333 15445323.3066111 -1543.36131320407 223.917680631152 1600 0.00781371686304194 -0
67100 224086176.675132 15624284.8618927 -1549.63130063367 223.484199516419 1600 0.00789895539292846 -0
67900 222843940.952158 15802894.7680539 -1555.96948749932 223.038501308674 1600 0.00798593548541986 -0
68700 221596606.939915 15981143.1141528 -1562.3772578193 222.580240801288 1600 0.008074708691373 -0
69500 220344118.40453 16159019.70812 -1568.85603626774 222.109060291954 1600 0.00816532856653231 -0
70300 219086417.955611 16336514.0665401 -1575.40728974297 221.624589021144 1600 0.00825785076839983 -0
71100 217823447.01181 16513615.4039707 -1582.03252901123 221.126442580208 1600 0.00835233315871345 -0
71900 216555145.76505 16690312.621776 -1588.73331042968 220.614222287174 1600 0.00844883591191268 -0
72700 215281453.143329 16866594.296447 -1595.5112377536 220.087514528182 1600 0.00854742163000059 -0
73500 214002306.772055 17042448.6673803 -1602.3679640325 219.545890062336 1600 0.00864815546424271 -0
74300 212717642.933818 17217863.6240858 -1609.30519360051 218.988903287581 1600 0.00875110524417833 -0
75100 211427396.526533 17392826.6927899 -1616.32468416659 218.416091465041 1600 0.00885634161445759 -0
75900 210131501.019869 17567325.0224016 -1623.42824901062 217.826973899056 1600 0.00896393818005939 -0
76700 208829888.40988 17741345.3698031 -1630.61775929177 217.221051069941 1600 0.00907397166048969 -0
77500 207522489.171733 17914874.0844273 -1637.89514647598 216.59780371627 1600 0.00918652205360959 -0
78300 206209232.210452 18087897.092079 -1645.26240489004 215.956691863226 1600 0.00930167280979612 -0
79100 204890044.809568 18260399.8779568 -1652.72159441003 215.297153793297 800 0.0094195110171975 -0
79900 203564852.577548 18432367.4688267 -1660.27484329276 214.618604955285 800 0.00954012759890935 -0
80700 202233579.391914 18603784.414297 -1667.9243511592 213.920436807293 800 0.00966361752296864 -0
81500 200896147.340902 18774634.7671392 -1675.67239213969 213.202015588982 800 0.00979008002613981 -0
82300 199552476.662543 18944902.0625973 -1683.52131819157 212.462681018014 800 0.00991961885255243 -0
83100 198202485.681006 19114569.2966221 -1691.47356260043 211.701744905176 800 0.0100523425083433 -0
83900 196846090.740078 19283618.9029624 -1699.53164367726 210.918489682213 800 0.010188364533558 -0
84700 195483206.133591 19452032.7290419 -1707.69816866452 210.112166835887 800 0.0103278037926815 -0
85500 194113744.032642 19619792.0105441 -1715.97583786555 209.281995241252 800 0.0104707847852899 -0
86300 192737614.409414 19786877.3446195 -1724.36744901229 208.427159386485 800 0.0106174379784538 -0
87100 191354724.957399 19953268.6616281 -1732.87590188811 207.546807480972 800 0.0107679001626777 -0
87900 189964981.007822 20118945.1953176 -1741.5042032235 206.640049437623 800 0.0109223148333221 -0
88700 188568285.442023 20283885.4513345 -1750.25547188393 205.705954719536 800 0.0110808325996473 -0
89500 187164538.599575 20448067.1739542 -1759.13294437086 204.743550040298 800 0.011243611623818 -0
90300 185753638.18186 20611467.3109097 -1768.13998065857 203.751816906172 800 0.0114108180924389 -0
91100 184335479.150839 20774061.9761856 -1777.28007039146 202.729688987387 800 0.0115826267234439 -0
91900 182909953.622709 20935826.4106371 -1786.5568394684 201.67604930449 800 0.0117592213114423 -0
92700 181476950.756125 21096734.9402781 -1795.97405704341 200.589727214452 800 0.0119407953149394 -0
93500 180036356.634652 21256760.9320734 -1805.53564297401 199.4694951797 800 0.0121275524891982 -0
94300 178588054.143058 21415876.7470528 -1815.24567575183 198.314065301648 800 0.0123197075688962 -0
95100 177131922.837068 21574053.6905509 -1825.1084009529 197.122085598463 800 0.0125174870051708 -0
95900 175667838.806127 21731261.95936 -1835.1282402485 195.89213600482 800 0.0127211297621274 -0
96700 174195674.528722 21887470.5855631 -1845.30980102132 194.622724069115 800 0.0129308881784353 -0
97500 172715298.719747 22042647.3767947 -1855.65788663574 193.312280321148 800 0.013147028900244 -0
98300 171226576.169379 22196758.8526548 -1866.17750741573 191.959153280464 800 0.0133698338923426 -0
99100 169729367.572863 22349770.176974 -1876.87389238898 190.561604072442 800 0.0135996015352541 -0
99900 168223529.350579 22501645.085603 -1887.75250186153 189.117800615717 800 0.0138366478168318 -0
100700 166708913.457689 22652345.8093675 -1898.81904089352 187.625811340612 800 0.0140813076279031 -0
101500 165185367.182622 22801832.9917953 -1910.07947375367 186.083598393869 800 0.01433393617262 -0
102300 163652732.933575 22950065.601185 -1921.54003943816 184.489010280003 800 0.0145949105054302 -0
103100 162110848.012136 23097000.8365448 -1933.20726834792 182.839773884084 800 0.0148646312080099 -0
103900 160559544.373076 23242594.0268815 -1945.08800022856 181.133485814426 800 0.0151435242211167 -0
104700 158998648.369241 23386798.523269 -1957.18940348796 179.367602996614 800 0.0154320428481651 -0
105500 157427980.480399 23529565.5830676 -1969.51899601872 177.539432442267 800 0.0157306699494247 -0
106300 155847355.024776 23670844.2455994 -1982.08466766671 175.646120106825 800 0.0160399203481407 -0
107100 154256579.851916 23810581.1985144 -1994.89470450234 173.684638740355 800 0.0163603434726194 -0
107900 152655456.015337 23948720.633999 -2007.95781506865 171.651774623603 800 0.0166925262614666 -0
108700 151043777.423334 24085204.093887 -2021.28315880034 169.54411306813 800 0.017037096362779 -0
109500 149421330.466118 24219970.302632 -2034.88037682976 167.358022544092 800 0.0173947256622492 -0
110300 147787893.617262 24352954.986982 -2048.75962542162 165.089637281721 800 0.0177661341799409 -0
111100 146143237.007263 24484090.6810679 -2062.93161230675 162.734838172498 800 0.0181520943810387 -0
111500 145316627.064536 24548943.1491296 -2070.13088922429 161.523671807313 800 0.0183507882636817 -0
111900 144487121.966726 24613306.5154454 -2077.40763621602 160.289231773636 800 0.0185534359523182 -0
112300 143654690.424846 24677171.3520388 -2084.76336503385 159.030922234317 800 0.0187601509682094 -0
112700 142819300.536751 24740527.9885937 -2092.19962996338 157.748127188945 800 0.0189710511034569 -0
113100 141980919.769817 24803366.5042189 -2099.71802939119 156.440209617222 800 0.0191862586202478 -0
113500 141139514.94297 24865676.7188618 -2107.32020744371 155.106510578327 800 0.0194059004612204 -0
113900 140295052.208058 24927448.1843526 -2115.00785570157 153.746348263618 800 0.0196301084716753 -0
114300 139447497.030503 24988670.1750588 -2122.7827149936 152.359016999808 800 0.0198590196344117 -0
114700 138596814.169239 25049331.6781318 -2130.64657727496 150.943786199584 800 0.0200927763180233 -0
115100 137742967.655862 25109421.3833222 -2138.60128759397 149.499899256404 800 0.0203315265395565 -0
115500 136885920.772992 25168927.6723409 -2146.6487461528 148.026572379961 800 0.0205754242424989 -0
115900 136025636.031776 25227838.6077425 -2154.79091046735 146.522993368583 800 0.0208246295911434 -0
116300 135162075.148519 25286141.9213038 -2163.02979763194 144.988320314542 800 0.021079309282453 -0
116700 134295199.020377 25343825.0018713 -2171.36748669501 143.421680237937 800 0.021339636876642 -0
117100 133424967.700082 25400874.8826458 -2179.80612115225 141.822167644539 800 0.0216057931477834 -0
117500 132551340.369645 25457278.2278749 -2188.34791156421 140.188843002589 800 0.0218779664558605 -0
117900 131674275.312983 25513021.3189196 -2196.99513830566 138.520731133186 800 0.0221563531417928 -0
118300 130793729.887423 25568090.0396577 -2205.75015445483 136.816819508508 800 0.0224411579470934 -0
118700 129909660.494014 25622469.8611877 -2214.61538883089 135.076056451618 800 0.0227325944599515 -0
119100 129022022.546601 25676145.8257918 -2223.5933491889 133.297349231177 800 0.0230308855896823 -0
119500 128130770.439581 25729102.5301147 -2232.68662558182 131.479562043807 800 0.0233362640716532 -0
119900 127235857.514285 25781324.1075108 -2241.8978939003 129.621513876314 800 0.0236489730049705 -0
120300 126337236.023901 25832794.2095119 -2251.22991960122 127.721976239332 800 0.0239692664254116 -0
120700 125434857.09687 25883495.9863606 -2260.68556163726 125.779670763257 800 0.0242974099163005 -0
121100 124528670.698664 25933412.066553 -2270.26777660028 123.793266646629 800 0.0246336812602633 -0
121500 123618625.59187 25982524.535329 -2279.97962309259 121.761377946258 800 0.0249783711350598 -0
121900 122704669.294462 26030814.9120462 -2289.8242663411 119.68256069753 800 0.0253317838569741 -0
122300 121786748.036195 26078264.1263649 -2299.80498307034 117.555309852337 800 0.0256942381755646 -0
122700 120864806.71298 26124852.4931698 -2309.92516665201 115.378056021002 800 0.0260660681239186 -0
123100 119938788.839145 26170559.6861467 -2320.1883325496 113.149162003396 400 0.026447623928944 -0
123500 119008636.497464 26215364.7099277 -2330.59812407849 110.866919093155 400 0.0268392729866532 -0
123900 118074290.286801 26259245.8707085 -2341.15831850337 108.52954313747 400 0.0272414009078655 -0
124300 117135689.267254 26302180.7452382 -2351.87283349665 106.135170333378 400 0.0276544126402715 -0
124700 116192770.902639 26344146.1480718 -2362.74573398336 103.68185273975 400 0.0280787336733814 -0
125100 115245471.000147 26385118.0969666 -2373.78123940051 101.167553482263 400 0.0285148113335171 -0
125500 114293723.647014 26425071.7762944 -2384.98373140061 98.5901416265619 400 0.0289631161767194 -0
125900 113337461.144022 26463981.4983338 -2396.35776203227 95.9473866924986 400 0.029424143488229 -0
126300 112376613.935608 26501820.6622895 -2407.90806243298 93.2369527797481 400 0.0298984148980835 -0
126700 111411110.53641 26538561.7108803 -2419.63955207273 90.4563922722906 400 0.0303864801233485 -0
127100 110440877.45398 26574176.0843183 -2431.55734859014 87.6031390860788 400 0.0308889188486013 -0
127500 109465839.107447 26608634.1714887 -2443.66677826669 84.6745014207154 400 0.0314063427575047 -0
127900 108485917.741852 26641905.2581249 -2455.97338718868 81.6676539720787 400 0.0319393977296814 -0
128300 107501033.337867 26673957.4717529 -2468.48295315098 78.5796295585007 400 0.0324887662186355 -0
128700 106511103.516603 26704757.7231593 -2481.20149836175 75.4073101082798 400 0.0330551698281874 -0
129100 105516043.439156 26734271.6441183 -2494.13530301266 72.1474169509197 400 0.0336393721068323 -0
129500 104515765.700551 26762463.5210849 -2507.29091978537 68.7965003484698 400 0.0342421815816063 -0
129900 103510180.217669 26789296.2245365 -2520.67518937175 65.3509281966034 400 0.0348644550555091 -0
130300 102499194.110766 26814731.1336175 -2534.29525709262 61.8068738175178 400 0.0355071011953037 -0
130700 101482711.578093 26838728.0557034 -2548.15859070851 58.160302758267 400 0.0361710844396567 -0
131100 100460633.763149 26861245.1404709 -2562.27299952484 54.4069584986076 400 0.036857429261137 -0
131500 99432858.6140085 26882238.7880148 -2576.64665490433 50.5423469617126 400 0.0375672248196264 -0
131900 98399280.7341403 26901663.5505101 -2591.28811231113 46.5617197090114 400 0.0383016300492814 -0
132300 97359791.2240861 26919472.0268677 -2606.20633502374 42.4600556867484 400 0.0390618792264082 -0
132700 96314277.5132893 26935614.7497737 -2621.41071966842 38.2320413763989 400 0.0398492880715667 -0
133100 95262623.1813214 26950040.0644436 -2636.91112374073 33.8720491835552 400 0.0406652604460264 -0
133500 94204707.767671 26962693.9983477 -2652.71789530097 29.3741138800088 400 0.0415112957104879 -0
133900 93140406.5691857 26973520.1210917 -2668.8419050497 24.7319068911257 400 0.0423889968229235 -0
134300 92069590.42417 26982459.3935408 -2685.29458101219 19.9387081948301 400 0.0433000792626633 -0
134700 90992125.4820463 26989450.0051837 -2702.0879460866 14.987375569073 400 0.0442463808796888 -0
135100 89907872.9573761 26994427.1986163 -2719.2346587398 9.87031089097963 400 0.0452298727817559 -0
135500 88816688.8669215 26997323.0798992 -2736.74805716748 4.57942315226404 400 0.0462526713877768 -0
135900 87718423.7482923 26998066.413404 -2754.64220727284 -0.8939121888623 400 0.0473170517942093 -0
136300 86612922.358571 26996582.3995946 -2772.93195486025 -6.55889795012581 400 0.0484254626225073 -0
136700 85500023.3511455 26992792.4340136 -2791.63298248861 -12.4253645517395 400 0.0495805425404932 -0
137100 84379558.9287855 26986613.8455295 -2810.76187148414 -18.5038244849912 400 0.0507851386794989 -0
137500 83251354.4707896 26977959.6116622 -2830.33616967486 -24.8055325598166 400 0.0520423272030553 -0
137700 82684293.1955315 26972675.6676096 -2840.29611328234 -28.0438410365558 400 0.0526916731446858 -0
137900 82115228.1317361 26966738.0485016 -2850.37446547749 -31.342552657823 400 0.0533554363228317 -0
138100 81544135.3489758 26960134.5100359 -2860.5737257187 -34.7033139808131 400 0.0540340763789505 -0
138300 80970990.4094197 26952852.4726163 -2870.89646907083 -38.1278318379155 400 0.054728072103998 -0
138500 80395768.3524155 26944879.0090215 -2881.34534918647 -41.6178761228829 400 0.0554379224260268 -0
138700 79818443.6784628 26936200.8315017 -2891.92310143214 -45.1752827331442 400 0.0561641474586496 -0
138900 79238990.3325442 26926804.2782695 -2902.63254616812 -48.8019566785759 400 0.0569072896147432 -0
139100 78657381.6867855 26916675.2993522 -2913.47659219059 -52.4998753678297 400 0.0576679147901226 -0
139300 78073590.5224102 26905799.4417671 -2924.45824034588 -56.2710920841686 400 0.0584466136223131 -0
139500 77487589.0109523 26894161.833983 -2935.58058732692 -60.1177396636951 400 0.0592440028299742 -0
139700 76899348.694692 26881747.1696232 -2946.84682966293 -64.0420343898611 400 0.060060726639001 -0
139900 76308840.4662724 26868539.690368 -2958.26026791395 -68.0462801192548 400 0.0608974583018445 -0
140100 75716034.5474555 26854523.1680068 -2969.82431108283 -72.1328726548579 400 0.0617549017171561 -0
140300 75120900.4669735 26839680.8855893 -2981.54248125804 -76.304304384274 400 0.0626337931574826 -0
140500 74523407.0374274 26823995.6176218 -2993.41841850165 -80.5631692018623 400 0.06353490311342 -0
140700 73923522.3311814 26807449.6092481 -3005.45588599796 -84.9121677352688 400 0.0644590382633808 -0
140900 73321213.6552009 26790024.554353 -3017.65877547924 -89.3541128985593 400 0.0654070435789583 -0
141100 72716447.524776 26771701.5725211 -3030.03111294631 -93.8919357960268 400 0.0663798045767745 -0
141300 72109189.6360696 26752461.1847771 -3042.57706470317 -98.5286920027966 400 0.0673782497287052 -0
141500 71499404.8374255 26732283.2880299 -3055.30094372596 -103.2675682506 400 0.068403353043477 -0
141700 70887057.0993678 26711147.1281366 -3068.20721638841 -108.111889549558 400 0.0694561368338555 -0
141900 70272109.4832174 26689031.2714961 -3081.30050956756 -113.06512677952 400 0.0705376746849943 -0
142100 69654524.1082467 26665913.5750739 -3094.58561815514 -118.130904787507 400 0.0716490946410118 -0
142300 69034262.1172902 26641771.1547539 -3108.06751300228 -123.313011031061 400 0.0727915826285203 -0
142500 68411283.6407197 26616580.3519032 -3121.7513493272 -128.615404810957 400 0.0739663861376764 -0
142700 67785547.7586889 26590316.6980275 -3135.64247561796 -134.042227140709 400 0.0751748181833632 -0
142900 67157012.4615454 26562954.8773849 -3149.74644306492 -139.597811304726 200 0.0764182615713951 -0
143100 66525634.6083004 26534468.6874137 -3164.06901556026 -145.286694161841 200 0.0776981734971681 -0
143300 65891369.8830376 26504830.9968213 -3178.61618030513 -151.113628256365 200 0.0790160905070051 -0
143500 65254172.7491373 26474013.7011628 -3193.39415906832 -157.083594804783 200 0.0803736338556033 -0
143700 64613996.4011785 26441987.6757298 -3208.40942014377 -163.201817632865 200 0.0817725152965169 -0
143900 63970792.7143769 26408722.7255494 -3223.66869105857 -169.473778145363 200 0.083214543346558 -0
144100 63324512.1914 26374187.5322788 -3239.17897208725 -175.905231418658 200 0.0847016300694266 -0
144300 62675103.9063948 26338349.5977603 -3254.94755063307 -182.502223515887 200 0.0862357984288467 -0
144500 62022515.4460469 26301175.1839831 -3270.98201654222 -189.271110134287 200 0.0878191902670732 -0
144700 61366692.8474772 26262629.2491709 -3287.29027842273 -196.218576705878 200 0.089454074970919 -0
144900 60707580.5327679 26222675.3796943 -3303.88058104603 -203.351660085376 200 0.0911428588945378 -0
145100 60045121.2398935 26181275.7174742 -3320.76152391651 -210.677771973458 200 0.0928880956162028 -0
145300 59379255.9498131 26138390.882513 -3337.94208110153 -218.204724239572 200 0.0946924971153637 -0
145500 58709923.8094615 26093979.8901574 -3355.43162242346 -225.940756326399 200 0.0965589459665143 -0
145700 58037062.050358 26048000.062654 -3373.23993612412 -233.894564938327 200 0.0984905086580252 -0
145900 57360605.9025239 26000406.9345217 -3391.37725312275 -242.075336239082 200 0.100490450157304 -0
146100 56680488.503379 25951154.1512118 -3409.85427299972 -250.492780809338 200 0.102562249858678 -0
146300 55996640.8012557 25900193.3604785 -3428.68219185099 -259.157171644194 200 0.104709619067537 -0
146500 55308991.4531435 25847474.0958193 -3447.87273217229 -268.079385503264 200 0.106936520193856 -0
146700 54617466.716238 25792943.6512817 -3467.43817494713 -277.270947963451 200 0.109247187850626 -0
146900 53921990.3328365 25736546.9468569 -3487.39139413047 -286.744082566756 200 0.111646152078416 -0
147100 53222483.4080808 25678226.3835979 -3507.74589373809 -296.511764503754 200 0.114138263946816 -0
147300 52518864.2800006 25617921.6875067 -3528.51584777348 -306.587779328244 200 0.116728723817484 -0
147500 51811048.3812689 25555569.7411293 -3549.71614324706 -316.986787261375 200 0.119423112592735 -0
147700 51098948.0920193 25491104.4016791 -3571.36242656852 -327.724393715398 200 0.122227426318928 -0
147900 50382472.5830232 25424456.3043754 -3593.47115362235 -338.817226749533 200 0.125148114566418 -0
148100 49661527.6484546 25355552.6495302 -3616.05964386837 -350.28302226516 200 0.128192123068813 -0
148300 48936015.5274017 25284316.9717479 -3639.1461388451 -362.140717856529 200 0.131366941175257 -0
148500 48205834.7132025 25210668.8894024 -3662.74986549367 -374.410556359075 200 0.134680654752262 -0
148700 47470879.7495963 25134523.832338 -3686.89110476431 -387.114200282957 200 0.138142005268465 -0
148900 46731041.0125821 25055792.7454831 -3711.5912660168 -400.274858488297 200 0.141760455909286 -0
149100 45986204.4767727 24974381.7657772 -3736.8729677814 -413.917426654764 200 0.14554626570196 -0
149300 45236251.4649068 24890191.8694784 -3762.76012550787 -428.068643326823 200 0.149510572788897 -0
149500 44481058.3790567 24803118.486536 -3789.27804699831 -442.757263583051 200 0.153665488173433 -0
149600 44101456.7679057 24758466.1897299 -3802.78185894069 -450.312684614403 200 0.155818500435609 -0
149700 43720496.4118737 24713051.0782248 -3816.45353628875 -458.014252683497 200 0.15802420148312 -0
149800 43338160.3451623 24666858.3260974 -3830.29668190399 -465.866219278985 200 0.160284428167565 -0
149900 42954431.2363093 24619872.6740139 -3844.31500686558 -473.873002459539 200 0.16260110055598 -0
150000 42569291.3771634 24572078.4121649 -3858.51233458457 -482.039195084793 200 0.164976226576661 -0
150100 42182722.671437 24523459.362354 -3872.89260510331 -490.369573538204 200 0.16741190697371 -0
150200 41794706.6228205 24473998.8591869 -3887.45987958938 -498.869106976373 200 0.169910340594156 -0
150300 41405224.3226361 24423679.7303088 -3902.21834503366 -507.542967142169 200 0.172473830033575 -0
150400 41014256.4370123 24372484.2756295 -3917.17231916299 -516.396538782023 200 0.175104787668441 -0
150500 40621783.1935549 24320394.2454761 -3932.32625557819 -525.435430711107 200 0.177805742105984 -0
150600 40227784.3674929 24267390.8176037 -3947.68474912853 -534.665487573726 200 0.180579345085119 -0
150700 39832239.2672747 24213454.5729935 -3963.25254153494 -544.092802350262 200 0.183428378865089 -0
150800 39435126.7195892 24158565.470361 -3979.03452727397 -553.72372966633 200 0.186355764141854 -0
150900 39036425.0537843 24102702.8192899 -3995.03575973595 -563.56489996461 200 0.189364568536021 -0
151000 38636112.0856558 24045845.2519039 -4011.26145767072 -573.623234605049 200 0.192458015700236 -0
151100 38234165.1005767 23987970.6929783 -4027.71701193536 -583.905961964868 200 0.195639495098557 -0
151200 37830560.8359361 23929056.3283887 -4044.40799255868 -594.420634616162 200 0.198912572515403 -0
151300 37425275.4628547 23869078.5717847 -4061.34015613817 -605.175147665812 200 0.202281001357279 -0
151400 37018284.5671437 23808013.0293677 -4078.51945358529 -616.177758350092 200 0.205748734816783 -0
151500 36609563.1294713 23745834.4626417 -4095.95203823606 -627.437106984819 200 0.209319938975269 -0
151600 36199085.5046986 23682516.7489978 -4113.64427434409 -638.962239381184 200 0.212999006928323 -0
151700 35786825.4003465 23618032.839978 -4131.60274597398 -650.76263084771 200 0.21679057402678 -0
151800 35372755.8541527 23552354.7170545 -4149.83426631337 -662.848211910177 200 0.220699534335609 -0
151900 34956849.2106757 23485453.3447448 -4168.34588742241 -675.229395893896 200 0.224731058423684 -0
152000 34539077.0969011 23417298.6208696 -4187.14491043975 -687.917108526747 100 0.228890612609448 -0
152100 34119410.3968035 23347859.3237411 -4206.23889626418 -700.922819736804 100 0.233183979800825 -0
152200 33697819.2248162 23277103.0560551 -4225.63567673133 -714.258577835617 100 0.237617282082776 -0
152300 33274272.898157 23204996.1852359 -4245.34336630457 -727.937046297296 100 0.242197005222672 -0
152400 32848739.9079592 23131503.7799644 -4265.3703742987 -741.971543364851 100 0.246930025282612 -0
152500 32421187.8891519 23056589.5425937 -4285.7254176545 -756.376084738913 100 0.25182363754901 -0
152600 31991583.5890353 22980215.73713 -4306.417534281 -771.165429630464 100 0.256885588013774 -0
152700 31559892.8344926 22902343.1124268 -4327.45609698074 -786.355130488703 100 0.262124107668377 -0
152800 31126080.4977796 22822930.8202094 -4348.85082797104 -801.961586748277 100 0.267547949902633 -0
152900 30690110.4608317 22741936.3275066 -4370.61181401157 -818.002102977102 100 0.273166431334496 -0
153000 30251945.5780279 22659315.3230315 -4392.74952214456 -834.494951847526 100 0.278989476436295 -0
153100 29811547.6373503 22575021.6170038 -4415.27481604927 -851.459442400203 100 0.285027666367178 -0
153200 29368877.3198766 22489007.0338596 -4438.19897300602 -868.915994122482 100 0.291292292471903 -0
153300 28923894.1575472 22401221.2972395 -4461.53370145763 -886.886217422133 100 0.297795414963534 -0
153400 28476556.4891467 22311611.9065817 -4485.29115914605 -905.393001143804 100 0.304549927372916 -0
153500 28026821.4144445 22220124.0045826 -4509.48397179042 -924.460607850752 100 0.311569627422536 -0
153600 27574644.7464423 22126700.2347071 -4534.1252522574 -944.114777679414 100 0.318869295067723 -0
153700 27119980.9616829 22031280.5878476 -4559.22862015679 -964.382841670614 100 0.32646477854603 -0
153800 26662783.1485816 21933802.2371349 -4584.80822177248 -985.293845590397 100 0.334373089387891 -0
153900 26203002.9537525 21834199.3597947 -4610.8787502114 -1006.87868537753 100 0.34261250747084 -0
154000 25740590.5263154 21732402.9448264 -4637.45546561895 -1029.17025549577 100 0.351202697348253 -0
154100 25275494.4601857 21628340.5851418 -4664.55421526803 -1052.20361162984 100 0.360164837255293 -0
154200 24807661.7343708 21521936.2526501 -4692.19145327776 -1076.01614934759 100 0.36952176239318 -0
154300 24337037.6513271 21413110.054603 -4720.38425965595 -1100.64780056046 100 0.379298124322879 -0
154400 23863565.7734605 21301777.969319 -4749.15035828314 -1126.14124985497 100 0.389520568566198 -0
154500 23387187.8579022 21187851.5591839 -4778.50813336303 -1152.54217304297 100 0.400217932822787 -0
154600 22907843.7897392 21071237.6585762 -4808.47664374998 -1179.89950059541 100 0.411421468573322 -0
154700 22425471.5139481 20951838.0340798 -4839.07563442503 -1208.26570898831 100 0.423165089261839 -0
154800 21940006.966361 20829549.0140255 -4870.3255442201 -1237.6971434098 100 0.435485648744777 -0
154900 21451384.0040913 20704261.0840315 -4902.24750868061 -1268.25437576152 100 0.448423254274502 -0
155000 20959534.3359723 20575858.4447943 -4934.86335669782 -1300.00260244885 100 0.462021618967015 -0
155100 20464387.453713 20444218.5279001 -4968.19559922491 -1333.01208710353 100 0.476328459506997 -0
155150 20215554.9005878 20377144.3071231 -4985.1375846084 -1350.01326442434 100 0.483763673877751 -0
155200 19965870.5646414 20309211.4648114 -5002.26740799132 -1367.35865411455 100 0.491395945793937 -0
155250 19715324.9792741 20240402.5311212 -5019.58806354693 -1385.05869349712 100 0.499232575853474 -0
155300 19463908.5272642 20170699.5039285 -5037.10258168776 -1403.12423984602 100 0.507281210343332 -0
155350 19211611.4390036 20100083.8273133 -5054.81402709225 -1421.56659131941 100 0.515549861085733 -0
155400 18958423.7908413 20028536.3689664 -5072.72549639208 -1440.3975091288 100 0.52404692661757 -0
155450 18704335.5035508 19956037.3964552 -5090.84011548067 -1459.62924102745 100 0.532781214805109 -0
155500 18449336.3409436 19882566.5522802 -5109.16103639938 -1479.27454620817 100 0.541761967004735 -0
155550 18193415.908649 19808102.8276495 -5127.6914337522 -1499.34672170701 100 0.550998883890065 -0
155600 17936563.6530863 19732624.5348933 -5146.43450059508 -1519.85963041681 100 0.560502153076134 -0
155650 17678768.8606576 19656109.2784347 -5165.39344373901 -1540.82773082281 100 0.570282478682795 -0
155700 17420020.6571903 19578533.9242293 -5184.57147839967 -1562.26610858065 100 0.580351112991962 -0
155750 17160308.0076661 19499874.5675755 -5203.97182211836 -1584.19051006689 100 0.590719890366986 -0
155800 16899619.7162731 19420106.499197 -5223.59768787025 -1606.61737804186 100 0.601401263617493 -0
155850 16637944.4268252 19339204.1694841 -5243.45227626644 -1629.56388957601 100 0.612408343009425 -0
155900 16375270.6235965 19257141.1507809 -5263.53876674502 -1653.0479964022 100 0.623754938138105 -0
155950 16111586.6326225 19173890.0975888 -5283.86030763434 -1677.08846786982 100 0.635455602901924 -0
156000 15846880.6235308 19089422.7045546 -5304.42000495767 -1701.70493668984 100 0.647525683836014 -0
156050 15581140.6119646 19003709.6620965 -5325.22090983296 -1726.91794767534 100 0.659981372089143 -0
156100 15314354.4626758 18916720.6095139 -5346.2660043038 -1752.74900969815 100 0.672839759353321 -0
156150 15046509.8933686 18828424.0854147 -5367.55818541806 -1779.22065109949 100 0.686118898084428 -0
156200 14777594.4793877 18738787.4752789 -5389.10024734837 -1806.35647881198 100 0.699837866383885 -0
156250 14507595.6593544 18647776.9559693 -5410.89486132342 -1834.18124147031 50 0.714016837946213 -0
156300 14236500.7418659 18555357.4369796 -5432.94455311092 -1862.7208968103 50 0.728677157515666 -0
156350 13964296.9133873 18461492.4981989 -5455.2516777606 -1892.00268367968 50 0.743841422337221 -0
156400 13690971.2474826 18366144.3239534 -5477.81839127983 -1922.05519900968 50 0.759533570133508 -0
156450 13416510.7155456 18269273.6330676 -5500.64661887306 -1952.90848012406 50 0.775778974190189 -0
156500 13140902.1992129 18170839.6046679 -5523.73801932968 -1984.59409279161 50 0.792604546188202 -0
156550 12864132.5046645 18070799.7994318 -5547.09394509251 -2017.1452254602 50 0.81003884748271 -0
156600 12586188.3790389 17969110.0759597 -5570.71539747875 -2050.5967901439 50 0.828112209596054 -0
156650 12307056.529221 17865724.501927 -5594.60297645748 -2084.98553047103 50 0.846856864765957 -0
156700 12026723.6432909 17760595.2596426 -5618.75682431027 -2120.35013743913 50 0.86630708747127 -0
156750 11745176.4149586 17653672.545615 -5643.17656241348 -2156.73137346326 50 0.886499347946258 -0
156800 11462401.5713485 17544904.4636958 -5667.86122028046 -2194.1722053464 50 0.907472478791338 -0
156850 11178385.9045465 17434236.9113373 -5692.80915588771 -2232.71794684515 50 0.929267855893856 -0
156900 10893116.3073705 17321613.4584681 -5718.01796617849 -2272.41641154941 50 0.951929594987481 -0
156950 10606579.8138873 17206975.2184495 -5743.48438648887 -2313.31807684178 50 0.975504765303481 -0
157000 10318763.645265 17090260.710541 -5769.20417747092 -2355.4762597493 50 1.00004362190194 -0
157050 10029655.2616241 16971405.7132586 -5795.17199789377 -2398.94730554677 50 1.02559985841596 -0
157100 9739242.42064058 16850343.1079639 -5821.38126148092 -2443.79079001564 50 1.05223088209698 -0
157150 9447513.24374847 16727002.7119809 -5847.82397568796 -2490.0697363036 50 1.07999811321407 -0
157200 9154456.29090437 16601311.1004831 -5874.49056003392 -2537.85084736536 50 1.10896731103366 -0
157250 8860060.64500256 16473191.4163491 -5901.36964126591 -2587.20475499236 50 1.13920892878624 -0
157300 8564316.00717472 16342563.1671298 -5928.44782225494 -2638.20628645331 50 1.17079850021181 -0
157350 8267212.80437432 16209342.0082229 -5955.70942108303 -2690.9347497655 50 1.20381706046098 -0
157400 7968742.31083494 16073439.5112966 -5983.13617628056 -2745.47423859055 50 1.23835160430912 -0
157450 7668896.78520786 15934762.9169588 -6010.70691359768 -2801.91395769188 50 1.27449558480869 -0
157500 7367669.62543106 15793214.8706207 -6038.39716903634 -2860.34856979276 50 1.31234945564915 -0
157550 7065055.54366401 15648693.140469 -6066.17876211554 -2920.87856452196 50 1.35202126060033 -0
157600 6761050.76394487 15501090.3164272 -6094.01931248161 -2983.61064991163 50 1.39362727346429 -0
157650 6455653.24559537 15350293.4889754 -6121.88169199106 -3048.65816659945 50 1.43729269192655 -0
157700 6148862.93581956 15196183.9066958 -6149.72340327192 -3116.14152445711 50 1.48315238854557 -0
157750 5840682.05542363 15038636.6114436 -6177.49587449298 -3186.18866078899 50 1.53135172180439 -0
157800 5531115.42213295 14877520.0501003 -6205.14365862214 -3258.93551847569 50 1.58204740961036 -0
157825 5375814.7529046 14795580.279926 -6218.90136452163 -3296.36613561147 50 1.6083836963018 -0
157850 5220170.81663101 14712695.6619128 -6232.60352383322 -3334.52654138075 50 1.63540846680123 -0
157875 5064185.11684221 14628847.7092275 -6246.24084666662 -3373.43620305264 50 1.66314493371998 -0
157900 4907859.39702587 14544017.4409465 -6259.80341979327 -3413.11518329042 50 1.69161720691496 -0
157925 4751195.65670941 14458185.3669683 -6273.28066632344 -3453.58415636393 50 1.72085032818614 -0
157950 4594196.16858324 14371331.4725214 -6286.66130271044 -3494.86442429177 50 1.750870306856 -0
157975 4436863.49673411 14283435.2022702 -6299.93329290487 -3536.97793282501 50 1.78170415616805 -0
158000 4279200.5160622 14194475.4440244 -6313.08379947119 -3579.94728717063 50 1.81337993042356 -0
158025 4121210.43296032 14104430.5120601 -6326.0991314679 -3623.79576733705 50 1.84592676275536 -0
158050 3962896.80733872 14013278.1300631 -6338.96468888117 -3668.54734296698 50 1.87937490341412 -0
158075 3804263.57608444 13920995.4137092 -6351.66490339033 -3714.22668750309 50 1.91375575841516 -0
158100 3645315.07804983 13827558.852901 -6364.18317523169 -3760.85919150976 50 1.9491019283626 -0
158125 3486056.08067076 13732944.2936837 -6376.50180591528 -3808.47097494999 50 1.98544724723195 -0
158150 3326491.80832137 13637126.91987 -6388.60192653737 -3857.08889818821 50 2.02282682085064 -0
158175 3166627.97251899 13540081.2344079 -6400.46342142002 -3906.74057145922 50 2.06127706476932 -0
158200 3006470.80409919 13441781.0405345 -6412.06484679765 -3957.45436250852 50 2.10083574116278 -0
158225 2846027.08748877 13342199.4227649 -6423.38334426037 -4009.25940207083 50 2.14154199433791 -0
158250 2685304.19721125 13241308.7277748 -6434.39454865393 -4062.18558681006 50 2.18343638435654 -0
158275 2524310.1367673 13139080.545246 -6445.07249012858 -4116.26357929622 50 2.22656091820162 -0
158300 2363053.58004046 13035485.6887547 -6455.38949002234 -4171.52480454115 50 2.27095907782517 -0
158325 2201543.9153861 12930494.1767939 -6465.31605026054 -4228.00144255525 50 2.31667584431494 -0
158350 2039791.29256975 12824075.2140392 -6474.82073595245 -4285.726416322 50 2.36375771730149 -0
158375 1877806.67272892 12716197.1729783 -6483.87005086868 -4344.73337451373 50 2.41225272859779 -0
158400 1715601.88154013 12606827.576047 -6492.42830549047 -4405.05666819168 50 2.46221044891776 -0
158425 1553189.66578069 12495933.0784312 -6500.45747733529 -4466.73132064496 50 2.51368198635606 -0
158450 1390583.75348179 12383479.4517182 -6507.91706328325 -4529.79298942495 50 2.56671997512848 -0
158475 1227798.91787601 12269431.5686063 -6514.76392365741 -4594.27791952542 25 2.62137855286707 -0
158500 1064851.04534812 12153753.3889063 -6520.95211784982 -4660.2228865414 25 2.67771332453618 -0
158525 901757.20760262 12036407.9471043 -6526.43273133583 -4727.66512851301 25 2.73578131078249 -0
158550 738535.738264599 11917357.341783 -6531.15369398398 -4796.64226502249 25 2.79564087825171 -0
158575 575206.314131859 11796562.7272424 -6535.05958965115 -4867.19220196393 25 2.85735164909642 -0
158600 411790.041295275 11673984.3076974 -6538.09145715366 -4939.35302024566 25 2.92097438656068 -1.26407847441143e-306
158625 248309.546340574 11549581.3344792 -6540.18658283064 -5013.16284651459 25 2.98657085315835 -7.060562590867e-299
158650 84789.0728374716 11423312.1067145 -6541.27828506695 -5088.65970381188 25 3.05420363756119 -3.74718474709131e-291
158675 -78745.4166892772 11295133.9760125 -6541.29569132649 -5165.88133987945 25 3.12393594588189 -1.88069152379349e-283
158700 -242266.133128807 11165003.3557495 -6540.16350846534 -5244.86503064069 25 3.1958313525765 -8.88194937663127e-276
158725 -405743.347337309 11032875.7356047 -6537.80178735375 -5325.64735617678 25 3.26995350570344 -3.92631619434371e-268
158750 -569145.27074918 10898705.7020696 -6534.12568314313 -5408.26394631698 25 3.3463657807671 -1.61557185044835e-260
158775 -732437.929957647 10762446.9657299 -6529.04521287298 -5492.74919276087 25 3.42513087684933 -6.15137249219699e-253
158800 -895585.035223861 10624052.3961964 -6522.46501253175 -5579.13592445833 25 3.50631034820217 -2.1538679157793e-245
158825 -1058547.8429322 10483474.0656464 -6514.28409617003 -5667.45504279689 25 3.58996406395204 -6.88989252118234e-238
158850 -1221285.01208128 10340663.3020253 -6504.39562022203 -5757.73511299456 25 3.67614958806812 -1.99957711828817e-230
158875 -1383752.45498694 10195570.7530495 -6492.68665682801 -5850.0019079814 25 3.76492147129631 -5.22655339379061e-223
158900 -1545903.18247699 10048146.4622451 -6479.03798067309 -5944.27790098783 25 3.8563304463854 -1.22092400525225e-215
158925 -1707687.14398046 9898339.95835343 -6463.32387467108 -6040.58170306013 25 3.95042251766815 -2.52824781959419e-208
158950 -1869051.06305851 9746100.35952444 -6445.41196073025 -6138.92744181238 25 4.047237935951 -4.60128738334537e-201
158975 -2029938.26909234 9591376.49381355 -6425.16306284244 -6239.32407792416 25 4.14681004976581 -7.29356421926716e-194
159000 -2190288.52603795 9434117.03757698 -6402.43111083606 -6341.77465623092 25 4.24916402440751 -9.97392450702073e-187
159025 -2350037.85938112 9274270.67343585 -6377.06309432201 -6446.27548876148 25 4.3543154208984 -1.16495300865812e-179
159050 -2509118.38267947 9111786.2695359 -6348.8990776277 -6552.8152677889 25 4.46226862816804 -1.14999143451169e-172
159075 -2667458.12536502 8946613.08186726 -6317.77228784001 -6661.374107917 25 4.57301514341545 -9.48905089789546e-166
159100 -2824980.86380081 8778700.98141779 -6283.50928943615 -6771.92251746636 25 4.68653169793492 -6.46925977118678e-159
159125 -2981605.9579386 8608000.70790829 -6245.93026033416 -6884.42030099519 25 4.80277822875528 -3.60005572040286e-152
159150 -3137248.19631241 8434464.15178846 -6204.84938549044 -6998.81539673636 25 4.92169570038627 -1.61457467250189e-145
159175 -3291817.6525204 8258044.66604917 -6160.07538534627 -7115.04265509526 25 5.04320378590675 -5.75865311316147e-139
159200 -3445219.55679302 8078697.40921893 -6111.4121973939 -7233.02256717009 25 5.16719842268109 -1.61087708426862e-132
159225 -3597354.18671111 7896379.72064816 -6058.65982979578 -7352.65995555705 25 5.2935492652473 -3.48330341334801e-126
159250 -3748116.78161491 7711051.52883174 -6001.61540622606 -7473.84264349906 25 5.42209706644715 -5.73535969707279e-120
159275 -3897397.48572144 7522675.79306633 -5940.07442077154 -7596.44012272268 25 5.55265102767748 -7.0789745657752e-114
159300 -4045081.32542694 7331218.97817225 -5873.8322206717 -7720.30224504688 25 5.68498617017787 -6.44424496708653e-108
159325 -4191048.22669345 7136651.5613187 -5802.68573272183 -7845.25796796748 25 5.81884079138307 -4.25477717118417e-102
159350 -4335173.07877832 6938948.56916986 -5726.43544612892 -7971.11418980451 25 5.9539140832904 -2.00246962317562e-96
159375 -4477325.85083482 6738090.14261062 -5644.88766031939 -8097.65471547253 25 6.08986400311006 -6.59940704692169e-91
159400 -4617371.76805573 6534062.12521734 -5557.85700048647 -8224.63939926449 25 6.22630549959641 -1.49541395363427e-85
159425 -4755171.55401442 6326856.67041696 -5465.16919640229 -8351.80351592262 25 6.36280921063387 -2.28679485798634e-80
159450 -4890581.74563821 6116472.86094269 -5366.66411112945 -8478.85741533806 25 6.49890075790955 -2.31549745049831e-75
159475 -5023455.08678642 5902917.33277293 -5262.19899574857 -8605.48651903665 25 6.63406077170039 -1.52277574889622e-70
159500 -5153641.00566108 5686204.89426846 -5151.65193418122 -8731.35171768539 25 6.76772578163823 -6.37884625703202e-66
159525 -5280986.18021609 5466359.12975152 -5034.92542887034 -8856.09022767298 25 6.89929010640037 -1.66901441018953e-61
159537.5 -5343544.98283974 5355271.16250799 -4974.22199486141 -8917.91745682886 25 6.96408441068237 -2.2491360199749e-59
159550 -5405335.19438793 5243412.97535262 -4911.9500638945 -8979.31696074925 25 7.02810886514097 -2.67478939834869e-57
159562.5 -5466337.18335482 5130790.23429202 -4848.1059479055 -9040.23743485134 25 7.09127742983014 -2.8004497949993e-55
159575 -5526531.2858239 5017409.25373472 -4782.68816749559 -9100.62645415615 25 7.15350221544233 -2.57503460066558e-53
159587.5 -5585897.83375373 4903277.00992293 -4715.69755974853 -9160.43056662207 25 7.2146936878301 -2.07451533951476e-51
159600 -5644417.18458784 4788401.15313661 -4647.13738210889 -9219.59539624914 25 7.27476089367792 -1.46083139559063e-49
159612.5 -5702069.75213361 4672790.0185477 -4577.01341139956 -9278.06575594191 25 7.33361170716685 -8.97051159111311e-48
159625 -5758836.03864364 4556452.63560301 -4505.33403702876 -9335.78577003221 25 7.39115309725319 -4.79254322938614e-46
159637.5 -5814696.66802078 4439398.73581617 -4432.11034741834 -9392.6990062704 25 7.44729141494471 -2.22259763170407e-44
159650 -5869632.42005611 4321638.75885198 -4357.35620867527 -9448.74861699494 25 7.50193269970898 -8.92758912085359e-43
159662.5 -5923624.26559669 4203183.85679071 -4281.08833452971 -9503.8774890878 25 7.55498300388836 -3.09912435943735e-41
159675 -5976653.402528 4084045.89646569 -4203.32634657631 -9558.02840221669 25 7.6063487337305 -9.27792090542838e-40
159687.5 -6028701.29244378 3964237.45977406 -4124.09282388039 -9611.14419475723 25 7.65593700537442 -2.39039214092334e-38
159700 -6079749.69786489 3843771.84186928 -4043.41334104961 -9663.16793667921 25 7.70365601386563 -5.28957930902614e-37
159712.5 -6129780.71985743 3722663.04715316 -3961.31649392367 -9714.04310857385 25 7.749415413013 -1.00337225694783e-35
159725 -6178776.83589054 3600925.78299657 -3877.8339121005 -9763.71378589392 25 7.79312670365112 -1.62846491220241e-34
159737.5 -6226720.93776477 3478575.45112975 -3793.00025759726 -9812.12482737874 25 7.83470362763926 -2.25730084710621e-33
159750 -6273596.36943386 3355628.13665703 -3706.8532090376 -9859.22206654248 25 7.87406256471679 -2.66777730443083e-32
159762.5 -6319386.96453573 3232100.59466503 -3619.43343086291 -9904.95250501926 25 7.91112292915151 -2.68380000524384e-31
159775 -6364077.08344292 3108010.23440902 -3530.78452718375 -9949.26450648392 25 7.9458075629646 -2.29467636204482e-30
159787.5 -6407651.64963877 2983375.10107875 -3440.95298001683 -9992.10798980476 25 7.97804312240079 -1.66507763114934e-29
159800 -6450096.18522335 2858213.85516179 -3349.98807179193 -10033.4346200362 25 8.0077604542379 -1.02400683435886e-28
159812.5 -6491396.84535241 2732545.74944044 -3257.94179216005 -10073.1979958259 25 8.0348949584992 -5.33070114081661e-28
159825 -6531540.4514143 2606390.60367599 -3164.86872928648 -10111.3538317939 25 8.05938693414958 -2.34629439542014e-27
159837.5 -6570514.52275268 2479768.77705207 -3070.82594596904 -10147.8601344443 25 8.08118190442273 -8.72264482998246e-27
159850 -6608307.30674841 2352701.13846706 -2975.87284107953 -10182.6773701863 25 8.10023091854313 -2.73640776184526e-26
159862.5 -6644907.80708108 2225209.03478273 -2880.07099698273 -10215.7686240829 25 8.11649082677361 -7.23818361885284e-26
159875 -6680305.80999972 2097314.25715342 -2783.48401374068 -10247.0997480024 25 8.12992452593517 -1.6132238069314e-25
159887.5 -6714491.90844342 1969039.00557611 -2686.17733105594 -10276.6394969201 25 8.14050117280844 -3.02780404476448e-25
159900 -6747457.52386514 1840405.85181685 -2588.21803904578 -10304.3596522172 25 8.14819636313272 -4.78336419890288e-25
159912.5 -6779194.92562683 1711437.70088277 -2489.67467906538 -10330.2351309277 25 8.15299227426312 -6.35871353948526e-25
159925 -6809697.24784931 1582157.75122114 -2390.61703591107 -10354.2440800145 25 8.15487776992609 -7.11125727835167e-25
159937.5 -6838958.50361843 1452589.45383776 -2291.1159228318 -10376.3679548912 25 8.15384846591903 -6.6900585042346e-25
159950 -6866973.59646655 1322756.47053558 -2191.24296085699 -10396.5915815591 25 8.14990675602685 -5.29467004124117e-25
159962.5 -6893738.32906841 1192682.63148168 -2091.07035400979 -10414.9032018844 25 8.14306179786788 -3.5257080339322e-25
159975 -6919249.40910969 1062391.8923152 -1990.67066201595 -10431.29450171 25 8.13332945882617 -1.97596366249355e-25
159987.5 -6943504.45230734 931908.291012112 -1890.11657213892 -10445.7606216618 25 8.1207322226694 -9.32431073622452e-26
160000 -6966501.98258086 801255.904722898 -1789.48067177165 -10458.3001506826 25 8.10529905788269 -3.70674285335853e-26
160012.5 -6988241.42939415 670458.806798088 -1688.83522339436 -10468.915102492 25 8.08706524916176 -1.24219822578617e-26
160025 -7008723.12230721 539541.024212951 -1588.25194346647 -10477.6108753373 25 8.06607219389632 -3.51194750736255e-27
160037.5 -7027948.2827966 408526.49559709 -1487.80178676043 -10484.3961955552 25 8.0423671658306 -8.3839728029791e-28
160050 -7045919.01342148 277439.030067296 -1387.55473756718 -10489.2830456129 25 8.01600304840559 -1.69173162226647e-28
160062.5 -7062638.28442973 146302.267052779 -1287.5796091081 -10492.2865774314 25 7.98703804056417 -2.88852095345351e-29
160075 -7078109.9179144 15139.6372910622 -1187.94385237988 -10493.4250119185 25 7.95553533802973 -4.17840896309648e-30
160087.5 -7092338.56964557 -116025.674839407 -1088.7133755374 -10492.7195257432 25 7.92156279325063 -5.12756697194137e-31
160100 -7105329.70871546 -247170.767497422 -989.952374788832 -10490.1941264785 25 7.8851925573344 -5.34556187438064e-32
160112.5 -7117089.5951461 -378273.055929972 -891.723177638773 -10485.8755173103 25 7.84650070737632 -4.74149115650453e-33
160125 -7127625.25561842 -509310.305273359 -794.086099171419 -10479.7929525686 25 7.80556686261874 -3.58404538883503e-34
160137.5 -7136944.45748929 -640260.661497841 -697.099311919755 -10471.9780853764 25 7.76247379286091 -2.31261851172941e-35
160150 -7145055.68126899 -771102.680405461 -600.818729720047 -10462.464808734 25 7.71730702247687 -1.27607734383352e-36
160162.5 -7151968.09173567 -901815.354607297 -505.297905806351 -10451.2890913589 25 7.67015443329558 -6.03249042265555e-38
160175 -7157691.50786567 -1032378.13842277 -410.587945259147 -10438.488809594 25 7.62110586945518 -2.44792767867481e-39
160187.5 -7162236.3717591 -1162770.97065993 -316.737431787491 -10424.1035766686 25 7.57025274716854 -8.54373772080351e-41
160200 -7165613.7167391 -1292974.29525152 -223.792368696891 -10408.1745705565 25 7.51768767213336 -2.57002305852761e-42
160212.5 -7167835.1348005 -1422969.07973664 -131.796133776902 -10390.7443616254 25 7.46350406709357 -6.67703306411891e-44
160225 -7168912.74357971 -1552736.83159279 -40.7894477343027 -10371.8567412085 25 7.40779581181376 -1.5015096341881e-45
160237.5 -7168859.15301226 -1682259.61243623 49.1896442994668 -10351.556552155 25 7.35065689747058 -2.92908843831756e-47
160250 -7167687.43183804 -1811520.05012185 138.105778743446 -10329.8895223416 25 7.29218109720003 -4.96794960294319e-49
160262.5 -7165411.07410684 -1940501.34878508 225.92626765536 -10306.9021020388 25 7.23246165427029 -7.34276483165373e-51
160275 -7162043.96582848 -2069187.29687924 312.621081624843 -10282.6413059363 25 7.17159098908345 -9.47964367426671e-53
160287.5 -7157600.35190295 -2197562.2732711 398.162822213176 -10257.154560545 25 7.10966042594681 -1.07151784086679e-54
160300 -7152094.80345631 -2325611.25146581 482.526684718774 -10230.4895575937 25 7.04675994030242 -1.06296198971068e-56
160312.5 -7145542.1856983 -2453319.80203967 565.690412074243 -10202.6941139532 25 6.9829779268617 -9.27666654880018e-59
160325 -7137957.62640739 -2580674.09336492 647.634240696641 -10173.8160385245 25 6.9184009888663 -7.13960486960481e-61
160350 -7119754.32329056 -2834267.55381939 807.795240277126 -10113.0024407722 25 6.78719867810775 -2.92884712682761e-65
160375 -7097610.01833997 -3086292.86444443 962.898959021564 -10048.4264869549 25 6.65380332064862 -7.48309134316708e-70
160400 -7071652.15645326 -3336660.61424561 1112.87004635671 -9980.45852296417 25 6.51882657306665 -1.21431833982581e-74
160425 -7042009.65172322 -3585290.52790237 1257.66585572815 -9909.45861482471 25 6.38283825032169 -1.27620419350911e-79
160450 -7008812.10503586 -3832111.17768083 1397.27360810094 -9835.77414314395 25 6.24636427863188 -8.85595163207128e-85
160475 -6972189.09379745 -4077059.64123913 1531.70747096467 -9759.73787590211 25 6.10988566614581 -4.1357588235081e-90
160500 -6932269.53498809 -4320081.11693273 1661.00562412695 -9681.66649004079 25 5.97383835946058 -1.32437837702137e-95
160525 -6889181.12110047 -4561128.50739169 1785.22737212927 -9601.85950503326 25 5.83861385015667 -2.96186673626445e-101
160550 -6843049.82716891 -4800161.98115838 1904.45035176046 -9520.59858698313 25 5.7045603975992 -4.70955913834819e-107
160575 -6793999.48601876 -5037148.52110405 2018.7678723374 -9438.14717944552 25 5.57198474089516 -5.41760971713709e-113
160600 -6742151.4280505 -5272061.46723835 2128.28641649816 -9354.75041670564 25 5.44115418278021 -4.5853375978542e-119
160625 -6687624.18129223 -5504880.06042934 2233.12332041718 -9270.6352762913 25 5.31229894016797 -2.90238676468911e-125
160650 -6630533.2270795 -5735588.99249625 2333.40464470962 -9186.0109296668 25 5.18561466913677 -1.39571443644446e-131
160675 -6570990.80652252 -5964177.96714669 2429.26324086754 -9101.06925302051 25 5.06126508546055 -5.17701635102177e-138
160700 -6509105.77286785 -6190641.2753202 2520.83701282648 -9015.98546352799 25 4.93938461479943 -1.50291043678632e-144
160725 -6444983.48492549 -6414977.38768124 2608.26736911582 -8930.91885020698 25 4.82008101891829 -3.46282071769309e-151
160750 -6378725.7368874 -6637188.56627992 2691.69785789364 -8846.01357228733 25 4.70343795550716 -6.4178260740371e-158
160775 -6310430.72008626 -6857280.49676894 2771.27297488283 -8761.39950175248 25 4.58951743917244 -9.69108075273552e-165
160800 -6240193.01251341 -7075261.94202655 2847.13713268408 -8677.1930902619 25 4.47836217988315 -1.20697902856679e-171
160825 -6168103.59221585 -7291144.41758235 2919.4337790186 -8593.49824396445 25 4.3699977825974 -1.25442317075284e-178
160850 -6094249.87100935 -7504941.88886856 2988.30465103282 -8510.40719271691 25 4.2644347980175 -1.10012354704009e-185
160875 -6018715.74526772 -7716670.49001683 3053.88915277399 -8428.00134290736 25 4.16167061951965 -8.22805903533493e-193
160900 -5941581.66086733 -7926348.26368053 3116.32384322605 -8346.352105447 25 4.06169122538665 -5.3014398470386e-200
160925 -5862924.68967546 -8133994.92117793 3175.74202280059 -8265.52169254221 25 3.96447276866181 -2.97095974473027e-207
160950 -5782818.61526571 -8339631.62211458 3232.27340684055 -8185.56387861074 25 3.86998301936004 -1.46138303081083e-214
160975 -5701334.02582012 -8543280.772546 3286.04387545978 -8106.52472218148 25 3.77818266553615 -6.36434168967071e-222
161000 -5618538.41243468 -8744965.84067903 3337.17528986542 -8028.44324684514 25 3.68902648093045 -2.47417727925918e-229
161025 -5534496.27128046 -8944711.18907439 3385.78536615734 -7951.35208032735 25 3.60246436768579 -8.65322287679088e-237
161050 -5449269.2082871 -9142541.92230068 3431.98759844329 -7875.27805156589 25 3.51844228304718 -2.74284134981344e-244
161075 -5362916.04520936 -9338483.74899525 3475.89122393011 -7800.24274631375 25 3.4369030590899 -7.9348227620831e-252
161100 -5275492.92611062 -9532562.85730684 3517.60122343599 -7726.26302228544 25 3.35778712444022 -2.10894549692683e-259
161125 -5187053.42345231 -9724805.80272539 3557.21835150735 -7653.35148523643 25 3.28103313670903 -5.18215388492222e-267
161150 -5097648.64311431 -9915239.40734251 3594.83919101067 -7581.51692763579 25 3.2065785339973 -1.18427371520775e-274
161175 -5007327.3277922 -10103890.6696303 3630.55622770067 -7510.76473177715 25 3.13436001339066 -2.53123596501383e-282
161200 -4916135.95832201 -10290786.6838737 3664.45794084272 -7441.09723928886 25 3.06431394386796 -5.08701072296555e-290
161225 -4824118.85257461 -10475954.5684418 3696.62890648756 -7372.51408906399 25 2.99637672052809 -9.66113845273287e-298
161250 -4731318.26164114 -10659421.4021335 3727.14991046504 -7305.01252564611 25 2.9304850665096 -1.7421979807837e-305
161275 -4637774.46309874 -10841214.1678849 3756.09806858116 -7238.58768008733 25 2.86657628845133 -0
161300 -4543525.85120397 -11021359.7031745 3783.54695187386 -7173.23282524939 25 2.80458849083048 -0
161325 -4448609.02391082 -11199884.6565116 3809.56671511083 -7108.93960745238 25 2.74446075402368 -0
161350 -4353058.86665201 -11376815.4494386 3834.22422700059 -7045.69825629617 25 2.68613328047175 -0
161375 -4256908.63285707 -11552178.2435252 3857.58320084055 -6983.49777438979 25 2.62954751289342 -0
161400 -4160190.02121004 -11725998.9118713 3879.7043245451 -6922.32610862847 25 2.57464622808809 -0
161425 -4062933.24967336 -11898303.0146775 3900.64538918772 -6862.17030455954 50 2.52137360949418 -0
161450 -3965167.12632429 -12069115.7784779 3920.46141535544 -6803.01664527859 50 2.46967530132646 -0
161475 -3866919.11706572 -12238462.0786674 3939.20477675608 -6744.8507761994 50 2.41949844680315 -0
161500 -3768215.41028593 -12406366.4249829 3956.92532063951 -6687.65781694434 50 2.37079171268916 -0
161525 -3669080.97855107 -12572852.9496348 3973.67048469815 -6631.42246150974 50 2.32350530212489 -0
161550 -3569539.63742198 -12737945.3978054 3989.48541019954 -6576.12906777122 50 2.27759095747845 -0
161575 -3469614.10149148 -12901667.1202639 4004.41305117781 -6521.76173731022 50 2.23300195475058 -0
161600 -3369326.03774252 -13064041.0678635 4018.49427957348 -6468.30438646267 50 2.18969309087574 -0
161625 -3268696.11632898 -13225089.7877156 4031.76798626275 -6415.74080941645 50 2.14762066509582 -0
161650 -3167744.05888247 -13384835.4208488 4044.27117796043 -6364.05473411397 50 2.10674245543464 -0
161675 -3066488.68444786 -13543299.701183 4056.03907001628 -6313.22987165135 50 2.06701769116975 -0
161700 -2964947.9531498 -13700503.955664 4067.10517515298 -6263.24995980523 50 2.02840702208053 -0
161725 -2863139.0076908 -13856469.105419 4077.50138821728 -6214.09880126241 50 1.9908724851484 -0
161750 -2761078.21277941 -14011215.667807 4087.25806703407 -6165.76029707591 50 1.95437746929314 -0
161775 -2658781.19258474 -14164763.7592506 4096.40410946749 -6118.21847582368 50 1.91888667864854 -0
161800 -2556262.86631067 -14317133.0987483 4104.96702680364 -6071.45751890277 50 1.88436609480968 -0
161825 -2453537.48198014 -14468343.0119744 4112.97301357769 -6025.46178235157 50 1.85078293842132 -0
161850 -2350618.64851697 -14618412.4358852 4120.4470139732 -5980.21581555639 50 1.81810563042242 -0
161875 -2247519.36620912 -14767359.9237567 4127.4127849251 -5935.70437716516 50 1.7863037532134 -0
161900 -2144252.0556342 -14915203.6505892 4133.89295605928 -5891.91244850066 50 1.75534801197098 -0
161925 -2040828.58512466 -15061961.4188181 4139.90908660208 -5848.82524473773 50 1.72521019629878 -0
161950 -1937260.29684674 -15207650.6642789 4145.48171939195 -5806.42822408359 50 1.69586314236974 -0
161975 -1833558.03156396 -15352288.462379 4150.63043212409 -5764.70709517768 50 1.66728069568899 -0
162000 -1729732.15215278 -15495891.5344341 4155.37388595604 -5723.64782290603 50 1.6394376745814 -0
162025 -1625792.56593479 -15638476.2541326 4159.72987159915 -5683.2366328065 50 1.6123098344874 -0
162050 -1521748.74588678 -15780058.6540935 4163.7153530176 -5643.46001422387 50 1.58587383313264 -0
162100 -1313384.24430947 -16060278.9596641 4170.63877171266 -5565.75777930108 50 1.53498828650073 -0
162150 -1104706.48515283 -16336674.143215 4176.26483972335 -5490.43836336939 50 1.48661107795184 -0
162200 -895777.545602851 -16609360.8656454 4180.70346259072 -5417.40327168281 50 1.4405846190805 -0
162250 -686654.255417183 -16878450.9687202 4184.05479649843 -5346.55822281739 50 1.39676274757292 -0
162300 -477388.660562138 -17144051.6838704 4186.41018472327 -5277.8130693881 50 1.35500984904709 -0
162350 -268028.442456044 -17406265.8363937 4187.8529986689 -5211.08169454438 50 1.31520004148741 -0
162400 -58617.2973377403 -17665192.0440155 4188.45939339508 -5146.28189092301 50 1.2772164199382 -0
162450 150804.720191947 -17920924.9090738 4188.29898658152 -5083.33522739393 50 1.24095035856323 -0
162500 360200.885832013 -18173555.2038257 4187.43546896362 -5022.16690784079 50 1.20630086684937 -0
162550 569537.523203479 -18423170.0485657 4185.92715344933 -4962.70562532922 50 1.17317399657019 -0
162600 778783.747530426 -18669853.0823926 4183.82746937186 -4904.88341429405 50 1.14148229608372 -0
162650 987911.232783624 -18913684.626581 4181.18540764971 -4848.63550279251 50 1.1111443085827 -0
162700 1196893.99996345 -19154741.8405998 4178.04592200893 -4793.90016639788 50 1.08208411101859 -0
162750 1405708.22444239 -19393098.8708927 4174.45029086865 -4740.61858492683 50 1.05423089056266 -0
162800 1614332.06050489 -19628826.9925839 4170.43644399471 -4688.73470288746 50 1.02751855563396 -0
162850 1822745.48141624 -19861994.7443145 4166.03925758232 -4638.19509428894 50 1.00188537870364 -0
162900 2030930.13352504 -20092668.0564365 4161.29082103252 -4588.94883225785 50 0.977273668270317 -0
162950 2238869.20305824 -20320910.3728154 4156.22067833434 -4540.94736375001 50 0.953629467586465 -0
163000 2446547.29440513 -20546782.7664982 4150.85604664988 -4494.14438952367 50 0.930902277896206 -0
163050 2653950.31880947 -20770344.0495147 4145.22201441982 -4448.49574944291 50 0.909044804119373 -0
163100 2861065.39249849 -20991650.8770756 4139.34172105797 -4403.95931310531 50 0.888012721081788 -0
163150 3067880.74337524 -21210757.8464352 4133.23652008209 -4360.49487573005 50 0.867764458547729 -0
163200 3274385.62548817 -21427717.590677 4126.92612733136 -4318.06405919873 50 0.848261003456207 -0
163250 3480570.24056986 -21642580.8676776 4120.42875574603 -4276.63021810911 50 0.829465717898229 -0
163300 3686425.66600648 -21855396.6444955 4113.76123802895 -4236.15835067838 50 0.811344171497661 -0
163350 3891943.78866235 -22066212.1774221 4106.93913837045 -4196.61501431655 50 0.793863986973961 -0
163400 4097117.2440396 -22275073.0879246 4099.97685429454 -4157.96824568012 50 0.77699469777144 -0
163450 4301939.36030309 -22482023.434699 4092.88770957512 -4120.18748501048 50 0.760707616737189 -0
163500 4506404.10674582 -22687105.782044 4085.68403907281 -4083.24350455919 50 0.744975714919165 -0
163550 4710506.04631035 -22890361.2647527 4078.37726625625 -4047.10834090274 50 0.729773509637457 -0
163600 4914240.29181776 -23091829.649715 4070.977974094 -4011.75523095215 50 0.71507696105625 -0
163650 5117602.46558847 -23291549.3944072 4063.49596993382 -3977.15855146695 50 0.700863376551894 -0
163700 5320588.66216839 -23489557.7024424 4055.94034492449 -3943.29376188851 50 0.687111322234339 -0
163750 5523195.41390031 -23685890.5763408 4048.31952847995 -3910.13735031407 100 0.673800541035516 -0
163800 5725419.65910394 -23880582.8676742 4040.64133823612 -3877.66678243948 100 0.660911876829476 -0
163850 5927258.71264971 -24073668.3247285 4032.91302590686 -3845.86045330623 100 0.648427204095775 -0
163900 6128710.23873054 -24265179.6378195 4025.14131940552 -3814.69764169546 100 0.636329362679941 -0
163950 6329772.22565335 -24455148.4823927 4017.3324615636 -3784.15846701928 100 0.624602097243501 -0
164000 6530442.96248765 -24643605.5600262 4009.49224574584 -3754.22384856731 100 0.613230001031091 -0
164050 6730721.01742307 -24830580.6374522 4001.62604863284 -3724.87546697354 100 0.602198463614102 -0
164100 6930605.2177003 -25016102.5837048 3993.7388604165 -3696.09572777585 100 0.591493622299368 -0
164150 7130094.63099189 -25200199.4054958 3985.83531263076 -3667.86772694756 100 0.581102316917796 -0
164200 7329188.54811964 -25382898.2809131 3977.91970381919 -3640.17521828704 100 0.571012047731906 -0
164250 7527886.46700514 -25564225.591534 3969.99602322263 -3613.00258255786 100 0.561210936223148 -0
164300 7726188.07775874 -25744206.9530361 3962.06797265292 -3586.33479827825 100 0.551687688539788 -0
164350 7924093.24882001 -25922867.2443876 3954.1389867041 -3560.15741406427 100 0.542431561404343 -0
164400 8121602.01407006 -26100230.6356911 3946.21225143842 -3534.4565224371 100 0.533432330296092 -0
164450 8318714.56084272 -26276320.6147534 3938.29072167234 -3509.21873500961 100 0.524680259739315 -0
164500 8515431.21876735 -26451160.0124466 3930.37713697656 -3484.43115897303 100 0.516166075541646 -0
164550 8711752.44938178 -26624771.0269253 3922.4740364941 -3460.08137480875 100 0.507880938839561 -0
164600 8907678.83645846 -26797175.2467575 3914.58377267111 -3436.15741515506 100 0.499816421819447 -0
164650 9103211.07699195 -26968393.6730274 3906.70852398725 -3412.64774476275 100 0.491964484993231 -0
164700 9298349.97279946 -27138446.7404614 3898.85030676452 -3389.54124147763 100 0.484317455917118 -0
164750 9493096.42269037 -27307354.3376274 3891.010986127 -3366.82717819153 100 0.476868009250759 -0
164800 9687451.41516387 -27475135.8262554 3883.19228617767 -3344.49520570694 100 0.469609148062201 -0
164900 10074991.3898961 -27807395.4006847 3867.6229957121 -3300.93792906217 100 0.455636732292826 -0
165000 10460979.351072 -28135370.503815 3852.15375076805 -3258.79357780808 100 0.442350161287885 -0
165100 10845425.7965403 -28459198.8502007 3836.79415045279 -3217.99140403441 100 0.429703625704424 -0
165200 11228342.1075085 -28779011.3164281 3821.55229681761 -3178.46533050568 100 0.417655129493989 -0
165300 11609740.4085726 -29094932.3890796 3806.43498509762 -3140.15357477419 100 0.40616611392693 -0
165400 11989633.4454948 -29407080.5768975 3791.44786906151 -3102.99830841911 100 0.395201124080221 -0
165500 12368034.4784194 -29715568.7904731 3776.59560495453 -3066.94534773077 100 0.384727512424378 -0
165600 12744957.1885383 -30020504.6924391 3761.88197699377 -3031.94387257984 100 0.374715174889495 -0
165700 13120415.5964889 -30321991.0208359 3747.31000693517 -2997.94617058019 100 0.365136315423029 -0
165800 13494423.9910051 -30620125.8880513 3732.88204986214 -2964.90740397906 100 0.355965235590677 -0
165900 13866996.8665344 -30915003.0574888 3718.59987803403 -2932.78539699428 100 0.34717814623141 -0
166000 14238148.8687103 -31206712.1999068 3704.4647543698 -2901.54044156984 100 0.338752998570936 -0
166100 14607894.7467118 -31495339.1311783 3690.47749691925 -2871.13511974289 100 0.330669332534837 -0
166200 14976249.3116688 -31780966.0330498 3676.6385354855 -2841.53414101137 100 0.32290814029202 -0
166300 15343227.4003791 -32063671.6583263 3662.94796140127 -2812.70419326366 100 0.315451743308164 -0
166400 15708843.8436982 -32343531.5217736 3649.40557132505 -2784.61380598512 100 0.308283681403599 -0
166500 16073113.4390404 -32620618.0779059 3636.01090580604 -2757.23322459073 100 0.301388612495554 -0
166600 16436050.926503 -32895000.8867207 3622.7632832667 -2730.53429485352 100 0.294752221865346 -0
166700 16797670.9681832 -33166746.7683411 3609.66182996636 -2704.49035650403 100 0.288361139930322 -0
166800 17157988.1303109 -33435919.9474427 3596.70550643527 -2679.07614517051 100 0.282202867621404 -0
166900 17517016.8678663 -33702582.1882598 3583.89313080548 -2654.26770191341 100 0.276265708572416 -0
167000 17874771.5113922 -33966792.9208959 3571.22339941025 -2630.04228968199 100 0.270538707419215 -0
167100 18231266.2557417 -34228609.3596013 3558.69490497648 -2606.37831608746 100 0.265011593586875 -0
167200 18586515.150538 -34488086.6136207 3546.30615269404 -2583.25526194601 100 0.259674730013396 -0
167300 18940532.0921454 -34745277.7911621 3534.05557441057 -2560.65361509838 100 0.254519066319896 -0
167400 19293330.8169742 -35000234.0969936 3521.94154116959 -2538.55480905925 100 0.249536095991299 -0
167500 19644924.8959663 -35253004.9241293 3509.96237428321 -2516.94116609252 100 0.244717817178992 -0
167600 19995327.7301202 -35503637.9400281 3498.11635510778 -2495.79584434629 100 0.240056696778757 -0
167700 20344552.5469363 -35752179.1676961 3486.40173367021 -2475.10278871507 100 0.2355456374742 -0
167800 20692612.3976721 -35998673.0620478 3474.81673627557 -2454.84668512757 100 0.231177947468424 -0
167900 21039520.1553123 -36243162.5818566 3463.35957221089 -2435.01291798577 100 0.226947312655595 -0
168000 21385288.5131685 -36485689.2575958 3452.02843964669 -2415.58753050544 100 0.222847771009526 -0
168100 21729929.9840324 -36726293.2554492 3440.82153082599 -2396.55718773069 200 0.218873688989093 -0
168200 22073456.8998158 -36965013.4377484 3429.73703662031 -2377.90914201527 200 0.215019739780414 -0
168300 22415881.4116177 -37201887.4200735 3418.77315052286 -2359.631200781 200 0.211280883213638 -0
168400 22757215.4901652 -37436951.6252362 3407.92807214125 -2341.71169638068 200 0.207652347208111 -0
168500 23097470.9265803 -37670241.3343476 3397.20001024522 -2324.13945790698 200 0.204129610613961 -0
168600 23436659.3334322 -37901790.7351584 3386.58718541816 -2306.90378480273 200 0.200708387330794 -0
168700 23774792.1460363 -38131632.9678443 3376.08783235634 -2289.99442213978 200 0.197384611595599 -0
168800 24111880.6239671 -38359800.1683979 3365.7002018545 -2273.40153744488 200 0.194154424342102 -0
168900 24447935.8527559 -38586323.5097761 3355.42256251236 -2257.11569896083 200 0.19101416054293 -0
169000 24782968.7457458 -38811233.2409398 3345.25320219275 -2241.12785524037 200 0.187960337454143 -0
169100 25116990.0460816 -39034558.7239174 3335.19042925885 -2225.42931597851 200 0.184989643689027 -0
169200 25450010.3288139 -39256328.4690086 3325.23257361485 -2210.01173399648 200 0.18209892905464 -0
169300 25782040.0030973 -39476570.1682413 3315.37798757194 -2194.86708829739 200 0.179285195090595 -0
169400 26113089.3144681 -39695310.7271843 3305.62504655889 -2179.98766812002 200 0.176545586254893 -0
169500 26443168.3471857 -39912576.2952129 3295.97214969487 -2165.36605792271 200 0.173877381706467 -0
169600 26772287.0266253 -40128392.2943159 3286.41772023969 -2150.99512323462 200 0.171277987638492 -0
169700 27100455.1217097 -40342783.4465297 3276.96020593564 -2136.86799731659 200 0.16874493012046 -0
169800 27427682.2473707 -40555773.8000762 3267.59807925304 -2122.9780685778 200 0.166275848410574 -0
169900 27753977.8670306 -40767386.7542777 3258.32983755081 -2109.31896869886 200 0.163868488703315 -0
170000 28079351.2950956 -40977645.0833183 3249.15400316189 -2095.88456141538 200 0.161520698279917 -0
170100 28403811.6994552 -41186570.9589142 3240.0691234123 -2082.66893191949 200 0.159230420032196 -0
170200 28727368.1039798 -41394185.9719539 3231.07377058195 -2069.66637683993 200 0.156995687332599 -0
170300 29050029.3910117 -41600511.1531637 3222.16654181413 -2056.87139476411 200 0.154814619225522 -0
170500 29692701.4491741 -42009373.4597133 3204.61096850243 -2031.88310041521 200 0.150606354541917 -0
170700 30331896.1959613 -42413315.6499752 3187.39167181084 -2007.6637475788 200 0.146592127160521 -0
170900 30967679.8457242 -42812487.7094359 3170.4983055726 -1984.17573927281 200 0.142759547538303 -0
171100 31600116.5814139 -43207032.3556017 3153.92090039211 -1961.38395698339 200 0.139097226126235 -0
171300 32229268.6289598 -43597085.5129952 3137.64985370934 -1939.25555720436 200 0.135594676560319 -0
171500 32855196.3295694 -43982776.7494837 3121.67591901533 -1917.75978781547 200 0.132242229716317 -0
171700 33477958.2098115 -44364229.6776791 3105.9901945028 -1896.86782207255 200 0.12903095724853 -0
171900 34097611.049391 -44741562.3247318 3090.58411137667 -1876.55260826455 200 0.125952603427786 -0
172100 34714209.9465681 -45114887.4734805 3075.44942200278 -1856.78873333392 200 0.122999524258432 -0
172300 35327808.3812024 -45484312.9775952 3060.57818803444 -1837.55229896574 200 0.120164632993623 -0
172500 35938458.2754296 -45849942.0530741 3045.96276862591 -1818.82080883109 200 0.117441351286826 -0
172700 36546210.0519963 -46211873.548207 3031.59580881695 -1800.57306582653 200 0.114823565318496 -0
