0 314159000 0 -1178.82031625669 224.460825046344 100 0.00403837820768556 -0
100 314041097.77143 22446.0820234724 -1179.22430568289 224.460810608775 200 0.0040414110586773 -0
300 313805172.041576 67338.2345078826 -1180.03319548699 224.460694912821 400 0.00404749002334219 -0
700 313332834.639038 157122.411934449 -1181.65463125888 224.460114405243 800 0.00405970126351175 -0
1500 312386209.209613 336689.600747988 -1184.91222709008 224.457542119041 1600 0.00408433908963958 -0
3100 310485100.425172 695813.977213468 -1191.48712561852 224.446631560196 1600 0.00413449329608924 -0
4700 308573407.108693 1054914.59515085 -1198.14321187971 224.427795717496 1600 0.00418585262850957 -0
6300 306650997.807445 1413978.53911662 -1204.88243742081 224.400738686891 1600 0.00423845916466359 -0
7900 304717737.892139 1772992.40963021 -1211.70682190296 224.365151207586 1600 0.00429235692030295 -0
9500 302773489.445457 2131942.30122224 -1218.61845623584 224.320709928173 1600 0.00434759196038577 -0
11100 300818111.14543 2490813.77927058 -1225.61950589188 224.267076624588 1600 0.00440421251796209 -0
12700 298851458.14336 2849591.85554418 -1232.7122144125 224.203897366205 1600 0.00446226912134626 -0
14300 296873381.935968 3208260.96236844 -1239.89890711988 224.130801626028 1600 0.00452181473025253 -0
15900 294883730.231425 3566804.92531928 -1247.18199504851 224.047401330605 1600 0.004582904881634 -0
17500 292882346.80892 3925206.93434573 -1254.5639791124 223.953289844864 1600 0.00464559784603502 -0
19100 290869071.371344 4283449.51321268 -1262.04745452471 223.848040886666 1600 0.00470995479534507 -0
20700 288843739.390702 4641514.48714698 -1269.63511548835 223.731207365351 1600 0.00477603998292826 -0
22300 286806181.945779 4999382.94856024 -1277.3297601774 223.60232013806 1600 0.00484392093719849 -0
23900 284756225.5516 5357035.2207115 -1285.13429603104 223.460886676984 1600 0.00491366866981635 -0
25500 282693691.980143 5714450.81916123 -1293.05174538367 223.306389640074 1600 0.0049853578998026 -0
27100 280618398.071766 6071608.41085593 -1301.08525145672 223.138285336998 1600 0.00505906729499472 -0
28700 278530155.536738 6428485.77066837 -1309.23808474027 222.956002081338 1600 0.00513487973241996 -0
30300 276428770.74622 6785059.73520389 -1317.51364979479 222.75893841912 1600 0.00521288257932303 -0
31900 274314044.512018 7141306.15366622 -1325.91549250648 222.546461222775 1600 0.0052931679967699 -0
33500 272185771.854329 7497199.83555802 -1334.44730783243 222.317903638539 1600 0.00537583326795521 -0
35100 270043741.756683 7852714.49497126 -1343.11294807548 222.072562874026 1600 0.00546098115357148 -0
36700 267887736.90719 8207822.69120026 -1351.91643173233 221.809697811368 1600 0.00554872027685748 -0
38300 265717533.425142 8562495.7653855 -1360.86195296277 221.528526429738 1600 0.00563916554123473 -0
39900 263532900.571927 8916703.77286913 -1369.95389173241 221.228223019368 1600 0.00573243858376935 -0
41500 261333600.445149 9270415.41091312 -1379.19682468672 220.9079151672 1600 0.00582866826806706 -0
43100 259119387.654712 9623597.94139712 -1388.59553681971 220.566680492167 1600 0.00592799122062755 -0
44700 256890008.979553 9976217.10807638 -1398.15503400734 220.203543105601 1600 0.00603055241515844 -0
46300 254645203.003587 10328237.0479384 -1407.88055648279 219.817469769529 1600 0.0061365058098858 -0
47900 252384699.729274 10679620.1961514 -1417.77759333887 219.40736572249 1600 0.00624601504350828 -0
49500 250108220.1671 11030327.1840452 -1427.85189815188 218.972070138953 1600 0.00635925419613578 -0
51100 247815475.899097 11380316.7295098 -1438.10950583157 218.510351184445 1600 0.00647640862234386 -0
52700 245506168.61434 11729545.51913 -1448.556750813 218.020900623934 1600 0.00659767586437837 -0
53500 244345207.79228 11903860.5085891 -1453.85355351032 217.765344839768 1600 0.00665991710054899 -0
54300 243179989.61412 12077968.0812937 -1459.20028671848 217.502327936042 1600 0.00672326665458053 -0
55100 242010473.782916 12251862.1936481 -1464.59783550382 217.231662184933 1600 0.0067877531097102 -0
55900 240836619.284635 12425536.6494977 -1470.04710763719 216.953153878762 1600 0.00685340601726589 -0
56700 239658384.369693 12598985.0952517 -1475.54903435864 216.666603094664 1600 0.00692025593737145 -0
57500 238475726.533864 12772201.0148132 -1481.10457117393 216.371803448159 1600 0.00698833448170092 -0
58300 237288602.498532 12945177.7243074 -1486.71469868473 216.06854183499 1600 0.00705767435840223 -0
59100 236096968.190276 13117908.3665985 -1492.38042345392 215.756598160577 1600 0.00712830941931872 -0
59900 234900778.719742 13290385.9055847 -1498.10277890812 215.4357450564 1600 0.00720027470964577 -0
60700 233699988.359774 13462603.1202613 -1503.88282627899 215.105747582554 1600 0.00727360652016916 -0
61500 232494550.522783 13634552.5985395 -1509.72165558557 214.7663629157 1600 0.00734834244224163 -0
62300 231284417.737313 13806226.7308097 -1515.62038665972 214.417340021571 1600 0.00742452142566554 -0
63100 230069541.623756 13977617.7032368 -1521.58017021689 214.058419311125 1600 0.0075021838396607 -0
63900 228849872.869213 14148717.4907724 -1527.6021889746 213.689332279396 1600 0.00758137153710948 -0
64700 227625361.201419 14319517.8498722 -1533.68765882131 213.309801126022 1600 0.00766212792228495 -0
65500 226395955.361724 14490010.310901 -1539.83783003822 212.919538356357 1600 0.00774449802228249 -0
66300 225161603.077075 14660186.1702111 -1546.05398857703 212.518246362004 1600 0.00782852856239136 -0
67100 223922251.030942 14830036.4818762 -1552.33745739658 212.105616979516 1600 0.00791426804566009 -0
67900 222677844.833163 14999552.0490633 -1558.68959786181 211.681331025943 1600 0.00800176683692822 -0
68700 221428328.988637 15168723.4150229 -1565.11181120828 211.245057809791 1600 0.0080910772516172 -0
69500 220173646.864815 15337540.8536783 -1571.60554007616 210.796454615867 1600 0.00818225364959534 -0
70300 218913740.657942 15505994.3597911 -1578.1722701175 210.335166162367 1600 0.00827535253445559 -0
71100 217648551.357976 15674073.6386808 -1584.813531681 209.860824028474 1600 0.0083704326585707 -0
71900 216378018.712135 15841768.0954747 -1591.53090157877 209.373046050545 1600 0.00846755513431878 -0
72700 215102081.186983 16009066.8238608 -1598.32600493994 208.871435684905 1600 0.0085667835519025 -0
73500 213820675.929011 16175958.5943171 -1605.20051715601 208.355581335048 1600 0.00866818410421895 -0
74300 212533738.723614 16342431.8417876 -1612.15616592368 207.825055640925 1600 0.00877182571927303 -0
75100 211241203.952395 16508474.6527738 -1619.19473339075 207.279414727799 1600 0.00887778020066717 -0
75900 209943004.548711 16674074.7518085 -1626.31805841153 206.718197411978 1600 0.00898612237674309 -0
76700 208639071.951366 16839219.4872754 -1633.5280389183 206.140924360494 1600 0.00909693025899842 -0
77500 207329336.05636 17003895.8165371 -1640.82663441608 205.547097201619 1600 0.00921028521045256 -0
78300 206013725.16659 17168090.2903314 -1648.21586860835 204.9361975828 800 0.00932627212469221 -0
79100 204692165.939392 17331789.0363908 -1655.69783216198 204.307686172395 800 0.00944497961638888 -0
79900 203364583.331818 17494977.7422402 -1663.27468562024 203.661001601238 800 0.00956650022414759 -0
80700 202030900.543519 17657641.637122 -1670.94866247332 202.995559339784 800 0.00969093062662044 -0
81500 200691038.957098 17819765.472996 -1678.7220723967 202.310750506218 800 0.00981837187289954 -0
82300 199344918.075814 17981333.5045562 -1686.59730466829 201.60594060052 800 0.00994892962829262 -0
83100 197992455.458463 18142329.4682037 -1694.57683177613 200.880468159105 800 0.0100827144366832 -0
83900 196633566.651306 18302736.5599093 -1702.6632132296 200.13364332413 800 0.0102198420007844 -0
84700 195268165.116853 18462537.4118956 -1710.85909958762 199.364746321139 800 0.0103604334817139 -0
85500 193896162.159333 18621714.0680622 -1719.16723671899 198.573025838094 800 0.0105046158194498 -0
86300 192517466.846663 18780247.9580718 -1727.59047031063 197.757697298304 800 0.0106525220758696 -0
87100 191131985.928701 18938119.8700104 -1736.13175064122 196.917941019039 800 0.0108042918022356 -0
87900 189739623.75157 19095309.9215246 -1744.79413763894 196.052900246945 800 0.0109600714331656 -0
88700 188340282.167812 19251797.5293356 -1753.58080624357 195.161679060527 800 0.0111200147093242 -0
89500 186933860.442131 19407561.3770184 -1762.49505209502 194.243340129111 800 0.0112842831312861 -0
90300 185520255.152436 19562579.3809261 -1771.54029757208 193.296902316707 800 0.0114530464472617 -0
91100 184099360.085911 19716828.6541324 -1780.72009820725 192.32133811812 800 0.0116264831776465 -0
91900 182671066.129797 19870285.4682503 -1790.03814950597 191.315570913458 800 0.0118047811796484 -0
92700 181235261.156536 20022925.2129771 -1799.49829420059 190.278472025873 800 0.011988138255581 -0
93500 179791829.902936 20174722.3532016 -1809.10452997264 189.208857565898 800 0.0121767628087789 -0
94300 178340653.842958 20325650.3834948 -1818.8610176795 188.105485044108 800 0.0123708745515041 -0
95100 176881611.053698 20475681.7797922 -1828.77209012526 186.96704973206 800 0.0125707052696724 -0
95900 175414576.074134 20624787.9480561 -1838.84226141887 185.792180749405 800 0.0127764996497455 -0
96700 173939419.756127 20772939.1696907 -1849.07623696689 184.579436852866 800 0.0129885161737121 -0
97500 172456009.107154 20920104.5434597 -1859.47892415269 183.327301900251 800 0.0132070280887337 -0
98300 170964207.124218 21066251.923636 -1870.05544375856 182.034179959886 800 0.0134323244587558 -0
99100 169463872.618287 21211347.8540856 -1880.81114219312 180.698390032729 800 0.013664711306213 -0
99900 167954860.028613 21355357.4979626 -1891.75160459208 179.31816035091 800 0.0139045128528819 -0
100700 166437019.226203 21498244.562661 -1902.88266886763 177.891622212537 800 0.0141520728699805 -0
101500 164910195.305631 21639971.2196328 -1914.21044078884 176.416803308154 800 0.0144077561488035 -0
102300 163374228.364351 21780498.0186488 -1925.74131018427 174.89162048933 800 0.0146719501045202 -0
103100 161828953.268566 21919783.7960323 -1937.48196836728 173.313871924178 800 0.0149450665272906 -0
103900 160274199.404628 22057785.5763519 -1949.43942689499 171.681228578349 800 0.0152275434965855 -0
104700 158709790.414859 22194458.4670067 -1961.62103778385 169.99122495286 800 0.0155198474765722 -0
105500 157135543.91657 22329755.5450792 -1974.034515318 168.24124900201 800 0.0158224756126811 -0
106300 155551271.20295 22463627.7357661 -1986.6879596015 166.428531145466 800 0.0161359582520436 -0
107100 153956776.924354 22596023.6816251 -1999.58988202244 164.550132278129 800 0.0164608617134444 -0
107900 152351858.748401 22726889.6017923 -2012.74923281591 162.60293066949 800 0.0167977913358173 -0
108700 150736306.997109 22856169.1402356 -2026.17543093422 160.583607630613 800 0.0171473948382119 -0
109500 149109904.259132 22983803.2020028 -2039.87839645722 158.488631811302 800 0.0175103660286498 -0
110300 147472424.974973 23109729.7763089 -2053.86858580306 156.314241972269 800 0.0178874489044766 -0
111100 145823634.992805 23233883.7451732 -2068.15703003126 154.056428056625 800 0.018279442192825 -0
111500 144994922.851549 23295274.7529092 -2075.41671225171 152.894910808346 800 0.0184812960373105 -0
111900 144163291.092253 23356196.6761462 -2082.75537656359 151.710910362179 800 0.0186872043867904 -0
112300 143328707.811594 23416640.4060809 -2090.17458266711 150.503845857896 800 0.0188972848091241 -0
112700 142491140.473538 23476596.5976236 -2097.67593470036 149.273116584959 800 0.0191116593409365 -0
113100 141650555.891229 23536055.661289 -2105.26108289839 148.018101130445 800 0.0193304546983224 -0
113500 140806920.208214 23595007.7547374 -2112.93172532911 146.73815648272 800 0.0195538024994391 -0
113900 139960198.87894 23653442.7739486 -2120.68960971022 145.432617088174 800 0.019781839499774 -0
114300 139110356.648526 23711350.3440076 -2128.53653531182 144.100793858092 800 0.0200147078409267 -0
114700 138257357.531738 23768719.8094837 -2136.47435494934 142.741973122588 800 0.0202525553138128 -0
115100 137401164.791164 23825540.2243792 -2144.50497707209 141.355415528256 800 0.020495535637266 -0
115500 136541740.914519 23881800.3416255 -2152.63036795288 139.94035487599 800 0.0207438087530886 -0
115900 135679047.591066 23937488.6021022 -2160.8525539845 138.49599689513 800 0.0209975411386858 -0
116300 134813045.687084 23992593.1231518 -2169.17362408936 137.021517949836 800 0.021256906138506 -0
116700 133943695.220361 24047101.6865633 -2177.59573224898 135.516063673277 800 0.0215220843156092 -0
117100 133070955.333638 24101001.7259932 -2186.12110016035 133.978747524872 800 0.0217932638247898 -0
117500 132194784.266972 24154280.3137946 -2194.752020027 132.408649265505 800 0.022070640808798 -0
117900 131315139.32895 24206924.1472181 -2203.49085749268 130.804813345181 800 0.0223544198193296 -0
118300 130431976.866704 24258919.5339492 -2212.34005472663 129.166247197227 800 0.0226448142645929 -0
118700 129545252.234652 24310252.3769444 -2221.30213366958 127.491919432638 800 0.0229420468854117 -0
119100 128654919.761917 24360908.1585231 -2230.3796994508 125.780757927675 800 0.0232463502619912 -0
119500 127760932.718335 24410871.9236727 -2239.57544398664 124.031647797285 800 0.0235579673536538 -0
119900 126863243.278991 24460128.2625181 -2248.89214977243 122.243429246288 800 0.0238771520740498 -0
120300 125961802.48719 24508661.2919066 -2258.33269387994 120.414895289655 800 0.02420416990457 -0
120700 125056560.215797 24556454.6360523 -2267.90005217396 118.544789332455 800 0.0245392985489226 -0
121100 124147465.126835 24603491.4061839 -2277.59730376213 116.631802599283 800 0.0248828286321053 -0
121500 123234464.629254 24649754.1791311 -2287.42763569378 114.674571402132 800 0.0252350644472905 -0
121900 122317504.834776 24695224.9747848 -2297.39434792416 112.671674234719 800 0.0255963247544642 -0
122300 121396530.511689 24739885.2323575 -2307.50085856232 110.621628680257 800 0.0259669436350099 -0
122700 120471485.036485 24783715.7853674 -2317.75070942183 108.522888118545 400 0.0263472714068215 -0
123100 119542310.343219 24826696.8352632 -2328.14757189534 106.373838216982 400 0.0267376756049557 -0
123500 118608946.870441 24868807.9235984 -2338.69525317575 104.17279318879 400 0.0271385420333168 -0
123900 117671333.505571 24910027.9026598 -2349.39770284831 101.917991800183 400 0.0275502758933882 -0
124300 116729407.526559 24950334.9044454 -2360.25901988029 99.607593106621 400 0.0279733029966161 -0
124700 115783104.540664 24989706.307879 -2371.28346003687 97.2396718964034 400 0.0284080710676955 -0
125100 114832358.420174 25028118.7041398 -2382.47544375454 94.8122138178968 400 0.0288550511467351 -0
125500 113877101.234882 25065547.859975 -2393.8395645057 92.3231101644328 400 0.0293147390990782 -0
125900 112917263.181113 25101968.6788537 -2405.38059769129 89.7701522884581 400 0.0297876572424527 -0
126300 111952772.50708 25137355.159807 -2417.10351010139 87.1510256137859 400 0.0302743561021229 -0
126700 110983555.434332 25171680.3537867 -2429.01346998733 84.4633032117692 400 0.0307754163058288 -0
127100 110009536.075049 25204916.3173614 -2441.11585779271 81.7044389038463 400 0.0312914506315488 -0
127500 109030636.344902 25237034.063552 -2453.41627759495 78.8717598491676 400 0.0318231062225154 -0
127900 108046775.871181 25268003.5095916 -2465.92056931391 75.9624585718412 400 0.0323710669854828 -0
128300 107057871.895882 25297793.4213762 -2478.63482174932 72.9735843776845 400 0.0329360561900017 -0
128700 106063839.173398 25326371.3543507 -2491.56538651435 69.9020341051754 400 0.0335188392884377 -0
129100 105064589.862449 25353703.590552 -2504.71889293937 66.7445421494914 400 0.0341202269786944 -0
129500 104060033.411836 25379755.0715054 -2518.10226402699 63.4976696920199 400 0.0347410785341199 -0
129900 103050076.439596 25404489.3266414 -2531.72273354733 60.1577930604341 400 0.035382305427911 -0
130300 102034622.605074 25427868.3968686 -2545.58786437131 56.7210911362361 400 0.0360448752825438 -0
130700 101013572.473385 25449852.7529051 -2559.70556814971 53.1835317174591 400 0.0367298161784032 -0
131100 99986823.3717324 25470401.2079272 -2574.08412645644 49.5408567338438 400 0.0374382213599146 -0
131500 98954269.2369443 25489470.8240575 -2588.73221352707 45.7885662000921 400 0.0381712543821869 -0
131900 97915800.453572 25507016.81216 -2603.65892073691 41.9219007795675 400 0.0389301547465308 -0
132300 96871303.6818261 25522992.4243597 -2618.87378297877 37.9358228158284 400 0.0397162440793331 -0
132700 95820661.6745511 25537348.8386416 -2634.38680711719 33.8249956723842 400 0.0405309329157595 -0
133100 94763753.0823701 25550035.034818 -2650.20850271584 29.5837612017566 400 0.0413757281577713 -0
133500 93700452.2460486 25560997.6610767 -2666.34991525609 25.2061151429484 400 0.0422522412851377 -0
133900 92630628.975032 25570180.8902359 -2682.82266208949 20.6856802213575 400 0.0431621974087104 -0
134300 91554148.3110117 25577526.2647378 -2699.63897139472 16.0156766965268 400 0.0441074452674217 -0
134700 90470870.2752567 25582972.5293042 -2716.81172444064 11.1888900703282 400 0.0450899682845637 -0
135100 89380649.5983242 25586455.4500531 -2734.35450149295 6.1976356305436 400 0.0461118968152241 -0
135500 88283335.4306154 25587907.6187395 -2752.28163174205 1.03371946153697 400 0.0471755217356926 -0
135900 87178771.0320877 25587258.2406258 -2770.60824767564 -4.31160449615517 400 0.0482833095476877 -0
136300 86066793.4392488 25584432.9043065 -2789.35034437222 -9.84768181308382 400 0.0494379191959469 -0
136700 84947233.1073626 25579353.3316118 -2808.52484425096 -15.5845099074537 400 0.0506422208277696 -0
137100 83819913.5255633 25571937.1054815 -2828.14966788223 -21.532795970845 400 0.051899316758318 -0
137300 83253286.8501113 25567325.787871 -2838.13684314849 -24.5897914792262 400 0.0525487012628685 -0
137500 82684650.8022667 25562097.373401 -2848.24381153756 -27.7040211907658 400 0.0532125649469572 -0
137700 82113981.1690281 25556240.2593925 -2858.47312961679 -30.8770528925196 400 0.0538913718202253 -0
137900 81541253.2183 25549742.5238805 -2868.82743227016 -34.1105120958642 400 0.0545856053382661 -0
138100 80966441.6829187 25542591.9138023 -2879.30943583057 -37.4060847222167 400 0.0552957694120703 -0
138300 80389520.7440363 25534775.8326352 -2889.92194136696 -40.7655199403519 400 0.0560223894801275 -0
138500 79810464.0138316 25526281.3274493 -2900.66783813543 -44.1906331654084 400 0.056766013647715 -0
138700 79229244.5175126 25517095.0753442 -2911.55010720412 -47.6833092304487 400 0.057527213898288 -0
138900 78645834.6745769 25507203.3692332 -2922.57182526225 -51.2455057422811 400 0.0583065873822936 -0
139100 78060206.2792899 25496592.1029364 -2933.73616862451 -54.8792566341723 400 0.0591047577891796 -0
139300 77472330.4803426 25485246.7555428 -2945.04641744271 -58.5866759290739 400 0.0599223768088652 -0
139500 76882177.7596442 25473152.3749975 -2956.5059601376 -62.3699617280805 400 0.0607601256894783 -0
139700 76289717.9102063 25460293.5608672 -2968.11829806436 -66.2314004400203 400 0.0616187168987588 -0
139900 75694920.0130688 25446654.4462342 -2979.88705042669 -70.1733712693813 400 0.0624988958971785 -0
140100 75097752.4132164 25432218.6786659 -2991.8159594552 -74.1983509811908 400 0.0634014430315432 -0
140300 74498182.6944327 25416969.4002012 -3003.90889586698 -78.3089189630162 400 0.0643271755586328 -0
140500 73896177.6530319 25400889.2262937 -3016.16986462468 -82.5077626059566 400 0.0652769498093008 -0
140700 73291703.2704073 25383960.2236444 -3028.60301101464 -86.7976830283484 400 0.066251663504416 -0
140900 72684724.6843307 25366163.8868535 -3041.21262706512 -91.1816011679547 400 0.0672522582350794 -0
141100 72075206.1589321 25347481.1138142 -3054.00315832735 -95.6625642706413 400 0.0682797221207242 -0
141300 71463111.053285 25327892.1797676 -3066.97921104383 -100.243752806009 400 0.069335092659993 -0
141500 70848401.7885169 25307376.7099274 -3080.14555973036 -104.928487843156 400 0.0704194597907176 -0
141700 70231039.8133603 25285913.6505822 -3093.50715520001 -109.720238922715 400 0.0715339691769122 -0
141900 69610985.5680511 25263481.2385691 -3107.06913306007 -114.62263246463 400 0.0726798257424502 -0
142100 68988198.4464785 25240056.9690098 -3120.8368227149 -119.639460754699 400 0.0738582974730471 -0
142300 68362636.7564806 25215617.5611864 -3134.81575691086 -124.774691556989 400 0.0750707195103477 -0
142500 67734257.6781731 25190138.9224289 -3149.01168186193 -130.032478403599 200 0.0763184985643355 -0
142700 67103017.220192 25163596.109872 -3163.43056799849 -135.417171618176 200 0.0776031176729817 -0
142900 66468870.1737198 25135963.2899285 -3178.0786213845 -140.933330135016 200 0.0789261413410641 -0
143100 65831770.0641581 25107213.6953138 -3192.96229585309 -146.585734181623 200 0.0802892210934566 -0
143300 65191669.1002958 25077319.5794419 -3208.08830591402 -152.379398899275 200 0.0816941014819572 -0
143500 64548518.1208146 25046252.1679961 -3223.46364049174 -158.319588983631 200 0.0831426265889537 -0
143700 63902266.5379585 25013981.6074621 -3239.09557755757 -164.411834435685 200 0.0846367470759642 -0
143900 63252862.2781812 24980476.9103922 -3254.99169972543 -170.661947522654 200 0.0861785278304258 -0
144100 62600251.7195723 24945705.8971471 -3271.15991088657 -177.076041058722 200 0.087770156270104 -0
144300 61944379.6258454 24909635.1338388 -3287.60845396572 -183.660548127118 200 0.0894139513712601 -0
144500 61285189.0766558 24872229.8661749 -3304.34592988878 -190.422243377982 200 0.0911123734943527 -0
144700 60622621.3939953 24833453.9488733 -3321.38131786022 -197.368266050964 200 0.0928680350896854 -0
144900 59956616.0643914 24793269.7702851 -3338.72399705798 -204.506144887864 200 0.094683712375193 -0
145100 59287110.6566162 24751638.1718328 -3356.38376986372 -211.843825118922 200 0.0965623580896555 -0
145300 58614040.7345854 24708518.3618252 -3374.37088675752 -219.38969772709 200 0.0985071154372362 -0
145500 57937339.7650992 24663867.823174 -3392.69607301902 -227.152631217936 200 0.100521333353593 -0
145700 57256939.020051 24617642.2144845 -3411.37055739064 -235.14200614919 200 0.102608583240175 -0
145900 56572767.4726913 24569795.263941 -3430.40610287439 -243.367752703828 200 0.10477267733202 -0
146100 55884751.6875052 24520278.6553477 -3449.8150398507 -251.840391624445 200 0.107017688885746 -0
146300 55192815.7032152 24469041.905616 -3469.61030172738 -260.571078865143 200 0.109347974398998 -0
146500 54496880.908383 24416032.232918 -3489.80546334798 -269.571654360958 200 0.111768198100775 -0
146700 53796865.909033 24361194.4146364 -3510.41478241304 -278.854695364813 200 0.114283358984529 -0
146900 53092686.3876666 24304470.6341494 -3531.45324419443 -288.433574859008 200 0.1168988206934 -0
147100 52384254.9529788 24245800.3153779 -3552.9366098531 -298.322525613642 200 0.119620344610212 -0
147300 51671480.9795232 24185119.9439032 -3574.88146870416 -308.536710539268 200 0.122454126555072 -0
147500 50954270.436497 24122362.8733252 -3597.30529481092 -319.092300067258 200 0.125406837551677 -0
147700 50232525.7047395 24057459.1153723 -3620.2265083322 -330.006557390618 200 0.128485669191282 -0
147900 49506145.3809474 23990335.1120997 -3643.66454209437 -341.29793251263 200 0.13169838420248 -0
148100 48775024.0680096 23920913.488308 -3667.63991391381 -352.986166183313 200 0.135053372927588 -0
148300 48039052.1502536 23849112.782085 -3692.17430525546 -365.092404957644 200 0.138559716515117 -0
148500 47298115.552274 23774847.151107 -3717.2906468816 -377.639328788418 200 0.142227257765611 -0
148700 46552095.4798708 23698026.0520348 -3743.01321222185 -390.651292775331 200 0.146066680718936 -0
148900 45800868.1414747 23618553.8899917 -3769.36771928216 -404.154484935777 200 0.150089600249376 -0
149100 45044304.4482616 23536329.6347076 -3796.38144200921 -418.17710214883 200 0.154308663146493 -0
149200 44663979.6008278 23494152.3110879 -3810.14448755785 -425.392603883698 200 0.156496010468714 -0
149300 44282269.6909163 23451246.399406 -3824.08333213039 -432.749546752587 200 0.158737662411785 -0
149400 43899156.9444727 23407597.5478547 -3838.20187874353 -440.252111760663 200 0.161035543441937 -0
149500 43514623.1910689 23363190.9782539 -3852.50415265716 -447.904646714579 200 0.16339166679938 -0
149600 43128649.851435 23318011.4689546 -3866.99430627464 -455.711674630795 200 0.165808139552421 -0
149700 42741217.924491 23272043.3368763 -3881.67662427993 -463.677902657397 200 0.16828716799458 -0
149800 42352307.9738508 23225270.4186247 -3896.55552902445 -471.808231546346 200 0.170831063411785 -0
149900 41961900.1137757 23177676.0506335 -3911.63558617781 -480.107765716114 200 0.173442248249157 -0
150000 41569973.994548 23129243.0482681 -3926.92151065707 -488.581823948015 200 0.176123262709601 -0
150100 41176508.7872382 23079953.6838267 -3942.41817285037 -497.235950763209 200 0.178876771819355 -0
150200 40781483.1678332 23029789.6633672 -3958.13060515163 -506.075928531357 200 0.181705572998971 -0
150300 40384875.3006959 22978732.102284 -3974.06400882383 -515.107790366308 200 0.184612604181753 -0
150400 39986662.8213204 22926761.4995541 -3990.22376120996 -524.337833869043 200 0.187600952525736 -0
150500 39586822.8183483 22873857.7105632 -4006.6154233113 -533.77263578338 200 0.190673863769671 -0
150600 39185331.8148078 22819999.9184184 -4023.24474775448 -543.419067635823 200 0.193834752288415 -0
150700 38782165.7485361 22765166.6036436 -4040.11768716951 -553.284312437336 200 0.197087211908554 -0
150800 38377299.9517416 22709335.5121486 -4057.24040300281 -563.375882531914 200 0.200435027551123 -0
150900 37970709.1296632 22652483.6213524 -4074.61927479048 -573.70163868467 200 0.203882187775043 -0
151000 37562367.3382767 22594587.1043311 -4092.26090991843 -584.26981051074 200 0.207432898302328 -0
151100 37152247.9610013 22535621.2918514 -4110.17215389803 -595.089018355914 200 0.211091596614493 -0
151200 36740323.68435 22475560.6321385 -4128.36010118712 -606.168296750413 200 0.214862967718878 -0
151300 36326566.4724704 22414378.6482146 -4146.83210658825 -617.517119568987 200 0.218751961194014 -0
151400 35910947.5405148 22352047.8926298 -4165.59579725781 -629.145427043462 200 0.222763809634769 -0
151500 35493437.3267777 22288539.8993925 -4184.65908536152 -641.063654788314 100 0.226904048631047 -0
151600 35074005.4635336 22223825.1328896 -4204.03018141379 -653.28276501587 100 0.231178538428431 -0
151700 34652620.7465054 22157872.9335674 -4223.71760834041 -665.814280135608 100 0.23559348743554 -0
151800 34229251.1028884 22090651.4601246 -4243.73021630594 -678.670318951915 100 0.24015547776135 -0
151900 33803863.5578513 22022127.6279457 -4264.07719834959 -691.863635696886 100 0.24487149298649 -0
152000 33376424.199432 21952267.0434791 -4284.76810687484 -705.407662159571 100 0.249748948395951 -0
152100 32946898.1417389 21881033.9342346 -4305.81287104069 -719.316553200827 100 0.254795723927117 -0
152200 32515249.4863666 21808391.0740482 -4327.22181510368 -733.605235974096 100 0.260020200116973 -0
152300 32081441.2819277 21734299.7032235 -4349.00567776206 -748.289463207297 100 0.265431297366214 -0
152400 31645435.4815971 21658719.4431266 -4371.17563255473 -763.385870940274 100 0.271038518876499 -0
152500 31207192.8985626 21581608.2047661 -4393.7433093689 -778.912041156391 100 0.276851997660783 -0
152600 30766673.1592664 21502922.0908449 -4416.7208171111 -794.886569796578 100 0.282882548076435 -0
152700 30323834.6543185 21422615.2907194 -4440.12076759663 -811.329140700263 100 0.289141722387598 -0
152800 29878634.4869593 21340639.9676428 -4463.95630071153 -828.260606081098 100 0.295641872928062 -0
152900 29431028.418939 21256946.1376067 -4488.24111090029 -845.703074217137 100 0.302396220510054 -0
153000 28980970.8136801 21171481.5390209 -4512.98947502911 -863.680005116604 100 0.309418929809375 -0
153100 28528414.5765836 21084191.492393 -4538.21628167079 -882.216315012828 100 0.316725192554912 -0
153200 28073311.0923327 20995018.7490781 -4563.93706185036 -901.338490647104 100 0.324331319462835 -0
153300 27615610.1590486 20903903.3280653 -4590.16802128214 -921.074714418122 100 0.332254841985292 -0
153400 27155259.9191469 20810782.3396569 -4616.92607411643 -941.455001613419 100 0.340514625092887 -0
153500 26692206.7867436 20715589.7947637 -4644.22887819776 -962.511351094784 100 0.349130992483357 -0
153600 26226395.3714601 20618256.3983946 -4672.09487181554 -984.277910988789 100 0.358125865809529 -0
153700 25757768.3984813 20518709.3257553 -4700.54331189986 -1006.79116113937 100 0.367522919753014 -0
153800 25286266.624724 20416871.9791817 -4729.59431357941 -1030.09011431598 100 0.377347755041807 -0
153900 24811828.7509873 20312663.7239209 -4759.26889097276 -1054.21653844346 100 0.38762809182731 -0
154000 24334391.3299694 20205999.6005328 -4789.5889990253 -1079.21520243442 100 0.398393986207548 -0
154100 23853888.6700594 20096790.0114063 -4820.57757613003 -1105.13414856915 100 0.409678073118857 -0
154200 23370252.7348414 19984940.3785731 -4852.25858717582 -1132.02499478995 100 0.421515839330381 -0
154300 22883413.0382926 19870350.7696367 -4884.65706654746 -1159.94327076717 100 0.43394593087926 -0
154400 22393296.5357086 19752915.4882248 -4917.79916045101 -1188.94879216496 100 0.447010499997595 -0
154500 21899827.5104629 19632522.624896 -4951.71216774753 -1219.10607820048 100 0.460755597427254 -0
154550 21651811.381013 19571180.3089987 -4968.96661948205 -1234.63819507462 100 0.467898909330579 -0
154600 21402927.456776 19509053.5638264 -4986.42457822962 -1250.48481834945 100 0.475231617024248 -0
154650 21153165.4689026 19446126.4255327 -5004.08979694486 -1266.6555527951 100 0.482760781170958 -0
154700 20902514.958938 19382382.440316 -5021.96610702045 -1283.16039507856 100 0.490493800738857 -0
154750 20650965.2748814 19317804.6443306 -5040.05741902027 -1300.0097537217 100 0.498438432770556 -0
154800 20398505.5672117 19252375.5425698 -5058.36772327056 -1317.21447027371 100 0.506602813512849 -0
154850 20145124.7848883 19186077.0866586 -5076.90109028559 -1334.78584178354 100 0.514995481014676 -0
154900 19890811.6713349 19118890.6514876 -5095.66167100177 -1352.73564466488 100 0.523625399310502 -0
154950 19635554.760417 19050797.0106179 -5114.65369679024 -1371.07616005329 100 0.532501984316777 -0
155000 19379342.3724251 18981776.3103775 -5133.88147921465 -1389.82020076376 100 0.54163513158072 -0
155050 19122162.6100774 18911808.0425678 -5153.3494094962 -1408.98113996504 100 0.551035246033409 -0
155100 18864003.3545566 18840871.0156916 -5173.06195764322 -1428.5729416974 100 0.560713273913175 -0
155150 18604852.2616009 18768943.3246049 -5193.02367119736 -1448.61019337044 100 0.570680737040741 -0
155200 18344696.7576672 18696002.3184922 -5213.23917354168 -1469.10814038925 100 0.58094976964461 -0
155250 18083524.0361917 18622024.567054 -5233.71316170969 -1490.08272306959 100 0.591533157953986 -0
155300 17821321.053974 18546985.824787 -5254.45040362567 -1511.55061601653 100 0.602444382797308 -0
155350 17558074.5277146 18470860.9932307 -5275.45573469827 -1533.52927015566 100 0.613697665467425 -0
155400 17293770.9307411 18393624.0810414 -5296.73405367881 -1556.03695762244 100 0.625308017139842 -0
155450 17028396.4899618 18315248.1617455 -5318.29031768423 -1579.09281973307 100 0.637291292158605 -0
155500 16761937.1830913 18235705.329013 -5340.1295362718 -1602.71691827974 100 0.649664245535531 -0
155550 16494378.7361989 18154966.6492766 -5362.25676443734 -1626.93029041439 100 0.662444595043026 -0
155600 16225706.6216364 18073002.1115117 -5384.67709439225 -1651.75500740863 100 0.675651088319105 -0
155650 15955906.0564121 17989780.5739751 -5407.39564595509 -1677.21423760309 50 0.689303575445719 -0
155700 15684962.0010821 17905269.7076836 -5430.41755537162 -1703.33231388748 50 0.703423087508845 -0
155750 15412859.159246 17819435.9363989 -5453.74796235231 -1730.13480608349 50 0.718031921701344 -0
155800 15139581.9777387 17732244.372861 -5477.3919950875 -1757.64859863656 50 0.733153733588105 -0
155850 14865114.6476283 17643658.7509965 -5501.35475296828 -1785.90197405927 50 0.748813637218143 -0
155900 14589441.1061418 17553641.3538 -5525.64128670342 -1814.92470261022 50 0.765038313840898 -0
155950 14312545.0396569 17462152.9365652 -5550.25657548038 -1844.7481387363 50 0.781856130064881 -0
156000 14034409.8879183 17369152.6451125 -5575.20550076956 -1875.40532485566 50 0.799297266387072 -0
156050 13755018.8496564 17274597.9286315 -5600.49281631475 -1906.93110311174 50 0.817393857122182 -0
156100 13474354.8898136 17178444.446722 -5626.12311378868 -1939.36223578795 50 0.83618014287331 -0
156150 13192400.7486074 17080645.970182 -5652.10078351858 -1972.73753513652 50 0.855692636811138 -0
156200 12909138.9526948 16981154.2750519 -5678.4299696017 -2007.09800344566 50 0.875970306169066 -0
156250 12624551.8287378 16879919.0293813 -5705.11451863259 -2042.48698424614 50 0.897054770518481 -0
156300 12338621.5197094 16776887.6721361 -5732.15792115154 -2078.95032564232 50 0.918990518563538 -0
156350 12051330.0043308 16672005.283614 -5759.56324479258 -2116.53655684453 50 0.941825145390625 -0
156400 11762659.120083 16565214.4466787 -5787.33305795934 -2155.29707907941 50 0.965609612326393 -0
156450 11472590.5902985 16456455.098063 -5815.46934268236 -2195.28637216291 50 0.990398531802578 -0
156500 11181106.0559126 16345664.3689226 -5843.9733951098 -2236.56221813825 50 1.0162504798985 -0
156550 10888187.1125362 16232776.4137499 -5872.84571184894 -2279.18594350703 50 1.04322833953629 -0
156600 10593815.3536069 16117722.2266767 -5902.08586010427 -2323.2226817178 50 1.07139967764261 -0
156650 10297972.4204875 16000429.4441088 -5931.69232924157 -2368.74165772041 50 1.10083715996758 -0
156700 10000640.0605064 15880822.1325414 -5961.66236103974 -2415.81649654821 50 1.13161900766975 -0
156750 9701800.19408365 15758820.5602994 -5991.99175546337 -2464.52555805011 50 1.16382950023916 -0
156800 9401434.99225501 15634340.9518416 -6022.67464828946 -2514.95230006087 50 1.19755952984148 -0
156850 9099526.96610612 15507295.2231433 -6053.70325633817 -2567.18567246697 50 1.2329072127278 -0
156900 8796059.0698559 15377590.6965496 -6085.06758537579 -2621.32054479295 50 1.26997856396828 -0
156950 8491014.81959549 15245129.7933537 -6116.7550949611 -2677.458170094 50 1.30888824243406 -0
157000 8184378.42999812 15109809.7022114 -6148.75031357294 -2735.70668808638 50 1.34976037366797 -0
157050 7876134.97167442 14971522.0213555 -6181.03439626437 -2796.18167056664 50 1.39272945904618 -0
157100 7566270.55226729 14830152.372417 -6213.58461580845 -2859.00671224886 50 1.43794138042874 -0
157150 7254772.52486817 14685579.9835024 -6246.37377679965 -2924.31407016547 50 1.48555451031096 -0
157200 6941629.7279064 14537677.2390237 -6279.3695404159 -2992.24535470389 50 1.53574093829196 -0
157225 6784438.52613651 14462435.1133821 -6295.93319662552 -3027.24196255047 50 1.56185699832611 -0
157250 6626832.761342 14386309.1935579 -6312.53364549279 -3062.95227510247 50 1.58868782544378 -0
157275 6468811.58591527 14309281.3800192 -6329.1650315056 -3099.39696563826 50 1.61625941484204 -0
157300 6310374.30468975 14231333.0472764 -6345.82100909325 -3136.59744214844 50 1.64459889874762 -0
157325 6151520.38763719 14152445.025162 -6362.49470652141 -3174.57587565747 50 1.6737346016754 -0
157350 5992249.48350136 14072597.5793914 -6379.1786870517 -3213.35522948507 50 1.70369609837497 -0
157375 5832561.43443912 13991770.3913794 -6395.86490714947 -3252.95928944136 50 1.73451427456266 -0
157400 5672456.29174572 13909942.5372916 -6412.54467150606 -3293.41269494297 50 1.76622139053267 -0
157425 5511934.33274685 13827092.4663054 -6429.20858462301 -3334.74097102788 50 1.79885114773527 -0
157450 5350996.07894697 13743197.9780601 -6445.8464986853 -3376.97056123678 50 1.83243875840242 -0
157475 5189642.31553021 13658236.1992754 -6462.44745742905 -3420.12886131611 50 1.86702101829096 -0
157500 5027874.11231794 13572183.5595161 -6478.99963568563 -3464.24425368383 50 1.90263638259996 -0
157525 4865692.84629529 13485015.7660879 -6495.49027425915 -3509.34614258195 50 1.93932504510226 -0
157550 4703100.22582796 13396707.7780457 -6511.90560976721 -3555.4649898204 50 1.97712902050883 -0
157575 4540098.31670006 13307233.7793028 -6528.23079904654 -3602.63235099396 50 2.01609223005843 -0
157600 4376689.57011415 13216567.1508298 -6544.44983769408 -3650.88091202779 50 2.05626059029286 -0
157625 4212876.85280587 13124680.4419378 -6560.54547228214 -3700.24452587608 50 2.09768210493921 -0
157650 4048663.47943741 13031545.3406444 -6576.49910575145 -3750.75824916357 50 2.14040695977279 -0
157675 3884053.24744689 12937132.6431265 -6592.29069545011 -3802.45837851853 50 2.18448762027804 -0
157700 3719050.47454465 12841412.2222724 -6607.89864324792 -3855.3824862989 50 2.22997893185638 -0
157725 3553660.03906196 12744352.9953514 -6623.29967711641 -3909.5694553596 50 2.27693822224906 -0
157750 3387887.42337377 12645922.8908306 -6638.46872352319 -3965.05951244637 50 2.32542540574668 -0
157775 3221738.76063348 12546088.8143792 -6653.37876994737 -4021.89425973111 50 2.37550308864338 -0
157800 3055220.885076 12444816.6141127 -6668.00071677913 -4080.11670392163 25 2.42723667525932 -0
157825 2888341.38616415 12342071.0451478 -6682.30321782364 -4139.77128228582 25 2.4806944736969 -0
157850 2721108.6668733 12237815.7335519 -6696.25250858641 -4200.90388482386 25 2.53594780031121 -0
157875 2553532.00643069 12132013.1397959 -6709.81222147553 -4263.56187170064 25 2.59307108165795 -0
157900 2385621.62784758 12024624.5218414 -6722.94318701752 -4327.79408491266 25 2.65214195242899 -0
157925 2217388.77060553 11915609.8980198 -6735.60322014858 -4393.65085300655 25 2.71324134759104 -0
157950 2048845.76888202 11804928.009895 -6747.74689061378 -4461.18398748842 25 2.77645358660014 -0
157975 1880006.13572509 11692536.2853346 -6759.32527648618 -4530.44676936179 25 2.84186644716781 -0
158000 1710884.65361129 11578390.8020611 -6770.2856998079 -4601.49392400395 25 2.90957122559577 -5.34936501052154e-308
158025 1541497.47184652 11462446.2519965 -6780.57144335963 -4674.38158233421 25 2.97966278016712 -1.10929904795445e-299
158050 1371862.21129364 11344655.9067734 -6790.12144758879 -4749.16722593897 25 3.05223955347339 -2.25422321349038e-291
158075 1201998.07693458 11224971.584847 -6798.86998677321 -4825.90961349551 25 3.12740356885977 -4.47215543741078e-283
158100 1031925.97879681 11103343.6207095 -6806.74632357462 -4904.66868547531 25 3.20526039537413 -8.62546356094018e-275
158125 861668.661793908 10979720.8367946 -6813.67434125049 -4985.5054437062 25 3.28591907469849 -1.61006231137263e-266
158150 691250.845046223 10854050.5187474 -6819.57215295344 -5068.4818019281 25 3.36949200251364 -2.89476669270085e-258
158175 520699.371259399 10726278.3948369 -6824.35168776428 -5153.66040298676 25 3.45609475558698 -4.98734057550697e-250
158200 350043.366743991 10596348.6204063 -6827.91825339108 -5241.10439777342 25 3.54584585457096 -8.18901246230517e-242
158225 179314.41265657 10464203.768385 -6830.17007583547 -5330.87718043424 25 3.63886645104508 -1.2739784494684e-233
158250 8546.72802962111 10329784.8270288 -6830.99781679643 -5423.04207374399 25 3.73527992572271 -1.86616310711501e-225
158275 -162222.634868819 10193031.2062199 -6830.28407017023 -5517.66195786632 25 3.83521138297161 -2.55681750419499e-217
158300 -332953.582347608 10053880.7538316 -6827.90283973383 -5614.79883501441 25 3.93878702486787 -3.25329180644417e-209
158325 -503602.757841834 9912269.78386331 -6823.71900099456 -5714.51332179102 25 4.04613338592688 -3.81524529058823e-201
158350 -674123.306851604 9768133.11826341 -6817.58775127678 -5816.8640602401 25 4.1573764074539 -4.09053832135481e-193
158375 -844464.628040498 9621404.14459237 -6809.35405342848 -5921.90703790396 25 4.27264032816694 -3.97507344393885e-185
158400 -1014572.11041753 9472014.89192956 -6798.85208009888 -6029.69480647919 25 4.39204636541946 -3.46909485888128e-177
158425 -1184386.85672282 9319896.12769552 -6785.90466739611 -6140.27558803821 25 4.51571115906905 -2.69233986517076e-169
158450 -1353845.3933839 9164977.4783439 -6770.32278891691 -6253.69225728106 25 4.64374494790983 -1.83884071331041e-161
158475 -1522879.36771553 9007187.57716997 -6751.90506368006 -6369.98118796653 25 4.77624944675571 -1.09300592675139e-153
158500 -1691415.23340977 8846454.24278026 -6730.43731442084 -6489.17095162167 25 4.91331539092326 -5.58751404423472e-146
158525 -1859373.92581524 8682704.69206231 -6705.69219603691 -6611.28085694223 25 5.05501971426095 -2.42582650351836e-138
158550 -2026670.52904554 8515865.79177439 -6677.42891772397 -6736.31931909074 25 5.20142232731778 -8.8253269623707e-131
158575 -2193213.93759601 8345864.35312871 -6645.39308649422 -6864.28204951588 25 5.35256246412004 -2.65251945631844e-123
158600 -2358906.51589643 8172627.47395023 -6609.31670429431 -6995.15005911965 25 5.50845456978986 -6.4877810879212e-116
158625 -2523643.76009223 7996082.93313515 -6568.91835576088 -7128.88747077547 25 5.6690837074354 -1.27089162070888e-108
158650 -2687313.96733536 7816159.64218119 -6523.90362865121 -7265.43914155727 25 5.83440047198945 -1.96046333753733e-101
158675 -2849797.91897901 7632788.15848412 -6473.96581398387 -7404.72810079886 25 6.00431541165659 -2.33935614208969e-94
158700 -3010968.58530715 7445901.26485304 -6418.78693766534 -7546.65281748867 25 6.17869297507717 -2.11908041092092e-87
158725 -3170690.86077687 7255434.61924829 -6358.03917951944 -7691.08431973025 25 6.35734502495617 -1.4285893537416e-80
158750 -3328821.34019154 7061327.47804124 -6291.38673873034 -7837.86320024162 25 6.54002398739694 -7.019999700023e-74
158775 -3485208.14772015 6863523.49508328 -6218.48820619848 -7986.7965552373 25 6.7264157410285 -2.460157092988e-67
158800 -3639690.83218667 6661971.59749837 -6138.99950351544 -8137.65491954067 25 6.91613239144105 -6.01009579908684e-61
158825 -3792100.34350464 6456626.93732741 -6052.57744440584 -8290.16927826084 25 7.10870512422982 -9.99471507962602e-55
158850 -3942259.10644041 6247451.91590855 -5958.8839666883 -8444.02825447367 25 7.30357738324841 -1.10383850035567e-48
158875 -4089981.20894245 6034417.27514148 -5857.59107016156 -8598.87559243436 25 7.50009867780958 -7.89195971597445e-43
158900 -4235072.7229426 5817503.24654319 -5748.38647743754 -8754.30807595037 25 7.69751938081687 -3.55763891205654e-37
158912.5 -4306569.32749697 5707588.17216355 -5690.72556246198 -8832.10452026818 25 7.79630467452986 -1.99239710585997e-34
158925 -4377332.175725 5596700.74529208 -5630.98000986274 -8909.87404015953 25 7.89498693509386 -9.84209544890687e-32
158937.5 -4447335.00950387 5484841.70019619 -5569.11815736194 -8987.55248870063 25 7.99344319348492 -4.27355759015566e-29
158950 -4516551.18902495 5372012.59217597 -5505.11063880166 -9065.07265147251 25 8.09154393311236 -1.62540936186501e-26
158962.5 -4584953.72305878 5258215.83572411 -5438.93063545347 -9142.36427905729 25 8.18915316738624 -5.39608128279892e-24
158975 -4652515.30240202 5143454.74216065 -5370.5541336049 -9219.35413880397 25 8.28612856623013 -1.5581199877146e-21
158987.5 -4719208.33657594 5027733.55649294 -5299.96018695808 -9295.96608725973 25 8.38232163532392 -3.89932633897968e-19
159000 -4785004.99382641 4911057.49323412 -5227.13118216425 -9372.12116458454 25 8.47757795163582 -8.42756858206606e-17
159012.5 -4849877.24445288 4793432.77089766 -5152.05310560329 -9447.73771216006 25 8.57173745848829 -1.5674652095817e-14
159025 -4913796.90746904 4674866.64487113 -5074.71580930675 -9522.73151446569 25 8.66463482299475 -2.49999723412065e-12
159037.5 -4976735.70057032 4555367.43836008 -4995.1132737172 -9597.01596612464 25 8.75609985819774 -3.40720096756275e-10
159050 -5038665.29335308 4434944.57108276 -4913.24386478402 -9670.5022648193 25 8.84595801163104 -3.95415887702004e-08
159062.5 -5099557.36369835 4313608.58538917 -4829.1105827184 -9743.09963053838 25 8.93403092131935 -3.89407834100079e-06
159075 -5159383.65719813 4191371.16947377 -4742.72129957616 -9814.71555134799 25 9.02013703941897 -0.000324312561229082
159087.5 -5218116.04946633 4068245.17735072 -4654.08898270984 -9885.25605557692 25 9.1040923227518 -0.0227650069203992
159100 -5275726.61113861 3944244.64526394 -4563.2319010224 -9954.62600993942 25 9.18571098586865 -1.34239156692198
159112.5 -5332187.67532444 3819384.80421765 -4470.17381009549 -10022.7294409596 12.5 9.26480619144721 -66.2812453065807
159125 -5387471.90712494 3693682.0885782 -4374.94407939942 -10089.4698010623 25 9.34118603795245 -2731.67459108688
159137.5 -5441552.37084581 3567154.14998761 -4277.57661567087 -10154.7474707154 12.5 9.41450037682271 -93682.5946129083
159143.75 -5468132.88287697 3503586.61041253 -4228.09867175156 -10186.7952441351 6.25 9.44932582901733 -511608.928292763
159146.875 -5481306.75723355 3471728.06670053 -4203.15800284115 -10202.6525281593 6.25 9.46562867600681 -1174687.21130735
159150 -5494402.47309688 3439820.17022938 -4178.07565922584 -10218.3765454029 3.125 9.48029153032742 -2665467.93815752
159153.125 -5507419.56762861 3407863.39268326 -4152.83676064987 -10233.9268861791 3.125 9.49171259867799 -5976764.48964467
159156.25 -5520357.5065337 3375858.39499946 -4127.40816797606 -10249.2170044208 3.125 9.4967993006866 -13242415.3749993
159157.8125 -5526796.58675351 3359838.12099188 -4114.60273114299 -10256.7128953052 3.125 9.49543410602178 -19622599.8218333
159159.375 -5533215.59891517 3343806.24342934 -4101.71805236679 -10264.061843735 3.125 9.49045447421318 -28988618.0436173
159160.9375 -5539614.40317636 3327763.03310092 -4088.73226472738 -10271.2076368196 3.125 9.48130673996181 -42694166.4477268
159162.5 -5545992.81833772 3311708.8671959 -4075.61371307789 -10278.068765771 3.125 9.468364940384 -62685041.1884828
159164.0625 -5552350.60345346 3295644.27693419 -4062.31674988546 -10284.5274072649 1.5625 9.4546134719197 -91747020.7118446
159165.625 -5558687.43159839 3279570.01580398 -4048.77580451369 -10290.4138089845 1.5625 9.44939688772015 -133851273.546793
159167.1875 -5565002.85259916 3263487.15692455 -4034.8970600205 -10295.4842748348 1.5625 9.47637511801479 -194631526.673337
159168.75 -5571296.24032601 3247397.23134828 -4020.54684228987 -10299.3903090643 1.5625 9.5893828323476 -282035939.25197
159170.3125 -5577566.71852547 3231302.42353535 -4005.53553952562 -10301.6356741213 1.5625 9.90075742975235 -407204361.00357
159171.875 -5583813.05706896 3215205.84604074 -3989.59553141847 -10301.5171525824 1.5625 10.6215903838027 -585624259.478406
159173.4375 -5590033.52783383 3199111.92284941 -3972.35124763249 -10298.0437526208 1.5625 12.0940207028191 -838607330.172487
159174.21875 -5593133.33912384 3191067.82450486 -3963.08352139306 -10294.6345671699 1.5625 13.2528441552966 -1001749369.12967
159175 -5596225.70621876 3183026.91985292 -3953.27917986072 -10289.8281763369 1.5625 14.7787552611631 -1195086651.88374
159175.78125 -5599310.17295152 3174990.39882285 -3942.84109853088 -10283.3658339102 1.5625 16.7395063434165 -1423758251.73582
159176.5625 -5602386.2009661 3166959.6705593 -3931.65561527723 -10274.9440370322 1.5625 19.2058828302541 -1693630475.34983
159177.34375 -5605453.15587091 3158936.40095227 -3919.59012154062 -10264.207855442 1.5625 22.2532737084536 -2011345854.41626
159178.125 -5608510.29142718 3150922.55562353 -3906.49044527711 -10250.7436440364 1.5625 25.9638594371181 -2384352352.33351
159178.90625 -5611556.73162344 3142920.44881869 -3892.17806513975 -10234.0712336334 1.5625 30.4286931761523 -2820900759.70036
159179.6875 -5614591.450529 3134932.79855044 -3876.44722525632 -10213.6357743949 1.5625 35.7491791161184 -3329994357.69296
159180.46875 -5617613.2498887 3126962.78816198 -3859.06206020151 -10188.7995144037 0.78125 42.0376789977488 -3921270466.85963
159181.25 -5620620.7345263 3119014.13420599 -3839.75389219293 -10158.8339377947 0.78125 49.4170820587982 -4604788772.11909
159182.03125 -5623612.28577527 3111091.16013529 -3818.2189285016 -10122.9128667717 0.78125 58.0191676380063 -5390696935.9281
159182.8125 -5626586.0333644 3103198.87474574 -3794.11666670104 -10080.107350895 0.78125 67.9815296747163 -6288741043.78748
159183.59375 -5629539.82646068 3095343.05357215 -3767.06940663153 -10029.3834205539 0.78125 79.4427671663719 -7307588524.43663
159184.375 -5632471.20492151 3087530.32048959 -3736.66336521501 -9969.6040553435 1.5625 92.5356086783125 -8453936694.33101
159185.15625 -5635377.37223297 3079768.22561225 -3702.45198267968 -9899.53698381065 1.5625 107.377660388152 -9731393981.01614
159185.9375 -5638255.17209988 3072065.3142309 -3663.96207854825 -9817.87014130449 1.5625 124.059574766489 -11139146494.8923
159187.5 -5643911.15096048 3056876.49460586 -3572.18315317591 -9614.25146521923 1.5625 163.08233198561 -14311145591.5753
159188.28125 -5646681.11227151 3049413.00319202 -3517.92299051407 -9489.5597858381 0.78125 185.330281711193 -16038106212.1787
159189.0625 -5649406.29587278 3042053.47771135 -3457.4835534206 -9347.89985999804 0.78125 209.196997743021 -17818312962.9149
159189.84375 -5652081.72295319 3034811.61579988 -3390.49105295298 -9188.17678627685 0.78125 234.396839009437 -19608416241.9327
159190.625 -5654702.15818921 3027701.87834156 -3316.66784408908 -9009.54597621365 0.78125 260.526594276831 -21355377514.6791
159191.40625 -5657262.19719361 3020739.25981193 -3235.86398872056 -8811.50056734876 0.78125 287.064696986053 -22998376371.3532
159192.1875 -5659756.37818811 3013938.99110823 -3148.08718091886 -8593.95542867659 0.78125 313.382027052863 -24472130875.2567
159192.96875 -5662179.31531761 3007316.18106094 -3053.52762012906 -8357.31847698721 0.78125 338.766209503408 -25711532526.2015
159193.75 -5664525.84823054 3000885.41047008 -2952.57417915022 -8102.53922927412 0.78125 362.459488098168 -26657199838.4359
159194.53125 -5666791.19978941 2994660.30018761 -2845.81856452747 -7831.1253100181 0.78125 383.707808474737 -27261261135.9335
159195.3125 -5668971.13155569 2988653.08109836 -2734.0452022905 -7545.12030279205 0.78125 401.816177795885 -27492480500.0555
159196.09375 -5671062.08553311 2982874.19739542 -2618.20623277348 -7247.0407324505 1.5625 416.203367042421 -27339828079.2947
159196.875 -5673061.3009449 2977331.9741827 -2499.38300652123 -6939.77541668807 0.78125 426.448269157269 -26813808974.2524
159197.65625 -5674966.89669224 2972032.37574638 -2378.73743505006 -6626.4558490392 0.78125 432.321120457563 -25945270921.8345
159198.4375 -5676777.91338208 2966978.87231847 -2257.45802483006 -6310.31045980727 0.78125 433.795245337663 -24781904012.327
159199.21875 -5678494.31289871 2962172.42217821 -2136.70607185134 -5994.51759148866 0.78125 431.038398954734 -23383083095.9533
159200 -5680116.93771594 2957611.5644116 -2017.56719236581 -5682.07143182521 0.78125 424.386255421838 -21813962593.6757
159200.78125 -5681647.43579357 2953292.60752295 -1901.01223544691 -5375.67225683025 0.78125 414.30324082644 -20139758355.3833
159201.5625 -5683088.15944217 2949209.89186588 -1787.86998052473 -5077.64797463727 0.78125 401.337191306927 -18420967764.4591
159202.34375 -5684442.0477244 2945356.1002697 -1678.81226201454 -4789.90919120127 1.5625 386.074146761308 -16709972920.5147
159203.125 -5685712.50184167 2941722.59121027 -1574.35063359411 -4513.93580490644 0.78125 369.098300456058 -15049145643.4534
159203.90625 -5686903.26180752 2938299.73170251 -1474.84260930055 -4250.79011040271 0.78125 350.960257957825 -13470309357.4775
159204.6875 -5688018.29092719 2935077.21173643 -1380.50496837302 -4001.14977483075 0.78125 332.154855452356 -11995252682.3907
159205.46875 -5689061.67258167 2932044.32746735 -1291.43153109414 -3765.35371838574 0.78125 313.108232761798 -10636933760.0601
159206.25 -5690037.52187368 2929190.22562068 -1207.61307592999 -3543.45455417636 0.78125 294.172829153019 -9401038009.03718
159207.03125 -5690949.91304418 2926504.10609115 -1128.95752608992 -3335.27242383707 0.78125 275.628472346857 -8287621127.48506
159207.8125 -5691802.82230892 2923975.38321248 -1055.30905645992 -3140.44645176665 0.78125 257.687656033929 -7292653313.26838
159208.59375 -5692600.08490797 2921593.80859355 -986.465266969425 -2958.4813749236 0.78125 240.503301741489 -6409358981.94118
159209.375 -5693345.36466202 2919349.55986831 -922.191982841881 -2788.78803596927 0.78125 224.177639273419 -5629308086.24533
159210.15625 -5694042.13411544 2917233.30037516 -862.235555708786 -2630.71729391425 0.78125 208.771212102056 -4943257696.43945
159210.9375 -5694693.66333694 2915236.21487853 -806.332754434931 -2483.5875090016 0.78125 194.311355067923 -4341767747.51307
159211.71875 -5695303.01557481 2913350.0261633 -754.218465229925 -2346.70613312429 0.78125 180.799769908488 -3815626810.76648
159212.5 -5695873.04816374 2911566.99683065 -705.631486400253 -2219.38613354045 0.78125 168.219031280233 -3356126696.96508
159213.28125 -5696406.417314 2909879.92002224 -660.318722915242 -2100.95804651252 0.78125 156.537997612278 -2955222299.72613
159214.0625 -5696905.5856494 2908282.10217834 -618.03807606386 -1990.77844257019 0.78125 145.716189230756 -2605608041.95195
159214.84375 -5697372.83158146 2906767.34034793 -578.560296467355 -1888.23552076409 0.78125 135.707244106836 -2300736376.55079
159215.625 -5697810.25980341 2905329.89604213 -541.670033611795 -1792.75246044692 0.78125 126.461581533964 -2034798060.9913
159216.40625 -5698219.81235529 2903964.46716864 -507.166277870379 -1703.78906255166 0.78125 117.92840597218 -1802678897.40327
159217.1875 -5698603.27985032 2902666.15920667 -474.862355352884 -1620.84211842665 0.78125 110.057174645872 -1599903495.76722
159217.96875 -5698962.31256532 2901430.45647337 -444.585603823882 -1543.44485880947 0.78125 102.79863845448 -1422573374.65975
159218.75 -5699298.43118683 2900253.19408738 -416.176830218159 -1471.16576111215 0.78125 96.1055497656465 -1267304263.21193
159219.53125 -5699613.03707398 2899130.5310429 -389.489627088601 -1403.6069304875 0.78125 89.9331147899737 -1131165674.26966
159220.3125 -5699907.42195177 2898058.92466022 -364.389606379376 -1340.40221861906 0.78125 84.2392536373385 -1011624544.52913
159221.09375 -5700182.77698794 2897035.10656737 -340.75359375201 -1281.2152026831 0.78125 78.9847183616812 -906493859.096215
159221.875 -5700440.20123547 2896056.0602852 -318.468814756511 -1225.73711408683 0.78125 74.1331084652368 -813886592.458367
159222.65625 -5700680.70944355 2895119.00042882 -297.432094888482 -1173.68478097872 0.78125 69.6508143882839 -732174923.512737
159223.4375 -5700905.23925415 2894221.35349603 -277.549088504965 -1124.79862883947 0.78125 65.5069122675412 -659954456.355381
159224.21875 -5701114.65781057 2893360.74018517 -258.733546248037 -1078.840768531 0.78125 61.673027479605 -596013054.42134
159225 -5701309.76781087 2892534.95916626 -240.906626675002 -1035.59319001645 0.78125 58.1231799537448 -539303839.308524
159225.78125 -5701491.31304159 2891741.97221859 -223.996254911798 -994.856071741657 0.78125 54.8336207210299 -488921893.108442
159226.5625 -5701659.98342923 2890979.89064245 -207.936529084557 -956.446209721309 1.5625 51.7826664658355 -444084217.451911
159227.34375 -5701816.41964638 2890246.96285127 -192.667173846255 -920.195566162904 1.5625 48.950536794426 -404112532.275064
159228.125 -5701961.21730883 2889541.56305195 -178.133039346016 -885.949934566878 1.5625 46.3191973933627 -368418534.850159
159228.90625 -5702094.93079832 2888862.18092413 -164.283643367442 -853.56771632984 1.5625 43.8722111048751 -336491279.949185
159229.6875 -5702218.07674356 2888207.4122136 -151.072753996467 -822.91880269387 1.5625 41.5945981059033 -307886382.023065
159230.46875 -5702331.13719007 2887575.95016036 -138.458009997643 -793.88355523121 1.5625 39.4727057704362 -282216778.167953
159231.25 -5702434.56248737 2886966.57768686 -126.400576026858 -766.351877780766 1.5625 37.4940883636222 -259144825.435276
159232.03125 -5702528.77391933 2886378.16027798 -114.864829847906 -740.222372747499 1.5625 35.6473964185445 -238375537.315988
159232.8125 -5702614.1661019 2885809.63948942 -103.818078820078 -715.401574853286 1.5625 33.9222754467814 -219650791.904983
159233.59375 -5702691.10916987 2885260.02702658 -93.2303030619993 -691.803255725467 1.5625 32.3092735076084 -202744368.476465
159234.375 -5702759.95077257 2884728.3993412 -83.0739228572198 -669.347793080851 1.5625 30.7997570869442 -187457690.216556
159235.15625 -5702821.01789664 2884213.89269743 -73.3235880381039 -647.961598675141 1.5625 29.3858347017932 -173616168.977406
159235.9375 -5702874.61853213 2883715.69866366 -63.9559872582349 -627.576599616655 1.5625 28.060287637108 -161066063.455627
159237.5 -5702960.56632064 2882765.26689584 -46.2849160540547 -589.562698253325 1.5625 25.6484383874915 -139313522.483781
159239.0625 -5703019.93294234 2881871.59444908 -29.9088228983923 -554.855000507684 1.5625 23.5176770356609 -121293255.358587
159240.625 -5703054.63843828 2881029.82651423 -14.6989374579027 -523.064777814223 1.5625 21.6287995929561 -106293408.297446
159242.1875 -5703066.41732508 2880235.67343299 -0.546015957675928 -493.855890813879 1.5625 19.9486507554612 -93751728.3357659
159243.75 -5703056.84671106 2879485.33502027 12.6426313024419 -466.936735978408 1.5625 18.4490820526913 -83221442.3478074
159245.3125 -5703027.37016995 2878775.43633858 24.9456156592174 -442.053593634604 1.5625 17.1061039560235 -74345438.4313107
159246.875 -5702979.31806924 2878102.97293985 36.4295473149901 -418.985123445509 1.5625 15.8991961061294 -66836615.6368541
159248.4375 -5702913.92491084 2877465.26394914 47.1507943081134 -397.537800197268 1.5625 14.8107463083473 -60462841.6242563
159250 -5702832.34412871 2876859.91165774 57.1569885352737 -377.542120514474 1.5625 13.8255942851388 -55035371.999014
159251.5625 -5702735.6606957 2876284.76653318 66.4883317061605 -358.849441459316 1.5625 12.9306604864607 -50399885.2603107
159253.125 -5702624.901818 2875737.89675135 75.1787435955464 -341.329336278543 1.5625 12.1146437029835 -46429505.7773709
159254.6875 -5702501.04593636 2875217.56151936 83.2568859029229 -324.867372082472 1.5625 11.3677739739222 -43019346.9493582
159256.25 -5702365.03020781 2874722.18759373 90.7470871009226 -309.363230026013 1.5625 10.681609493211 -40082224.0109003
159257.8125 -5702217.75660719 2874250.34851222 97.6701866334258 -294.729101497712 1.5625 10.0488680413514 -37545272.4521782
159259.375 -5702060.09676437 2873800.74615297 104.04431060313 -280.888304634706 1.5625 9.46328502729863 -35347272.042678
159260.9375 -5701892.89563836 2873372.19431385 109.885585650078 -267.774074747278 1.5625 8.91949161025278 -33436523.9591514
159262.5 -5701716.97412258 2872963.60407141 115.208793121302 -255.328490393148 1.5625 8.41290764911259 -31769163.8447372
159264.0625 -5701533.13067545 2872573.97073236 120.027961963907 -243.501504193362 1.5625 7.93964543172407 -30307819.9294202
159265.625 -5701342.14207514 2872202.36223379 124.356896146319 -232.25005421101 1.5625 7.49642127214638 -29020544.9590309
159267.1875 -5701144.76340495 2871847.90888098 128.209630908922 -221.537237896479 3.125 7.08047311468091 -27879965.3662617
159268.75 -5700941.72738543 2871509.79433544 131.600811797902 -211.331536227358 3.125 6.68948321466909 -26862602.2047974
159270.3125 -5700733.74317807 2871187.24778112 134.545991202545 -201.606080664827 3.125 6.3215057373648 -25948326.8753414
159271.875 -5700521.49479254 2870879.53720483 137.061838869929 -192.337959806754 3.125 5.97489968940973 -25119921.3750542
159273.4375 -5700305.63923309 2870585.96372898 139.166265402766 -183.507566033153 3.125 5.64826794531256 -24362718.2727481
159275 -5700086.80451881 2870305.85693227 140.878460780457 -175.097984929604 3.125 5.34040324596995 -23664300.2566693
159276.5625 -5699865.58770689 2870038.57108821 142.218853163828 -167.094431802203 3.125 5.0502419422924 -23014243.1781575
159278.125 -5699642.55303725 2869783.48224415 143.208996327446 -159.483740187113 3.125 4.77682597350993 -22403890.1636405
159279.6875 -5699418.23030182 2869539.98605575 143.871396714691 -152.253906995946 3.125 4.51927316538178 -21826147.6365428
159281.25 -5699193.11352293 2869307.49628554 144.229293094429 -145.393697969054 3.125 4.27675548001224 -21275296.9682977
159282.8125 -5698967.66000369 2869085.44386917 144.306402960754 -138.892315619593 3.125 4.0484844190217 -20746817.920505
159284.375 -5698742.28979139 2868873.27645147 144.1266500991 -132.739130051498 3.125 3.83370243919738 -20237222.005267
159285.9375 -5698517.38557203 2868670.45829472 143.713887174697 -126.923471134591 3.125 3.63167902831477 -19743895.3525958
159287.5 -5698293.29299403 2868476.47046579 143.091625893534 -121.434478709877 3.125 3.44171002748924 -19264951.6396981
159289.0625 -5698070.32140049 2868290.81121519 142.28278540932 -116.261005931118 3.125 3.26311886803151 -18799096.1482768
159290.625 -5697848.74493471 2868112.99646941 141.309467401932 -111.391569631966 3.125 3.09525858689782 -18345502.1443879
159292.1875 -5697628.80397223 2867942.56036867 140.192763838686 -106.814340798378 3.125 2.93751375334978 -17903700.6114948
159293.75 -5697410.70682519 2867779.05579287 138.952601038569 -102.517167834186 3.125 2.78930173480677 -17473484.01002
159295.3125 -5697194.63166091 2867622.05483046 137.607621447649 -98.4876253050423 3.125 2.65007301081805 -17054824.279306
159296.875 -5696980.72857605 2867471.14915569 136.175102615848 -94.7130811756951 3.125 2.51931048031832 -16647804.8209795
