0 314159000 0 -1178.49845516659 226.14462445515 100 0.00403837820768556 -0
100 314041129.957541 22614.4619607437 -1178.90244455137 226.144609909281 200 0.00404141022995709 -0
300 313805268.599941 67843.3742329654 -1179.71133402326 226.144493345507 400 0.00404748752969818 -0
700 313333059.942277 158301.070278555 -1181.33276812539 226.143908484186 800 0.00405969540985723 -0
1500 312386692.005962 339215.287586366 -1184.59035653168 226.141316911139 1600 0.00408432639345121 -0
3100 310486098.236735 701033.64607647 -1191.16522334348 226.130324588873 3200 0.00413446640946167 -0
6300 306653025.896714 1424585.5415721 -1204.56039982374 226.08408817077 6400 0.0042384017458192 -0
12700 298855548.951077 2870968.17625196 -1232.38957938971 225.885776750533 12800 0.00446214086327525 -0
25500 282701928.891174 5757318.4588781 -1292.72622164111 224.981600884082 12800 0.00498503685061412 -0
31900 274324372.607769 7194878.10345307 -1325.58737778563 224.216058127501 12800 0.00529271572778771 -0
38300 265729972.454946 8626730.26633837 -1360.53022003189 223.190637088032 12800 0.00563855007703214 -0
44700 256904586.101923 10051059.3828295 -1397.8183834743 221.855959673877 12800 0.00602973236960427 -0
51100 247832227.679329 11465696.595656 -1437.7662820994 220.150452658181 12800 0.00647532976189405 -0
57500 238494701.575784 12868029.9356985 -1480.75264654193 217.996455880272 6400 0.00698692474221354 -0
63900 228871135.328528 14254884.89467 -1527.23880105538 215.294758276197 6400 0.00757953364555719 -0
70300 218937375.005776 15622362.9958681 -1577.7937893583 211.916771913711 6400 0.00827295282364362 -0
76700 208665189.545735 16965619.4954426 -1633.12962883755 207.693067046354 6400 0.00909378125089629 -0
83100 198021203.793068 18278550.7056857 -1694.15193983779 202.396138234161 6400 0.0100785468783019 -0
89500 186965436.469215 19553343.3433585 -1762.03462443566 195.713719965502 6400 0.0112786994740019 -0
95900 175449245.9256 20779806.3444077 -1838.33349003244 187.206020617733 6400 0.012768893376118 -0
99100 169500218.311513 21370838.0060577 -1880.27168110722 182.078748172181 6400 0.0136557638159364 -0
102300 163412356.805652 21944346.2982354 -1925.16553508503 176.234346342982 6400 0.0146613588868498 -0
105500 157175582.011826 22497834.0739226 -1973.41549608717 169.541568342302 6400 0.015809848560494 -0
108700 150778406.429699 23028333.6114592 -2025.50453670782 161.836004532418 6400 0.0171322162559542 -0
111900 144207634.593993 23532283.7603619 -2082.02172812075 152.908984532914 6400 0.0186687848281492 -0
115100 137447974.50455 24005364.4752992 -2143.69467255509 142.491711507423 3200 0.0204729360751233 -0
118300 130481525.697996 24442269.7008819 -2211.43505034911 130.232054315549 3200 0.0226167282797544 -0
121500 123287091.983762 24836388.8403301 -2286.40408629917 115.65970050128 3200 0.0251996293653233 -0
124700 115839238.654569 25179348.783345 -2370.10918596972 98.1322335243141 3200 0.028362554005276 -0
127900 108106966.395687 25460336.1567784 -2464.55105575643 76.748714602085 3200 0.0323113202926356 -0
131100 100051790.498306 25665059.5996856 -2572.45594568508 50.2053373955343 3200 0.0373576891458768 -0
132700 95888360.0607392 25733017.3439188 -2632.5966828835 34.4224571179975 3200 0.0404363144084974 -0
134300 91624859.0660716 25774094.4094229 -2697.65838988323 16.5420940627237 3200 0.0439952375944443 -0
135900 87252826.2926308 25784609.3672492 -2768.4016110764 -3.85987555210677 3200 0.0481488293497752 -0
137500 82762446.859945 25760109.614604 -2845.76605912655 -27.3297448841084 3200 0.0530494289061357 -0
139100 78142221.2899507 25695140.4193529 -2930.92935584781 -54.5834534231899 1600 0.0589040719051517 -0
140700 73378521.6375342 25582920.2906341 -3025.39126561086 -86.5781211373973 1600 0.066000716292135 -0
142300 68454983.5052686 25414872.9174694 -3131.09762552603 -124.623201238908 1600 0.0747507952407686 -0
143900 63351652.8559271 25179931.9996024 -3250.62814148555 -170.559504192709 1600 0.0857610830941538 -0
145500 58043754.5464823 24863472.0411069 -3387.49087344382 -227.060011375597 1600 0.0999609536370836 -0
146300 55303597.7922697 24668727.058802 -3463.88425601611 -260.457669958224 1600 0.108690368687323 -0
147100 52499854.5640091 24445593.1127115 -3546.60285254078 -298.161610962279 1600 0.118840925215316 -0
147900 49627090.2154475 24190287.8217892 -3636.6152706602 -341.051650774628 1600 0.130764078774289 -0
148700 46679010.0530271 23898227.3273832 -3735.11285935786 -390.265499049385 1600 0.144932099148282 -0
149500 43648254.694444 23563781.8457371 -3843.57967805035 -447.30090870014 1600 0.161993059586956 -0
150300 40526128.8656444 23179930.1117563 -3963.89078826407 -514.170560440325 800 0.182858015893041 -0
151100 37302235.7619979 22737757.9810789 -4098.4529631422 -593.644377365887 800 0.208844184489671 -0
151900 33963974.8223293 22225708.5135142 -4250.4100622022 -689.642663493312 800 0.241919955186816 -0
152700 30495838.1514524 21628419.6545789 -4423.94833310669 -807.90178373986 800 0.285144976424607 -0
153500 26878405.2835817 20924844.5207767 -4624.75631190747 -957.160124530082 800 0.343507747618611 -0
153900 25006217.1809206 20524324.1491481 -4737.73878178856 -1047.48020372746 800 0.380839841789434 -0
154300 23086882.7820803 20085050.0469679 -4860.71538492566 -1151.40458751568 800 0.425636031492546 -0
154700 21116114.9668097 19600950.4636965 -4995.17569655185 -1272.24266421308 800 0.480155701911635 -0
155100 19088977.7230583 19064412.7195331 -5142.88014095643 -1414.46131614508 400 0.547607696184923 -0
155500 16999772.5276902 18465719.4194006 -5305.88184857892 -1584.23040238338 400 0.632677871738708 -0
155900 14841924.5304423 17792206.0740782 -5486.49624188589 -1790.30035471599 400 0.74243225114325 -0
156300 12607905.8489229 17026962.0404175 -5687.12101165853 -2045.46456018141 400 0.887930375351339 -0
156700 10289298.9890462 16146754.7194107 -5909.64886266517 -2369.09061868766 400 1.08724773871315 -0
156900 9095502.16987536 15653745.7148416 -6029.20839581972 -2565.47969533213 400 1.21601676739292 -0
157100 7877281.1426755 15118579.3846559 -6153.76373553843 -2791.67344665629 400 1.37143749423793 -0
157300 6633738.64756275 14534632.3938481 -6282.15208564113 -3054.59761602387 400 1.56142017778779 -0
157500 5364315.06784687 13893695.4498138 -6412.05382162909 -3363.29127477858 200 1.79689875612099 -0
157700 4069097.61278274 13185481.0166679 -6539.13360596848 -3729.63603731926 200 2.09317753223897 -0
157900 2749361.20766643 12396965.6602293 -6655.51677009152 -4169.27536128512 200 2.47185576663333 -0
158100 1408522.57339531 11511537.9504294 -6747.06388586809 -4702.59635412262 200 2.9633675396343 -1.37370352976441e-301
158300 53832.6552039193 10507983.9056191 -6788.51953503074 -5355.21182262441 200 3.6095728007013 -3.62718511042872e-236
158500 -1300638.1447176 9359558.71203725 -6735.19673023807 -6156.13133780065 200 4.46363416006593 -1.40456191007692e-172
158600 -1970334.8355939 8721107.69175722 -6650.67232297227 -6620.2650839206 200 4.98588423138975 -5.00298404237905e-142
158700 -2628917.69134691 8034026.36356841 -6510.3941830371 -7128.67124405012 200 5.57779452529314 -9.96559327082013e-113
158800 -3270002.36301235 7293971.19302781 -6297.68522790467 -7678.96503060344 200 6.23791703656401 -4.19161817772457e-85
158900 -3885400.35076934 6497089.15217216 -5993.31141213649 -8263.31572943308 200 6.95483666107977 -1.12175068045321e-59
159000 -4464940.20910783 5640689.71526709 -5577.29891816425 -8865.86467879941 200 7.7014033791555 -4.57311611897696e-37
159100 -4996565.75497036 4724169.20039923 -5032.75826352236 -9460.45123647774 100 8.42940459640823 -5.6224678928085e-18
159200 -5466930.51143971 3750084.39882161 -4351.93160148432 -10010.2346683843 100 9.06864819869521 -0.00380998948058377
159300 -5862663.40922539 2725083.21713446 -3542.32921398104 -10468.7429262365 100 9.50719207040687 -29167905.2285329
159312.5 -5906246.81161463 2593965.02598334 -3429.57874985835 -10506.1838252741 25 9.61940002046571 -209879725.921134
159325 -5948321.10632746 2462675.2407304 -3295.63015656254 -10479.2271741507 12.5 15.4436718167005 -1209882989.73583
159337.5 -5988280.84826938 2333143.05008072 -3071.8416465567 -10159.1631408421 12.5 56.9897842716142 -5135237682.27165
159343.75 -6006907.33971391 2270902.01678482 -2875.49160017425 -9712.46367564082 12.5 101.966659888133 -8801012312.80233
159350 -6024038.34570244 2212393.58747843 -2590.63235119559 -8953.35512263073 6.25 158.086828292348 -12554962296.704
159356.25 -6039104.20564751 2159675.24178111 -2217.95076404458 -7868.06411749544 6.25 205.603122655859 -14316729609.1802
159362.5 -6051659.69044045 2114479.54299174 -1796.58224503752 -6576.20461277433 12.5 223.290385726434 -12965676022.504
159368.75 -6061584.36554827 2077484.51988722 -1385.59827301655 -5277.03544649225 12.5 208.191855169927 -9677524156.40489
159375 -6069095.40711782 2048192.23949225 -1029.12851139588 -4130.11429969053 6.25 174.49546762186 -6331949612.31726
159381.25 -6074594.98402853 2025402.65186424 -742.351090959706 -3199.55068355588 6.25 137.458717256034 -3853562733.99324
159387.5 -6078510.08515365 2007760.50721675 -520.336237894602 -2478.20055522695 6.25 105.157399857708 -2277240399.26064
159393.75 -6081208.26724119 1994065.40893625 -350.730477718616 -1929.62988222558 6.25 79.726077193343 -1341494131.3514
159400 -6082977.12605409 1983364.14922889 -221.034016212166 -1513.89338055025 6.25 60.5764896380685 -799268906.44496
159406.25 -6084032.98643221 1974935.99918193 -121.104672815489 -1197.2793944849 6.25 46.3805473107745 -485384538.977676
159412.5 -6084537.08634838 1968246.00649837 -43.4100700319314 -953.993850664676 12.5 35.8666793260667 -301868304.798007
159418.75 -6084610.60704037 1962898.32778592 17.4284191205677 -765.048712892841 12.5 28.0310155129431 -193051927.953008
159425 -6084346.42524714 1958598.80808519 65.1727782075136 -616.62723633986 12.5 22.1348777432697 -127581147.251453
159431.25 -6083817.78935674 1955127.26395983 102.40463549229 -498.669754084287 12.5 17.646688885605 -87659948.109476
159443.75 -6082198.13550595 1950042.88925687 151.637308360645 -326.786584040349 12.5 11.4675523714529 -47648460.4630839
159456.25 -6080142.38606823 1946723.87044441 173.118450659695 -211.851558948411 12.5 7.53096957906541 -31458882.5925417
159468.75 -6077961.43032932 1944587.75596656 172.841328373237 -135.445835794021 12.5 4.90082516198668 -23712760.1114785
159481.25 -6075875.90813622 1943218.36191504 159.482265737807 -87.7841474616631 12.5 3.17788887726468 -18832285.9405649
159493.75 -6073990.75166751 1942308.41159765 142.045512757082 -60.5339288952773 12.5 2.10819135406807 -15301058.2581579
