0 314159000 0 -1181.09264884517 212.179534460588 100 0.00403837820768556 -0
100 314040870.538162 21217.9529912229 -1181.4966385638 212.179520812946 200 0.00404141690943439 -0
300 313804490.341536 63653.8480437353 -1182.30553071326 212.179411446738 400 0.0040475076285044 -0
700 313331244.002867 148525.517583859 -1183.92697827376 212.178862695116 800 0.00405974259067104 -0
1500 312382800.677448 318267.754402039 -1187.18462652586 212.176431089421 1600 0.00408442872671072 -0
3100 310478055.896322 657742.773688632 -1193.75974898323 212.166116951553 1600 0.0041346831250692 -0
4700 308562726.093169 997195.33276505 -1200.41622530003 212.148310128663 1600 0.00418614762755905 -0
6300 306636679.542126 1336613.22072786 -1207.15601627267 212.122730303818 1600 0.00423886458469673 -0
7900 304699781.325551 1675983.76811155 -1213.98115133962 212.089084478599 1600 0.00429287830240685 -0
9500 302751893.221688 2015293.82604528 -1220.89373175041 212.047066274633 1600 0.00434823515453316 -0
11100 300792873.58711 2354529.74425581 -1227.8959339168 211.996355189176 1600 0.00440498370312753 -0
12700 298822577.233652 2693677.34784014 -1234.99001295899 211.936615801182 1600 0.0044631748271468 -0
14300 296840855.2995 3032721.91272587 -1242.17830646018 211.867496924017 1600 0.00452286186024563 -0
15900 294847555.114101 3371648.13973029 -1249.46323844444 211.78863070062 1600 0.00458410073841866 -0
17500 292842520.056518 3710440.12712275 -1256.84732359366 211.69963163652 1600 0.0046469501583167 -0
19100 290825589.406828 4049081.34158681 -1264.33317172106 211.60009556571 1600 0.00471147174714119 -0
20700 288796598.190158 4387554.58747046 -1271.92349251982 211.489598543923 1600 0.00477773024510914 -0
22300 286755377.01288 4725841.97420354 -1279.62110060727 211.367695663314 1600 0.00484579370157876 -0
23900 284701751.890486 5063924.8817515 -1287.42892088678 211.233919782032 1600 0.0049157336860345 -0
25500 282635544.066614 5401783.92396361 -1295.34999425133 211.087780161469 1600 0.00498762551525129 -0
27100 280556569.822662 5739398.90966173 -1303.38748365504 210.928761003362 1600 0.00506154849809281 -0
28700 278464640.277366 6076748.80130258 -1311.5446805811 210.756319878069 1600 0.00513758619954875 -0
30300 276359561.175699 6413811.671032 -1319.82501193737 210.569886034531 1600 0.0052158267257846 -0
31900 274241132.666371 6750564.65393353 -1328.23204741351 210.368858581464 1600 0.00529636303216518 -0
33500 272109149.067159 7086983.89825625 -1336.76950733698 210.15260452824 1600 0.00537929325642441 -0
35100 269963398.617246 7423044.51238746 -1345.44127106849 209.920456672747 1600 0.00546472107938966 -0
36700 267803663.215668 7758720.50831419 -1354.25138598154 209.671711322172 1600 0.0055527561159353 -0
38300 265629718.144888 8093984.74129408 -1363.20407707497 209.405625831175 1600 0.00564351433913856 -0
39900 263441331.778453 8428808.84542985 -1372.3037572722 209.121415940234 1600 0.00573711854094794 -0
41500 261238265.271581 8763163.16481276 -1381.55503846637 208.818252895083 1600 0.00583369883305438 -0
43100 259020272.233438 9097016.67986796 -1390.96274337622 208.495260326051 1600 0.00593339319208545 -0
44700 256787098.379752 9430336.92849925 -1400.53191828461 208.151510863744 1600 0.00603634805372922 -0
46300 254538481.164279 9763089.92159068 -1410.26784673877 207.786022464831 1600 0.00614271896094649 -0
47900 252274149.387529 10095240.0523782 -1420.17606429967 207.397754418682 1600 0.00625267127205716 -0
49500 249993822.780988 10426749.999155 -1430.26237443759 206.985603002188 1600 0.00636638093520019 -0
51100 247697211.564917 10757580.6207194 -1440.53286568099 206.548396746226 1600 0.00648403533648038 -0
52700 245384015.977637 11087690.8439107 -1450.99393013806 206.084891272831 1600 0.00660583423004466 -0
53500 244221102.517044 11252462.4128664 -1456.29801276041 205.842866148623 1600 0.00666835391579459 -0
54300 243053925.773918 11417037.5425002 -1461.65228352245 205.59376365732 1600 0.00673199075939845 -0
55100 241882445.241824 11581410.4998318 -1467.05763600823 205.337405149116 1600 0.00679677368009883 -0
55900 240706619.690297 11745575.4066915 -1472.51498683508 205.07360626293 1600 0.00686273258047153 -0
56700 239526407.146106 11909526.2350613 -1478.02527643319 204.802176700776 1600 0.00692989838794141 -0
57500 238341764.873882 12073256.8022315 -1483.58946985803 204.522919991447 1600 0.00699830309839691 -0
58300 237152649.356078 12236760.7657641 -1489.20855763708 204.2356332429 1600 0.00706797982202704 -0
59100 235959016.272247 12400031.6182531 -1494.88355665281 203.940106882714 1600 0.00713896283151322 -0
59900 234760820.477585 12563062.681872 -1500.61551106356 203.636124385957 1600 0.00721128761271702 -0
60700 233558015.980733 12725847.1026988 -1506.40549326446 203.323461989726 1600 0.00728499091801474 -0
61500 232350555.92079 12888377.8448065 -1512.25460489036 203.001888393621 1600 0.00736011082244031 -0
62300 231138392.543501 13050647.6841086 -1518.16397786297 202.671164445313 1600 0.00743668678280902 -0
63100 229921477.176598 13212649.2019462 -1524.1347754846 202.331042810356 1600 0.00751475970000701 -0
63900 228699760.204239 13374374.7784054 -1530.16819358094 201.98126762531 1600 0.00759437198464438 -0
64700 227473191.040515 13535816.5853486 -1536.26546169557 201.621574133182 1600 0.00767556762628404 -0
65500 226241718.101981 13696966.5791483 -1542.42784433886 201.251688300133 1600 0.0077583922664738 -0
66300 225005288.779164 13857816.4931054 -1548.6566422945 200.871326412319 1600 0.00784289327582575 -0
67100 223763849.407001 14018357.8295372 -1554.95319398648 200.480194651655 1600 0.00792911983540473 -0
67900 222517345.234159 14178581.8515164 -1561.31887691022 200.077988649218 1600 0.00801712302270765 -0
68700 221265720.391182 14338479.5742447 -1567.75510913123 199.66439301489 1600 0.00810695590253576 -0
69500 220008917.857413 14498041.7560386 -1574.26335085521 199.239080841771 1600 0.00819867362308555 -0
70300 218746879.426628 14657258.8889093 -1580.84510607365 198.801713183768 1600 0.00829233351760816 -0
71100 217479545.671325 14816121.1887126 -1587.50192428931 198.351938504654 1600 0.0083879952120146 -0
71900 216206855.905593 14974618.5848468 -1594.23540232613 197.889392096761 1600 0.00848572073883295 -0
72700 214928748.146504 15132740.709472 -1601.04718622871 197.413695467359 1600 0.00858557465795588 -0
73500 213645159.073945 15290476.8862252 -1607.93897325642 196.924455690589 1600 0.00868762418465137 -0
74300 212356023.988813 15447816.1184024 -1614.91251397803 196.421264722688 1600 0.00879193932534717 -0
75100 211061276.769499 15604747.0765776 -1621.9696144728 195.903698678074 1600 0.00889859302174099 -0
75900 209760849.826556 15761258.0856259 -1629.11213864454 195.371317063632 1600 0.00900766130383314 -0
76700 208454674.05548 15917337.1111162 -1636.34201065562 194.823661968393 1600 0.00911922345252746 -0
77500 207142678.787483 16072971.7450372 -1643.66121748832 194.260257205537 1600 0.00923336217250008 -0
78300 205824791.738168 16228149.1908166 -1651.07181164165 193.680607403422 800 0.00935016377609417 -0
79100 204500938.95399 16382856.2475914 -1658.57591397206 193.084197042076 800 0.00946971837906317 -0
79900 203171044.756386 16537079.293685 -1666.17571668735 192.470489431311 800 0.00959212010905524 -0
80700 201835031.683437 16690804.2692411 -1673.87348650369 191.838925626288 800 0.00971746732780915 -0
81500 200492820.428944 16844016.6579641 -1681.67156797636 191.188923276035 800 0.00984586286811629 -0
82300 199144329.778762 16996701.46791 -1689.57238701574 190.519875400033 800 0.00997741428669698 -0
83100 197789476.544248 17148843.2112677 -1697.57845460089 189.831149087586 800 0.0101122341342415 -0
83900 196428175.492642 17300425.8830672 -1705.69237070398 189.12208411424 800 0.0102504402439793 -0
84700 195060339.274238 17451432.9387455 -1713.91682844007 188.39199146901 800 0.0103921560402636 -0
85500 193685878.346124 17601847.2704967 -1722.25461845763 187.640151785656 800 0.0105375108687972 -0
86300 192304700.892315 17751651.1823261 -1730.70863358672 186.865813670642 800 0.0106866403502752 -0
87100 190916712.740059 17900826.3637227 -1739.28187376277 186.068191919755 800 0.0108396867593883 -0
87900 189521817.272082 18049353.8618575 -1747.97745124582 185.246465614656 800 0.0109967994313173 -0
88700 188119915.334541 18197214.0522081 -1756.79859615636 184.399776089832 800 0.0111581351980522 -0
89500 186710905.140403 18344386.6075013 -1765.7486623508 183.527224759552 800 0.011323858857099 -0
90300 185294682.167989 18490850.4648578 -1774.8311336618 182.627870793452 800 0.0114941436753907 -0
91100 183871139.054366 18636583.7910125 -1784.04963053036 181.700728628332 800 0.0116691719314988 -0
91900 182440165.48327 18781563.9454742 -1793.4079170596 180.744765302534 800 0.0118491354995557 -0
92700 181001648.0672 18925767.4414771 -1802.90990852207 179.758897597994 800 0.0120342364786483 -0
93500 179555470.223324 19069169.9045637 -1812.55967935587 178.741988973589 800 0.0122246878718318 -0
94300 178101512.042769 19211746.0286242 -1822.3614716878 177.692846271782 800 0.0124207143193478 -0
95100 176639650.152875 19353469.5292052 -1832.31970442515 176.610216178813 800 0.0126225528911202 -0
95900 175169757.571929 19494313.0938799 -1842.43898296196 175.492781416623 800 0.0128304539441457 -0
96700 173691703.555876 19634248.3294566 -1852.72410954947 174.339156642541 800 0.0130446820510107 -0
97500 172205353.436445 19773245.7057821 -1863.18009438557 173.147884030212 800 0.0132655170064531 -0
98300 170710568.4501 19911274.4958717 -1873.81216748304 171.917428502518 800 0.0134932549196643 -0
99100 169207205.557159 20048302.7120764 -1884.6257913826 170.646172584089 800 0.0137282094008974 -0
99900 167695117.250388 20184297.0379676 -1895.62667478288 169.332410837534 800 0.0139707128519358 -0
100700 166174151.352287 20319222.7555915 -1906.82078716697 167.974343843587 800 0.0142211178710899 -0
101500 164644150.80026 20453043.6677106 -1918.21437451336 166.570071680969 800 0.0144797987846506 -0
102300 163104953.418739 20585722.0146122 -1929.81397618778 165.117586856771 800 0.0147471533181615 -0
103100 161556391.677295 20717218.3850243 -1941.62644312309 163.614766632593 800 0.0150236044224981 -0
103900 159998292.433647 20847491.6206296 -1953.65895740521 162.059364685303 800 0.0153096022715932 -0
104700 158430476.660395 20976498.7136204 -1965.91905339627 160.449002034146 800 0.0156056264507594 -0
105500 156852759.154199 21104194.6966756 -1978.41464054014 158.781157157757 800 0.015912188356974 -0
106300 155264948.22598 21230532.5246796 -1991.15402801186 157.053155215431 800 0.0162298338352498 -0
107100 153666845.370603 21355462.9474285 -2004.14595139068 155.262156276458 800 0.0165591460783862 -0
107900 152058244.91436 21478934.3724863 -2017.39960155669 153.40514244936 800 0.0169007488210325 -0
108700 150438933.638354 21600892.717266 -2030.92465603488 151.47890378913 800 0.0172553098631903 -0
109500 148808690.375759 21721281.2493005 -2044.73131303621 149.480022844927 800 0.0176235449631195 -0
110300 147167285.580672 21840040.4135582 -2058.83032847585 147.404857692642 800 0.01800622214521 -0
111100 145514480.866058 21957107.6455196 -2073.23305628252 145.24952327606 800 0.0184041664748745 -0
111500 144683726.504192 22014986.3630497 -2080.5520346803 144.140507017538 800 0.018609138542947 -0
111900 143850028.507947 22072417.1685643 -2087.95149235015 143.009870857188 800 0.0188182653600723 -0
112300 143013354.365597 22129391.3020349 -2095.43303695928 141.857051283877 800 0.0190316685604174 -0
112700 142173670.913135 22185899.7741676 -2102.99832253904 140.681465344801 800 0.0192494744477697 -0
113100 141330944.315377 22241933.3584593 -2110.64905123784 139.482509802568 800 0.0194718142179888 -0
113500 140485140.046351 22297482.5829079 -2118.38697515647 138.25956024804 800 0.019698824194144 -0
113900 139636222.868937 22352537.7213584 -2126.21389827018 137.01197016622 800 0.0199306460751837 -0
114300 138784156.813714 22407088.7844656 -2134.13167844256 135.739069952244 800 0.020167427199045 -0
114700 137928905.156991 22461125.5102524 -2142.14222953644 134.44016587435 800 0.020409320821183 -0
115100 137070430.39796 22514637.3542422 -2150.24752362734 133.114538980449 800 0.0206564864095743 -0
115500 136208694.23496 22567613.4791425 -2158.44959332562 131.761443944683 800 0.0209090899573336 -0
115900 135343657.540772 22620042.7440539 -2166.75053421345 130.380107850103 800 0.0211673043141707 -0
116300 134475280.336926 22671913.6931789 -2175.15250740365 128.96972890328 800 0.0214313095380142 -0
116700 133603521.766954 22723214.5440023 -2183.65774222756 127.529475076374 800 0.0217012932682354 -0
117100 132728340.068545 22773933.174913 -2192.26853905976 126.058482671834 800 0.0219774511220216 -0
117500 131849692.544537 22824057.1122353 -2200.98727228797 124.555854804533 800 0.0222599871155769 -0
117900 130967535.53269 22873573.516636 -2209.81639343713 123.020659795725 800 0.0225491141119674 -0
118300 130081824.374185 22922469.1688697 -2218.75843445718 121.451929472815 800 0.0228450542975795 -0
118700 129192513.380761 22970730.454825 -2227.81601118487 119.848657368391 800 0.0231480396893275 -0
119100 128299555.800441 23018343.3498283 -2236.9918269905 118.209796811502 800 0.0234583126749307 -0
119500 127402903.781758 23065293.4021613 -2246.2886766217 116.534258903577 800 0.0237761265887782 -0
119900 126502508.336396 23111565.7157453 -2255.70945025671 114.820910370742 800 0.0241017463261225 -0
120300 125598319.300174 23157144.9319391 -2265.257137781 113.068571283655 800 0.024435448998584 -0
120700 124690285.292266 23202015.2103975 -2274.93483330195 111.276012635194 800 0.0247775246342132 -0
121100 123778353.672571 23246160.2089302 -2284.74573991754 109.441953765547 800 0.0251282769256543 -0
121500 122862470.497111 23289563.0622992 -2294.69317475598 107.565059623369 800 0.025488024030272 -0
121900 121942580.471372 23332206.3598845 -2304.78057430496 105.643937850658 800 0.0258570994264643 -0
122300 121018626.901435 23374072.1221477 -2315.01150005037 103.677135677992 400 0.0262358528307739 -0
122700 120090551.642801 23415141.7758122 -2325.38964444597 101.663136615518 400 0.026624651180848 -0
123100 119158295.046746 23455396.1276772 -2335.91883723748 99.6003569238629 400 0.0270238796897777 -0
123500 118221795.904079 23494815.3369725 -2346.60305216611 97.4871418476458 400 0.0274339429778791 -0
123900 117280991.386135 23533378.8861566 -2357.44641407899 95.3217615927512 400 0.0278552662885744 -0
124300 116335816.982841 23571065.5500512 -2368.4532064761 93.1024070267499 400 0.0282882967956826 -0
124700 115386206.437662 23607853.3631955 -2379.62787952572 90.8271850799596 400 0.028733505010165 -0
125100 114432091.679255 23643719.5852991 -2390.97505858344 88.4941138225101 400 0.0291913862951804 -0
125500 113473402.749594 23678640.6646545 -2402.49955325268 86.1011171904302 400 0.0296624624992117 -0
125900 112510067.728366 23712592.1993662 -2414.20636702783 83.6460193311743 400 0.0301472837180375 -0
126300 111542012.65338 23745548.8962358 -2426.10070756523 81.126538536116 400 0.0306464301974506 -0
126700 110569161.436739 23777484.5271323 -2438.18799763087 78.540280724329 400 0.0311605143898906 -0
127100 109591435.776483 23808371.8826589 -2450.47388677838 75.8847324384013 400 0.0316901831795727 -0
127500 108608755.063411 23838182.7229141 -2462.96426381577 73.1572533090539 400 0.0322361202922831 -0
127900 107621036.282739 23866887.725124 -2475.66527012498 70.3550679408915 400 0.0327990489077978 -0
128300 106628193.910261 23894456.427905 -2488.58331390405 67.4752571666586 400 0.033379734494887 -0
128700 105630139.802606 23920857.1718917 -2501.72508540895 64.5147486118232 400 0.0339789878911323 -0
129100 104626783.081186 23946057.0364424 -2515.09757327914 61.4703065050976 400 0.034597668652335 -0
129500 103618030.009383 23970021.7721065 -2528.7080820394 58.3385206635328 400 0.0352366886991823 -0
129900 102603783.862487 23992715.728507 -2542.56425087994 55.115794572987 400 0.0358970162921029 -0
130300 101583944.789841 24014101.7772609 -2556.67407382674 51.7983324759547 400 0.0365796803689505 -0
130700 100558409.66862 24034141.2295188 -2571.0459214259 48.3821253688022 400 0.0372857752843623 -0
131100 99527071.9486213 24052793.747668 -2585.68856407858 44.8629357992373 400 0.0380164659944284 -0
131500 98489821.4873496 24070017.2506947 -2600.61119717749 41.236281342153 400 0.0387729937357678 -0
131900 97446544.3746724 24085767.8126494 -2615.82346821223 37.497416617612 400 0.0395566822543421 -0
132300 96397122.7462035 24099999.5536028 -2631.33550602875 33.6413136984268 400 0.0403689446464733 -0
132700 95341434.5845187 24112664.5224146 -2647.15795244896 29.6626407362483 400 0.0412112908827108 -0
133100 94279353.5072143 24123712.5705646 -2663.3019964794 25.5557386139532 400 0.0420853360945905 -0
133500 93210748.5407216 24133091.2162151 -2679.77941136384 21.3145954080169 400 0.042992809715145 -0
133900 92135483.8786859 24140745.4975788 -2696.6025947646 16.9328184169951 400 0.0439355655765057 -0
134300 91053418.6235934 24146617.8145673 -2713.78461239009 12.4036034806569 400 0.0449155930823623 -0
134700 89964406.5102004 24150647.7575734 -2731.33924542465 7.7197012780476 400 0.0459350295897654 -0
135100 88868295.6091634 24152771.9221099 -2749.2810421594 2.87338025102821 400 0.0469961741541793 -0
135500 87764928.0091042 24152923.7078782 -2767.62537427213 -2.14361424828706 400 0.0481015028142971 -0
135900 86654139.4751488 24151033.100664 -2786.38849826041 -7.34010504341389 400 0.0492536856195252 -0
136300 85535759.0817696 24147026.4352668 -2805.58762259616 -12.7255329743886 400 0.0504556056339237 -0
136700 84409608.8175161 24140826.1374445 -2825.24098124357 -18.3100120902464 400 0.0517103801866258 -0
136900 83843562.3134744 24136877.9968169 -2835.24399663293 -21.1802554940942 400 0.0523586319383103 -0
137100 83275503.1588896 24132350.4425668 -2845.36791426331 -24.1043908747738 400 0.0530213846814683 -0
137300 82705406.9141458 24127232.548994 -2855.61533899117 -27.0839002102644 400 0.0536991050500862 -0
137500 82133248.6106419 24121513.0885621 -2865.98895634534 -30.1203203015107 400 0.0543922793284276 -0
137700 81559002.7343331 24115180.5206796 -2876.49153579323 -33.2152453369563 400 0.0551014144765864 -0
137900 80982643.2086025 24108222.9799543 -2887.12593417075 -36.370329602702 400 0.0558270392200676 -0
138100 80404143.3764308 24100628.2638891 -2897.89509928572 -39.5872903480469 400 0.0565697052080612 -0
138300 79823475.9818255 24092383.8199899 -2908.80207370518 -42.8679108169205 400 0.0573299882454615 -0
138500 79240613.1504748 24083476.7322484 -2919.84999873796 -46.2140434565412 400 0.0581084896041135 -0
138700 78655526.3695838 24073893.706965 -2931.0421186244 -49.6276133155253 400 0.0589058374192296 -0
138900 78068186.4668503 24063621.0578718 -2942.3817849461 -53.1106216446503 400 0.0597226881774365 -0
139100 77478563.5885372 24052644.6905144 -2953.87246126964 -56.6651497145358 400 0.0605597283034684 -0
139300 76886627.1765898 24040950.085847 -2965.51772803892 -60.2933628656694 400 0.0614176758531422 -0
139500 76292345.9447495 24028522.2829922 -2977.3212877321 -63.9975148074688 400 0.0622972823209254 -0
139700 75695687.8536077 24015345.861116 -2989.28697030032 -67.779952184462 400 0.0631993345711531 -0
139900 75096620.084543 24001404.92036 -3001.41873890634 -71.6431194291831 400 0.0641246569027705 -0
140100 74495109.0124779 23986683.0617729 -3013.72069598322 -75.5895639230432 400 0.0650741132583819 -0
140300 73891120.1773909 23971163.3661777 -3026.19708963401 -79.6219414882598 400 0.0660486095893862 -0
140500 73284618.2545125 23954828.3719046 -3038.85232039564 -83.74302223593 400 0.0670490963900786 -0
140700 72675567.0231299 23937660.0513166 -3051.69094839157 -87.9556967975294 400 0.0680765714148204 -0
140900 72063929.3339195 23919639.7860484 -3064.71770090006 -92.2629829695367 400 0.0691320825937247 -0
141100 71449667.074723 23900748.3408719 -3077.9374803668 -96.6680328035469 400 0.0702167311638057 -0
141300 70832741.1346729 23880965.8360965 -3091.35537289315 -101.174140177167 400 0.0713316750341936 -0
141500 70213111.3665705 23860271.7184039 -3104.97665723361 -105.784748884229 400 0.0724781324058632 -0
141700 69590736.5474105 23838644.7300092 -3118.80681433912 -110.503461286415 400 0.0736573856683714 -0
141900 68965574.3369387 23816062.8760323 -3132.85153748572 -115.334047572366 400 0.0748707855983827 -0
142100 68337581.2341221 23792503.3899517 -3147.11674303141 -120.280455674688 200 0.0761197558873026 -0
142300 67706712.5314015 23767942.6970058 -3161.6085818478 -125.346821900145 200 0.0774057980281782 -0
142500 67072922.266585 23742356.3753904 -3176.33345147718 -130.537482333682 200 0.0787304965951983 -0
142700 66436163.1722339 23715719.1150937 -3191.29800906986 -135.856985082911 200 0.0800955249526752 -0
142900 65796386.6223779 23688004.6741913 -3206.5091851617 -141.310103436338 200 0.0815026514343665 -0
143100 65153542.5763853 23659185.8324128 -3221.97419835703 -146.901850015982 200 0.0829537460384602 -0
143300 64507579.5198004 23629234.3417697 -3237.70057098794 -152.637492013338 200 0.0844507876885634 -0
143500 63858444.4019444 23598120.8740204 -3253.69614582759 -158.522567606787 200 0.0859958721166727 -0
143700 63206082.5700625 23565814.9647249 -3269.9691039422 -164.562903668919 200 0.0875912204304741 -0
143900 62550437.6997776 23532284.9536185 -3286.52798377445 -170.76463488372 200 0.0892391884344893 -0
144100 61891451.7215968 23497497.9210105 -3303.38170155967 -177.134224406549 200 0.0909422767827081 -0
144300 61229064.7431918 23461419.6198846 -3320.53957318604 -183.67848621432 200 0.0927031420495306 -0
144500 60563214.967153 23424014.403346 -3338.01133762076 -190.404609309679 200 0.0945246088162648 -0
144700 59893838.6038906 23385245.1470284 -3355.80718203607 -197.32018396133 200 0.0964096828822645 -0
144900 59220869.7793282 23345073.1660315 -3373.93776878252 -204.43323018347 200 0.098361565723261 -0
145100 58544240.4370039 23303458.1259208 -3392.41426437148 -211.752228680712 200 0.100383670334801 -0
145300 57863880.2341592 23260357.9472706 -3411.24837064575 -219.286154511479 200 0.102479638616243 -0
145500 57179716.4313587 23215728.7031794 -3430.45235833518 -227.044513752952 200 0.104653360470832 -0
145700 56491673.7751419 23169524.509126 -3450.03910321538 -235.037383484866 200 0.106908994820378 -0
145900 55799674.3731634 23121697.4044673 -3470.02212511032 -243.275455448426 200 0.109250992759498 -0
146100 55103637.5612262 23072197.224804 -3490.41563000561 -251.770083780967 200 0.111684123104796 -0
146300 54403479.761557 23020971.4643554 -3511.23455556863 -260.53333727777 200 0.114213500629451 -0
146500 53699114.331609 22967965.1273855 -3532.49462040401 -269.578056690462 200 0.116844617314237 -0
146700 52990451.4026105 22913120.5676201 -3554.21237740988 -278.91791763809 200 0.119583376993008 -0
146900 52277397.7069992 22856377.3144658 -3576.40527164217 -288.567499783493 200 0.122436133825225 -0
147100 51559856.3937937 22797671.8847062 -3599.09170314036 -298.542363015839 200 0.125409735091656 -0
147300 50837726.8308641 22736937.5781922 -3622.29109522195 -308.85913148203 200 0.128511568883459 -0
147500 50110904.3929484 22674104.2558619 -3646.02396881217 -319.535586427578 200 0.131749617341565 -0
147700 49379280.2341481 22609098.098221 -3670.31202344393 -330.590768944284 200 0.135132516204977 -0
147900 48642741.0434976 22541841.3421799 -3695.17822564023 -342.045093881124 200 0.138669621546127 -0
148100 47901168.7820536 22472251.9938741 -3720.64690547909 -353.920476360156 200 0.142371084712486 -0
148300 47154440.3997786 22400243.5147843 -3746.74386224151 -366.240472556071 200 0.146247936660338 -0
148500 46402427.5303031 22325724.4781174 -3773.49648015699 -379.03043665213 200 0.150312183064476 -0
148600 46024397.7641165 22287493.5011734 -3787.12768400007 -385.610114218618 200 0.152418623658181 -0
148700 45644996.1613884 22248598.1919546 -3800.93385538551 -392.317696177527 200 0.154576911823267 -0
148800 45264205.0300171 22209025.573411 -3814.91892171107 -399.156939002641 200 0.156788872620192 -0
148900 44882006.2789434 22168762.2854481 -3829.08693556465 -406.131748321558 200 0.159056414857362 -0
149000 44498381.4053766 22127794.5696405 -3843.44207987529 -413.246186410037 200 0.16138153584026 -0
149100 44113311.4814913 22086108.2531736 -3857.98867332258 -420.504480143187 200 0.163766326441977 -0
149200 43726777.1405713 22043688.7319657 -3872.73117601961 -427.911029436324 200 0.166212976520482 -0
149300 43338758.5625698 22000520.9529202 -3887.67419548581 -435.470416211034 200 0.168723780710234 -0
149400 42949235.4590573 21956589.3952536 -3902.82249292686 -443.187413924962 200 0.171301144618268 -0
149500 42558187.0575256 21911878.0508399 -3918.18098984014 -451.066997707097 200 0.173947591457651 -0
149600 42165592.085014 21866370.4035102 -3933.75477496552 -459.1143551439 200 0.176665769154259 -0
149700 41771428.7510227 21820049.4072387 -3949.54911160245 -467.33489776555 200 0.179458457966227 -0
149800 41375674.7296742 21772897.4631424 -3965.56944531597 -475.734273285866 200 0.18232857865914 -0
149900 40978307.1410849 21724896.3952175 -3981.82141205557 -484.318378654221 200 0.185279201284185 -0
150000 40579302.5319024 21676027.4247272 -3998.31084671281 -493.09337398294 200 0.188313554611071 -0
150100 40178636.8549639 21626271.1431497 -4015.04379214513 -502.065697419437 200 0.191435036272619 -0
150200 39776285.4480282 21575607.4835889 -4032.02650869542 -511.242081038634 200 0.194647223683573 -0
150300 39372223.0115293 21524015.6905415 -4049.26548423877 -520.629567838217 200 0.197953885802479 -0
150400 38966423.5852972 21471474.2879058 -4066.76744479039 -530.235529926955 200 0.201358995812484 -0
150500 38558860.5241894 21417961.0451076 -4084.53936571079 -540.067688004872 200 0.204866744804703 -0
150600 38149506.4725693 21363452.9412093 -4102.58848354703 -550.13413224346 200 0.208481556556544 -0
150700 37738333.3375676 21307926.1268558 -4120.92230855163 -560.44334468462 200 0.21220810350708 -0
150800 37325312.2610558 21251355.8838998 -4139.54863792376 -571.004223288628 200 0.216051324042496 -0
150900 36910413.590258 21193716.5825331 -4158.47556982036 -581.826107774299 200 0.220016441216815 -0
151000 36493606.84692 21134981.6357382 -4177.71151818856 -592.918807408926 100 0.224108983046821 -0
151100 36074860.6949527 21075123.4508566 -4197.26522847421 -604.292630921533 100 0.228334804535498 -0
151200 35654142.906458 21014113.3780512 -4217.14579426545 -615.958418730829 100 0.232700111595581 -0
151300 35231420.3260413 20951921.6554214 -4237.36267493445 -627.927577699181 100 0.237211487064357 -0
151400 34806658.8333067 20888517.3505075 -4257.92571434499 -640.212118646195 100 0.241875919022854 -0
151500 34379823.3034253 20823868.2978943 -4278.84516069825 -652.824696880449 100 0.246700831657399 -0
151600 33950877.5656588 20757941.0325995 -4300.13168759475 -665.77865603589 100 0.251694118929713 -0
151700 33519784.3597131 20690700.7188994 -4321.79641639532 -679.088075530845 100 0.256864181353572 -0
151800 33086505.2897864 20622111.074214 -4343.85093997015 -692.767822002896 100 0.262219966212313 -0
151900 32651000.7761693 20552134.2876327 -4366.30734793116 -706.833605112715 100 0.267771011592637 -0
152000 32213230.0042438 20480730.9326234 -4389.17825344898 -721.302038154785 100 0.273527494657075 -0
152100 31773150.8707165 20407859.8734204 -4412.4768217632 -736.190703963704 100 0.279500284631049 -0
152200 31330719.9269108 20333478.1645336 -4436.21680050083 -751.518226662136 100 0.285701001041626 -0
152300 30885892.3189329 20257540.942767 -4460.41255192599 -767.304349861519 100 0.292142077815197 -0
152400 30438621.7245102 20180001.3110645 -4485.0790872504 -783.570022000536 100 0.298836833921711 -0
152500 29988860.2862897 20100810.213435 -4510.23210314228 -800.337489590329 100 0.305799551345553 -0
152600 29536558.54137 20019916.3001209 -4535.88802057815 -817.63039923117 100 0.313045561269671 -0
152700 29081665.3468248 19937265.7820868 -4562.06402618939 -835.473909374567 100 0.320591339482446 -0
152800 28624127.8009603 19852802.2737994 -4588.77811626154 -853.894812929725 100 0.328454612159013 -0
152900 28163891.1600326 19766466.6231532 -4616.04914354999 -872.921671956454 100 0.336654473333473 -0
153000 27700898.7501369 19678196.7272651 -4643.8968670801 -892.584965850967 100 0.345211515569941 -0
153100 27235091.8739593 19587927.3327101 -4672.34200510172 -912.917254620107 100 0.354147975563167 -0
153200 26766409.7120694 19495589.8186002 -4701.40629136796 -933.953359057489 100 0.363487896659632 -0
153300 26294789.2184105 19401111.9607162 -4731.11253490385 -955.730559886826 100 0.373257310594223 -0
153400 25820165.0096335 19304417.6746795 -4761.4846834215 -978.288818229223 100 0.383484441094408 -0
153500 25342469.2478995 19205426.7359005 -4792.54789052273 -1001.67102008946 100 0.394199932423256 -0
153600 24861631.5167687 19104054.4737507 -4824.32858680574 -1025.92324794962 100 0.405437106427063 -0
153700 24377578.6897797 19000211.4370737 -4856.85455495651 -1051.09508301706 100 0.417232252237652 -0
153800 23890234.7913186 18893803.0277719 -4890.15500885454 -1077.23994220948 100 0.429624953471894 -0
153900 23399520.8493787 18784729.098764 -4924.26067665179 -1104.41545458773 100 0.442658458594025 -0
154000 22905354.7398182 18672883.512103 -4959.20388768727 -1132.68388268412 100 0.456380101087317 -0
154050 22656950.5561361 18615886.422161 -4977.00013485794 -1147.24877924745 100 0.463514998818049 -0
154100 22407651.021716 18558153.6524007 -4995.01866295948 -1162.11259502285 100 0.470841777256513 -0
154150 22157444.909687 18499670.0257922 -5013.26400430121 -1177.28463599842 100 0.478367725704693 -0
154200 21906320.7636364 18440419.890361 -5031.74080876429 -1192.77459726845 100 0.486100490877672 -0
154250 21654266.8916545 18380387.0992276 -5050.45384684785 -1208.59258344758 100 0.494048098367464 -0
154300 21401271.3602277 18319554.9895943 -5069.40801272969 -1224.74913037195 100 0.502218975631912 -0
154350 21147321.9879775 18257906.3606133 -5088.60832733003 -1241.25522818223 100 0.510621976633755 -0
154400 20892406.3392472 18195423.4500635 -5108.05994136482 -1258.12234589098 100 0.519266408266542 -0
154450 20636511.7175363 18132087.90976 -5127.76813837277 -1275.36245754547 100 0.528162058716963 -0
154500 20379625.1587845 18067880.7796123 -5147.73833769758 -1292.988070107 100 0.537319227927269 -0
154550 20121733.4245084 18002782.4602438 -5167.97609740392 -1311.01225317762 100 0.546748760337173 -0
154600 19862822.994794 17936772.6840755 -5188.487117102 -1329.44867071693 100 0.556462080101955 -0
154650 19602880.061152 17869830.4847706 -5209.27724065178 -1348.31161490408 100 0.566471229002679 -0
154700 19341890.5192398 17801934.1649293 -5230.35245871307 -1367.61604231371 100 0.576788907285772 -0
154750 19079839.9614626 17733061.2619128 -5251.7189111027 -1387.37761258992 100 0.587428517692827 -0
154800 18816713.6694611 17663188.5116675 -5273.38288891375 -1407.6127298187 100 0.598404212967781 -0
154850 18552496.6065005 17592291.810408 -5295.3508363449 -1428.33858681771 100 0.609730947157811 -0
154900 18287173.4097768 17520346.1740083 -5317.62935218005 -1449.57321258251 100 0.621424531056832 -0
154950 18020728.3826593 17447325.6949359 -5340.22519084919 -1471.33552315026 100 0.633501692176704 -0
155000 17753145.4868916 17373203.4965519 -5363.14526299102 -1493.64537616684 100 0.645980139671685 -0
155050 17484408.3347794 17297951.6845829 -5386.39663542557 -1516.52362946988 100 0.658878634686795 -0
155100 17214500.1813962 17221541.2955573 -5409.98653043137 -1539.99220403064 100 0.672217066651209 -0
155150 16943403.9168455 17143942.2419771 -5433.92232420545 -1564.07415163031 50 0.686016536094278 -0
155200 16671102.0586228 17065123.253979 -5458.21154436631 -1588.79372768306 50 0.700299444624957 -0
155250 16397576.7441298 16985051.8172169 -5482.86186633818 -1614.17646965878 50 0.715089592786404 -0
155300 16122809.7234014 16903694.1066721 -5507.88110843087 -1640.24928160327 50 0.730412286577044 -0
155350 15846782.3521155 16821014.9160748 -5533.27722540048 -1667.04052530347 50 0.746294453518891 -0
155400 15569475.584968 16736977.5825878 -5559.05830024393 -1694.58011870075 50 0.762764769254524 -0
155450 15290869.9695079 16651543.9063755 -5585.23253394153 -1722.89964221666 50 0.779853795767448 -0
155500 15010945.6405436 16564674.0646429 -5611.8082328183 -1752.03245372387 50 0.797594132448324 -0
155550 14729682.3152479 16476326.5196937 -5638.79379314294 -1782.01381297109 50 0.816020581373737 -0
155600 14447059.2891121 16386457.9205125 -5666.19768252417 -1812.88101635525 50 0.835170328327077 -0
155650 14163055.4329199 16295022.9973288 -5694.0284175947 -1844.6735430284 50 0.855083141275332 -0
155700 13877649.1909424 16201974.4485705 -5722.29453739259 -1877.43321343189 50 0.875801588224175 -0
155750 13590818.5805859 16107262.8195541 -5751.00457175536 -1911.20436146705 50 0.897371276610101 -0
155800 13302541.1937604 16010836.372199 -5780.16700393291 -1946.03402164233 50 0.919841116656494 -0
155850 13012794.2002814 15912640.9449786 -5809.79022649617 -1981.9721326819 50 0.943263611424999 -0
155900 12721554.3536655 15812619.8022456 -5839.88248946872 -2019.07175924318 50 0.967695176639548 -0
155950 12428797.9997401 15710713.471981 -5870.45183943177 -2057.38933357143 50 0.993196493753999 -0
156000 12134501.0885523 15606859.5709206 -5901.50604814593 -2096.98491912131 50 1.01983290018235 -0
156050 11838639.190145 15500992.6159041 -5933.05252899006 -2137.92249839989 50 1.04767482112082 -0
156100 11541187.514855 15393043.8201754 -5965.09823922994 -2180.2702875361 50 1.07679824797287 -0
156150 11242120.9389009 15282940.8732282 -5997.64956579203 -2224.10108035993 50 1.10728526905139 -0
156200 10941414.0361491 15170607.7026475 -6030.71219181703 -2269.49262508423 50 1.13922465898933 -0
156250 10639041.1170997 15055964.2162292 -6064.29094079561 -2316.52803702524 50 1.17271253415297 -0
156300 10334976.2763018 14938926.0224859 -6098.3895945274 -2365.29625117773 50 1.20785308233731 -0
156350 10029193.4496165 14819404.1274393 -6133.01068047906 -2415.89251887972 50 1.2447593761462 -0
156400 9721666.48298381 14697304.6053803 -6168.15522332559 -2468.41895326202 50 1.28355428074023 -0
156450 9412369.21463378 14572528.2410301 -6203.82245451606 -2522.98512868118 50 1.32437146809306 -0
156500 9101275.57301822 14444970.1402614 -6240.00947258041 -2579.70873988082 50 1.3673565515542 -0
156550 8788359.69313486 14314519.3062382 -6276.71084554994 -2638.71632721425 50 1.41266835639588 -0
156600 8473596.05438724 14181058.1774982 -6313.91814525557 -2700.14407488694 50 1.46048034414835 -0
156625 8315513.4839792 14113160.0965465 -6332.70793206656 -2731.8109178825 50 1.48538250486029 -0
156650 8156959.64368461 14044462.1240759 -6351.61940134245 -2764.1386897831 50 1.51098221093313 -0
156675 7997931.51776287 13974947.4866947 -6370.65039825252 -2797.1475318828 50 1.53730600547899 -0
156700 7838426.14813438 13904598.8977525 -6389.79846051548 -2830.85836939776 50 1.56438168262834 -0
156725 7678440.64239299 13833398.5372989 -6409.06079194815 -2865.29294720795 50 1.59223835624794 -0
156750 7517972.18250731 13761328.031127 -6428.43423377096 -2900.47386735404 50 1.62090653283241 -0
156775 7357018.0342696 13688368.4288567 -6447.91523347035 -2936.42462836954 50 1.65041818883212 -0
156800 7195575.55755573 13614500.1810108 -6467.49981099954 -2973.16966652986 50 1.68080685269521 -0
156825 7033642.21746606 13539703.1150348 -6487.18352207826 -3010.73439910092 50 1.71210769191671 -0
156850 6871215.59642259 13463956.4102105 -6506.96141832955 -3049.14526967062 50 1.74435760540379 -0
156875 6708293.40730539 13387238.5714085 -6526.82800396662 -3088.42979564627 50 1.77759532148151 -0
156900 6544873.50771801 13309527.4016255 -6546.77718871553 -3128.616618 50 1.81186150187973 -0
156925 6380953.91548065 13230799.9732496 -6566.80223662919 -3169.73555334218 50 1.84719885205669 -0
156950 6216532.82545805 13151032.597993 -6586.89571041535 -3211.81764839946 50 1.88365223823023 -0
156975 6051608.62783964 13070200.7954328 -6607.04941086472 -3254.89523696908 50 1.92126881150096 -0
157000 5886179.92799988 12988279.2600957 -6627.2543109257 -3299.00199941444 50 1.96009813946456 -0
157025 5720245.56807875 12905241.8270232 -6647.50048392832 -3344.17302475747 50 2.00019234572029 -0
157050 5553804.65043547 12821061.4357515 -6667.77702541206 -3390.44487541208 50 2.04160625769082 -0
157075 5386856.5631426 12735710.0926395 -6688.0719679596 -3437.85565458738 50 2.08439756317217 -0
157100 5219401.00770348 12649158.831479 -6708.37218838069 -3486.44507637076 50 2.12862697603192 -0
157125 5051438.02919317 12561377.6723184 -6728.66330652751 -3536.25453847744 50 2.17435841146696 -0
157150 4882968.04904166 12472335.5784356 -6748.9295749533 -3587.32719762379 50 2.2216591712177 -0
157175 4713991.9006991 12382000.4113937 -6769.15375855093 -3639.7080474469 25 2.27060013911149 -0
157200 4544510.86844495 12290338.8841192 -6789.31700322547 -3693.44399884915 25 2.32125598727243 -0
157225 4374526.72962817 12197316.5119418 -6809.39869256506 -3748.58396259511 25 2.3737053932838 -0
157250 4204041.80065236 12102897.5615444 -6829.37629137677 -3805.17893392498 25 2.42803126852085 -0
157275 4033058.98704939 12007044.9977754 -6849.22517484832 -3863.2820788739 25 2.484320997781 -0
157300 3861581.83801777 11909720.4282856 -6868.91844198192 -3922.94882189657 25 2.54266669022045 -0
157325 3689614.60583692 11810884.0459635 -6888.42671182308 -3984.23693428955 25 2.60316544145584 -0
157350 3517162.31060744 11710494.5691567 -6907.71790087467 -4047.20662277626 25 2.66591960649903 -0
157375 3344230.81080933 11608509.1796844 -6926.75697994479 -4111.92061746915 25 2.73103708295496 -0
157400 3170826.88021574 11504883.4586684 -6945.50570852659 -4178.44425824453 25 2.79863160361598 -0
157425 2996958.29174928 11399571.3202368 -6963.9223446493 -4246.84557835533 25 2.86882303722058 -0
157450 2822633.90892182 11292524.9431864 -6981.96132797392 -4317.19538385823 25 2.94173769569497 -3.81908649270284e-304
157475 2647863.78555603 11183694.7007292 -6999.57293373529 -4389.56732714009 25 3.01750864564751 -2.59835690489215e-295
157500 2472659.27454946 11073029.0884957 -7016.7028949575 -4464.0379724857 25 3.09627602121782 -1.78210859140883e-286
157525 2297033.14650824 10960474.6510232 -7033.29199019461 -4540.68685122761 25 3.1781873345735 -1.22827191061741e-277
157550 2120999.71914845 10845975.907026 -7049.27559387879 -4619.59650354977 25 3.26339777937022 -8.47803546980496e-269
157575 1944574.99843807 10729475.2738232 -7064.58318619806 -4700.85250346962 25 3.35207052131554 -5.83887205594381e-260
157600 1767776.83253125 10610912.9913932 -7079.13781928528 -4784.54346288673 25 3.44437696856703 -3.99627956803068e-251
157625 1590625.07962862 10490227.0466392 -7092.85553638841 -4870.76100984733 25 3.54049701301116 -2.70640600438656e-242
157650 1413141.79098136 10367353.0985793 -7105.6447406233 -4959.59973531901 25 3.64061923146322 -1.8051054575885e-233
157675 1235351.41034228 10242224.405328 -7117.40550990191 -5051.15710178333 25 3.74494103344821 -1.17972298548047e-224
157700 1057280.99125135 10114771.7539216 -7128.02885470204 -5145.53330581998 25 3.85366873940876 -7.51346223606454e-216
157725 878960.43362449 9984923.39424725 -7137.3959155284 -5242.83108555727 25 3.96701756987336 -4.63556350265804e-207
157750 700422.741189693 9852604.97858395 -7145.37709724213 -5343.15546238396 25 4.08521152223582 -2.75281108738229e-198
157775 521704.301378641 9717739.50854805 -7151.83113795068 -5446.61340463929 25 4.20848310726995 -1.56258366961038e-189
157800 342845.189331312 9580247.29156779 -7156.6041109042 -5553.31339910904 25 4.33707291225569 -8.41470730797756e-181
157825 163889.497697076 9440045.90938991 -7159.52835890217 -5663.36491404378 25 4.4712289515494 -4.2641676525279e-172
157850 -15114.3060887841 9297050.20155819 -7160.42136215345 -5776.87773507731 25 4.61120575852578 -2.01564287685416e-163
157875 -194112.993420604 9151172.26730067 -7159.0845424453 -5893.96115286453 25 4.75726316500228 -8.80345142194249e-155
157900 -373048.157498672 9002321.48982573 -7155.30200897382 -6014.72297849647 25 4.90966470550658 -3.51638149825984e-146
157925 -551855.764307381 8850404.58766242 -7148.83925439614 -6139.26835982566 25 5.06867557408958 -1.27036434007708e-137
157950 -730465.670499117 8695325.69838937 -7139.44181373262 -6267.698368812 25 5.23456005090998 -4.10157507904545e-129
157975 -908801.107464849 8536986.50088211 -7126.83390383954 -6400.10832698013 25 5.40757830471277 -1.16828949530203e-120
158000 -1086778.13139144 8375286.38306735 -7110.71706747393 -6536.58583321251 25 5.58798246591571 -2.89515448863735e-112
158025 -1264305.0397994 8210122.66309978 -7090.76885367356 -6677.20845559926 25 5.77601185381532 -6.14870858544107e-104
158050 -1441281.75596051 8041390.87285861 -7066.64157547456 -6822.04104721375 25 5.97188723117671 -1.10115743207623e-95
158075 -1617599.18375511 7868985.11367721 -7037.96119706685 -6971.13264486601 25 6.1758039512472 -1.63414447916295e-87
158100 -1793138.53698948 7692798.49523788 -7004.32641549181 -7124.51291060393 25 6.38792385748906 -1.97221934586996e-79
158125 -1967770.64900499 7512723.66953848 -6965.308016993 -7282.1880786164 25 6.60836579700224 -1.89707331827133e-71
158150 -2141355.27062159 7328653.47270564 -6920.44860510482 -7444.13637602763 25 6.83719461720443 -1.42323493794086e-63
158175 -2313740.36711611 7140481.68810469 -6869.26281629238 -7610.30289579837 25 7.07440853498591 -8.1369063197226e-56
158200 -2484761.42807958 6948103.94456847 -6811.23815897772 -7780.59391466167 25 7.31992480205401 -3.4582523691171e-48
158225 -2654240.80764985 6751418.76349715 -6745.83663229223 -7954.87066993976 25 7.57356364393911 -1.06405703088392e-40
158250 -2821987.11677442 6550328.76789661 -6672.49730062134 -8132.94263749816 25 7.83503052803364 -2.30425731773541e-33
158275 -2987794.69378158 6344742.06492159 -6590.64001711756 -8314.56039023681 25 8.10389692310382 -3.40830340567007e-26
158300 -3151443.18453086 6134573.81093989 -6499.67050133736 -8499.40816342487 25 8.37957985356954 -3.33580417581754e-19
158325 -3312697.26860881 5919747.96428214 -6398.98697972436 -8687.09631042784 25 8.66132072983868 -2.08913721531094e-12
158350 -3471306.57317358 5700199.2254312 -6287.98858875276 -8877.15389973617 25 8.94816415197409 -8.08238957983006e-06
158362.5 -3549537.10652859 5588636.82097357 -6228.43629879883 -8972.90012019269 25 9.09314191248902 -0.0131190308034903
158375 -3627005.82081625 5475875.15725005 -6166.08571421671 -9069.02177973474 25 9.23893755886791 -18.6169310966036
158387.5 -3703677.29781939 5361910.06466061 -6100.86667550997 -9165.43383021996 12.5 9.38527698360561 -22985.5272488447
158390.625 -3722716.36400207 5333230.37330883 -6084.10468910961 -9189.57011102241 6.25 9.42152859949183 -133242.79855887
158393.75 -3741702.75472527 5304475.24782563 -6067.15268911926 -9213.70910973187 3.125 9.45577919418915 -765394.358740559
158395.3125 -3751176.00578105 5290069.40291261 -6058.59932267855 -9225.77032252713 3.125 9.47003890714424 -1828156.39804077
158396.875 -3760635.84555229 5275644.72639023 -6049.98402911795 -9237.8101733719 3.125 9.47872924718045 -4356500.24486809
158398.4375 -3770082.16301825 5261201.27351921 -6041.28556293817 -9249.79604173756 1.5625 9.47448519263356 -10357337.4889807
158400 -3779514.79468214 5246739.18026168 -6032.45394782187 -9261.6509782691 1.5625 9.44101853355144 -24565517.4549955
158401.5625 -3788933.45362528 5232258.77291553 -6023.37168545127 -9273.19356616352 1.5625 9.34598329103541 -58120999.563677
158402.34375 -3793637.38255827 5225011.9133409 -6018.66102982576 -9278.73084479907 1.5625 9.26111762127498 -89312467.0042835
158403.125 -3798337.56298247 5217760.82616466 -6013.76305691516 -9283.99691216061 1.5625 9.14784395271969 -137146875.444838
158403.90625 -3803033.81468814 5210505.77585549 -6008.58448996135 -9288.84690720402 0.78125 9.0222973256148 -210439425.960068
158404.6875 -3807725.86672368 5203247.1679123 -6002.9828666846 -9293.05927158573 0.78125 8.95402671280729 -322621973.763786
158405.46875 -3812413.30963906 5195985.62339022 -5996.74088478964 -9296.29557822901 0.78125 9.14963183457297 -494109245.981336
158406.25 -3817095.5229099 5188722.09232127 -5989.5276431707 -9298.03974982277 0.78125 10.0934885436692 -755818822.952757
158407.03125 -3821771.56496503 5181458.02582787 -5980.84039799141 -9297.50658089063 0.78125 12.6225087895758 -1154333705.81453
158407.8125 -3826440.00724062 5174195.63622219 -5969.91773305057 -9293.5051457971 0.78125 17.7668014733049 -1759305488.61639
158408.203125 -3828770.73987906 5170566.06232793 -5963.27906532127 -9289.67286307825 0.78125 21.6660716212411 -2169740305.87015
158408.59375 -3831098.68524936 5166938.28776596 -5955.61167854299 -9284.23728776893 0.78125 26.668962880447 -2673684123.30138
158408.984375 -3833423.39728916 5163313.00819854 -5946.68140177796 -9276.83097607776 0.78125 32.9818015864868 -3291386885.24842
158409.375 -3835744.32876519 5159691.07810056 -5936.20284545036 -9267.0057725337 0.78125 40.8569287170272 -4046963915.79712
158409.765625 -3838060.80933794 5156073.54534184 -5923.82928885587 -9254.21678614719 0.78125 50.6009676912448 -4968867992.30493
158410.15625 -3840372.01939308 5152461.69248239 -5909.14112062296 -9237.80404626432 0.78125 62.5819521391465 -6090271946.75741
158410.546875 -3842676.95908629 5148857.08567035 -5891.63291922186 -9216.97196323648 0.390625 77.2352061652302 -7449258146.65313
158410.9375 -3844974.41211813 5145261.63192735 -5870.6994600074 -9190.76703111273 0.390625 95.0671259668257 -9088660573.99946
158411.328125 -3847262.90392349 5141677.64534763 -5845.62124184881 -9158.05469104921 0.390625 116.655231329025 -11055340994.0344
158411.71875 -3849540.65427378 5138107.92224881 -5815.55057329122 -9117.49697801156 0.390625 142.642009715753 -13398606272.3156
158412.109375 -3851805.52481117 5134555.82449751 -5779.49987571968 -9067.53354856845 0.390625 173.71915962009 -16167400204.8508
158412.5 -3854054.96283222 5131025.36897969 -5736.33466347187 -9006.36995839985 0.390625 210.597946945314 -19405853998.1341
158412.890625 -3856285.94378311 5127521.31938217 -5684.7746233449 -8931.97858751575 0.390625 253.960765369685 -23146797266.5319
158413.28125 -3858494.9164661 5124049.27402362 -5623.40723864651 -8842.11924430736 0.390625 304.389094316007 -27402981334.2964
158413.671875 -3860677.75687189 5120615.74043894 -5550.71926506122 -8734.38787061148 0.78125 362.264569320287 -32156132504.5323
158414.0625 -3862829.73871358 5117228.1839848 -5465.15168098057 -8606.30231082277 0.78125 427.643687042904 -37344614474.8574
158414.453125 -3864945.53082536 5113895.03439387 -5365.18293919926 -8455.4329058996 0.390625 500.113546517489 -42851459075.2581
158414.84375 -3867019.23304016 5110625.63184922 -5249.44276781785 -8279.5816587723 0.390625 578.646132433388 -48495702635.3567
158415.234375 -3869044.46215773 5107430.09406685 -5116.85384277636 -8077.00598578852 0.390625 661.480662567548 -54030982595.0836
158415.625 -3871014.49720804 5104319.08957755 -4966.79132553815 -7846.67150401043 0.390625 746.073857768682 -59155576942.5486
158416.015625 -3872922.4876087 5101303.51116201 -4799.24147817666 -7588.50437926104 0.390625 829.160714215938 -63536760541.2908
158416.40625 -3874761.71884889 5098394.0575021 -4614.93264135958 -7303.60109709598 0.390625 906.956851156719 -66849059342.5267
158416.796875 -3876525.91898566 5095600.74905249 -4415.40821876796 -6994.34754119106 0.390625 975.504302828432 -68821140460.2318
158417.1875 -3878209.57787781 5092932.42219772 -4203.01534879155 -6664.4053782989 0.390625 1031.12003999083 -69281347685.2314
158417.578125 -3879808.24308583 5090396.25860307 -3980.79610242509 -6318.54431747524 0.390625 1070.8646316987 -68189742155.8983
158417.96875 -3881318.75499867 5087997.40910037 -3752.28811377791 -5962.330435411 0.390625 1092.92678513465 -65646844802.1959
158418.359375 -3882739.39064435 5085738.76081883 -3521.26258207754 -5601.71410660219 0.390625 1096.83241926164 -61875915652.4721
158418.75 -3884069.89972074 5083620.87420879 -3291.44215417349 -5242.58439413577 0.390625 1083.43334740652 -57183864795.3968
158419.140625 -3885311.43395988 5081642.08888144 -3066.24401044325 -4890.36158364066 0.390625 1054.69231110537 -51912002765.4355
158419.53125 -3886466.38715863 5079798.77146352 -2848.58408572574 -4549.68503957399 0.390625 1013.33239581823 -46389265298.931
158419.921875 -3887538.17403136 5078085.6613648 -2640.7611374477 -4224.22654352729 0.390625 962.441290898315 -40897391522.3778
158420.3125 -3888530.97968296 5076496.26436064 -2444.42093470665 -3916.63015055753 0.78125 905.111785426244 -35652054576.2627
158420.703125 -3889449.50865376 5075023.24817692 -2260.58676057316 -3628.5572205075 0.390625 844.170406265112 -30798842479.8679
158421.09375 -3890298.75546431 5073658.8052137 -2089.73527253061 -3360.80379348013 0.390625 782.011995830338 -26419931317.3145
158421.484375 -3891083.81009439 5072394.96089351 -1931.89611886329 -3113.45626702994 0.390625 720.531296856924 -22546514715.4907
158421.875 -3891809.70401046 5071223.81847056 -1786.75737643855 -2886.05698716668 0.390625 661.128035238749 -19172844600.0562
158422.265625 -3892481.2963977 5070137.74058822 -1653.76435869582 -2677.7599498691 0.390625 604.758392723661 -16269167685.035
158422.65625 -3893103.19646878 5069129.47390871 -1532.20474433565 -2487.46531787633 0.390625 552.009187007971 -13792221890.3785
158423.046875 -3893679.71585079 5068192.22615473 -1421.27727406802 -2313.92825509037 0.390625 503.177484827594 -11692962083.2942
158423.4375 -3894214.84458773 5067319.70568949 -1320.14415979648 -2155.84218464199 0.390625 458.344942744912 -9921766893.7204
158423.828125 -3894712.24470869 5066506.1331512 -1227.96899024875 -2011.89919895093 0.390625 417.441480394355 -8431627735.93301
158424.21875 -3895175.2561705 5065746.23332987 -1143.94262009648 -1880.83149029598 0.390625 380.296552510826 -7179860866.04965
158424.609375 -3895606.91099004 5065035.21390442 -1067.29963010154 -1761.43785298343 0.390625 346.678471606844 -6128816908.15717
158425 -3896009.95235379 5064368.73613164 -997.327714219653 -1652.59895976232 0.390625 316.323321947801 -5245958511.71543
158425.390625 -3896386.85634171 5063742.88124214 -933.371973622123 -1553.28453298551 0.390625 288.955381754654 -4503573387.33684
158425.78125 -3896739.85459625 5063154.11520324 -874.83569204623 -1462.55489770102 0.390625 264.300939390775 -3878303330.63224
158426.171875 -3897070.95680803 5062599.25365455 -821.17879281542 -1379.55881708086 0.390625 242.097160515017 -3350604145.0712
158426.5625 -3897381.97229421 5062075.42817978 -771.914861405294 -1303.52901266303 0.390625 222.097365804329 -2904204880.58788
158426.953125 -3897674.53023985 5061580.05461194 -726.607364337166 -1233.77637270502 0.390625 204.073783578615 -2525603661.5683
158427.34375 -3897950.09837897 5061110.80373956 -684.865500796243 -1169.68354472058 0.390625 187.81858167696 -2203617533.97298
158427.734375 -3898210.00003274 5060665.57455717 -646.33997870739 -1110.69837917245 0.390625 173.143769431913 -1928991764.62642
158428.125 -3898455.42951478 5060242.47005483 -610.718902145807 -1056.32752490058 0.390625 159.880393162234 -1694067231.97006
158428.515625 -3898687.46597103 5059839.77544842 -577.723882757206 -1006.13035885585 0.390625 147.877321620951 -1492501063.01013
158428.90625 -3898907.08575497 5059455.93869863 -547.106436582735 -959.713350952258 0.390625 136.999823974938 -1319034203.10589
158429.296875 -3899115.17345593 5059089.5531379 -518.644693151422 -916.724909624602 0.78125 127.128074980332 -1169299305.03386
158429.6875 -3899312.5317039 5058739.34201504 -492.140421162701 -876.850717489047 0.78125 118.155673795494 -1039662653.29516
158430.078125 -3899499.88987276 5058404.14476806 -467.416360972202 -839.809543722554 0.78125 109.988229246249 -927094469.646815
158430.46875 -3899677.91179877 5058082.90484388 -444.31384580365 -805.349506272729 0.78125 102.542041343505 -829062682.849494
158430.859375 -3899847.20262247 5057774.65889572 -422.690689255919 -773.244749797449 0.78125 95.7428934327105 -743445982.0276
158431.25 -3900008.31485355 5057478.52720308 -402.419314921016 -743.292502192757 0.78125 89.5249592928377 -668462653.9133
158431.640625 -3900161.75374844 5057193.70517355 -383.385103840938 -715.310472210125 0.78125 83.8298231640467 -602612305.865414
158432.03125 -3900307.98208103 5056919.45580067 -365.484936464188 -689.134551962844 0.78125 78.6056068998535 -544628093.004779
158432.421875 -3900447.4243783 5056655.10296504 -348.625907278459 -664.616790375771 0.78125 73.80619637515 -493437502.566825
158433.203125 -3900707.47988228 5056153.65183657 -317.704052214443 -620.034218695102 0.78125 65.3221397226032 -407931024.42444
158433.984375 -3900944.68460058 5055684.95001161 -290.040765112273 -580.639465627781 0.78125 58.1000275623177 -340308013.776667
158434.765625 -3901161.39265874 5055245.25060602 -265.160845952135 -545.673273406146 0.78125 51.9184651958767 -286335991.610878
158435.546875 -3901359.62045625 5054831.34679056 -242.671863471914 -514.507532115556 0.78125 46.5999439043422 -242886167.314983
158436.328125 -3901541.10472115 5054440.47978405 -222.247899185628 -486.619565193709 0.78125 42.0013406380546 -207622436.57033
158437.109375 -3901707.3492901 5054070.26468738 -203.616788658892 -461.571932344659 0.78125 38.0065973456453 -178783722.50668
158437.890625 -3901859.6630194 5053718.63036187 -186.550059128766 -438.996490170691 0.78125 34.5210648042928 -155030159.033831
158438.671875 -3901999.19068401 5053383.77041821 -170.854952655816 -418.581748884792 0.78125 31.4671165523417 -135333338.988679
158439.453125 -3902126.93830367 5053064.10304074 -156.368068823812 -400.062790871089 0.78125 28.7807331805784 -118897259.929998
158440.234375 -3902243.7940161 5052758.23787447 -142.950270783769 -383.213189439536 0.78125 26.4088299131336 -105100854.618205
158441.015625 -3902350.54537297 5052464.94858821 -130.4825815114 -367.838496841072 0.78125 24.3071555565921 -93455838.1799133
158441.796875 -3902447.89374634 5052183.15002284 -118.862860039211 -353.770969655229 0.78125 22.438632484198 -83575522.1122038
158442.578125 -3902536.46638898 5051911.87906265 -108.003095132746 -340.865274845821 1.5625 20.7720386007278 -75151549.5509432
158443.359375 -3902616.82657943 5051650.27854474 -97.8271901795525 -328.994977013647 1.5625 19.280955749911 -67936400.7225347
158444.140625 -3902689.48219563 5051397.58365948 -88.269140780314 -318.049651098606 1.5625 17.9429267277486 -61730136.2451301
158444.921875 -3902754.89299238 5051153.11040309 -79.2715277906173 -307.932498320206 1.5625 16.7387764203733 -56370277.5978465
158445.703125 -3902813.4768045 5050916.24572825 -70.7842649393211 -298.558368979997 1.5625 15.652062691652 -51724027.7277196
158446.484375 -3902865.61485493 5050686.43910586 -62.7635528267063 -289.852115740596 1.5625 14.6686303219117 -47682250.120496
158447.265625 -3902911.65631356 5050463.19526447 -55.1710009668522 -281.747216537422 1.5625 13.7762471530496 -44154778.6134723
158448.046875 -3902951.92222561 5050246.06791644 -47.9728872479394 -274.184618418319 1.5625 12.9643060795544 -41066741.13586
158449.609375 -3903016.290868 5049828.59055666 -34.6447546791354 -260.481767260904 1.5625 11.5460196979083 -35969160.3650508
158451.171875 -3903060.8448914 5049431.22614882 -22.581094879367 -248.387038436297 1.5625 10.3531060758554 -32000224.4339277
158452.734375 -3903087.43397504 5049051.69340821 -11.6267592941077 -237.614589293496 1.5625 9.33900357385652 -28881691.34115
158454.296875 -3903097.69202728 5048688.11277121 -1.65922854738647 -227.933867211969 1.5625 8.46774383277235 -26411262.8502981
158455.859375 -3903093.0818089 5048338.92935672 7.41917863835847 -219.158189811573 1.5625 7.7114431583338 -24439465.1723356
158457.421875 -3903074.9288626 5048002.85145805 15.6872959605535 -211.136125808497 1.5625 7.04846499841975 -22854163.3177992
158458.984375 -3903044.44717467 5047678.80085657 23.2097653916766 -203.744871143951 1.5625 6.46203835030832 -21570034.3150405
158460.546875 -3903002.7583904 5047365.87230422 30.0406760887766 -196.885058977188 1.5625 5.93919233784303 -20521316.86386
158462.109375 -3902950.90598997 5047063.30025952 36.2264066344903 -190.476610943139 1.5625 5.4699167322646 -19656757.8153126
158463.671875 -3902889.86554059 5046770.43147715 41.8078274987671 -184.455355436903 1.5625 5.04649035750167 -18936049.3274323
158465.234375 -3902820.55192941 5046486.70241056 46.8219800426141 -178.770222306205 1.5625 4.66293978444957 -18327286.5856425
158466.796875 -3902743.82432162 5046211.62063637 51.3033228644093 -173.380882421415 3.125 4.31460337948179 -17805128.3315639
158468.359375 -3902660.48945966 5045944.74968002 55.2846203493732 -168.255741996416 3.125 3.99778333792519 -17349442.9840666
158469.921875 -3902571.30381093 5045685.69673987 58.7975380827492 -163.370230013547 3.125 3.70947266348068 -16944290.9745411
158471.484375 -3902476.97497643 5045434.10288673 61.8730026874073 -158.705336109513 3.125 3.44714640323018 -16577140.6165384
158473.046875 -3902378.16268702 5045189.63537285 64.5413779209162 -154.246368398488 3.125 3.20860764652506 -16238247.4500458
158474.609375 -3902275.47963746 5044951.98172534 66.8325034872305 -149.981907946611 3.125 2.99187939273589 -15920149.924756
