0 314159000 0 -1172.81510798691 253.977799182611 100 0.00403837820768556 -0
100 314041698.292283 25397.7793738271 -1173.2190966403 253.97778284654 200 0.00404139559666714 -0
300 313806973.604754 76193.325038576 -1174.02798024625 253.977651938004 400 0.00404744349802672 -0
700 313337038.293705 177784.272057198 -1175.6493848648 253.976995112633 800 0.00405959205018745 -0
1500 312395217.109969 380964.846787948 -1178.90684217015 253.974084759998 1600 0.00408410222015436 -0
3100 310503717.357814 787314.681177239 -1185.48114899605 253.961741171928 1600 0.00413399170933245 -0
4700 308601634.36828 1193637.63787919 -1192.13620468753 253.940433369498 1600 0.00418507321968915 -0
6300 306688837.410123 1599919.10976286 -1198.87393644808 253.909828443335 1600 0.0042373881138188 -0
7900 304765192.615579 2006143.94519708 -1205.69633821171 253.869578545844 1600 0.00429097964682363 -0
9500 302830562.871191 2412296.42350374 -1212.6054736876 253.819320075716 1600 0.00434589307417032 -0
11100 300884807.703613 2818360.22906429 -1219.60347957784 253.758672809264 1600 0.00440217576692886 -0
12700 298927783.160123 3224318.42399109 -1226.6925689799 253.687238974552 1600 0.00445987733498544 -0
14300 296959341.683544 3630153.41926881 -1233.8750349866 253.604602263894 1600 0.0045190497588754 -0
15900 294979331.981226 4035846.94426321 -1241.15325449744 253.510326779923 1600 0.00457974753094226 -0
17500 292987598.88776 4441380.01448718 -1248.52969225606 253.403955909997 1600 0.00464202780659579 -0
19100 290983983.221035 4846732.89750457 -1256.00690513 253.285011123236 1600 0.00470595056651509 -0
20700 288968321.631243 5251885.07684338 -1263.58754665031 253.152990683954 1600 0.00477157879072458 -0
22300 286940446.442405 5656815.21377902 -1271.2743718298 253.007368274683 1600 0.00483897864556103 -0
23900 284900185.485945 6061501.10683717 -1279.07024228066 252.847591521336 1600 0.00490821968465012 -0
25500 282847361.925822 6465919.6488532 -1286.97813165365 252.673080412356 1600 0.00497937506512269 -0
27100 280781794.074694 6870046.78141155 -1295.00113142324 252.483225602912 1600 0.00505252178042506 -0
28700 278703295.200518 7273857.44647337 -1303.14245704514 252.277386594336 1600 0.00512774091121617 -0
30300 276611673.322995 7677325.53498431 -1311.40545451501 252.05488977803 1600 0.00520511789599879 -0
31900 274506730.99917 8080423.83223639 -1319.79360735975 251.815026331998 1600 0.00528474282330471 -0
33500 272388265.09748 8483123.95973776 -1328.31054409577 251.557049956968 1600 0.0053667107474469 -0
35100 270256066.559471 8885396.31332241 -1336.96004619167 251.280174437731 1600 0.00545112203006789 -0
36700 268109920.148344 9287209.99720785 -1345.74605657644 250.983571013852 1600 0.00553808270995661 -0
38300 265949604.18342 9688532.75368174 -1354.672688738 250.666365542233 1600 0.00562770490387821 -0
39900 263774890.259547 10089330.8880694 -1363.74423646156 250.327635432166 1600 0.00572010724146883 -0
41500 261585542.95037 10489569.1886013 -1372.96518426181 249.966406331411 1600 0.00581541533759247 -0
43100 259381319.494324 10889210.8407631 -1382.34021856846 249.581648539527 1600 0.00591376230594784 -0
44700 257161969.46208 11288217.3356719 -1391.87423973065 249.172273122039 1600 0.00601528931815396 -0
46300 254927234.40408 11686548.3719762 -1401.57237491235 248.73712769606 1600 0.006120146213043 -0
47900 252676847.476675 12084161.7507279 -1411.43999195849 248.274991854678 1600 0.00622849216145506 -0
49500 250410533.045245 12481013.2626218 -1421.4827143197 247.784572193642 1600 0.0063404963924737 -0
51100 248128006.262526 12877056.5669308 -1431.70643713311 247.264496899614 1600 0.00645633898777306 -0
52700 245828972.62021 13272243.0614035 -1442.11734456706 246.713309854446 1600 0.00657621175158287 -0
53500 244673170.934318 13469499.1641291 -1447.39500867936 246.425569765571 1600 0.00663772282379848 -0
54300 243513127.471646 13666521.7422931 -1452.72192854861 246.129464204646 1600 0.00670031916473513 -0
55100 242348802.483864 13863304.0204738 -1458.09896707423 245.824784485524 1600 0.00676402848706586 -0
55900 241180155.523623 14059839.053684 -1463.527009011 245.511315337864 1600 0.00682887943232801 -0
56700 240007145.426792 14256119.7220013 -1469.00696169526 245.188834650668 1600 0.00689490160955717 -0
57500 238829730.294084 14452138.7249892 -1474.539755801 244.857113203843 1600 0.00696212563584409 -0
58300 237647867.472078 14647888.5758982 -1480.12634612741 244.515914387119 1600 0.0070305831789264 -0
59100 236461513.53359 14843361.5956368 -1485.7677124193 244.164993905641 1600 0.00710030700193409 -0
59900 235270624.25738 15038549.9065016 -1491.46486022229 243.804099471479 1600 0.00717133101041588 -0
60700 234075154.607153 15233445.4256541 -1497.21882177419 243.432970480281 1600 0.00724369030178223 -0
61500 232875058.709839 15428039.8583336 -1503.03065693474 243.05133767222 1600 0.00731742121730982 -0
62300 231670289.83311 15622324.690791 -1508.90145415548 242.658922776345 1600 0.00739256139686235 -0
63100 230460800.362104 15816291.1829325 -1514.83233149184 242.255438137386 1600 0.00746914983649343 -0
63900 229246541.775323 16009930.3606563 -1520.82443765974 241.840586323998 1600 0.00754722694910845 -0
64700 228027464.619665 16203233.0078685 -1526.87895313899 241.414059717352 1600 0.00762683462837535 -0
65500 226803518.484555 16396189.6581622 -1532.99709132593 240.975540078936 1600 0.00770801631608715 -0
66300 225574651.975138 16588790.5861407 -1539.180099738 240.524698096313 1600 0.00779081707319404 -0
67100 224340812.684475 16781025.7983696 -1545.42926127304 240.061192905531 1600 0.00787528365473833 -0
67900 223101947.164722 16972885.0239362 -1551.74589552627 239.58467158878 1600 0.00796146458894262 -0
68700 221858000.897221 17164357.7045966 -1558.1313601681 239.094768645772 1600 0.00804941026072005 -0
69500 220608918.261472 17355432.9844892 -1564.58705238619 238.591105437255 1600 0.0081391729998952 -0
70300 219354642.502913 17546099.6993911 -1571.11441039529 238.073289598921 1600 0.00823080717444613 -0
71100 218095115.699477 17736346.3654931 -1577.71491501871 237.540914423868 1600 0.00832436928910108 -0
71900 216830278.726846 17926161.1676676 -1584.3900913455 236.993558211629 1600 0.00841991808964922 -0
72700 215560071.222347 18115531.9472017 -1591.14151046757 236.430783581649 1600 0.008517514673352 -0
73500 214284431.547427 18304446.1889659 -1597.97079130159 235.852136748929 1600 0.00861722260587209 -0
74300 213003296.748637 18492891.0079872 -1604.87960250042 235.257146759388 1600 0.00871910804516917 -0
75100 211716602.517046 18680853.1353942 -1611.86966445937 234.645324682306 1600 0.00882323987284763 -0
75900 210424283.14601 18868318.9036975 -1618.94275142307 234.016162757037 1600 0.00892968983347981 -0
76700 209126271.487216 19055274.2313681 -1626.10069369884 233.369133490929 1600 0.00903853268247066 -0
77500 207822498.904909 19241704.6066737 -1633.34537998305 232.70368870518 1600 0.00914984634307568 -0
78300 206512895.228208 19427595.0707301 -1640.67875980744 232.019258525112 1600 0.0092637120732344 -0
79100 205197388.701422 19612930.1997206 -1648.10284611272 231.315250311033 800 0.00938021464293638 -0
79900 203875905.932244 19797694.0862354 -1655.61971795748 230.591047525607 800 0.00949944252289718 -0
80700 202548371.837725 19981870.3196779 -1663.23152337085 229.846008533266 800 0.009621488085387 -0
81500 201214709.587913 20165441.9656819 -1670.94048235813 229.079465326909 800 0.00974644781812749 -0
82300 199874840.547006 20348391.5444792 -1678.74889006916 228.290722176669 800 0.00987442255225043 -0
83100 198528684.211918 20530701.0081533 -1686.65912014003 227.479054195175 800 0.0100055177053997 -0
83900 197176158.148091 20712351.7167097 -1694.67362821948 226.643705813211 800 0.0101398435411527 -0
84700 195817177.922409 20893324.4128892 -1702.79495569223 225.7838891592 800 0.0102775154460421 -0
85500 194451657.033049 21073599.195643 -1711.02573361247 224.898782335378 800 0.0104186542255747 -0
86300 193079506.8361 21253155.4921863 -1719.36868686163 223.987527582897 800 0.0105633864207725 -0
87100 191700636.468756 21431972.0285352 -1727.82663854594 223.049229327436 800 0.0107118446468974 -0
87900 190314952.768893 21610026.7984304 -1736.40251465013 222.082952096166 800 0.0108641679561817 -0
88700 188922360.190819 21787297.0305392 -1745.0993489654 221.087718296088 800 0.011020502226553 -0
89500 187522760.716951 21963759.1538213 -1753.92028831093 220.062505842883 800 0.0111810005785345 -0
90300 186116053.765208 22139388.7609339 -1762.86859806983 219.00624562844 800 0.0113458238227096 -0
91100 184702136.09183 22314160.5695421 -1771.94766806254 217.917818814098 800 0.0115151409403748 -0
91900 183280901.68936 22488048.3813893 -1781.16101878196 216.796053935514 800 0.0116891296002628 -0
92700 181852241.679485 22661025.0389714 -1790.51230801738 215.639723803665 800 0.0118679767145021 -0
93500 180416044.200406 22833062.3796441 -1800.00533789617 214.447542185091 800 0.0120518790373057 -0
94300 178972194.288409 23004131.1869811 -1809.64406237486 213.218160242831 800 0.0122410438102315 -0
95100 177520573.753238 23174201.1391809 -1819.432595214 211.950162717701 800 0.0124356894582589 -0
95900 176061061.046897 23343240.7543089 -1829.37521847447 210.642063827588 800 0.012636046341369 -0
96700 174593531.12542 23511217.3321373 -1839.47639157601 209.292302860183 800 0.0128423575668132 -0
97500 173117855.303158 23678096.892328 -1849.74076096269 207.89923943212 800 0.0130548798678121 -0
98300 171633901.099084 23843844.1086789 -1860.17317042426 206.461148384719 800 0.0132738845550521 -0
99100 170141532.074547 24008422.2391315 -1870.77867212674 204.976214283462 800 0.0134996585480462 -0
99900 168640607.661907 24171793.0512067 -1881.56253841081 203.442525484862 800 0.0137325054942199 -0
100700 167130982.983399 24333916.7425085 -1892.5302744223 201.858067730575 800 0.0139727469844676 -0
101500 165612508.659543 24494751.8558987 -1903.68763164516 200.22071722423 800 0.0142207238749323 -0
102300 164085030.606331 24654255.1889105 -1915.04062241464 198.528233141653 800 0.0144767977258956 -0
103100 162548389.820391 24812381.6969246 -1926.59553549569 196.778249519683 800 0.0147413523699463 -0
103900 161002422.151231 24969084.3895886 -1938.35895282096 194.96826646262 800 0.0150147956230583 -0
104700 159446958.059586 25124314.2199058 -1950.33776749188 193.095640598474 800 0.0152975611538554 -0
105500 157881822.360835 25278019.9653642 -1962.53920315761 191.157574709296 800 0.0155901105282297 -0
106300 156306833.952309 25430148.1004113 -1974.97083489869 189.151106451069 800 0.0158929354486203 -0
107100 154721805.523249 25580642.6595095 -1987.64061175586 187.073096068573 800 0.0162065602097131 -0
107900 153126543.246034 25729445.0899267 -2000.55688106019 184.920212999254 800 0.0165315443951227 -0
108700 151520846.447166 25876494.0933262 -2013.72841473756 182.688921247163 800 0.0168684858428339 -0
109500 149904507.256349 26021725.4551197 -2027.16443778061 180.375463393245 800 0.0172180239108691 -0
110300 148277310.231872 26165071.8604339 -2040.87465910295 177.975843091398 800 0.0175808430788981 -0
111100 146639031.960254 26306462.6954116 -2054.86930501578 175.485805880387 800 0.0179576769264108 -0
111900 144989440.627988 26445823.8324265 -2069.15915559532 172.900818119605 800 0.0183493125337345 -0
112300 144160327.713282 26514719.08169 -2076.41831249256 171.571219030415 800 0.018550942778496 -0
112700 143328295.562867 26583077.3975993 -2083.7555842398 170.216043831916 800 0.0187565953587668 -0
113100 142493312.627911 26650888.4192521 -2091.17249228681 168.834636604214 800 0.0189663859661138 -0
113500 141655346.742515 26718141.5189642 -2098.67060076255 167.426319203153 800 0.0191804346498194 -0
113900 140814365.106335 26784825.7931923 -2106.25151804178 165.990390315383 800 0.0193988660203332 -0
114300 139970334.266556 26850930.0530688 -2113.91689838288 164.526124464881 800 0.0196218094640844 -0
114700 139123220.099198 26916442.8145302 -2121.66844364083 163.032770967959 800 0.0198493993703955 -0
115100 138272987.789721 26981352.2880156 -2129.50790505933 161.50955283364 800 0.0200817753712905 -0
115500 137419601.812903 27045646.3677143 -2137.43708514652 159.955665606029 800 0.0203190825950548 -0
115900 136563025.911934 27109312.6203381 -2145.45783963899 158.370276145077 800 0.0205614719344657 -0
116300 135703223.076729 27172338.273393 -2153.57207955895 156.752521341896 800 0.0208091003306826 -0
116700 134840155.521373 27234710.2029231 -2161.78177336987 155.101506764463 800 0.0210621310738661 -0
117100 133973784.660707 27296414.9206983 -2170.08894923636 153.416305229298 800 0.021320734121674 -0
117500 133104071.085972 27357438.5608152 -2178.49569739403 151.695955294336 800 0.0215850864368765 -0
117900 132230974.539486 27417766.8656779 -2187.0041726361 149.939459667881 800 0.0218553723454284 -0
118300 131354453.888307 27477385.1713254 -2195.61659692323 148.145783528144 800 0.0221317839164462 -0
118700 130474467.096822 27536278.3920677 -2204.33526212427 146.313852747429 800 0.0224145213656536 -0
119100 129590971.19821 27594431.0043915 -2213.16253289541 144.442552014621 800 0.0227037934839871 -0
119500 128703922.264726 27651827.030093 -2222.1008497064 142.530722849095 800 0.0229998180931943 -0
119900 127813275.376751 27708450.0185941 -2231.15273202264 140.577161498659 800 0.023302822530408 -0
120300 126918984.590523 27764283.0283926 -2240.32078165275 138.580616713551 800 0.0236130441638486 -0
120700 126021002.904504 27819308.6075961 -2249.607686272 136.539787387879 800 0.0239307309419905 -0
121100 125119282.224298 27873508.7734844 -2259.01622313254 134.453320059198 800 0.0242561419787254 -0
121500 124213773.326044 27926864.9910416 -2268.54926297241 132.319806256185 800 0.0245895481772811 -0
121900 123304425.818206 27979358.1503949 -2278.20977413589 130.137779683503 800 0.0249312328958915 -0
122300 122391188.101669 28030968.5430937 -2288.00082691902 127.905713232112 800 0.0252814926584823 -0
122700 121474007.32805 28081675.8371546 -2297.92559815487 125.622015802229 800 0.0256406379139268 -0
123100 120552829.356119 28131459.0507966 -2307.98737605455 123.285028925126 800 0.026008993847752 -0
123500 119627598.706244 28180296.5247822 -2318.18956532079 120.893023168728 400 0.0263869012505255 -0
123900 118698258.512713 28228165.8932745 -2328.53569255272 118.444194310689 400 0.0267747174475495 -0
124300 117764750.473852 28275044.0531146 -2339.02941196139 115.936659261224 400 0.0271728172949199 -0
124700 116827014.799774 28320907.1314145 -2349.67451141773 113.368451716371 400 0.0275815942474847 -0
125100 115884990.157654 28365730.4513537 -2360.47491885576 110.737517520668 400 0.0280014615047704 -0
125500 114938613.614354 28409488.4960598 -2371.43470905626 108.041709716319 400 0.028432853241528 -0
125900 113987820.576265 28452154.8704412 -2382.55811083783 105.278783253831 400 0.0288762259302041 -0
126300 113032544.726179 28493702.2608318 -2393.84951468464 102.446389336805 400 0.029332059763365 -0
126700 112072717.957019 28534102.3922963 -2405.3134808426 99.5420693710137 400 0.0298008601849086 -0
127100 111108270.302234 28573325.9834295 -2416.95474791836 96.5632484850603 400 0.0302831595397914 -0
127500 110139129.862643 28611342.6984733 -2428.77824201861 93.5072285868149 400 0.0307795188530004 -0
127900 109165222.729515 28648121.096556 -2440.78908647009 90.3711809163399 400 0.0312905297496132 -0
128300 108186472.903628 28683628.577846 -2452.99261216474 87.1521380521807 400 0.0318168165290352 -0
128700 107202802.210067 28717831.3263897 -2465.39436857789 83.8469853236179 400 0.0323590384078985 -0
129100 106214130.208465 28750694.2493879 -2478.00013551204 80.4524515767235 400 0.0329178919476699 -0
129500 105220374.098397 28782180.9126392 -2490.81593562338 76.9650992367592 400 0.0334941136847692 -0
129900 104221448.619587 28812253.4718576 -2503.84804779342 73.3813136035396 400 0.0340884829829686 -0
130300 103217265.9466 28840872.5995429 -2517.10302141416 69.6972913097752 400 0.0347018251300659 -0
130700 102207735.577611 28867997.407055 -2530.58769166132 65.9090278650121 400 0.0353350147033193 -0
131100 101192764.216865 28893585.3615077 -2544.30919583766 62.0123041994996 400 0.0359889792309587 -0
131500 100172255.650363 28917592.1970652 -2558.27499087588 58.0026721130187 400 0.0366647031802755 -0
131900 99146110.6143009 28939971.8201815 -2572.49287209988 53.8754385232536 400 0.037363232306408 -0
132300 98114226.6557384 28960676.2082797 -2586.97099335251 49.6256483965286 400 0.0380856784000378 -0
132700 97076497.9849168 28979655.3013186 -2601.71788860906 45.248066230473 400 0.0388332244768692 -0
133100 96032815.3186175 28996856.8856385 -2616.7424952078 40.7371559432073 400 0.0396071304570618 -0
133500 94983065.7138799 29012226.469418 -2632.0541788424 36.0870590067128 400 0.0404087393888343 -0
133900 93927132.3913429 29025707.1490022 -2647.66276047628 31.2915706428646 400 0.041239484277355 -0
134300 92864894.5474076 29037239.4652889 -2663.57854535591 26.3441138788406 400 0.0421008955879405 -0
134700 91796227.1543422 29046761.2492709 -2679.81235431886 21.2377112338652 400 0.0429946095016388 -0
135100 90721000.7473693 29054207.4557376 -2696.37555761429 15.9649537810578 400 0.0439223770116872 -0
135500 89639081.1976828 29059509.9840283 -2713.28011147695 10.5179672959788 400 0.0448860739613158 -0
135900 88550329.4702392 29062597.4846092 -2730.53859772343 4.88837516667529 400 0.0458877121371978 -0
136300 87454601.3650582 29063395.1501059 -2748.16426666952 -0.932742302125505 400 0.0469294515488372 -0
136700 86351747.240636 29061824.489268 -2766.17108370232 -6.95489260643174 400 0.0480136140427132 -0
137100 85241611.7179377 29057803.0821652 -2784.57377987969 -13.1882202534618 400 0.0491426984215285 -0
137500 84124033.3632762 29051244.3147125 -2803.38790697421 -19.6435610008586 400 0.0503193972639681 -0
137900 82998844.348207 29042057.0903928 -2822.62989742871 -26.3325017345645 400 0.0515466156696348 -0
138300 81865870.0843723 29030145.5167875 -2842.31712974852 -33.2674466812889 400 0.0528274921880602 -0
138500 81296406.9808758 29023136.7378391 -2852.33341851966 -36.8312884344358 400 0.0534891025755306 -0
138700 80724928.8309508 29015408.5641864 -2862.46799991652 -40.4616907488303 400 0.0541654222309404 -0
138900 80151411.7301489 29006947.50336 -2872.72334523149 -44.1604680066655 400 0.0548569200194689 -0
139100 79575831.2724345 28997739.6934304 -2883.10199951378 -47.929500918983 400 0.0555640843135444 -0
139300 78998162.5351487 28987770.8894397 -2893.60658443001 -51.7707395840188 400 0.0562874239965404 -0
139500 78418380.0633895 28977026.4492042 -2904.23980126127 -55.6862067163481 400 0.0570274695281309 -0
139700 77836457.8537763 28965491.3184526 -2915.00443404432 -59.6780010580608 400 0.05778477407572 -0
139900 77252369.3375726 28953150.015264 -2925.90335286522 -63.7483009840486 400 0.0585599147167156 -0
140100 76666087.3631333 28939986.6137631 -2936.93951731411 -67.899368314411 400 0.0593534937168181 -0
140300 76077584.1776441 28925984.7270321 -2948.11598011048 -72.1335523479936 400 0.0601661398899215 -0
140500 75486831.4081184 28911127.4891916 -2959.43589090895 -76.4532941321615 400 0.0609985100456971 -0
140700 74893800.0416136 28895397.5366032 -2970.90250029615 -80.8611309851073 400 0.0618512905314489 -0
140900 74298460.4046284 28878776.9881408 -2982.5191639901 -85.3597012882818 400 0.0627251988753913 -0
141100 73700782.141639 28861247.4244749 -2994.28934725428 -89.9517495679573 400 0.0636209855391257 -0
141300 73100734.1927293 28842789.8663095 -3006.21662953925 -94.6401318864699 400 0.064539435787771 -0
141500 72498284.7702695 28823384.7515085 -3018.30470936586 -99.4278215653755 400 0.0654813716869523 -0
141700 71893401.3345927 28803011.9110422 -3030.55740946487 -104.317915264595 400 0.0664476542366787 -0
141900 71286050.5686162 28781650.5436797 -3042.97868218887 -109.313639443642 400 0.067439185653046 -0
142100 70676198.3513517 28759279.1893496 -3055.57261521361 -114.418357233223 400 0.0684569118097001 -0
142300 70063809.7302458 28735875.7010813 -3068.34343754704 -119.635575747937 400 0.0695018248521021 -0
142500 69448848.8922848 28711417.2154383 -3081.29552586563 -124.968953873435 400 0.0705749659988516 -0
142700 68831279.1337988 28685880.1213428 -3094.43341119914 -130.422310564329 400 0.0716774285456729 -0
142900 68211062.8288921 28659240.0271867 -3107.76178598639 -135.999633692332 400 0.0728103610891581 -0
143100 67588161.3964225 28631471.7261141 -3121.28551152625 -141.705089487642 400 0.073974970989012 -0
143300 66962535.26545 28602549.1593529 -3135.00962585028 -147.54303262046 400 0.075172528089374 -0
143500 66334143.8390651 28572445.377461 -3148.9393520448 -153.518016973819 400 0.0764043687218249 -0
143700 65702945.4565064 28541132.4993453 -3163.08010705285 -159.63480716361 200 0.0776719000149437 -0
143900 65068897.3534665 28508581.6688955 -3177.43751098868 -165.898390866919 200 0.0789766045377971 -0
144100 64431955.6204807 28474763.0090677 -3192.0173969997 -172.313992025571 200 0.0803200453075394 -0
144300 63792075.1592864 28439645.5732316 -3206.82582171407 -178.887084998143 200 0.0817038711944299 -0
144500 63149209.6370294 28403197.2935878 -3221.86907631455 -185.623409740822 200 0.0831298227610601 -0
144700 62503311.4381911 28365384.9264374 -3237.15369828291 -192.528988105331 200 0.0845997385764881 -0
144900 61854331.614094 28326173.9940731 -3252.68648386261 -199.610141350891 200 0.0861155620503446 -0
145100 61202219.82984 28285528.7230371 -3268.47450129112 -206.873508976927 200 0.0876793488368755 -0
145300 60546924.3085195 28243411.978471 -3284.52510485789 -214.326068994029 200 0.0892932748643877 -0
145500 59888391.7725226 28199785.1942573 -3300.84594984809 -221.975159762794 200 0.0909596450517468 -0
145700 59226567.3817662 28154608.2986239 -3317.44500843765 -229.828503543662 200 0.0926809027805457 -0
145900 58561394.6686423 28107839.6348547 -3334.33058661023 -237.894231915947 200 0.0944596401994099 -0
146100 57892815.4694734 28059435.8767154 -3351.51134217297 -246.180913241191 200 0.0962986094457797 -0
146300 57220769.852249 28009351.9381657 -3368.9963039543 -254.697582364923 200 0.0982007348805385 -0
146500 56545196.0403961 27957540.87689 -3386.79489227402 -263.453772772188 200 0.100169126442224 -0
146700 55866030.3323201 27903953.7911314 -3404.9169407839 -272.459551436224 200 0.102207094240449 -0
146900 55183207.0164332 27848539.7092649 -3423.3727197852 -281.72555662658 200 0.104318164522828 -0
147100 54496658.28136 27791245.4714891 -3442.17296113903 -291.263038973504 200 0.106506097166368 -0
147300 53806314.1209931 27732015.6029509 -3461.32888489543 -301.083906119787 200 0.108774904863357 -0
147500 53112102.2340386 27670792.177552 -3480.85222777792 -311.200771330251 200 0.111128874193467 -0
147700 52413947.9176673 27607514.6716024 -3500.75527367278 -321.627006473231 200 0.113572588798749 -0
147900 51711773.9548543 27542119.8064032 -3521.05088628482 -332.376799838588 200 0.116110954906681 -0
148100 51005500.4949557 27474541.3787379 -3541.75254413626 -343.46521931388 200 0.118749229479266 -0
148300 50295044.9270357 27404710.0781459 -3562.87437810056 -354.908281505432 200 0.121493051303927 -0
148500 49580321.7454164 27332553.2897217 -3584.43121168026 -366.723027465344 200 0.124348475385515 -0
148700 48861242.4068784 27257994.8810469 -3606.43860425606 -378.927605770579 200 0.127322011049113 -0
148900 48137715.1788944 27180954.9717025 -3628.91289755452 -391.541363797762 200 0.13042066422167 -0
149100 47409644.9782244 27101349.6836269 -3651.87126560324 -404.584948149375 200 0.133651984428298 -0
149300 46676933.1991486 27019090.8703851 -3675.3317684656 -418.080415316023 200 0.137024117117887 -0
149500 45939477.5305472 26934085.8231806 -3699.31341007204 -432.051353808242 200 0.140545862024755 -0
149700 45197171.7609774 26846236.9511774 -3723.83620049144 -446.523019163401 200 0.144226738380643 -0
149900 44449905.5708206 26755441.4334021 -3748.92122301434 -461.522483432641 200 0.148077057917523 -0
150100 43697564.3104991 26661590.8391496 -3774.590706449 -477.078800984437 200 0.152108006750002 -0
150300 42940028.7636761 26564570.713423 -3800.86810306225 -493.223192731075 200 0.156331737400876 -0
150400 42559274.5670713 26514834.5510546 -3814.24245273147 -501.526315368442 200 0.158519983063919 -0
150500 42177174.8942254 26464260.1234355 -3827.77817262196 -509.989251191279 200 0.160761472440343 -0
150600 41793713.4431748 26412831.2203404 -3841.47857687406 -518.616607341968 200 0.163058044729909 -0
150700 41408873.5758963 26360531.1619877 -3855.34707306386 -527.413169217046 200 0.165411621451901 -0
150800 41022638.3088034 26307342.780784 -3869.38716543413 -536.38390913812 200 0.167824210973599 -0
150900 40634990.3029128 26253248.4021772 -3883.60245824958 -545.533995531352 200 0.17029791333454 -0
151000 40245911.8536686 26198229.8245647 -3897.99665928092 -554.868802650449 200 0.172834925388923 -0
151100 39855384.8804128 26142268.2982003 -3912.57358342235 -564.393920880845 200 0.175437546290482 -0
151200 39463390.9154857 26085344.50304 -3927.33715644704 -574.115167665773 200 0.178108183346251 -0
151300 39069911.0929446 26027438.5254628 -3942.29141890539 -584.038599098155 200 0.180849358267945 -0
151400 38674926.1368849 25968529.8337959 -3957.44053017049 -594.170522225848 200 0.183663713852261 -0
151500 38278416.3493493 25908597.252573 -3972.78877263549 -604.517508121623 200 0.186554021124171 -0
151600 37880361.5978095 25847618.9354441 -3988.34055606728 -615.086405773526 200 0.189523186980379 -0
151700 37480741.3022045 25785572.3366529 -4004.10042212084 -625.884356855907 200 0.192574262373505 -0
151800 37079534.4215188 25722434.1809905 -4020.07304901833 -636.91881144645 200 0.195710451081288 -0
151900 36676719.4398855 25658180.4321275 -4036.26325639683 -648.197544760137 200 0.198935119109232 -0
152000 36272274.3521944 25592786.2592179 -4052.67601032807 -659.728674977123 200 0.202251804779685 -0
152100 35866176.6491909 25526226.0016627 -4069.31642851317 -671.520682248217 200 0.205664229565365 -0
152200 35458403.3020457 25458473.1319102 -4086.18978565481 -683.582428968938 200 0.20917630973092 -0
152300 35048930.7463787 25389500.216161 -4103.30151900845 -695.923181421233 200 0.2127921688523 -0
152400 34637734.8657183 25319278.8728364 -4120.65723411318 -708.552632890737 200 0.216516151290548 -0
152500 34224790.9743796 25247779.7286565 -4138.26271070203 -721.48092837722 200 0.220352836704217 -0
152600 33810073.7997415 25174972.3721619 -4156.12390878985 -734.718691026621 200 0.224307055693071 -0
152700 33393557.4639074 25100825.3045002 -4174.24697493539 -748.277050424849 200 0.228383906675098 -0
152800 32975215.46473 25025305.8872848 -4192.63824867231 -762.167672906642 100 0.232588774109342 -0
152900 32555020.6561863 24948380.2873137 -4211.30426910152 -776.402794047168 100 0.236927348188691 -0
153000 32132945.228084 24870013.4179234 -4230.25178163429 -790.995253520015 100 0.241405646139762 -0
153100 31708960.6850884 24790168.87673 -4249.48774487256 -805.958532522874 100 0.246030035281571 -0
153200 31283037.8250537 24708808.8794903 -4269.01933760881 -821.306793991771 100 0.250807258010905 -0
153300 30855146.7166499 24625894.1897918 -4288.85396592312 -837.054925846411 100 0.255744458900494 -0
153400 30425256.6762763 24541384.0442562 -4308.99927034984 -853.21858753326 100 0.260849214116518 -0
153500 29993336.2442558 24455236.0729113 -4329.46313307958 -869.814260159789 100 0.266129563384831 -0
153600 29559353.1603099 24367406.2143559 -4350.25368515469 -886.859300543033 100 0.271594044761058 -0
153700 29123274.338315 24277848.6253107 -4371.37931360738 -904.371999528828 100 0.277251732488632 -0
153800 28685065.8403519 24186515.5841066 -4392.84866847895 -922.371644975011 100 0.283112278261497 -0
153900 28244692.8500613 24093357.3876238 -4414.67066964602 -940.878589833149 100 0.289185956244988 -0
154000 27802119.6453303 23998322.2411481 -4436.85451336504 -959.914325809451 100 0.29548371224996 -0
154100 27357309.570343 23901356.1405602 -4459.40967842852 -979.501563137053 100 0.302017217502299 -0
154200 26910225.0070398 23802402.7462174 -4482.34593180617 -999.66431704961 100 0.308798927503161 -0
154300 26460827.3460449 23701403.2478268 -4505.67333361962 -1020.4280016108 100 0.315842146535737 -0
154400 26009076.9571364 23598296.219537 -4529.40224127062 -1041.81953162695 100 0.323161098442926 -0
154500 25554933.1593556 23493017.4644012 -4553.54331250875 -1063.86743345156 100 0.330771004378336 -0
154600 25098354.1908721 23385499.8472786 -4578.10750718439 -1086.6019655822 100 0.338688168321905 -0
154700 24639297.178752 23275673.1151444 -4603.1060873851 -1110.05525005347 100 0.346930071252802 -0
154800 24177718.1088082 23163463.7036753 -4628.55061559735 -1134.26141574613 100 0.355515474988026 -0
154900 23713571.7957505 23048794.528856 -4654.45295046843 -1159.25675486371 100 0.364464536827565 -0
155000 23246811.8538994 22931584.7622229 -4680.82523966413 -1185.07989397627 100 0.373798936298636 -0
155100 22777390.6687857 22811749.5882095 -4707.6799092234 -1211.77198119838 100 0.383542015465559 -0
155200 22305259.3700166 22689199.9418956 -4735.02964869854 -1239.37689125825 100 0.393718934471656 -0
155300 21830367.8058751 22563842.225274 -4762.88739123601 -1267.94145042955 100 0.404356844209555 -0
155400 21352664.5202042 22435577.9999391 -4791.26628759251 -1297.51568354108 100 0.415485078281145 -0
155500 20872096.7322419 22304303.6538682 -4820.1796728901 -1328.15308555551 100 0.427135366714047 -0
155600 20388610.3202026 22169910.0397018 -4849.64102468517 -1359.91092052212 100 0.439342074254481 -0
155700 19902149.8095548 22032282.0816285 -4879.66391065135 -1392.85055106464 100 0.452142466464771 -0
155800 19412658.3671331 21891298.3476488 -4910.26192384674 -1427.03780196988 100 0.465577007326703 -0
155900 18920077.8024437 21746830.5836088 -4941.44860313845 -1462.54336190338 100 0.479689692600363 -0
155950 18672610.5458487 21673248.1212952 -4957.26688511382 -1480.81403632641 100 0.487015144905757 -0
156000 18424348.5777752 21598743.2049068 -4973.23733587468 -1499.44322778035 100 0.494528423826721 -0
156050 18175284.2489296 21523297.6499616 -4989.36158572834 -1518.44134603495 100 0.502236196263934 -0
156100 17925409.8291235 21446892.7416591 -5005.64123934096 -1537.81919703625 100 0.510145428590772 -0
156150 17674717.5086826 21369509.2146158 -5022.07787056921 -1557.58800131997 100 0.518263402782789 -0
156200 17423199.4001275 21291127.2316543 -5038.67301677418 -1577.7594134197 100 0.526597733549984 -0
156250 17170847.5401521 21211726.3615967 -5055.42817256841 -1598.34554232971 100 0.53515638654161 -0
156300 16917653.8919302 21131285.5560065 -5072.34478294186 -1619.35897308606 100 0.543947697698597 -0
156350 16663610.3477826 21049783.1248228 -5089.42423570722 -1640.8127895339 100 0.552980393834313 -0
156400 16408708.7322402 20967196.7108242 -5106.6678531993 -1662.72059835293 100 0.562263614530554 -0
156450 16152940.8055422 20883503.2628592 -5124.07688315636 -1685.09655441785 100 0.571806935442283 -0
156500 15896298.2676125 20798679.0077727 -5141.65248870414 -1707.95538757516 100 0.581620393111775 -0
156550 15638772.7625612 20712699.4209573 -5159.39573735535 -1731.3124309233 100 0.591714511400539 -0
156600 15380355.883762 20625539.1954501 -5177.30758892844 -1755.18365068802 100 0.602100329655733 -0
156650 15121039.1795643 20537172.2094951 -5195.38888227955 -1779.58567779099 100 0.612789432736696 -0
156700 14860814.1596991 20447571.4924813 -5213.64032073068 -1804.5358412156 100 0.623793983036935 -0
156750 14599672.30245 20356709.1891663 -5232.06245606507 -1830.05220328034 100 0.63512675464725 -0
156800 14337605.0626629 20264556.5220859 -5250.65567094715 -1856.15359693653 100 0.646801169816887 -0
156850 14074603.8806766 20171083.7520452 -5269.42015960967 -1882.85966521466 100 0.658831337881605 -0
156900 13810660.1922671 20076260.1365814 -5288.35590663393 -1910.19090295036 100 0.671232096840464 -0
156950 13545765.4397039 19980053.8862805 -5307.46266363056 -1938.16870092889 100 0.684019057776925 -0
157000 13279911.0840289 19882432.1188229 -5326.73992360792 -1966.81539259463 100 0.697208652334713 -0
157050 13013088.6186802 19783360.8106263 -5346.18689279223 -1996.15430348017 100 0.710818183474645 -0
157100 12745289.5845935 19682804.745946 -5365.80245963826 -2026.20980351761 100 0.724865879755543 -0
157150 12476505.5869293 19580727.463284 -5385.58516074102 -2057.00736240286 50 0.739370953400246 -0
157200 12206728.3135888 19477091.1989495 -5405.53314332753 -2088.57360819204 50 0.754353662426763 -0
157250 11935949.5556977 19371856.8276053 -5425.6441239724 -2120.9363893168 50 0.769835377144703 -0
157300 11664161.2302569 19264983.7996238 -5445.91534314201 -2154.12484021348 50 0.78583865133824 -0
157350 11391355.4051797 19156430.075067 -5466.34351512838 -2188.16945076759 50 0.802387298478975 -0
157400 11117524.3269571 19046152.0540942 -5486.9247728849 -2223.10213978231 50 0.819506473335056 -0
157450 10842660.4512199 18934104.5035922 -5507.6546072219 -2258.95633268425 50 0.837222759366619 -0
157500 10566756.4764952 18820240.4798084 -5528.52779975931 -2295.76704368423 50 0.855564262321844 -0
157550 10289805.3814841 18704511.2467614 -5549.53834896589 -2333.57096261243 50 0.874560710472317 -0
157600 10011800.4662266 18586866.190187 -5570.6793885387 -2372.40654664702 50 0.894243561950626 -0
157650 9732735.39755561 18467252.7267719 -5591.94309729233 -2412.31411715151 50 0.914646119676593 -0
157700 9452604.25928774 18345616.2084133 -5613.3205996328 -2453.33596182835 50 0.935803654380566 -0
157750 9171401.60764747 18221899.8212334 -5634.801855586 -2495.5164423835 50 0.957753536251904 -0
157800 8889122.53247428 18096044.4790695 -5656.37553923302 -2538.90210787752 50 0.980535375756957 -0
157850 8605762.7248243 17967988.7111515 -5678.02890427382 -2583.54181391135 50 1.00419117418205 -0
157900 8321318.55164499 17837668.5436712 -5699.74763529466 -2629.4868477585 50 1.02876548446133 -0
157950 8035787.13827648 17705017.3749454 -5721.51568315218 -2676.79105950594 50 1.05430558284447 -0
158000 7749166.45961723 17569965.8438713 -5743.31508270624 -2725.51099920264 50 1.08086165194233 -0
158050 7461455.44088495 17432441.6913761 -5765.12575093263 -2775.70605993292 50 1.10848697565567 -0
158100 7172654.06900747 17292369.6145683 -5786.92526322387 -2827.43862662778 50 1.13723814643899 -0
158150 6882763.51579421 17149671.1133114 -5808.68860543966 -2880.77423029726 50 1.1671752852723 -0
158200 6591786.2741672 17004264.3289594 -5830.38789899596 -2935.78170720341 50 1.19836227460079 -0
158250 6299726.30887376 16856063.8750252 -5851.99209598161 -2992.53336229148 50 1.23086700434872 -0
158300 6006589.22326155 16704980.6595885 -5873.46664096224 -3051.10513594654 50 1.26476163090644 -0
158350 5712382.44387253 16550921.6993087 -5894.77309577149 -3111.57677283563 50 1.30012284871735 -0
158400 5417115.42480698 16393789.9249758 -5915.86872319901 -3174.03199121881 50 1.33703217373678 -0
158450 5120799.87402388 16233483.9786266 -5936.70602506314 -3238.55865065286 50 1.37557623757925 -0
158500 4823450.00398038 16069898.0023694 -5957.23222970515 -3305.24891545209 50 1.41584709058822 -0
158550 4525082.80927341 15902921.4192087 -5977.38872346483 -3374.19941059212 50 1.45794251132645 -0
158600 4225718.37423053 15732438.706349 -5997.11042019914 -3445.51136592188 50 1.50196631905757 -0
158650 3925380.21370714 15558329.1616833 -6016.32506239596 -3519.29074355877 50 1.5480286846297 -0
158700 3624095.65068195 15380466.664462 -6034.95244692634 -3595.64834215131 50 1.59624643372736 -0
158750 3321896.23460304 15198719.431485 -6052.90356799044 -3674.69987026542 50 1.64674333466824 -0
158800 3018818.20482024 15012949.7705888 -6070.07966937107 -3756.56597944335 50 1.69965036071302 -0
158850 2714903.00384326 14823013.833724 -6086.37119775084 -3841.37224545033 50 1.75510591414562 -0
158875 2562645.97632463 14726436.8157571 -6094.14777766005 -3884.91850696014 50 1.78383471393295 -0
158900 2410197.84562417 14628761.3724979 -6101.65664864948 -3929.2490837696 50 1.81325599607744 -0
158925 2257565.51840829 14529967.6837645 -6108.8805469491 -3974.38100670823 50 1.84338921376538 -0
158950 2104756.34424805 14430035.5001302 -6115.80129636305 -4020.33158279799 50 1.87425430183629 -0
158975 1951778.13900794 14328944.136155 -6122.39976167032 -4067.11838407574 50 1.90587167388592 -0
159000 1798639.20942603 14226672.4639218 -6128.65579991009 -4114.75923423834 50 1.93826221707693 -0
159025 1645348.37893882 14123198.9069368 -6134.54820950417 -4163.27219287863 50 1.97144728434881 -0
159050 1491915.01480561 14018501.4344568 -6140.0546771757 -4212.6755370603 50 2.00544868368616 -0
159075 1338349.05658772 13912557.5563129 -6145.15172263275 -4262.98773995737 50 2.04028866406952 -0
159100 1184661.04603882 13805344.3183078 -6149.81464099621 -4314.22744626127 50 2.07598989769489 -0
159125 1030862.15846279 13696838.2982727 -6154.01744296515 -4366.4134440333 50 2.11257545800695 -0
159150 876964.235595766 13587015.6028742 -6157.73279272816 -4419.56463265412 50 2.15006879304717 -0
159175 722979.82006818 13475851.8652769 -6160.93194364857 -4473.69998649426 50 2.18849369357 -0
159200 568922.191502101 13363322.2437707 -6163.58467177336 -4528.83851390052 50 2.22787425533028 -0
159225 414805.404297245 13249401.4214872 -6165.65920724164 -4584.99921106241 50 2.26823483489035 -0
159250 260644.327156978 13134063.6073377 -6167.1221636987 -4642.20101029145 50 2.30959999823871 -0
159275 106454.684402466 13017282.5383196 -6167.93846585657 -4700.46272221316 50 2.35199446145115 -0
159300 -47746.9008808631 12899031.4833498 -6168.07127538221 -4759.80297133825 50 2.39544302256245 -0
159325 -201942.861825473 12779283.2487969 -6167.48191534053 -4820.24012444535 50 2.43997048375091 -0
159350 -356114.640859734 12658010.1859003 -6166.12979347195 -4881.79221117367 50 2.48560156286992 -0
159375 -510242.640856779 12535184.2002784 -6163.97232464409 -4944.47683619033 50 2.53236079329205 -0
159400 -664306.174338495 12410776.7637449 -6160.96485288457 -5008.31108226435 50 2.58027241096086 -0
159425 -818283.41073005 12284758.9286687 -6157.06057347844 -5073.31140354849 50 2.62936022747707 -0
159450 -972151.321673487 12157101.3451326 -6152.210455699 -5139.49350834202 50 2.67964748797798 -0
159475 -1125885.62442433 12027774.2811615 -6146.36316683671 -5206.87223058296 50 2.73115671250594 -0
159500 -1279460.72337304 11896747.646312 -6139.46499829701 -5275.46138929923 50 2.78390951950363 -0
159525 -1432849.64975393 11763991.0189355 -6131.45979465608 -5345.27363523513 50 2.83792643002448 -0
159550 -1586023.99962788 11629473.677443 -6122.28888669332 -5416.32028386547 50 2.89322665120837 -5.61302944855118e-310
159575 -1738953.87025256 11493164.6359232 -6111.8910295618 -5488.61113401533 50 2.94982783754951 -3.47725539631058e-303
159600 -1891607.79498461 11355032.6844835 -6100.20234741339 -5562.15427132255 50 3.00774582847886 -1.97418388934586e-296
159625 -2043952.67689355 11215046.4347009 -6087.15628596346 -5636.95585581365 50 3.06699436080337 -1.01353051186021e-289
159650 -2195953.72130602 11073174.3705893 -6072.68357466114 -5713.01989291689 50 3.12758475459337 -4.67903584970858e-283
159675 -2347574.36754368 10929384.9055054 -6056.71220032434 -5790.34798730987 50 3.1895255711941 -1.93115256097321e-276
159700 -2498776.22016648 10783646.4454278 -6039.16739430338 -5868.93907909911 50 3.25282224216585 -7.0824416888907e-270
159725 -2649518.98008764 10635927.4590565 -6019.97163545098 -5948.78916195766 50 3.31747666813532 -2.2935776096768e-263
159750 -2799760.37598626 10486196.5551875 -5999.04467139823 -6029.89098300992 50 3.38348678677985 -6.51561037576054e-257
159775 -2949456.09650886 10334422.5678179 -5976.30356086198 -6112.23372445373 50 3.45084610947295 -1.61265690686712e-250
159800 -3098559.72382192 10180574.6494372 -5951.66273993554 -6195.80266715391 50 3.51954322650651 -3.45296606798434e-244
159825 -3247022.66915438 10024622.3729487 -5925.0341155366 -6280.57883673386 50 3.58956128128022 -6.34901517467081e-238
159850 -3394794.11105085 9866535.84264894 -5896.32718939684 -6366.53863303606 50 3.66087741442448 -9.94865736422156e-232
159875 -3541820.93714337 9706285.81466546 -5865.44921617031 -6453.65344422473 50 3.7334621795083 -1.3180303029911e-225
159900 -3688047.69034123 9543843.82721654 -5832.30539940225 -6541.88924726652 50 3.80727893278865 -1.46428318963298e-219
159925 -3833416.52043344 9379182.34100615 -5796.79912922575 -6631.20619705243 50 3.88228320038985 -1.3526201884521e-213
159950 -3977867.14219621 9212274.89000385 -5758.83226572908 -6721.55820701756 50 3.95842202736747 -1.02983165652498e-207
159975 -4121336.80119677 9043096.24277943 -5718.3054719458 -6812.89252477538 50 4.03563331431313 -6.40414441671811e-202
160000 -4263760.24858276 8871622.57446578 -5675.11860034871 -6905.14930700762 50 4.1138451484935 -3.22257364673384e-196
160025 -4405069.72624165 8697831.64930716 -5629.17113655869 -6998.26119863629 50 4.19297513798269 -1.29960967358471e-190
160050 -4545194.96380416 8521703.01361458 -5580.36270369271 -7092.15292214202 50 4.27292975882734 -4.15905394662856e-185
160075 -4684063.18904617 8343218.19879204 -5528.59363035198 -7186.740883772 50 4.35360372695838 -1.04552887232926e-179
160100 -4821599.15331173 8162360.93391773 -5473.76558467236 -7281.93280428498 25 4.43487940830035 -2.04322066671703e-174
160125 -4957725.17363146 7979117.36716172 -5415.78227610527 -7377.62738278913 25 4.51662628228692 -3.07118014012042e-169
160150 -5092361.19324073 7793476.29509658 -5354.55022565203 -7473.71400311441 25 4.59870047571539 -3.51221327462728e-164
160175 -5225424.86220622 7605429.39871082 -5289.97960412296 -7570.07249299192 25 4.68094438549714 -3.02222328190084e-159
160200 -5356831.63984214 7414971.48466877 -5221.98513662582 -7666.57294704977 25 4.76318641030313 -1.934843095354e-154
160225 -5486494.92053315 7222100.73007743 -5150.48706990189 -7763.07562523443 25 4.84524081227195 -9.11111525078388e-150
160250 -5614326.18447423 7026818.928725 -5075.41219732752 -7859.43093867875 25 4.92690773073623 -3.11945420635257e-145
160275 -5740235.17468385 6829131.73645269 -4996.69493439807 -7955.4795352084 25 5.00797337021707 -7.67532719085811e-141
160300 -5864130.10144011 6629048.91301727 -4914.27843533701 -8051.05249655337 25 5.08821038461697 -1.34130212743704e-136
160325 -5985917.87502718 6426584.5575056 -4828.11573916402 -8145.97165885148 25 5.16737847848768 -1.64533709215953e-132
160350 -6105504.36735773 6221757.33408274 -4738.17093116825 -8240.05006714632 25 5.24522524435021 -1.40014777584036e-128
160375 -6222794.7026559 6014590.68460337 -4644.42030333526 -8333.09257324262 25 5.32148725219929 -8.16959151245235e-125
160400 -6337693.5769446 5805113.02440423 -4546.85349495477 -8424.89658445373 25 5.39589140346314 -3.23070035136969e-121
160425 -6450105.60558447 5593357.91743473 -4445.47459249038 -8515.2529684346 25 5.46815655677245 -8.56038324728552e-118
160450 -6559935.69756472 5379364.2267881 -4340.30316593366 -8603.94711643912 25 5.53799542692826 -1.50283631681554e-114
160475 -6667089.45465777 5163176.23667745 -4231.37521741275 -8690.76016399202 25 5.60511675151005 -1.7289792866532e-111
160500 -6771473.59293067 4944843.74197321 -4118.74401690257 -8775.47036417366 25 5.66922771176121 -1.2897528665534e-108
160525 -6872996.38347315 4724422.10158955 -4002.48079960828 -8857.85460455768 25 5.73003658592376 -6.17458789651002e-106
160550 -6971568.10857015 4501972.25228634 -3882.67530007349 -8937.69005442871 25 5.78725560433582 -1.87859784067966e-103
160575 -7067101.52893801 4277560.67984391 -3759.43609938715 -9014.75592437858 25 5.8406039666858 -3.59868094798356e-101
160600 -7159512.35707881 4051259.3450717 -3632.8907640872 -9088.83531590341 25 5.88981097322575 -4.30270506722441e-99
160625 -7248719.7313094 3823145.56272511 -3503.18575850685 -9159.71713438853 25 5.93461921391216 -3.1849646007815e-97
160650 -7334646.68461437 3593301.83211844 -3370.4861163595 -9227.19803507487 25 5.97478775281346 -1.44878514478296e-95
160675 -7417220.60217651 3361815.61902325 -3234.97486224087 -9291.08436845327 25 6.01009524013641 -4.02281212907479e-94
160700 -7496373.66127362 3128779.08931079 -3096.85217932046 -9351.19408922586 25 6.04034288127686 -6.77816016911279e-93
160712.5 -7534647.58760239 3011709.46655512 -3026.87853946775 -9379.7794575202 25 6.05351398712416 -2.3032631925981e-92
160725 -7572043.24724511 2894288.79565775 -2956.33432569595 -9407.35859163385 25 6.06535719170481 -6.89508033229443e-92
160737.5 -7608553.69042964 2776529.7724425 -2885.24886431773 -9433.91279881172 25 6.07585516983265 -1.81753033316296e-91
160750 -7644172.33918139 2658445.31989291 -2813.6523079616 -9459.42443405345 25 6.08499246858845 -4.21674715895393e-91
160762.5 -7678892.99732076 2540048.57476904 -2741.57558201409 -9483.87694540963 25 6.09275556459567 -8.60713875895157e-91
160775 -7712709.85977204 2421352.87367723 -2669.0503280423 -9507.25491619194 25 6.09913291454565 -1.54519160179762e-90
160787.5 -7745617.52114741 2302371.73863267 -2596.1088444251 -9529.5441038665 25 6.1041149986201 -2.43910524087509e-90
160800 -7777610.98357263 2183118.86215769 -2522.78402444134 -9550.73147541827 25 6.10769435650591 -3.38463195028202e-90
160812.5 -7808685.66372435 2063608.09196097 -2449.10929208246 -9570.80523899468 25 6.1098656157471 -4.12818327683873e-90
160825 -7838837.39905234 1943853.41524549 -2375.1185358729 -9589.75487165891 25 6.11062551223196 -4.42520087512597e-90
160837.5 -7868062.45316352 1823868.94269453 -2300.8460409967 -9607.57114310708 25 6.10997290266894 -4.16888070237446e-90
160850 -7896357.52034861 1703668.89218712 -2226.32642003983 -9624.24613522846 25 6.10790876896147 -3.45167949037815e-90
160862.5 -7923719.72923615 1583267.57229554 -2151.59454266808 -9639.7732574146 25 6.1044362144505 -2.51191018048486e-90
160875 -7950146.64556237 1462679.36561823 -2076.68546456639 -9654.14725754956 25 6.09956045205166 -1.60695801301136e-90
160887.5 -7975636.27405008 1341918.71200271 -2001.63435597007 -9667.36422864177 25 6.09328878437222 -9.03902796019905e-91
160900 -8000187.05939327 1221000.09171282 -1926.47643011947 -9679.42161108511 25 6.08563057595016 -4.47168692602097e-91
160912.5 -8023797.88634865 1099938.00859495 -1851.24687196842 -9690.31819056514 25 6.07659721781321 -1.94623216693675e-91
160925 -8046468.07893938 978746.973297501 -1775.98076747257 -9700.05409165342 25 6.06620208460894 -7.4551743688138e-92
160937.5 -8068197.39878014 857441.486596957 -1700.71303377704 -9708.63076715989 25 6.05446048460738 -2.51450216710147e-92
160950 -8088986.04253681 736036.022883122 -1625.47835061369 -9716.0509833389 25 6.04138960292469 -7.47124329570324e-93
160975 -8127744.2425622 492982.832535345 -1475.24526689374 -9727.43955314045 25 6.01133773425957 -4.51956588436168e-94
161000 -8162752.80409384 249702.056872007 -1325.55170332784 -9734.26738913362 25 5.97621895108334 -1.65869380303062e-95
161025 -8194028.51231784 6306.91599020101 -1176.6599635088 -9736.60150166458 25 5.93623113541688 -3.71499436071539e-97
161050 -8221594.59231246 -237091.276680092 -1028.82264662133 -9734.52721237908 25 5.89159483346681 -5.11175407836857e-99
161075 -8245480.44560237 -480383.556328064 -882.281013625824 -9728.14685977833 25 5.84255029341264 -4.35329774341801e-101
161100 -8265721.34841927 -723463.714387282 -737.263560369255 -9717.57835297301 25 5.78935435750992 -2.31321789206217e-103
161125 -8282358.11702543 -966228.66845427 -593.984811274139 -9702.95360705502 25 5.73227727917055 -7.73659040437378e-106
161150 -8295436.74572226 -1208578.79196618 -452.644341227359 -9684.4168941156 25 5.67159953281984 -1.64380152443034e-108
161175 -8305008.0232833 -1450418.2019502 -313.426027491138 -9662.12314346915 25 5.607608679413 -2.24062097449444e-111
161200 -8311127.13352866 -1691655.00398039 -176.497528087347 -9636.23622320842 25 5.54059634391959 -1.97949145391276e-114
161225 -8313853.24560754 -1932201.49425396 -42.0099783220462 -9606.92723296522 25 5.47085535328751 -1.14556632960042e-117
161250 -8313249.09929519 -2171974.31941104 89.902106965493 -9574.37283484866 25 5.39867707482755 -4.39061780274458e-121
161275 -8309380.59025669 -2410894.59535462 219.120741156265 -9538.75364615788 25 5.32434898604513 -1.12705240711537e-124
161300 -8302316.35980391 -2648887.98687199 345.544201846735 -9500.25271379354 25 5.24815249807816 -1.95993790416282e-128
161325 -8292127.39319301 -2885884.75030961 469.086615049059 -9459.05408648746 25 5.17036104641523 -2.33590772800547e-132
161350 -8278886.62999672 -3121819.74190875 589.677408538062 -9415.34149718118 25 5.09123845473432 -1.93048359546097e-136
161375 -8262668.58955724 -3356632.39467156 707.260655586981 -9369.29716423781 25 5.01103757071892 -1.11938862278205e-140
161400 -8243549.01399703 -3590266.66680124 821.794330041297 -9321.1007167679 25 4.92999916670537 -4.60800587834425e-145
161425 -8221604.53074996 -3822670.96485258 933.249492889682 -9270.92824626587 25 4.84835109305794 -1.36258345396435e-149
161450 -8196912.33608531 -4053798.04474956 1041.60942930311 -9218.95148403836 25 4.76630766826683 -2.9282128227406e-154
161475 -8169549.90064126 -4283604.89378352 1146.86875362577 -9165.33710158858 25 4.68406928688256 -4.62656705677468e-159
161500 -8139594.69756773 -4512052.5966103 1249.03249810773 -9110.2461292089 25 4.60182222446574 -5.43627203566605e-164
161525 -8107123.95350672 -4739106.18812579 1348.11519935316 -9053.83348651912 25 4.51973861764827 -4.80428778957408e-169
161550 -8072214.42231189 -4964734.49592815 1444.13999459376 -8996.24761754931 25 4.43797659705583 -3.22894845346386e-174
161575 -8034942.18112972 -5188909.97487917 1537.13773804527 -8937.63022217227 25 4.3566805511154 -1.66850018520585e-179
161600 -7995382.44823074 -5411608.53606568 1627.14614581711 -8878.11607520463 50 4.27598149954249 -6.69969923033452e-185
161625 -7953609.42178871 -5632809.37224172 1714.20897615788 -8817.83292427749 50 4.19599755645893 -2.11239163322072e-190
161650 -7909696.1386561 -5852494.78160936 1798.37525026117 -8756.9014575841 50 4.1168344645258 -5.2832311641142e-196
161675 -7863714.3520712 -6070649.99157572 1879.69851744452 -8695.43533280469 50 4.03858618309455 -1.05860045845125e-201
161700 -7815734.42715342 -6287262.98391027 1958.23616725872 -8633.54125884591 50 3.96133551510124 -1.71575345759004e-207
161725 -7765825.25299282 -6502324.32252287 2034.04878998859 -8571.31912248181 50 3.88515475918637 -2.27054600938242e-213
161750 -7714054.17011605 -6715826.9848916 2107.19958606649 -8508.86215250993 50 3.81010637526128 -2.47570050212314e-219
161775 -7660486.91210747 -6927766.19799181 2177.75382413044 -8446.257114616 50 3.73624365341954 -2.24375019101441e-225
161800 -7605187.56017986 -7138139.27941553 2245.77834680887 -8383.58453074664 50 3.66361137767649 -1.70471529257469e-231
161825 -7548218.50951837 -7346945.48422267 2311.34112279334 -8320.9189174056 50 3.59224647748993 -1.09470954168159e-237
161850 -7489640.44626296 -7554185.8579337 2374.51084335551 -8258.32903789684 50 3.52217866135732 -5.98909949951932e-244
161875 -7429512.33404442 -7759863.0959565 2435.35656116164 -8195.87816412771 50 3.45343102799194 -2.81296282057944e-250
161900 -7367891.40904573 -7963981.40963731 2493.94736902473 -8133.62434414599 50 3.38602065165132 -1.14264295562256e-256
161925 -7304833.18262137 -8166546.39903695 2550.35211609743 -8071.62067211156 50 3.31995913912847 -4.04284775729411e-263
161950 -7240391.45057043 -8367564.93245695 2604.63915893612 -8009.91555789116 50 3.25525315672605 -1.25448331749196e-269
161975 -7174618.30822429 -8567045.03267579 2656.87614484801 -7948.55299391156 50 3.19190492622342 -3.43637131877255e-276
162000 -7107564.17057376 -8764995.76980139 2707.12982495695 -7887.5728173112 50 3.12991268942564 -8.36256149044319e-283
162025 -7039277.79672433 -8961427.16060161 2755.46589448308 -7827.01096579392 50 3.06927114136329 -1.81895142064634e-289
162050 -6969806.31802955 -9156350.07413887 2801.9488578167 -7766.89972591143 50 3.00997183260086 -3.55696010733978e-296
162075 -6899195.26931184 -9349776.14350653 2846.64191607243 -7707.26797278584 50 2.95200354142231 -6.28846582077166e-303
162100 -6827488.6226364 -9541717.68344343 2889.60687492954 -7648.14140053208 50 2.89535261690274 -1.00983157687452e-309
162125 -6754728.82315732 -9732187.61358709 2930.90407069312 -7589.54274285547 50 2.84000329405636 -0
162150 -6680956.82660446 -9921199.38711526 2970.59231264542 -7531.49198348405 50 2.78593798238036 -0
162175 -6606212.1380269 -10108766.9245193 3008.72883989284 -7474.00655625212 50 2.73313752920108 -0
162200 -6530532.85145142 -10294904.5522492 3045.36929104988 -7417.10153478311 50 2.68158145927884 -0
162225 -6453955.69015435 -10479626.9459721 3080.56768523454 -7360.78981182937 50 2.63124819214871 -0
162250 -6376516.04728194 -10662949.078185 3114.37641297853 -7305.08226841612 50 2.58211523867092 -0
162275 -6298248.02658735 -10844886.1699327 3146.84623577896 -7249.98793300911 50 2.53415937824205 -0
162300 -6219184.48308306 -11025453.6463809 3178.0262931357 -7195.51413098279 50 2.4873568180802 -0
162325 -6139357.06343464 -11204667.0960104 3207.964116029 -7141.66662470989 50 2.44168333594839 -0
162350 -6058796.24594718 -11382542.2331978 3236.70564589526 -7088.4497446264 50 2.397114407623 -0
162375 -5977531.38001734 -11559094.8639655 3264.29525825528 -7035.86651164894 50 2.35362532035044 -0
162400 -5895590.72494459 -11734340.8546873 3290.77579023838 -6983.91875133714 50 2.31119127346839 -0
162425 -5813001.48801275 -11908296.1035494 3316.18857132784 -6932.6072002019 50 2.26978746729875 -0
162450 -5729789.86176892 -12080976.5145748 3340.57345672825 -6881.93160456326 50 2.22938918134969 -0
162475 -5645981.06044107 -12252397.9740307 3363.9688628246 -6831.89081235986 50 2.18997184279505 -0
162500 -5561599.3554479 -12422576.3290466 3386.41180426491 -6782.48285830658 50 2.15151108613145 -0
162525 -5476668.10996576 -12591527.3682827 3407.93793225566 -6733.70504278819 50 2.11398280484743 -0
162550 -5391209.81252671 -12759266.804496 3428.5815737102 -6685.55400486625 50 2.07736319587606 -0
162575 -5305246.10963061 -12925810.2588621 3448.37577093688 -6638.02578976377 50 2.04162879754145 -0
162600 -5218797.83736107 -13091173.2469185 3467.35232159508 -6591.11591117826 50 2.00675652165262 -0
162625 -5131885.05200167 -13255371.1660043 3485.54181868497 -6544.81940875892 50 1.97272368034392 -0
162650 -5044527.05965412 -13418419.2840808 3502.97369036978 -6499.1309010684 50 1.93950800821029 -0
162675 -4956742.44486477 -13580332.7298215 3519.67623945938 -6454.04463433374 50 1.90708768023819 -0
162700 -4868549.09826981 -13741126.4838725 3535.67668241051 -6409.55452727537 50 1.87544132598867 -0
162725 -4779964.24327275 -13900815.3711864 3551.00118772203 -6365.65421228724 50 1.84454804044801 -0
162750 -4691004.46177072 -14059414.0543438 3565.67491362486 -6322.3370732258 50 1.81438739192305 -0
162775 -4601685.71894817 -14216937.0277788 3579.72204498413 -6279.59628005042 50 1.78493942732353 -0
162800 -4512023.38715856 -14373398.6128342 3593.16582934742 -6237.42482054305 50 1.75618467514084 -0
162850 -4331726.61896448 -14683194.0132685 3618.33187063293 -6154.76111431855 50 1.70067933387043 -0
162900 -4150226.13166387 -14988911.2223667 3641.34158300316 -6074.28725458437 50 1.64772522149535 -0
162950 -3967625.79783778 -15290658.236442 3662.35066348495 -5995.94323858953 50 1.59718379280223 -0
163000 -3784022.00581888 -15588540.0321528 3681.50294341696 -5919.66837580834 50 1.54892393538795 -0
163050 -3599504.2297474 -15882658.5451914 3698.93130690448 -5845.40179438703 50 1.50282174644925 -0
163100 -3414155.55529572 -16173112.671926 3714.75854587281 -5773.08285534237 50 1.45876027107073 -0
163150 -3228053.16418674 -16459998.2897439 3729.09815364363 -5702.65148855629 50 1.41662921481092 -0
163200 -3041268.78051801 -16743408.2924935 3742.05505959558 -5634.04846263881 50 1.37632464066476 -0
163250 -2853869.08176452 -17023432.6379862 3753.72630787887 -5567.21559901137 50 1.33774865826358 -0
163300 -2665916.07717776 -17300158.4049942 3764.20168339118 -5502.09593906742 50 1.30080911137706 -0
163350 -2477467.45613562 -17573669.8575948 3773.56428832862 -5438.63387197314 50 1.26541926833087 -0
163400 -2288576.90883099 -17844048.5150552 3781.89107263843 -5376.77522955424 50 1.23149751878903 -0
163450 -2099294.42152177 -18111373.2257568 3789.25332164261 -5316.46735375382 50 1.19896707941869 -0
163500 -1909666.54840437 -18375720.243904 3795.71710399709 -5257.65914132137 50 1.16775571021563 -0
163550 -1719736.66201736 -18637163.3079823 3801.34368301295 -5200.30106968537 50 1.13779544268379 -0
163600 -1529545.18393504 -18895773.7201109 3806.18989420827 -5144.34520735751 50 1.10902232060447 -0
163650 -1339129.79737094 -19151620.4255878 3810.30849178877 -5089.74521169929 50 1.08137615377444 -0
163700 -1148525.64318121 -19404770.0920592 3813.74846658113 -5036.45631644114 50 1.05480028481831 -0
163750 -957765.500635699 -19655287.1878501 3816.55533776781 -4984.43531096823 50 1.02924136897256 -0
163800 -766879.95421155 -19903234.0590902 3818.77142060106 -4933.64051306717 50 1.00464916658355 -0
163850 -575897.547559342 -20148671.0053429 3820.43607210855 -4884.03173655583 50 0.980976347948463 -0
163900 -384844.925695205 -20391656.3535142 3821.58591664574 -4835.57025498729 50 0.958178310048642 -0
163950 -193746.966383311 -20632246.5298686 3822.25505300062 -4788.21876242236 50 0.936213004670686 -0
164000 -2626.90159141298 -20870496.130029 3822.47524461706 -4741.94133209905 50 0.915040777377897 -0
164050 188493.570172922 -21106457.986871 3822.27609437242 -4696.70337368586 50 0.894624216777186 -0
164100 379594.179906437 -21340183.2362573 3821.68520522375 -4652.47158968655 50 0.874928013521608 -0
164150 570655.991858602 -21571721.3805809 3820.728327925 -4609.21393146292 50 0.855918828492853 -0
164200 761661.314365775 -21801120.3501075 3819.4294969142 -4566.89955525699 50 0.837565169619125 -0
164250 952593.617205063 -22028426.5621262 3817.81115537446 -4525.49877852166 50 0.819837276799945 -0
164300 1143437.45494985 -22253684.9779295 3815.8942703855 -4484.98303680868 50 0.802707014429039 -0
164350 1334178.39585278 -22476939.1576556 3813.69843900235 -4445.32484141148 50 0.786147771028482 -0
164400 1524802.95582182 -22698231.3130356 3811.24198602473 -4406.49773791779 50 0.770134365530727 -0
164450 1715298.53709183 -22917602.3580926 3808.54205415401 -4368.47626579106 50 0.754642959769335 -0
164500 1905653.37122696 -23135091.9578491 3805.6146871734 -4331.23591906983 50 0.739650976763678 -0
164550 2095856.4661198 -23350738.5750968 3802.47490673159 -4294.75310824907 50 0.725137024407084 -0
164600 2285897.55668103 -23564579.5152925 3799.13678325927 -4259.0051233872 50 0.711080824191619 -0
164650 2475767.05893829 -23776650.96964 3795.61350150184 -4223.97009846488 100 0.697463144625716 -0
164700 2665456.02728639 -23986988.0564213 3791.91742110956 -4189.62697700812 100 0.684265739022976 -0
164750 2854956.11465198 -24195624.8606407 3788.060132688 -4155.95547897634 100 0.671471287361633 -0
164800 3044259.53535489 -24402594.4720452 3784.05250967694 -4122.93606890694 100 0.659063341934242 -0
164850 3233359.03046628 -24607929.0215828 3779.90475639395 -4090.54992530031 100 0.647026276526243 -0
164900 3422247.83547952 -24811659.7163606 3775.62645255025 -4058.77891122326 100 0.635345238879958 -0
164950 3610919.65012456 -25013816.873163 3771.22659451982 -4027.60554610423 100 0.624006106217473 -0
165000 3799368.61017004 -25214429.9505894 3766.71363361911 -3997.01297868989 100 0.61299544361171 -0
165050 3987589.26106953 -25413527.5798672 3762.09551163262 -3966.98496113029 100 0.602300465009789 -0
165100 4175576.53331977 -25611137.5943967 3757.37969380002 -3937.50582415746 100 0.59190899672664 -0
165150 4363325.71940899 -25807287.0580826 3752.57319946206 -3908.5604533214 100 0.581809443239732 -0
165200 4550832.45224266 -26002002.2925014 3747.68263054639 -3880.13426624626 100 0.57199075512782 -0
165250 4738092.68494321 -26195308.9029572 3742.71419805912 -3852.21319086936 100 0.562442399007802 -0
165300 4925102.67192748 -26387231.8034736 3737.67374673421 -3824.78364462568 100 0.553154329334182 -0
165350 5111858.95117366 -26577795.2407663 3732.56677798058 -3797.83251454048 100 0.544116961935325 -0
165400 5298358.32759564 -26767022.8172442 3727.39847125502 -3771.34713819353 100 0.535321149169615 -0
165450 5484597.85744918 -26954937.5130777 3722.17370397883 -3745.31528551874 100 0.526758156593023 -0
165500 5670574.83369971 -27141561.707379 3716.89707010641 -3719.72514140423 100 0.518419641037248 -0
165550 5856286.77228705 -27326917.1985303 3711.57289744559 -3694.56528905818 100 0.51029763000481 -0
165600 6041731.39922676 -27511025.2236994 3706.20526382109 -3669.82469410752 100 0.502384502294073 -0
165650 6226906.6384926 -27693906.477578 3700.79801216575 -3645.49268939698 100 0.494672969773353 -0
165700 6411810.60062832 -27875581.1303762 3695.35476461702 -3621.55896045744 100 0.487156060228953 -0
165800 6780798.00494767 -28235388.794132 3684.37374460181 -3574.84675268235 100 0.472679704857666 -0
165900 7148681.83665804 -28590599.7271462 3673.28724461288 -3529.6120959011 100 0.458905386205541 -0
166000 7515452.68287001 -28941358.087961 3662.11753191713 -3485.78383015884 100 0.445787168036381 -0
166100 7881103.23197085 -29287801.1445748 3650.8844136678 -3443.29524654669 100 0.433282831030498 -0
166200 8245628.04166878 -29630059.7026527 3639.60551208545 -3402.08375423852 100 0.42135351937352 -0
166300 8609023.33285613 -29968258.5018699 3628.29650643373 -3362.09057566748 100 0.409963425504592 -0
166400 8971286.8061937 -30302516.583073 3616.97134613989 -3323.26046729218 100 0.399079508461835 -0
166500 9332417.47872233 -30632947.6286992 3605.64243879489 -3285.54146363335 100 0.388671241854625 -0
166600 9692415.53815429 -30959660.2786747 3594.32081624562 -3248.88464247478 100 0.378710388002196 -0
166700 10051282.2127956 -31282758.4238108 3583.016281548 -3213.24390931855 100 0.369170795218076 -0
166800 10409019.6553074 -31602341.4785352 3571.73753917135 -3178.5757993632 100 0.360028215600045 -0
166900 10765630.8387385 -31918504.6346313 3560.49231052207 -3144.83929543653 100 0.351260141014114 -0
167000 11121119.4634508 -32231339.0975096 3549.28743657832 -3111.99566046279 100 0.342845655245934 -0
167100 11475489.8737303 -32540932.3063969 3538.12896919134 -3080.00828317829 100 0.334765300540088 -0
167200 11828746.9830187 -32847368.1397121 3527.02225240575 -3048.84253593067 100 0.32700095696239 -0
167300 12180896.2068271 -33150727.1067803 3515.97199497729 -3018.46564350718 100 0.319535733207001 -0
167400 12531943.4025053 -33451086.526942 3504.98233511542 -2988.84656203617 100 0.312353867632812 -0
167500 12881894.8151343 -33748520.6970193 3494.05689834938 -2959.95586709584 100 0.305440638455434 -0
167600 13230757.0288948 -34043101.0480203 3483.1988493035 -2931.76565024474 100 0.298782282145092 -0
167700 13578536.9233378 -34334896.2918873 3472.41093807095 -2904.24942326175 100 0.292365919189163 -0
167800 13925241.6340481 -34623972.5590283 3461.69554179087 -2877.38202944857 100 0.286179486473098 -0
167900 14270878.5172475 -34910393.527306 3451.05470196064 -2851.13956140766 100 0.280211675616858 -0
168000 14615455.1179369 -35194220.5431066 3440.49015795152 -2825.49928476149 100 0.274451876677219 -0
168100 14958979.1412168 -35475512.735057 3430.00337714046 -2800.43956732788 100 0.268890126690754 -0
168200 15301458.4264666 -35754327.1209137 3419.59558202253 -2775.93981330932 100 0.263517062589076 -0
168300 15642900.9240991 -36030718.7081046 3409.26777462612 -2751.98040209409 100 0.25832387806803 -0
168400 15983314.6746329 -36304740.5883657 3399.02075851604 -2728.54263130233 100 0.25330228403678 -0
168500 16322707.789855 -36576444.0268813 3388.85515863737 -2705.6086637425 100 0.248444472311871 -0
168600 16661088.4358694 -36845878.5463014 3378.77143922419 -2683.16147797308 100 0.243743082256071 -0
168700 16998464.8178491 -37113092.0059851 3368.76991997255 -2661.1848221904 100 0.239191170092515 -0
168800 17334845.1663242 -37378130.6767873 3358.85079065488 -2639.66317118785 100 0.234782180652022 -0
168900 17670237.7248623 -37641039.311686 3349.01412433366 -2618.58168615312 100 0.230509921335745 -0
169000 18004650.7390047 -37901861.2125214 3339.25988931509 -2597.92617708989 100 0.226368538096931 -0
169100 18338092.4463405 -38160638.2931004 3329.58795996824 -2577.68306766849 200 0.22235249326488 -0
169200 18670571.0676112 -38417411.138901 3319.99812652205 -2557.83936232595 200 0.218456545051351 -0
169300 19002094.7987476 -38672219.0635905 3310.49010394034 -2538.3826154509 200 0.214675728595102 -0
169400 19332671.8037519 -38925100.1625621 3301.06353996474 -2519.30090250218 200 0.211005338413935 -0
169500 19662310.2083462 -39176091.3636721 3291.71802240608 -2500.58279292216 200 0.207440912146021 -0
169600 19991018.0943151 -39425228.4753549 3282.45308575637 -2482.217324717 200 0.203978215473234 -0
169700 20318803.4944791 -39672546.2322727 3273.26821718627 -2464.19398058637 200 0.200613228129222 -0
169800 20645674.3882382 -39918078.3386521 3264.16286198626 -2446.50266549409 200 0.197342130903793 -0
169900 20971638.6976355 -40161857.5094453 3255.13642850398 -2429.13368558017 200 0.194161293563245 -0
170000 21296704.2838898 -40403915.5094456 3246.18829262483 -2412.07772832183 200 0.191067263613469 -0
170100 21620878.9443567 -40644283.1904784 3237.31780183847 -2395.32584385885 200 0.188056755839168 -0
170200 21944170.4098762 -40882990.5267787 3228.52427892938 -2378.86942740438 200 0.185126642558397 -0
170300 22266586.3424723 -41120066.648662 3219.80702532626 -2362.70020266907 200 0.182273944536954 -0
170400 22588134.3333719 -41355539.8745845 3211.16532414137 -2346.81020623096 200 0.179495822511915 -0
170500 22908821.9013133 -41589437.7416859 3202.59844292808 -2331.1917727894 200 0.176789569277973 -0
170600 23228656.4911175 -41821787.0348985 3194.10563618229 -2315.83752124521 200 0.174152602294165 -0
170700 23547645.4724977 -42052613.8147036 3185.68614761067 -2300.74034155388 200 0.171582456772125 -0
170800 23865796.1390847 -42281943.4436108 3177.33921218678 -2285.89338230231 200 0.169076779210244 -0
170900 24183115.7076484 -42509800.6114273 3169.06405801399 -2271.29003896323 200 0.166633321341075 -0
171000 24499611.3174965 -42736209.3593868 3160.85990801251 -2256.92394278468 200 0.164249934461948 -0
171100 24815290.0300338 -42961193.1031959 3152.72598144603 -2242.78895027493 200 0.161924564121248 -0
171200 25130158.8284668 -43184774.6550579 3144.6614953023 -2228.87913324605 200 0.159655245134968 -0
171300 25444224.6176395 -43406976.2447274 3136.6656655404 -2215.18876938191 200 0.157440096910228 -0
171500 26069974.395589 -43847325.6641496 3120.87684049775 -2188.44448805911 200 0.15316518724918 -0
171700 26692593.0362513 -44282408.2943592 3105.35325350631 -2162.51411687321 200 0.149086321853442 -0
171900 27312132.9654936 -44712382.9510298 3090.0886966394 -2137.35843397525 200 0.145191085943463 -0
172100 27928645.3739996 -45137400.8631634 3075.0770293348 -2112.94075866601 200 0.14146805638373 -0
172300 28542180.2326069 -45557606.1605257 3060.31219635323 -2089.22674689206 200 0.137906706847309 -0
172500 29152786.3108484 -45973136.3221686 3045.7882419708 -2066.18420624273 200 0.134497323477043 -0
172700 29760511.198008 -46384122.589722 3031.49932103385 -2043.78292831297 200 0.131230929730487 -0
