0 314159000 0 -1177.94946428558 228.987029303679 100 0.00403837820768556 -0
100 314041184.856631 22898.7024395036 -1178.35345359971 228.987014574988 200 0.00404140881642933 -0
300 313805433.297269 68696.0955228361 -1179.16234250497 228.986896546263 400 0.0040474832763554 -0
700 313333444.236705 160290.751575829 -1180.78377375904 228.986304335479 800 0.00405968542545551 -0
1500 312387515.500324 343478.874138339 -1184.0413495009 228.983680204981 1600 0.00408430473804385 -0
3100 310487800.180418 709844.916595098 -1190.61616221522 228.972549862956 1600 0.00413442055038114 -0
4700 308577500.516242 1076186.72210858 -1197.27209900471 228.953334851437 1600 0.00418573958367443 -0
6300 306656485.159725 1442491.11567632 -1204.01110787733 228.925733548927 1600 0.00423830381146805 -0
7900 304724619.592057 1808744.42891543 -1210.83520475331 228.889430730789 1600 0.00429215713864973 -0
9500 302781766.012555 2174932.47770643 -1217.74647658658 228.84409682253 1600 0.00434734551217595 -0
11100 300827783.222396 2541040.53860374 -1224.74708466483 228.789387104124 1600 0.00440391703942298 -0
12700 298862526.502917 2907053.32393139 -1231.83926810062 228.724940861617 1600 0.00446192211477887 -0
14300 296885847.488165 3272954.95547646 -1239.02534752677 228.650380481919 1600 0.00452141355514818 -0
15900 294897594.031362 3638728.93668573 -1246.30772901027 228.565310486329 1600 0.0045824467451046 -0
17500 292897610.064929 4004358.12326381 -1253.68890820054 228.469316497945 1600 0.00464507979249601 -0
19100 290885735.453665 4369824.6920627 -1261.17147472858 228.361964137638 1600 0.00470937369538391 -0
20700 288861805.840683 4735110.1081439 -1268.75811687541 228.242797842824 1600 0.00477539252128448 -0
22300 286825652.485638 5100195.08988473 -1276.45162652959 228.111339602684 1600 0.00484320359977354 -0
23900 284777102.094789 5465059.57198942 -1284.25490445532 227.967087602913 1600 0.00491287772962321 -0
25500 282715976.642361 5829682.66625452 -1292.17096589457 227.8095147724 1600 0.00498448940175534 -0
27100 280642093.182659 6194042.61992506 -1300.20294652858 227.638067223523 1600 0.00505811703942762 -0
28700 278555263.652341 6558116.77146391 -1308.35410882654 227.452162576906 1600 0.00513384325721392 -0
30300 276455294.662204 6921881.50354187 -1316.62784881178 227.251188160605 1600 0.00521175514050343 -0
31900 274341987.277784 7285312.19303849 -1325.02770327824 227.034499072652 1600 0.0052919445474252 -0
33500 272215136.788027 7648383.15782583 -1333.55735749357 226.801416094806 1600 0.00537450843530845 -0
35100 270074532.461226 8011067.60008616 -1342.22065342809 226.551223444048 1600 0.00545954921401786 -0
36700 267919957.287333 8373337.54589256 -1351.02159855298 226.283166347031 1600 0.00554717512875965 -0
38300 265751187.705709 8735163.78075607 -1359.96437525499 225.996448421059 1600 0.00563750067524305 -0
39900 263567993.317292 9096515.78081586 -1369.05335091976 225.69022884347 1600 0.00573064705040692 -0
41500 261370136.580049 9457361.63931763 -1378.29308874078 225.363619289309 1600 0.00582674264228793 -0
43100 259157372.486512 9817667.98799237 -1387.68835931703 225.015680614963 1600 0.00592592356302142 -0
44700 256929448.222088 10177399.9129093 -1397.24415310851 224.645419262971 1600 0.00602833422943445 -0
46300 254686102.802701 10536520.8643353 -1406.96569382609 224.251783360384 1600 0.00613412799622252 -0
47900 252427066.690199 10894992.5600859 -1416.85845284016 223.833658479935 1600 0.00624346784730441 -0
49500 250152061.383843 11252774.8818027 -1426.92816470147 223.389863029664 1600 0.00635652715163625 -0
51100 247860798.985997 11609825.7635302 -1437.18084387763 222.919143232623 1600 0.00647349049054761 -0
52700 245552981.739991 11966101.0719055 -1447.62280281999 222.420167653702 1600 0.00659455456455528 -0
53500 244392769.183639 12143933.4975616 -1452.91682109687 222.159645178897 1600 0.00665668940292932 -0
54300 243228301.53787 12321554.4771835 -1458.26067148768 221.891521225548 1600 0.00671992918863469 -0
55100 242059538.585747 12498957.8535771 -1463.65523581344 221.615604771599 1600 0.00678430237710412 -0
55900 240886439.395891 12676137.3143154 -1469.10141847478 221.331698718619 1600 0.00684983838607822 -0
56700 239708962.30412 12853086.3867828 -1474.60014721098 221.039599653042 1600 0.00691656763600403 -0
57500 238527064.894462 13029798.4330242 -1480.15237389046 220.739097596139 1600 0.00698452159246389 -0
58300 237340703.979526 13206266.6443882 -1485.75907533466 220.429975742122 1600 0.00705373281075356 -0
59100 236149835.580196 13382484.0359571 -1491.42125417679 220.112010183696 1600 0.00712423498273691 -0
59900 234954414.904631 13558443.4407513 -1497.13993975724 219.78496962437 1600 0.00719606298611268 -0
60700 233754396.326519 13734137.5036982 -1502.91618905757 219.44861507678 1600 0.00726925293623827 -0
61500 232549733.36259 13909558.6753539 -1508.75108767505 219.102699546207 1600 0.00734384224066565 -0
62300 231340378.649305 14084699.2053659 -1514.64575083986 218.74696769846 1600 0.00741986965655485 -0
63100 230126283.918742 14259551.1356627 -1520.60132447714 218.381155511211 1600 0.00749737535114248 -0
63900 228907399.973588 14434106.2933581 -1526.61898631637 218.004989907811 1600 0.00757640096545495 -0
64700 227683676.661241 14608356.2833555 -1532.69994705044 217.618188372552 1600 0.00765698968146974 -0
65500 226455062.846959 14782292.480636 -1538.84545154731 217.220458546291 1600 0.00773918629294266 -0
66300 225221506.386013 14955906.0222147 -1545.05678011681 216.811497801234 1600 0.00782303728013465 -0
67100 223982954.094812 15129187.7987489 -1551.33524983588 216.390992793638 1600 0.00790859088868897 -0
67900 222739351.720934 15302128.4457785 -1557.68221593531 215.958618993082 1600 0.00799589721292791 -0
68700 221490643.912031 15474718.3345799 -1564.09907325143 215.51404018686 1600 0.00808500828385837 -0
69500 220236774.183538 15646947.5626133 -1570.58725774642 215.056907957961 1600 0.00817597816219708 -0
70300 218977684.885144 15818805.9435412 -1577.1482481011 214.586861134976 1600 0.00826886303675011 -0
71100 217713317.165948 15990282.9967952 -1583.78356738438 214.103525212167 1600 0.00836372132850651 -0
71900 216443610.938261 16161367.9366654 -1590.4947848037 213.606511737793 1600 0.00846061380083399 -0
72700 215168504.839964 16332049.6608883 -1597.28351754133 213.09541766865 1600 0.00855960367619445 -0
73500 213887936.195359 16502316.7387034 -1604.15143268133 212.569824688637 1600 0.0086607567598303 -0
74300 212601840.974454 16672157.3983495 -1611.10024923286 212.029298489002 1600 0.00876414157090788 -0
75100 211310153.750572 16841559.5139692 -1618.13174025526 211.473388007705 1600 0.00886982948164353 -0
75900 210012807.656228 17010510.5918877 -1625.24773509134 210.901624625215 1600 0.00897789486498033 -0
76700 208709734.337171 17178997.7562295 -1632.45012171529 210.313521313764 1600 0.00908841525142947 -0
77500 207400863.904499 17347007.7338352 -1639.74084920234 209.70857173692 1600 0.00920147149574144 -0
78300 206086124.884747 17514526.8384369 -1647.12193032769 209.086249296063 800 0.00931714795412708 -0
79100 204765444.167844 17681540.954048 -1654.59544430297 208.446006120073 800 0.00943553267280931 -0
79900 203438746.952817 17848035.5175211 -1662.16353965872 207.787271994261 800 0.00955671758875262 -0
80700 202105956.691138 18013995.5002233 -1669.82843728239 207.109453224244 800 0.00968079874349002 -0
81500 200766995.027558 18179405.3887746 -1677.59243362195 206.41193143012 800 0.00980787651104694 -0
82300 199421781.73833 18344249.1647929 -1685.45790406583 205.694062265901 800 0.0099380558410491 -0
83100 198070234.666636 18508510.2835818 -1693.42730651085 204.95517405876 800 0.0100714465181975 -0
83900 196712269.655086 18672171.6516968 -1701.50318513081 204.194566362192 800 0.0102081634393999 -0
84700 195347800.475122 18835215.6033168 -1709.68817435907 203.411508416653 800 0.0103483269099638 -0
85500 193976738.753139 18997623.875345 -1717.98500309992 202.605237510739 800 0.0104920629603858 -0
86300 192598993.893145 19159377.5811566 -1726.39649918431 201.774957235321 800 0.0106395036854128 -0
87100 191214472.995746 19320457.1829039 -1734.92559408707 200.919835622408 800 0.010790787607208 -0
87900 189823080.773257 19480842.462284 -1743.57532792412 200.039003159771 800 0.0109460600646271 -0
88700 188424719.460689 19640512.4896647 -1752.34885474932 199.131550671558 800 0.011105473630802 -0
89500 187019288.722372 19799445.5914579 -1761.24944817292 198.196527054244 800 0.0112691885614434 -0
90300 185606685.553949 19957619.3156206 -1770.28050732472 197.232936856271 800 0.0114373732765061 -0
91100 184186804.179454 20115010.3951517 -1779.44556318751 196.239737688671 800 0.0116102048781259 -0
91900 182759535.943164 20271594.7094467 -1788.74828532842 195.215837452738 800 0.0117878697080275 -0
92700 181324769.195897 20427347.2433547 -1798.19248905804 194.160091369524 800 0.0119705639479249 -0
93500 179882389.175401 20582242.0437755 -1807.78214305011 193.07129879444 800 0.012158494266801 -0
94300 178432277.880451 20736252.1736155 -1817.52137745741 191.948199798623 800 0.0123518785193537 -0
95100 176974313.938244 20889349.6629093 -1827.41449256243 190.78947149693 800 0.0125509465003483 -0
95900 175508372.464645 21041505.4568946 -1837.4659680055 189.593724100377 800 0.0127559407601213 -0
96700 174034324.916798 21192689.3608111 -1847.68047263641 188.359496668635 800 0.0129671174870453 -0
97500 172552038.937602 21342869.9811726 -1858.06287504028 187.085252535667 800 0.0131847474634011 -0
98300 171061378.191465 21492014.6632384 -1868.61825479327 185.76937437879 800 0.0134091171018175 -0
99100 169562202.190751 21640089.4243875 -1879.35191450864 184.410158898365 800 0.01364052957024 -0
99900 168054366.112248 21787058.883068 -1890.26939274032 183.005811071743 800 0.0138793060143005 -0
100700 166537720.602943 21932886.1829665 -1901.37647781697 181.554437941251 800 0.014125786886978 -0
101500 165012111.574342 22077532.9120065 -1912.67922268766 180.054041891528 800 0.0143803333966016 -0
102300 163477379.984463 22220959.0157486 -1924.18396086773 178.502513366587 800 0.0146433290855534 -0
103100 161933361.606614 22363122.7047208 -1935.89732358335 176.897622971403 800 0.0149151815535199 -0
103900 160379886.783933 22503980.3551656 -1947.8262582229 175.237012896468 800 0.015196324340828 -0
104700 158816780.168608 22643486.4026309 -1959.9780482152 173.518187596686 800 0.0154872189893259 -0
105500 157243860.444574 22781593.2277826 -1972.36033446747 171.738503647851 800 0.0157883573004662 -0
106300 155660940.032397 22918251.033744 -1984.98113851026 169.895158694819 800 0.0161002638127562 -0
107100 154067824.774895 23053407.7141985 -1997.84888751306 167.98517939506 800 0.0164234985236116 -0
107900 152464313.601946 23187008.7114105 -2010.97244135281 166.005408249427 800 0.0167586598839488 -0
108700 150850198.172747 23318996.8632253 -2024.36112193817 163.952489198457 800 0.017106388097636 -0
109500 149225262.493642 23449312.2380066 -2038.02474501608 161.822851847063 800 0.0174673687622929 -0
110300 147589282.509425 23577891.9563555 -2051.97365471395 159.612694162775 800 0.0178423368929648 -0
111100 145942025.665823 23704669.9983179 -2066.21876110107 157.31796347237 800 0.0182320813760326 -0
111500 145114093.309848 23767361.8496454 -2073.45596218946 156.137543153532 800 0.018432757211532 -0
111900 144283250.440555 23829576.9946239 -2080.77158108561 154.93433555906 800 0.0186374499074989 -0
112300 143449465.383904 23891306.2016484 -2088.16715953709 153.707753955566 800 0.0188462755145339 -0
112700 142612705.840461 23952540.0004531 -2095.64428301389 152.457191631476 800 0.0190593544775608 -0
113100 141772938.867594 24013268.6739499 -2103.20458233288 151.182021042741 800 0.0192768118422063 -0
113500 140930130.860989 24073482.2497178 -2110.84973535706 149.881592914358 800 0.0194987774727786 -0
113900 140084247.535486 24133170.4911229 -2118.58146877387 148.555235295023 800 0.0197253862826062 -0
114300 139235253.905174 24192322.8880504 -2126.40155995675 147.202252562018 800 0.0199567784775544 -0
114700 138383114.262732 24250928.6472284 -2134.31183891476 145.821924373265 800 0.0201930998135991 -0
115100 137527792.157971 24308976.6821214 -2142.31419033517 144.413504563244 800 0.0204345018694065 -0
115500 136669250.375536 24366455.60237 -2150.41055572443 142.97621997921 800 0.0206811423349369 -0
115900 135807450.911732 24423353.7027526 -2158.60293565299 141.509269253946 800 0.0209331853171745 -0
116300 134942354.950433 24479658.9516436 -2166.89339211022 140.011821510934 800 0.0211908016641683 -0
116700 134073922.838025 24535358.9789381 -2175.28405097578 138.483014997593 800 0.0214541693086652 -0
117100 133202114.057331 24590441.0634157 -2183.77710461428 136.92195564186 800 0.0217234736327179 -0
117500 132326887.200481 24644892.1195106 -2192.37481460075 135.327715527046 800 0.0219989078547632 -0
117900 131448199.940658 24698698.6834542 -2201.07951458464 133.699331279529 800 0.0222806734407877 -0
118300 130566009.002671 24751846.8987545 -2209.89361330093 132.035802363392 800 0.0225689805413311 -0
118700 129680270.132291 24804322.5009735 -2218.81959773724 130.336089275697 800 0.0228640484562247 -0
119100 128790938.064295 24856110.8017619 -2227.86003646677 128.599111635556 800 0.0231661061291196 -0
119500 127897966.489126 24907196.6721074 -2237.01758315737 126.823746159638 800 0.0234753926740365 -0
119900 127001308.018133 24957564.5247478 -2246.29498026789 125.008824516151 800 0.0237921579363594 -0
120300 126100914.147276 25007198.2957019 -2255.69506294387 123.1531310487 800 0.0241166630909053 -0
120700 125196735.219237 25056081.4248604 -2265.22076312525 121.255400360713 800 0.0244491812799333 -0
121100 124288720.383846 25104196.8355828 -2274.87511388015 119.314314750357 800 0.0247899982942108 -0
121500 123376817.556722 25151526.9132352 -2284.66125397945 117.328501485043 800 0.0251394133005308 -0
121900 122460973.376034 25198053.4826045 -2294.58243272829 115.296529903663 800 0.0254977396193863 -0
122300 121541133.157276 25243757.7841169 -2304.64201507169 113.216908333729 800 0.0258653055568415 -0
122700 120617240.845941 25288620.4487839 -2314.84348699306 111.088080809449 400 0.0262424552950162 -0
123100 119689238.967976 25332621.471793 -2325.19046122553 108.908423575582 400 0.0266295498460123 -0
123500 118757068.577881 25375740.1846547 -2335.686683298 106.676241360551 400 0.0270269680745679 -0
123900 117820669.204325 25417955.2258092 -2346.33603793935 104.389763400844 400 0.027435107795228 -0
124300 116879978.79312 25459244.5095903 -2357.14255586615 102.047139197108 400 0.027854386950384 -0
124700 115934933.647403 25499585.1934346 -2368.11042098153 99.646433980544 400 0.0282852448761533 -0
125100 114985468.364846 25538953.6432146 -2379.24397801503 97.1856238662469 400 0.0287281436637605 -0
125500 114031515.771719 25577325.3965676 -2390.54774063566 94.6625906679633 400 0.0291835696248511 -0
125900 113073006.85361 25614675.1240773 -2402.02640007353 92.0751163463099 400 0.0296520348700208 -0
126300 112109870.682582 25650976.5881563 -2413.68483428808 89.4208770598428 400 0.0301340790107971 -0
126700 111142034.340555 25686202.5994647 -2425.52811772461 86.6974367853995 400 0.030630270996375 -0
127100 110169422.838653 25720324.9706838 -2437.56153170421 83.9022404708496 400 0.0311412110975926 -0
127500 109191959.03226 25753314.4674514 -2449.79057549658 81.0326066797386 400 0.0316675330519671 -0
127900 108209563.53151 25785140.7562456 -2462.22097812936 78.08571968324 400 0.0322099063851003 -0
128300 107222154.606887 25815772.3489866 -2474.85871099295 75.0586209503025 400 0.0327690389254326 -0
128700 106229648.089616 25845176.5441058 -2487.71000130492 71.9481999818209 400 0.0333456795312105 -0
129100 105231957.266488 25873319.3638071 -2500.78134650439 68.7511844290088 400 0.0339406210506399 -0
129500 104228992.768724 25900165.4872212 -2514.07952965351 65.4641294298287 400 0.0345547035385899 -0
129900 103220662.454466 25925678.1791268 -2527.61163593041 62.0834060902509 400 0.0351888177558968 -0
130300 102206871.284437 25949819.2138794 -2541.38507030666 58.6051890291599 400 0.0358439089803671 -0
130700 101187521.190274 25972548.7941555 -2555.40757651113 55.0254428967924 400 0.0365209811620182 -0
131100 100162510.935001 25993825.4640835 -2569.68725739274 51.3399077665298 400 0.0372211014590135 -0
131500 99131735.9650586 26013606.0162866 -2584.23259680591 47.5440832885286 400 0.0379454051951817 -0
131900 98095088.2532495 26031845.3923192 -2599.05248315543 43.6332114808639 400 0.0386951012850755 -0
132300 97052456.1319102 26048496.5759249 -2614.15623475174 39.602258019373 400 0.0394714781782845 -0
132700 96003724.1155513 26063510.4784842 -2629.55362714397 35.4458918709708 400 0.0402759103813101 -0
133100 94948772.7121384 26076835.8159554 -2645.25492261569 31.1584630965746 400 0.0411098656228472 -0
133500 93887478.2221077 26088418.976539 -2661.27090204921 26.7339786285831 400 0.0419749127369672 -0
133900 92819712.524125 26098203.8782116 -2677.61289938675 22.1660758037124 400 0.0428727303486363 -0
134300 91745342.8464992 26106131.815183 -2694.29283894264 17.4479934044293 400 0.0438051164574447 -0
134700 90664231.5230533 26112141.2922268 -2711.32327585019 12.5725399307002 400 0.0447739990286312 -0
135100 89576235.732138 26116167.8457127 -2728.7174399594 7.5320587876403 400 0.045781447715765 -0
135500 88481207.2173378 26118143.8500399 -2746.48928353956 2.31839003315009 400 0.0468296868571488 -0
135900 87378991.9882693 26117998.3080138 -2764.65353318304 -3.07717171814215 400 0.0479211099085862 -0
136300 86269429.9997056 26115656.623541 -2783.22574635498 -8.66392369342208 400 0.0490582954991169 -0
136700 85152354.8070678 26111040.3548182 -2802.22237308896 -14.4518061852277 400 0.0502440253243042 -0
137100 84027593.1961174 26104066.9459684 -2821.66082339163 -20.4514591963593 400 0.0514813041244163 -0
137500 82894964.7844404 26094649.434823 -2841.55954099159 -26.6742851883613 400 0.0527733820332866 -0
137700 82325642.0937561 26088995.6825161 -2851.68756607921 -29.8731767863023 400 0.0534410595235437 -0
137900 81754281.5919875 26082696.1342208 -2861.93808414678 -33.1325187133336 400 0.0541237796289774 -0
138100 81180858.5185181 26075738.5336805 -2872.31372867024 -36.4539830016507 400 0.054822029293536 -0
138300 80605347.577968 26068110.2840639 -2882.81721434298 -39.8393038398813 400 0.0555363160703045 -0
138500 80027722.9236254 26059798.4352444 -2893.45134034411 -43.2902804925331 400 0.0562671692017542 -0
138700 79447958.1402099 26050789.670479 -2904.21899376939 -46.8087803857804 400 0.0570151407676862 -0
138900 78866026.2259314 26041070.2924532 -2915.12315323409 -50.3967423707639 400 0.057780806905814 -0
139100 78281899.5738111 26030626.2086535 -2926.16689265844 -54.0561801764447 400 0.0585647691103485 -0
139300 77695549.9522255 26019442.9160301 -2937.35338524631 -57.7891860649962 400 0.0593676556143971 -0
139500 77106948.4846352 26007505.4849064 -2948.68590766925 -61.5979347037446 400 0.0601901228624883 -0
139700 76516065.6284549 25994798.5420923 -2960.16784446819 -65.4846872687887 400 0.0610328570800751 -0
139900 75922871.1530199 25981306.2531506 -2971.80269268658 -69.4517957966502 400 0.0618965759474697 -0
140100 75327334.1166023 25967012.3037687 -2983.59406674919 -73.5017078016393 400 0.0627820303863141 -0
140300 74729422.8424248 25951899.8801772 -2995.54570360239 -77.6369711780763 400 0.0636900064674165 -0
140500 74129104.8936197 25935951.6485585 -3007.66146813234 -81.8602394081035 400 0.0646213274495725 -0
140700 73526347.0470746 25919149.7333812 -3019.94535887917 -86.1742770975653 400 0.0655768559598671 -0
140900 72921115.2661038 25901475.694593 -3032.40151406636 -90.5819658643451 400 0.0665574963269144 -0
141100 72313374.6718809 25882910.5035977 -3045.03421796596 -95.0863106056428 400 0.0675641970795569 -0
141300 71703089.5135634 25863434.5179389 -3057.8479076221 -99.6904461729759 400 0.0685979536247191 -0
141500 71090223.1370337 25843027.4546058 -3070.84717995665 -104.397644486216 400 0.0696598111194125 -0
141700 70474737.9521796 25821668.3618683 -3084.036799283 -109.211322120751 400 0.0707508675533228 -0
141900 69856595.3986282 25799335.5895457 -3097.42170525583 -114.135048404923 400 0.071872277060009 -0
142100 69235755.9098444 25776006.7576002 -3111.00702128701 -119.172554068264 400 0.0730252534765111 -0
142300 68612178.8754964 25751658.722943 -3124.79806346021 -124.32774048478 400 0.0742110741731283 -0
142500 67985822.6019858 25726267.5443278 -3138.80034997938 -129.604689559633 400 0.0754310841773158 -0
142700 67356644.2710313 25699808.4451984 -3153.01961118909 -135.00767431212 200 0.076686700618084 -0
142900 66724599.8961879 25672255.7743449 -3167.4618002081 -140.541170212886 200 0.077979417519995 -0
143100 66089644.2771741 25643582.9642128 -3182.1331042207 -146.209867338873 200 0.0793108109788829 -0
143300 65451730.9518715 25613762.4866923 -3197.03995647417 -152.018683415699 200 0.0806825447548101 -0
143500 64810812.1458494 25582765.8062048 -3212.18904903522 -157.972777824031 200 0.0820963763215615 -0
143700 64166838.719258 25550563.3298849 -3227.58734636208 -164.077566654175 200 0.0835541634162253 -0
143900 63519760.1109202 25517124.3546384 -3243.24209975466 -170.338738901588 200 0.0850578711371774 -0
144100 62869524.2794399 25482417.0108394 -3259.16086275016 -176.762273905548 200 0.0866095796441406 -0
144300 62216077.6411311 25446408.2024053 -3275.35150753768 -183.354460143805 200 0.0882114925200213 -0
144500 61559365.0045547 25409063.5429676 -3291.82224247207 -190.121915507875 200 0.0898659458610192 -0
144700 60899329.5014361 25370347.2878281 -3308.58163077441 -197.071609196944 200 0.0915754181691776 -0
144900 60235912.513716 25330222.2613613 -3325.6386105148 -204.210885383219 200 0.0933425411302119 -0
145100 59569053.5964673 25288649.7794932 -3343.00251598171 -211.547488818269 200 0.0951701113692767 -0
145300 58898690.396391 25245589.5668492 -3360.68310055227 -219.089592568718 200 0.0970611032884646 -0
145500 58224758.5655764 25200999.6681243 -3378.69056118861 -226.845828090822 200 0.0990186831024896 -0
145700 57547191.6701891 25154836.3531855 -3397.03556469737 -234.825317877349 200 0.101046224203403 -0
145900 56865921.0937181 25107054.015366 -3415.72927590302 -243.037710937181 200 0.103147324001612 -0
146100 56180875.9343828 25057605.0623564 -3434.78338790026 -251.493221398631 200 0.105325822409217 -0
146300 55491982.8962672 25006439.7990359 -3454.21015456735 -260.202670562093 200 0.107585822153148 -0
146500 54799166.1737084 24953506.3015182 -3474.02242554055 -269.17753276703 200 0.109931711130176 -0
146700 54102347.3284258 24898750.2816082 -3494.23368387014 -278.429985483083 200 0.112368187044129 -0
146900 53401445.1588316 24842114.9407813 -3514.85808660131 -287.972964086138 200 0.114900284598177 -0
147100 52696375.5609097 24783540.8126946 -3535.91050854853 -297.820221838519 200 0.117533405552558 -0
147300 51987051.3799963 24722965.5931353 -3557.40658956017 -307.986395659238 200 0.120273352001493 -0
147500 51273382.2527311 24660323.9561799 -3579.36278560205 -318.487078346761 200 0.123126363273273 -0
147700 50555274.4383804 24595547.355203 -3601.79642402372 -329.338898004756 200 0.126099156915832 -0
147900 49832630.6386551 24528563.8072099 -3624.72576341099 -340.559605522569 200 0.129198974298015 -0
148100 49105349.8050625 24459297.6587883 -3648.17005847272 -352.168171079166 200 0.132433631435959 -0
148300 48373326.9327365 24387669.3317659 -3672.14963045948 -364.184890774553 200 0.135811575746622 -0
148500 47636452.8395854 24313595.0464257 -3696.68594366784 -376.63150464959 200 0.139341949539159 -0
148700 46894613.929479 24236986.5198595 -3721.80168864668 -389.531327537493 200 0.143034661182494 -0
148900 46147691.938068 24157750.6367319 -3747.52087279252 -402.909394402887 200 0.146900465038052 -0
149100 45395563.6596823 24075789.0893718 -3773.8689191003 -416.792622072607 200 0.150951051424582 -0
149300 44638100.6535926 23990997.9836976 -3800.87277392517 -431.209989553388 200 0.155199148093083 -0
149400 44257326.9811098 23947507.2465242 -3814.62949555896 -438.628644630473 200 0.157401551805586 -0
149500 43875168.9276944 23903267.406964 -3828.56102470427 -446.192739465848 200 0.159658634941277 -0
149600 43491608.8210219 23858263.7076324 -3842.67121233353 -453.906570065252 200 0.161972333827909 -0
149700 43106628.5977429 23812480.9530573 -3856.96402874145 -461.77460357139 200 0.164344673994212 -0
149800 42720209.7913168 23765903.4921386 -3871.44356825791 -469.80148687253 200 0.166777775238733 -0
149900 42332333.5193637 23718515.199722 -3886.1140541837 -477.992055735423 200 0.169273857041866 -0
150000 41942980.4705105 23670299.457231 -3900.97984396124 -486.351344500086 200 0.171835244348055 -0
150100 41552130.8907083 23621239.1323002 -3916.04543459283 -494.884596377143 200 0.174464373747644 -0
150200 41159764.5689943 23571316.5573461 -3931.31546831999 -503.59727439173 200 0.177163800090451 -0
150300 40765860.8226726 23520513.5070104 -3946.794738578 -512.495073021759 200 0.179936203566147 -0
150400 40370398.4818852 23468811.1744015 -3962.48819624072 -521.583930582337 200 0.182784397289744 -0
150500 39973355.8735434 23416190.1460582 -3978.40095617158 -530.870042412611 200 0.185711335434079 -0
150600 39574710.8045872 23362630.375553 -3994.53830409754 -540.359874926217 200 0.188720121955172 -0
150700 39174440.544542 23308111.1556429 -4010.90570382376 -550.06018059184 200 0.191814019960702 -0
150800 38772521.8073344 23252611.0888736 -4027.50880480779 -559.978013916322 200 0.194996461776727 -0
150900 38368930.7323331 23196108.0565322 -4044.35345011293 -570.120748509244 200 0.19827105977316 -0
151000 37963642.8645737 23138579.1858349 -4061.44568476194 -580.496095315058 200 0.201641618014499 -0
151100 37556633.1341279 23080000.8152302 -4078.7917645128 -591.112122106733 200 0.20511214480897 -0
151200 37147875.8345723 23020348.4576845 -4096.39816508004 -601.977274343608 200 0.208686866236645 -0
151300 36737344.6005126 22959596.7618101 -4114.27159182579 -613.100397505736 200 0.212370240745334 -0
151400 36325012.3841135 22897719.4706799 -4132.41898994653 -624.490761027675 200 0.216166974912274 -0
151500 35910851.4305845 22834689.3781637 -4150.84755518222 -636.158083966465 200 0.220082040479892 -0
151600 35494833.2525671 22770478.2826049 -4169.56474507625 -648.11256255159 100 0.224120692785391 -0
151700 35076928.6033673 22705056.9376411 -4188.57829081567 -660.364899779243 100 0.228288490716807 -0
151800 34657107.4489742 22638394.9999562 -4207.89620968255 -672.926337229314 100 0.23259131834254 -0
151900 34235338.938801 22570460.9737308 -4227.52681814854 -685.808689301475 100 0.237035408377581 -0
152000 33811591.3750836 22501222.15154 -4247.47874564591 -699.024380086678 100 0.24162736766779 -0
152100 33385832.1808659 22430644.5514218 -4267.76094904936 -712.58648311269 100 0.246374204894071 -0
152200 32958027.8665012 22358692.8498166 -4288.38272790407 -726.508764227112 100 0.251283360721301 -0
152300 32528143.994591 22285330.3100495 -4309.35374043581 -740.8057279092 100 0.256362740642918 -0
152400 32096145.1432824 22210518.7059967 -4330.68402038003 -755.492667332845 100 0.261620750801435 -0
152500 31661994.8678404 22134218.2405432 -4352.38399466643 -770.585718538058 100 0.267066337098455 -0
152600 31225655.6604068 22056387.4584019 -4374.46450199575 -786.101919107391 100 0.272709027945471 -0
152700 30787088.9078565 21976983.1528211 -4396.93681234443 -802.059271787802 100 0.278558981049563 -0
152800 30346254.8476539 21895960.265663 -4419.8126474315 -818.476813548017 100 0.284627034676821 -0
152900 29903112.5216146 21813271.7802815 -4443.10420217937 -835.37469061731 100 0.290924763891816 -0
153000 29457619.7274692 21728868.6065727 -4466.82416719719 -852.774240114705 100 0.297464542334723 -0
153100 29009732.9681271 21642699.4575044 -4490.98575231002 -870.69807894892 100 0.304259610170109 -0
153200 28559407.3985343 21554710.7163608 -4515.6027111508 -889.170200750133 100 0.311324148924195 -0
153300 28106596.770018 21464846.2938575 -4540.68936682318 -908.216081686286 100 0.318673364022476 -0
153400 27651253.3720126 21373047.4741911 -4566.26063863179 -927.862796120669 100 0.326323575948788 -0
153500 27193327.9710585 21279252.7489867 -4592.33206986176 -948.139143185994 100 0.334292321072604 -0
153600 26732769.7469729 21183397.6379925 -4618.91985657046 -969.075785485136 100 0.342598463336444 -0
153700 26269526.2260934 21085414.4952419 -4646.04087733008 -990.705401282835 100 0.351262318162842 -0
153800 25803543.2115027 20985232.299258 -4673.71272382981 -1013.06285172895 100 0.360305790134514 -0
153900 25334764.7101557 20882776.4257131 -4701.95373220769 -1036.18536485586 100 0.369752526226635 -0
154000 24863132.8568447 20777968.4007681 -4730.78301493465 -1060.11273832439 100 0.37962808663218 -0
154100 24388587.8349567 20670725.6331083 -4760.22049301314 -1084.88756315937 100 0.389960135526647 -0
154200 23911067.7940096 20560961.1224505 -4790.28692817804 -1110.55547102312 100 0.40077865447522 -0
154300 23430508.763983 20448583.1420274 -4821.00395469403 -1137.16540792966 100 0.412116181602989 -0
154400 22946844.5665121 20333494.8922416 -4852.39411022734 -1164.76993771281 100 0.424008080138904 -0
154500 22460006.7230665 20215594.1223304 -4884.48086512442 -1193.42557903634 100 0.436492840520454 -0
154600 21969924.3603161 20094772.7164729 -4917.28864924941 -1223.19318028655 100 0.449612420925584 -0
154700 21476524.112979 19970916.2403101 -4950.84287530624 -1254.13833732952 100 0.463412631901501 -0
154750 21228556.1501436 19907812.240895 -4967.90811893742 -1270.07440977719 100 0.470583449007644 -0
154800 20979730.0245436 19843903.4432514 -4985.16995728202 -1286.33185984389 100 0.477943571713504 -0
154850 20730035.8202046 19779173.5363166 -5002.63185049563 -1302.92043894707 100 0.485500013246252 -0
154900 20479463.4465538 19713605.7116765 -5020.29732234147 -1319.85029293165 100 0.493260120156198 -0
154950 20228002.635243 19647182.6433529 -5038.16996004531 -1337.13198193535 100 0.501231591601256 -0
155000 19975642.9369825 19579886.466567 -5056.25341394905 -1354.7765014463 100 0.509422499942849 -0
155050 19722373.7183995 19511698.7554194 -5074.55139693522 -1372.79530463547 100 0.517841312755449 -0
155100 19468184.1589301 19442600.4994197 -5093.0676835913 -1391.20032605294 100 0.526496916360889 -0
155150 19213063.2477614 19372572.0787941 -5111.80610907884 -1410.0040067842 100 0.535398641008389 -0
155200 18956999.7808377 19301593.2384983 -5130.77056766849 -1429.21932116996 100 0.544556287832001 -0
155250 18699982.3579499 19229643.0608514 -5149.96501089672 -1448.85980520143 100 0.553980157728991 -0
155300 18441999.3799265 19156699.9367068 -5169.39344529529 -1468.93958671202 100 0.563681082315688 -0
155350 18183039.0459508 19082741.535065 -5189.05992963803 -1489.47341749606 100 0.573670457131564 -0
155400 17923089.351029 19007744.7710301 -5208.9685716428 -1510.47670749581 100 0.583960277278078 -0
155450 17662138.0836378 18931685.772002 -5229.1235240592 -1531.96556120975 100 0.594563175696086 -0
155500 17400172.8235852 18854539.8419884 -5249.52898006337 -1553.95681648742 100 0.605492464304672 -0
155550 17137180.94012 18776281.4239148 -5270.18916787212 -1576.46808589028 100 0.616762178245327 -0
155600 16873149.5903326 18696884.0597977 -5291.10834447721 -1599.51780081257 100 0.62838712349853 -0
155650 16608065.7178938 18616320.3486384 -5312.29078838837 -1623.1252585728 100 0.640382928165426 -0
155700 16341916.0521825 18534561.9018835 -5333.74079125964 -1647.31067270409 100 0.65276609773557 -0
155750 16074687.1078644 18451579.2962855 -5355.46264825772 -1672.09522669119 100 0.665554074692951 -0
155800 15806365.1849858 18367342.0239852 -5377.46064701288 -1697.50113142298 100 0.678765302847098 -0
155850 15536936.3696601 18281818.4396221 -5399.73905497273 -1723.5516866525 100 0.692419296814322 -0
155900 15266386.5354295 18194975.7042654 -5422.30210495614 -1750.27134678171 50 0.706536717116507 -0
155950 14994701.3453998 18106779.7259405 -5445.1539786778 -1777.68579131568 50 0.721139451411798 -0
156000 14721866.2552544 18017195.0965078 -5468.29878798467 -1805.82200036089 50 0.736250702423533 -0
156050 14447866.51727 17926185.0246332 -5491.74055351106 -1834.70833557519 50 0.751895083191456 -0
156100 14172687.1854707 17833711.2645644 -5515.48318042057 -1864.3746270123 50 0.768098720333186 -0
156150 13896313.1220756 17739734.0404084 -5539.53043085886 -1894.85226634301 50 0.784889366074947 -0
156200 13618729.0054151 17644211.9655773 -5563.88589269093 -1926.17430697726 50 0.802296519889289 -0
156250 13339919.3395124 17547101.9570444 -5588.55294403884 -1958.37557165749 50 0.820351560665054 -0
156300 13059868.4655556 17448359.1440198 -5613.5347130701 -1991.49276814371 50 0.839087890431881 -0
156350 12778560.5755106 17347936.7706271 -5638.83403241161 -2025.56461366502 50 0.858541090769392 -0
156400 12495979.7281635 17245786.0921214 -5664.45338747748 -2060.63196887132 50 0.878749093150855 -0
156450 12212109.8679144 17141856.2641574 -5690.3948579004 -2096.73798208262 50 0.899752364603926 -0
156500 11926934.846692 17036094.2245689 -5716.66005114211 -2133.92824470219 50 0.921594110218403 -0
156550 11640438.4494041 16928444.5670788 -5743.25002722815 -2172.25095873367 50 0.944320494194246 -0
156600 11352604.4233985 16818849.4063102 -5770.16521340163 -2211.75711742173 50 0.967980881304027 -0
156650 11063416.5124711 16707248.2334147 -5797.40530731761 -2252.50070012037 50 0.992628100844089 -0
156700 10772858.4960339 16593577.7615759 -5824.96916720021 -2294.5388825828 50 1.01831873536977 -0
156750 10480914.2341374 16477771.7605874 -5852.85468715416 -2337.93226396155 50 1.04511343675385 -0
156800 10187567.719142 16359760.8796334 -5881.05865555652 -2382.745111906 50 1.07307727237532 -0
156850 9892803.13494081 16239472.4573323 -5909.57659414707 -2429.04562724674 50 1.10228010453981 -0
156900 9596604.9247675 16116830.3180217 -5938.40257507979 -2476.90622985963 50 1.13279700655363 -0
156950 9298957.86876677 15991754.5531876 -5967.52901278584 -2526.40386740532 50 1.16470871922294 -0
157000 8999847.17267602 15864161.286846 -5996.94642702142 -2577.62034873977 50 1.19810215192602 -0
157050 8699258.56916077 15733962.423599 -6026.64317291949 -2630.6427038825 50 1.23307093281099 -0
157100 8397178.43357144 15601065.3779868 -6056.60513322229 -2685.5635725078 50 1.2697160130999 -0
157150 8093593.91614835 15465372.7836614 -6086.81536712521 -2742.48162298085 50 1.3081463309284 -0
157200 7788493.09300119 15326782.1808006 -6117.25370929639 -2801.50200398639 50 1.34847954061109 -0
157250 7481865.13853608 15185185.6800846 -6147.8963116298 -2862.7368307783 50 1.39084281368367 -0
157300 7173700.52240316 15040469.6014536 -6178.71511912037 -2926.30570799706 50 1.43537371851679 -0
157350 6863991.23450208 14892514.0857718 -6209.67726989237 -2992.33629083418 50 1.48222118569746 -0
157400 6552731.04211911 14741192.677444 -6240.74440783589 -3060.96488603992 50 1.53154656669641 -0
157425 6396517.96653837 14664228.3327227 -6256.30366674363 -3096.29855690021 50 1.55719257674298 -0
157450 6239915.78390746 14586371.875899 -6271.87189449002 -3132.33709378548 50 1.58352479354349 -0
157475 6082924.35284455 14507605.4396381 -6287.44238132771 -3169.1002609208 50 1.61056741363182 -0
157500 5925543.70605021 14427910.6541918 -6303.00790463417 -3206.60849101929 50 1.63834564716857 -0
157525 5767774.06357289 14347268.6303931 -6318.56069300372 -3244.88290884509 50 1.66688576403777 -0
157550 5609615.84700421 14265659.9420545 -6334.09238774813 -3283.94535536852 50 1.69621514191256 -0
157575 5451069.69467103 14183064.6077545 -6349.59400161211 -3323.81841248291 50 1.72636231632967 -0
157600 5292136.47789666 14099462.0720004 -6365.05587449587 -3364.52542824347 50 1.75735703280466 -0
157625 5132817.31840864 14014831.1857538 -6380.4676259613 -3406.09054257854 50 1.78923030100974 -0
157650 4973113.6069767 13929150.1863078 -6395.81810428193 -3448.53871341095 50 1.82201445102351 -0
157675 4813027.02337017 13842396.6765075 -6411.09533177959 -3491.89574311397 50 1.85574319164675 -0
157700 4652559.55773135 13754547.6033047 -6426.28644617176 -3536.18830520987 50 1.89045167076013 -0
157725 4491713.53346811 13665579.2356448 -6441.37763763424 -3581.44397120112 50 1.9261765376774 -0
157750 4330491.63177669 13575467.1416809 -6456.35408126299 -3627.69123740314 50 1.96295600742122 -0
157775 4168896.917914 13484186.1653202 -6471.19986459706 -3674.95955162351 50 2.0008299268174 -0
157800 4006932.86934738 13391710.4021057 -6485.89790984179 -3723.27933950503 50 2.03983984226584 -0
157825 3844603.40591889 13298013.1744475 -6500.42989040754 -3772.68203031883 50 2.08002906900258 -0
157850 3681912.92217148 13203067.006217 -6514.77614135445 -3823.20008195768 50 2.12144276161542 -0
157875 3518866.32199479 13106843.5967299 -6528.91556330827 -3874.86700483942 50 2.16412798551503 -0
157900 3355469.05575932 13009313.7941496 -6542.82551938634 -3927.71738438368 50 2.20813378899214 -0
157925 3191727.16011994 12910447.5683485 -6556.48172464606 -3981.78690167282 50 2.25351127540887 -0
157950 3027647.30068198 12810213.9832822 -6569.85812754231 -4037.11235184845 50 2.30031367497549 -0
157975 2863236.81773635 12708581.168936 -6582.92678285397 -4093.7316597271 50 2.34859641545219 -0
158000 2698503.77528402 12605516.2929224 -6595.65771551486 -4151.68389204266 50 2.39841719098571 -0
158025 2533457.01358448 12500985.5318214 -6608.01877476129 -4211.00926563669 50 2.44983602814055 -0
158050 2368106.20547791 12394954.0423753 -6619.97547798712 -4271.74915082057 25 2.50291534801192 -0
158075 2202461.91674613 12287385.9326678 -6631.49084368051 -4333.94606902401 25 2.55772002310816 -0
158100 2036535.67079321 12178244.2334449 -6642.52521280336 -4397.6436837214 25 2.61431742746191 -0
158125 1870340.01794289 12067490.8697577 -6653.03605796873 -4462.88678348927 25 2.67277747816746 -0
158150 1703888.60966567 11955086.6331403 -6662.97777977308 -4529.72125589409 25 2.73317266624172 -0
158175 1537196.27806479 11840991.1545713 -6672.30148965259 -4598.19405073652 25 2.79557807436524 -0
158200 1370279.12096565 11725162.8785033 -6680.95477865826 -4668.35313098666 25 2.86007137867049 -0
158225 1203154.59296775 11607559.0382927 -6688.88147158608 -4740.24740953118 25 2.92673283130449 -6.19818269820857e-306
158250 1035841.6028317 11488135.6334103 -6696.02136596047 -4813.92666961688 25 2.9956452199941 -7.95175775316082e-298
158275 868360.617585497 11366847.4088679 -6702.30995545514 -4889.44146661542 25 3.06689380028119 -9.87671146669688e-290
158300 700733.773743039 11243647.8373632 -6707.67813745232 -4966.84300844725 25 3.14056619546478 -1.1826181802673e-281
158325 532984.996033644 11118489.1047105 -6712.05190459283 -5046.18301169104 25 3.21675225858287 -1.35885541915159e-273
158350 365140.124042669 10991322.0992067 -6715.35202036533 -5127.51353006544 25 3.29554388998402 -1.49102580299701e-265
158375 197227.047159137 10862096.4056691 -6717.49367902978 -5210.88675160368 25 3.37703480317302 -1.55429070793674e-257
158400 29275.848215177 10730760.3049768 -6718.38615047798 -5296.35476045042 25 3.46132023066398 -1.53081775667842e-249
158425 -138681.043817546 10597260.7800557 -6717.93241101386 -5383.96925879454 25 3.54849656053804 -1.4161723482795e-241
158450 -306608.691739426 10461543.5293645 -6716.02876150008 -5473.78124401718 25 3.63866089328343 -1.22294359119325e-233
158475 -474469.47835052 10323552.9890667 -6712.56443487883 -5565.84063568585 25 3.73191050730045 -9.79310067310805e-226
158500 -642222.924760503 10183232.3652156 -6707.42119574943 -5660.19584657119 25 3.82834222019403 -7.22108852996443e-218
158525 -809825.49862416 10040523.6774281 -6700.47293548897 -5756.89329141556 25 3.92805163167268 -4.86640049406457e-210
158550 -977230.412244302 9895367.81568655 -6691.58526735281 -5855.97682675603 25 4.03113223255162 -2.97363592971179e-202
158575 -1144387.4106085 9747704.61208041 -6680.6151271075 -5957.4871147201 25 4.13767436306052 -1.63373350122485e-194
158600 -1311242.54958069 9597472.92948048 -6667.41038604813 -6061.46090339604 25 4.24776400243698 -7.99837570151377e-187
158625 -1477737.96465833 9444610.76932532 -6651.80948475284 -6167.93021616355 25 4.36148137071654 -3.45641812504231e-179
158650 -1643811.63093557 9289055.40089287 -6633.64109764537 -6276.92144229652 25 4.47889932280293 -1.30521538678979e-171
158675 -1809397.11518864 9130743.51462011 -6612.72384038486 -6388.45432126637 25 4.60008151443537 -4.26123571698037e-164
158700 -1974423.32132683 8969611.40221956 -6588.86603428717 -6502.54081354365 25 4.72508031971155 -1.18926463521154e-156
158725 -2138814.23083737 8805595.16651324 -6561.86554440262 -6619.18385138716 25 4.85393448055417 -2.80360557003445e-149
158750 -2302488.64030087 8638630.96405492 -6531.50971051839 -6738.37596420787 25 4.98666647014344 -5.512624412269e-142
158775 -2465359.89857048 8468655.2837279 -6497.575393191 -6860.09777469447 25 5.12327955513115 -8.92073624762942e-135
158800 -2627335.64679791 8295605.26457456 -6459.8291598943 -6984.31636409356 25 5.26375454569752 -1.17144169521199e-127
158825 -2788317.56515453 8119419.05611928 -6418.02763941635 -7110.98350796655 25 5.40804622853757 -1.22988454459275e-120
158850 -2948201.13083676 7940036.22436804 -6371.91807564232 -7240.03378751735 25 5.55607948602529 -1.01633768815489e-113
158875 -3106875.39275925 7757398.20648337 -6321.23911467152 -7371.38258631965 25 5.70774511547084 -6.50281180923187e-107
158900 -3264222.76921941 7571448.8168175 -6265.72186163608 -7504.92398808213 25 5.86289537592001 -3.16636617670051e-100
158925 -3420118.87574969 7382134.80651104 -6205.09124536691 -7640.52859806423 25 6.02133930666771 -1.15231252553104e-93
158950 -3574432.39134054 7189406.47819895 -6139.06772988037 -7778.04131894839 25 6.1828378818062 -3.07557405440345e-87
158975 -3727024.97218819 6993218.35648077 -6067.36941116997 -7917.27912138534 25 6.34709908880081 -5.90303218792093e-81
159000 -3877751.22305994 6793529.91367658 -5989.71453555846 -8058.02885997571 25 6.51377304616323 -7.98214807667022e-75
159025 -4026458.73722554 6590306.34897955 -5905.824471431 -8200.04519694496 25 6.68244730536295 -7.44442603290701e-69
159050 -4172988.21661573 6383519.4174084 -5815.42715903843 -8343.04870788564 25 6.85264251437591 -4.68453658423279e-63
159075 -4317173.68436459 6173148.30295077 -5718.2610527483 -8486.72425619182 25 7.02380865342661 -1.94443127611299e-57
159100 -4458842.80208562 5959180.52797418 -5614.07955620075 -8630.71973451731 25 7.19532208567681 -5.20133675616697e-52
159125 -4597817.30402811 5741612.88839071 -5502.65593298114 -8774.64528186827 25 7.36648369436171 -8.75620420126114e-47
159137.5 -4666236.88092521 5631480.88702694 -5444.16420705119 -8846.44961548471 25 7.45169329976882 -2.99723685907332e-44
159150 -4733913.55962452 5520452.40125085 -5383.78865352807 -8918.07309257641 25 7.5365183999475 -9.055203839536e-42
159162.5 -4800823.66301433 5408530.06013058 -5321.50895821404 -8989.45639382514 25 7.62085043727946 -2.40722037535064e-39
159175 -4866943.27427066 5295717.24842016 -5257.30711318038 -9060.53793815021 25 7.70457636335388 -5.61355781067236e-37
159187.5 -4932248.26688393 5182018.13444993 -5191.16760880586 -9131.25394628968 25 7.78757878991562 -1.14479426878835e-34
159200 -4996714.33709532 5067437.69712575 -5123.077627095 -9201.53851996068 25 7.86973617742879 -2.0353817217411e-32
159212.5 -5060317.03875093 4951981.75183736 -5053.02723497263 -9271.32373732133 25 7.95092306304701 -3.14527193531033e-30
159225 -5123031.82056463 4835656.97506843 -4981.00957612474 -9340.5397653611 25 8.03101032951343 -4.21147358029466e-28
159237.5 -5184834.06576174 4718470.92749307 -4907.02105983608 -9409.11498973189 25 8.10986551619085 -4.87136481709041e-26
159250 -5245699.13405586 4600432.07533847 -4831.0615451622 -9476.97616239917 25 8.18735317304562 -4.85283202633421e-24
159262.5 -5305602.40588957 4481549.80978919 -4753.13451867276 -9544.04856733945 25 8.26333525797779 -4.1511480396544e-22
159275 -5364519.32884707 4361834.46420717 -4673.24726391572 -9610.25620433985 25 8.33767157740718 -3.04008526000177e-20
159287.5 -5422425.46612352 4241297.32894155 -4591.41102068187 -9675.52199076676 25 8.41022026949316 -1.90056612578669e-18
159300 -5479296.54691109 4119950.66350584 -4507.64113209954 -9739.76798096606 25 8.48083832878944 -1.01138596956497e-16
159312.5 -5535108.51853727 3997807.70590513 -4421.95717756281 -9802.91560273831 25 8.54938217052257 -4.56845860715862e-15
159325 -5589837.6001659 3874882.67890458 -4334.38308949615 -9864.88591010217 25 8.61570823203948 -1.7468340662887e-13
159337.5 -5643460.3378463 3751190.79304186 -4244.94725198695 -9925.59985132029 25 8.67967360830804 -5.63903284182301e-12
159350 -5695953.66067222 3626748.24620029 -4153.6825793768 -9984.97855091766 25 8.74113671768511 -1.53286931917249e-10
159362.5 -5747294.93778817 3501572.21957707 -4060.6265729945 -10042.9436041783 25 8.79995799350247 -3.49999673748864e-09
159375 -5797462.03595957 3375680.8699014 -3965.82135433989 -10099.4173823644 25 8.85600059637688 -6.69649845133439e-08
159387.5 -5846433.3774024 3249093.3177805 -3869.31367318788 -10154.32334667 12.5 8.90913114154066 -1.07113820091115e-06
159400 -5894187.9975503 3121829.63207801 -3771.15488927684 -10207.5863687015 12.5 8.95922043493073 -1.42925035427397e-05
159412.5 -5940705.60242186 2993910.81025814 -3671.40092647273 -10259.1330550791 12.5 9.00614421128097 -0.000158757474702268
159425 -5985966.62523824 2865358.75465973 -3570.11219855912 -10308.8920735742 12.5 9.049783867052 -0.00146512489479286
159437.5 -6029952.28193285 2736196.24469834 -3467.35350609 -10356.7944780533 12.5 9.09002718071527 -0.0112134069433356
159450 -6072644.62518931 2606446.90502868 -3363.19390405263 -10402.7740293833 12.5 9.12676901269297 -0.0710542300497381
159462.5 -6114026.59664295 2476135.16973611 -3257.70654041787 -10446.7675093728 12.5 9.15991197714761 -0.372186217216868
159475 -6154082.07688428 2345286.24266299 -3150.96846599671 -10488.7150247781 12.5 9.18936707785063 -1.60931555675623
159487.5 -6192795.93291011 2213926.05401253 -3043.06041637069 -10528.5602983879 12.5 9.21505430066837 -5.73708754261911
159500 -6230154.06268 2082081.21341016 -2934.06656702288 -10566.2509442598 12.5 9.23690315591935 -16.8437202020656
159512.5 -6266143.43645192 1949778.95963786 -2824.07426317903 -10601.7387243895 12.5 9.25485316458006 -40.6890610628887
159525 -6300752.13459265 1817047.10728847 -2713.1737262675 -10634.9797844965 12.5 9.2688542818292 -80.812522473416
159537.5 -6333969.38158436 1683913.99061348 -2601.45773923821 -10665.9348669534 12.5 9.27886724965864 -131.880895709595
159550 -6365785.57597795 1550408.40486315 -2489.02131313059 -10694.5694986643 12.5 9.28486387105891 -176.767270325497
159562.5 -6396192.31607387 1416559.54544965 -2375.96133731261 -10720.8541509715 12.5 9.2868272049884 -194.548285406555
159575 -6425182.42114243 1282396.94530213 -2262.37621603713 -10744.7643686219 12.5 9.28475168752387 -175.801323563592
159587.5 -6452749.94803181 1147950.41081132 -2148.3654945101 -10766.2808664629 12.5 9.27864317993967 -130.444130340169
159600 -6478890.2030555 1013249.95676367 -2034.02947814343 -10785.3895946579 12.5 9.26851893448034 -79.4964698769671
159612.5 -6503599.7490968 878325.740650359 -1919.46884861676 -10802.0817735828 12.5 9.2544074699164 -39.8088463978937
159625 -6526876.40791116 743207.996730088 -1804.78427997162 -10816.3538981855 12.5 9.23634836123911 -16.3900748208309
159637.5 -6548719.25764552 607926.970234059 -1690.07605773804 -10828.2077106824 12.5 9.21439195429159 -5.55246256860963
159650 -6569128.62563163 472512.852113004 -1575.44370417922 -10837.650141204 12.5 9.18859901176596 -1.54916912466824
159662.5 -6588106.07654985 336995.714721919 -1460.98561283557 -10844.6932173656 12.5 9.15904029227213 -0.35636537831616
159675 -6605654.39609888 201405.448820306 -1346.79869544097 -10849.3539445362 12.5 9.12579606519694 -0.067673517844834
159687.5 -6621777.57034414 65771.7022421211 -1232.97804402341 -10851.6541587396 12.5 9.08895556725551 -0.0106237491082397
159700 -6636480.76095055 -69876.179434653 -1119.61661070774 -10851.6203541475 12.5 9.04861640825006 -0.00138084786904863
159712.5 -6649770.27653528 -205509.209914134 -1006.80490744827 -10849.2834872647 12.5 9.00488393372257 -0.000148852991003601
159725 -6661653.54040187 -341098.816627167 -894.630727623109 -10844.6787601029 12.5 8.95787055211591 -1.33323506156067e-05
159737.5 -6672139.05493955 -476616.892347141 -783.178891111027 -10837.8453848243 12.5 8.90769503411607 -9.94130328572276e-07
159750 -6681236.36298976 -612035.843761578 -672.531014145855 -10828.8263324622 12.5 8.85448179190316 -6.1840186920472e-08
159762.5 -6688956.00649583 -747328.636817156 -562.765304912953 -10817.6680684022 25 8.79836014597665 -3.21619991425564e-09
159775 -6695309.48276199 -882468.838689632 -453.95638552241 -10804.4202773363 25 8.73946358702338 -1.4017202546447e-10
159787.5 -6700309.19865375 -1017430.65626397 -346.175140672102 -10789.1355803891 25 8.67792903998294 -5.13181856860837e-12
159800 -6703968.42307349 -1152188.97104346 -239.488593005405 -10771.8692470648 25 8.61389613705238 -1.58219317105773e-13
159812.5 -6706301.23804359 -1286719.37043919 -133.959804878105 -10752.6789045761 25 8.54750650587797 -4.11860809219761e-15
159825 -6707322.48872385 -1420998.1754226 -29.6478059808598 -10731.624247002 25 8.47890307862093 -9.0761836789594e-17
159837.5 -6707047.73268188 -1555002.46455348 73.3924539794029 -10708.766746574 25 8.4082294269736 -1.69788549592217e-18
159850 -6705493.18872339 -1688710.09442359 175.110128551125 -10684.169369228 25 8.33562912755733 -2.70386163646652e-20
159862.5 -6702675.68557571 -1822099.71658157 275.458474960935 -10657.8962963733 25 8.26124516146898 -3.67599645404471e-22
159875 -6698612.61070187 -1955150.79102812 374.394833041903 -10630.0126546361 25 8.18521935107366 -4.279033875205e-24
159887.5 -6693321.8595048 -2087843.59639096 471.880584147456 -10600.584255128 25 8.10769183647985 -4.27740769986926e-26
159900 -6686821.78516194 -2220159.23690733 567.881091627499 -10569.6773435828 25 8.02880059349129 -3.68281515113033e-28
159912.5 -6679131.14931069 -2352079.64635708 662.365624511025 -10537.3583624942 25 7.94868099421718 -2.73940681882402e-30
159925 -6670269.07378396 -2483587.58910245 755.307266080165 -10503.6937261816 25 7.86746541094791 -1.76576775636102e-32
159937.5 -6660254.99357414 -2614666.65840086 846.682809036261 -10468.7496095098 25 7.78528286337238 -9.89330951302255e-35
159950 -6649108.61118246 -2745301.27216493 936.472638951178 -10432.5917507981 25 7.70225870873182 -4.83299054916027e-37
159962.5 -6636849.85248972 -2875476.66634941 1024.66060766931 -10395.2852692729 25 7.61851437407507 -2.0648779503771e-39
159975 -6623498.8242639 -3005178.88614832 1111.23389828003 -10356.8944972498 25 7.53416712940553 -7.73953235977531e-42
159987.5 -6609075.77340001 -3134394.77518661 1196.18288321922 -10317.4828270781 25 7.44932990018834 -2.55277525914591e-44
160012.5 -6577095.0601919 -3391318.85019961 1361.18448491868 -10235.8448457577 25 7.27861460315935 -1.9158443197786e-49
160037.5 -6541071.05735634 -3646159.08953184 1519.6464930588 -10150.8547634564 25 7.10718016983448 -8.9434079769261e-55
160062.5 -6501167.05583904 -3898837.50285683 1671.59128803196 -10062.9735875217 25 6.9357626794915 -2.65981910940392e-60
160087.5 -6457545.32253605 -4149287.31811512 1817.0775915406 -9972.63742661423 25 6.76502230566947 -5.15959205133033e-66
160112.5 -6410366.25286733 -4397452.33621953 1956.19560273429 -9880.25578452796 25 6.59554454585373 -6.67970295330127e-72
160137.5 -6359787.6427268 -4643286.25173968 2089.06232600965 -9786.21052983771 25 6.42784267813797 -5.90153324736132e-78
160162.5 -6305964.07406141 -4886751.95533369 2215.81716309624 -9690.85545081195 25 6.26236116154609 -3.63598853632182e-84
160187.5 -6249046.40679452 -5127820.83142241 2336.61782020371 -9594.51630499242 25 6.09947972267702 -1.59510929414292e-90
160212.5 -6189181.36878393 -5366472.06237288 2451.63656198027 -9497.49127625614 25 5.93951790220616 -5.08382590462299e-97
160237.5 -6126511.23491692 -5602691.94834754 2561.0568280335 -9400.0517580448 25 5.78273986773818 -1.20004365148153e-103
160262.5 -6061173.58622003 -5836473.25003351 2665.07021477265 -9302.44338890846 25 5.62935933239553 -2.1371247202249e-110
160287.5 -5993301.13992442 -6067814.55972292 2763.8738151724 -9204.88727484366 25 5.47954444978952 -2.9224976086472e-117
160312.5 -5923021.64171306 -6296719.70468505 2857.66790145442 -9107.58134153911 25 5.33342258462655 -3.12090922636478e-124
160337.5 -5850457.81182243 -6523197.18545589 2946.65393030553 -9010.70176814517 25 5.19108488356068 -2.64467485476221e-131
160362.5 -5775727.33722823 -6747259.65056295 3031.03284674988 -8914.40446224868 25 5.05259059276394 -1.8057004775298e-138
160387.5 -5698942.90276923 -6968923.40828969 3111.00366082657 -8818.8265431633 25 4.91797108705211 -1.00782283569147e-145
160412.5 -5620212.25472101 -7188207.97534658 3186.76227047418 -8724.08780732035 25 4.78723359045095 -4.66170355995171e-153
160437.5 -5539638.29099589 -7405135.66173585 3258.50050420676 -8630.29215541747 25 4.66036458010538 -1.81037563181532e-160
160462.5 -5457319.1727959 -7619731.19065289 3326.40535803644 -8537.52896605102 25 4.53733287476683 -5.97577089393226e-168
160487.5 -5373348.45316829 -7832021.35194129 3390.65840244986 -8445.87440485617 25 4.41809241611256 -1.69615633910352e-175
160512.5 -5287815.21849738 -8042034.6873899 3451.43533691171 -8355.39266176175 25 4.30258475621816 -4.18552652938379e-183
160537.5 -5200804.23950733 -8249801.20601363 3508.9056712147 -8266.13711190336 25 4.19074126796548 -9.07286872094718e-191
160562.5 -5112396.12884277 -8455352.12737881 3563.23251491866 -8178.15139810202 25 4.08248509733083 -1.74458578727636e-198
160587.5 -5022667.50273987 -8658719.6510062 3614.57245804427 -8091.47043468143 25 3.9777328776394 -3.00326182428539e-206
160612.5 -4931691.14469701 -8859936.74989743 3663.07552805339 -8006.12133383773 25 3.876396226222 -4.66891988356084e-214
160637.5 -4839536.16940677 -9059036.98627566 3708.88520991978 -7922.12425685665 25 3.77838304367124 -6.60864215191913e-222
160662.5 -4746268.18551924 -9256054.34769865 3752.13851774621 -7839.49319325764 25 3.6835986352251 -8.58268919529122e-230
160687.5 -4651949.45607659 -9451023.10178684 3792.96610790269 -7758.23667148374 25 3.59194667284114 -1.03014000193679e-237
160712.5 -4556639.05569156 -9643977.66790398 3831.49242504001 -7678.3584050998 25 3.50333001536716 -1.15051307770602e-245
160737.5 -4460393.02374298 -9834952.50422967 3867.83587357286 -7599.85787864786 25 3.41765140294727 -1.20335747371842e-253
160762.5 -4363264.51303261 -10023982.008768 3902.1090083315 -7522.73087737313 25 3.33481404048662 -1.18583801446349e-261
160787.5 -4265303.93349239 -10211100.4329411 3934.41873905824 -7446.96996500453 25 3.25472208368206 -1.10725426527064e-269
160812.5 -4166559.09065361 -10396341.8065212 3964.86654428212 -7372.56491367462 25 3.17728103984147 -9.8486594461576e-278
160837.5 -4067075.31869144 -10579739.8727526 3993.54869085369 -7299.50308991326 25 3.10239809448608 -8.38672552705889e-286
160862.5 -3966895.60794293 -10761328.0326147 4020.55645607019 -7227.76980046405 25 3.02998237357287 -6.86974233819724e-294
160887.5 -3866060.72686609 -10941139.2972647 4045.97634988124 -7157.34860146456 25 2.95994515009657 -5.43682486373309e-302
160912.5 -3764609.33846456 -11119206.2477868 4069.89033514479 -7088.22157430961 25 2.89220000283862 -4.1816556204503e-310
160937.5 -3662578.1112474 -11295561.0014541 4092.37604431282 -7020.36957129048 25 2.82666293412336 -0
160962.5 -3560001.82483001 -11470235.1837837 4113.50699127381 -6953.77243387601 25 2.76325245261902 -0
160987.5 -3456913.47031 -11643259.9057346 4133.35277737294 -6888.40918627966 25 2.70188962647913 -0
161012.5 -3353344.34557315 -11814665.7454611 4151.97929087722 -6824.25820674192 25 2.64249811145486 -0
161037.5 -3249324.14570043 -11984482.7340939 4169.44889935923 -6761.29737875282 25 2.5850041580141 -0
161062.5 -3144881.04865771 -12152740.3450713 4185.82063464379 -6699.50422424556 25 2.52933660097541 -0
161087.5 -3040041.79645722 -12319467.4865953 4201.15037010298 -6638.85602061063 25 2.4754268346966 -0
161112.5 -2934831.77198337 -12484692.4968277 4215.49099020024 -6579.32990321029 25 2.42320877644454 -0
161137.5 -2829275.07167702 -12648443.1414841 4228.89255227766 -6520.90295491634 50 2.37261882020901 -0
161162.5 -2723394.57427135 -12810746.6135191 4241.40244065563 -6463.55228404907 50 2.32359578290399 -0
161187.5 -2617212.00577006 -12971629.5346274 4253.06551317333 -6407.25509196213 50 2.27608084462004 -0
161212.5 -2510748.0008548 -13131117.9583172 4263.92424034472 -6351.9887313959 50 2.23001748434706 -0
161237.5 -2404022.16090382 -13289237.3743376 4274.01883733997 -6297.73075661064 50 2.18535141237385 -0
161262.5 -2297053.10879829 -13446012.7142666 4283.3873890284 -6244.45896620904 50 2.14203050038559 -0
161287.5 -2189858.54068674 -13601468.3580859 4292.06596833745 -6192.15143946564 50 2.10000471011948 -0
161312.5 -2082455.27487122 -13755628.1415918 4300.08874819446 -6140.78656689692 50 2.05922602129996 -0
161337.5 -1974859.2979723 -13908515.364504 4307.48810732531 -6090.34307572996 50 2.0196483594542 -0
161362.5 -1867085.80852304 -14060152.7991544 4314.29473018685 -6040.80005085942 50 1.98122752410513 -0
161387.5 -1759149.25813507 -14210562.6996489 4320.5377013098 -5992.13695182037 50 1.94392111775001 -0
161412.5 -1651063.39037308 -14359766.8114084 4326.24459432582 -5944.33362624923 50 1.90768847595584 -0
161437.5 -1542841.27746737 -14507786.3810066 4331.44155594732 -5897.37032025459 50 1.87249059883731 -0
161462.5 -1434495.35498714 -14654642.1662337 4336.15338516202 -5851.22768607464 50 1.83829008412739 -0
161487.5 -1326037.45459115 -14800354.4463193 4340.40360789617 -5805.8867873576 50 1.80505106200227 -0
161512.5 -1217478.83496589 -14944943.0322624 4344.21454739181 -5761.32910236464 50 1.77273913178271 -0
161537.5 -1108830.21105537 -15088427.2772175 4347.60739053387 -5717.53652536269 50 1.74132130059902 -0
161562.5 -1000101.78168103 -15230826.0868952 4350.60225035311 -5674.49136644473 50 1.71076592407834 -0
161587.5 -891303.255644593 -15372157.9299418 4353.21822492113 -5632.1763499891 50 1.68104264908884 -0
161612.5 -782443.876401541 -15512440.8482642 4355.47345284321 -5590.57461194595 50 1.65212235855499 -0
161637.5 -673532.445387674 -15651692.467275 4357.38516554511 -5549.66969611764 50 1.62397711834177 -0
161662.5 -564577.344076671 -15789930.0060332 4358.9697365398 -5509.44554958123 50 1.59658012619153 -0
161687.5 -455586.554841872 -15927170.2872611 4360.24272785052 -5469.88651738435 50 1.56990566268638 -0
161712.5 -346567.680691287 -16063429.7472206 4361.21893375709 -5430.97733663051 50 1.54392904419982 -0
161762.5 -128474.303847989 -16333070.074199 4362.33657278073 -5355.04939915861 50 1.49397551802292 -0
161812.5 89648.8646374443 -16598975.1131274 4362.42716146659 -5281.54722130376 50 1.44654112755261 -0
161862.5 307752.876914201 -16861263.4109519 4361.58532795094 -5210.36211231082 50 1.40146133122997 -0
161912.5 525793.290914867 -17120048.2205962 4359.89683470424 -5141.39096024398 50 1.35858428065226 -0
161962.5 743729.750064716 -17375437.7735898 4357.43948071141 -5074.53597877708 50 1.31776973807095 -0
162012.5 961525.605575474 -17627535.5399706 4354.28390469742 -5009.70445212323 50 1.27888808903862 -0
162062.5 1179147.57666769 -17876440.4754688 4350.49430083544 -4946.80848188827 50 1.24181944262506 -0
162112.5 1396565.44460342 -18122247.2561415 4346.1290570278 -4885.76473865427 50 1.20645281191938 -0
162162.5 1613751.77688486 -18365046.500749 4341.24132465566 -4826.49422032997 50 1.17268536792082 -0
162212.5 1830681.67839257 -18604924.9812478 4335.87952763685 -4768.92201870151 50 1.14042176035669 -0
162262.5 2047332.566605 -18841965.8218383 4330.08781769927 -4712.97709514632 50 1.10957349942497 -0
162312.5 2263683.9683654 -19076248.6870394 4323.90648195592 -4658.59206610735 50 1.08005839292091 -0
162362.5 2479717.33594821 -19307849.9592882 4317.37230814538 -4605.70299864379 50 1.05180003365943 -0
162412.5 2695415.88042876 -19536842.9065717 4310.51891226653 -4554.24921615944 50 1.02472733253894 -0
162462.5 2910764.42058262 -19763297.8405981 4303.37703277835 -4504.17311424771 50 0.998774093002703 -0
162512.5 3125749.24573664 -19987282.2660104 4295.97479504572 -4455.4199864719 50 0.973878623037315 -0
162562.5 3340357.99116695 -20208861.0211309 4288.33794928192 -4407.93785981167 50 0.949983381203959 -0
162612.5 3554579.52479218 -20428096.4107136 4280.49008486034 -4361.67733944474 50 0.927034653525726 -0
162662.5 3768403.84404489 -20645048.3311612 4272.45282353628 -4316.59146249103 50 0.904982258354794 -0
162712.5 3981821.98192444 -20859774.3886452 4264.24599382752 -4272.63556032047 50 0.883779276617499 -0
162762.5 4194825.92133973 -21072330.0105465 4255.88778854606 -4229.76712901133 50 0.863381805084837 -0
162812.5 4407408.5169446 -21282768.5506145 4247.39490724761 -4187.94570754137 50 0.843748730542371 -0
162862.5 4619563.42375163 -21491141.3882198 4238.78268516663 -4147.13276329594 50 0.824841522938576 -0
162912.5 4831285.0318843 -21697498.0220576 4230.06521002976 -4107.29158448473 50 0.80662404577608 -0
162962.5 5042568.40689277 -21901886.1586352 4221.25542798615 -4068.38717906956 50 0.789062382177699 -0
163012.5 5253409.23511735 -22104351.7958617 4212.36523975683 -4030.38617981977 50 0.772124675210253 -0
163062.5 5463803.77363565 -22304939.3020352 4203.40558798534 -3993.25675512702 50 0.755780981185329 -0
163112.5 5673748.80437569 -22503691.4905079 4194.38653666528 -3956.96852522813 50 0.74000313477893 -0
163162.5 5883241.59201882 -22700649.6902899 4185.31734342639 -3921.49248350186 50 0.724764624922506 -0
163212.5 6092279.84535308 -22895853.8128389 4176.20652537794 -3886.80092252317 50 0.71004048051748 -0
163262.5 6300861.68177083 -23089342.4152649 4167.06191913376 -3852.86736457576 50 0.695807165115065 -0
163312.5 6508985.59463399 -23281152.7601656 4157.89073557849 -3819.66649634109 50 0.682042479784021 -0
163362.5 6716650.42325661 -23471320.8722956 4148.69960987598 -3787.17410749859 100 0.668725473461751 -0
163412.5 6923855.32527844 -23659881.5922584 4139.49464716948 -3755.36703298783 100 0.655836360149795 -0
163462.5 7130599.75122423 -23846868.6273979 4130.28146437709 -3724.22309869914 100 0.643356442373867 -0
163512.5 7336883.42106292 -24032314.600055 4121.06522844526 -3693.72107037352 100 0.631268040381968 -0
163562.5 7542706.30259771 -24216251.0933459 4111.8506913864 -3663.84060550703 100 0.619554426602172 -0
163612.5 7748068.59153388 -24398708.6946066 4102.64222239443 -3634.56220806775 100 0.608199764925126 -0
163662.5 7952970.69308485 -24579717.0366396 4093.44383730285 -3605.86718584616 100 0.59718905441555 -0
163712.5 8157413.20498979 -24759304.8368902 4084.25922562402 -3577.73761027143 100 0.586508077092393 -0
163762.5 8361396.90182719 -24937499.9346726 4075.09177538518 -3550.15627853717 100 0.576143349449398 -0
163812.5 8564922.72051929 -25114329.3265563 4065.94459595587 -3523.10667789056 100 0.56608207741676 -0
163862.5 8767991.74693137 -25289819.200019 4056.82053904283 -3496.57295194845 100 0.556312114490809 -0
163912.5 8970605.20347828 -25463994.9654623 4047.72221801173 -3470.53986891315 100 0.546821922782396 -0
163962.5 9172764.43765834 -25636881.2866839 4038.65202568001 -3444.99279156913 100 0.537600536756187 -0
164012.5 9374470.91144133 -25808502.1098919 4029.61215071183 -3419.9176489496 100 0.528637529452591 -0
164062.5 9575726.19144386 -25978880.6913412 4020.60459273371 -3395.30090956953 100 0.519922981001761 -0
164112.5 9776531.93983072 -26148039.6236697 4011.63117627879 -3371.12955612846 100 0.511447449255201 -0
164162.5 9976889.90588626 -26316000.8610039 4002.69356365762 -3347.39106159282 100 0.503201942375101 -0
164212.5 10176801.9182044 -26482785.7429012 3993.79326684464 -3324.07336657361 100 0.495177893234863 -0
164262.5 10376269.87745 -26648415.0171924 3984.93165846138 -3301.16485792064 100 0.48736713549631 -0
164312.5 10575295.7496483 -26812908.8617824 3976.10998193041 -3278.65434845992 100 0.479761881240123 -0
164362.5 10773881.5599628 -26976286.9054648 3967.32936086716 -3256.53105780554 100 0.472354700036083 -0
164412.5 10972029.3869253 -27138568.2478029 3958.59080777125 -3234.7845941818 100 0.465138499348807 -0
164512.5 11367019.6400383 -27459914.6936243 3941.24344758937 -3192.38242148394 100 0.451252249881831 -0
164612.5 11760284.010677 -27777091.1124324 3924.0740703814 -3151.37183567861 100 0.438052481108181 -0
164712.5 12151840.5497565 -28090233.0818872 3907.08752454807 -3111.68204577522 100 0.425492885737613 -0
164812.5 12541707.7347701 -28399469.3423889 3890.28752163906 -3073.24702862602 100 0.413531058904645 -0
164912.5 12929904.3642152 -28704922.2538634 3873.67679465263 -3036.00513563374 100 0.402128107750357 -0
165012.5 13316449.466734 -29006708.2151495 3857.2572346172 -2999.89873734903 100 0.391248305851666 -0
165112.5 13701362.2229603 -29304938.0495661 3841.03000859837 -2964.87390183274 100 0.380858786721285 -0
165212.5 14084661.8983498 -29599717.3598511 3824.99566178838 -2930.8801031526 100 0.370929271421276 -0
165312.5 14466367.78552 -29891146.8553211 3809.15420592887 -2897.86995681512 100 0.361431826026513 -0
165412.5 14846499.1548288 -30179322.6538029 3793.50519597807 -2865.79897930849 100 0.352340645262258 -0
165512.5 15225075.2121015 -30464336.5606185 3778.0477966488 -2834.62536926068 100 0.343631859139795 -0
165612.5 15602115.0625639 -30746276.3266746 3762.7808402039 -2804.30980800297 100 0.335283359839775 -0
165712.5 15977637.6801674 -31025225.8874953 3747.70287669426 -2774.81527758011 100 0.327274646456522 -0
165812.5 16351661.8816034 -31301265.5848551 3732.81221765373 -2746.10689446823 100 0.319586685527699 -0
165912.5 16724206.3043967 -31574472.3725042 3718.10697412131 -2718.15175745415 100 0.312201785540636 -0
166012.5 17095289.3885489 -31844920.0073313 3703.58508973821 -2690.91880829965 100 0.305103483836116 -0
166112.5 17464929.361273 -32112679.2271811 3689.24436956371 -2664.37870396316 100 0.29827644452801 -0
166212.5 17833144.2244183 -32377817.9164244 3675.08250516477 -2638.503699283 100 0.29170636622786 -0
166312.5 18199951.7442388 -32640401.26028 3661.09709645891 -2613.26753914243 100 0.285379898511028 -0
166412.5 18565369.4432006 -32900491.8887887 3647.28567072508 -2588.64535923901 100 0.279284566189013 -0
166512.5 18929414.5935644 -33158150.0112624 3633.64569914192 -2564.6135946721 100 0.273408700563576 -0
166612.5 19292104.212511 -33413433.5419526 3620.17461116504 -2541.14989564219 100 0.267741376934984 -0
166712.5 19653455.0586082 -33666398.2176178 3606.86980701438 -2518.23304962779 100 0.262272357720897 -0
166812.5 20013483.6294416 -33917097.7076084 3593.72866850719 -2495.84290946849 100 0.256992040616019 -0
166912.5 20372206.160255 -34165583.7170341 3580.74856844205 -2473.96032683971 100 0.251891411286905 -0
167012.5 20729638.6234641 -34411906.0835274 3567.92687871285 -2452.56709065472 100 0.246962000152777 -0
167112.5 21085796.7289248 -34656112.8680781 3555.26097730922 -2431.64586997468 100 0.242195842852603 -0
167212.5 21440695.9248512 -34898250.4403661 3542.74825434008 -2411.18016104704 100 0.237585444042278 -0
167312.5 21794351.399293 -35138363.5589916 3530.38611719986 -2391.1542381293 100 0.23312374420396 -0
167412.5 22146778.0820904 -35376495.446963 3518.17199498228 -2371.55310778638 100 0.228804089183498 -0
167512.5 22497990.6472369 -35612687.8627768 3506.10334223352 -2352.36246637939 100 0.224620202201646 -0
167612.5 22848003.5155874 -35846981.1673947 3494.17764212547 -2333.56866048898 100 0.220566158111219 -0
167712.5 23196830.8578586 -36079414.3874002 3482.39240911983 -2315.15865003994 200 0.216636359695683 -0
167812.5 23544486.5978717 -36310025.2745939 3470.74519118545 -2297.11997391446 200 0.212825515825472 -0
167912.5 23890984.4159978 -36538850.3622666 3459.23357162354 -2279.44071786045 200 0.209128621306718 -0
168012.5 24236337.7527678 -36765925.0183693 3447.85517054921 -2262.1094845182 200 0.205540938273502 -0
168112.5 24580559.8126151 -36991283.495787 3436.60764607157 -2245.11536540409 200 0.202057978989347 -0
168212.5 24923663.5677229 -37214958.9799009 3425.48869521004 -2228.44791470373 200 0.198675489936689 -0
168312.5 25265661.7619512 -37436983.6336154 3414.4960545798 -2212.09712473985 200 0.195389437084736 -0
168412.5 25606566.9148225 -37657388.6400102 3403.62750087559 -2196.05340299098 200 0.192195992236505 -0
168512.5 25946391.325546 -37876204.2427675 3392.88085117949 -2180.30755054806 200 0.18909152036516 -0
168612.5 26285147.0770656 -38093459.7845116 3382.25396311548 -2164.85074190465 200 0.186072567858147 -0
168712.5 26622846.0401161 -38309183.7431912 3371.74473487079 -2149.67450598557 200 0.183135851595108 -0
168812.5 26959499.8772755 -38523403.7666218 3361.35110510176 -2134.7707083261 200 0.180278248792291 -0
168912.5 27295120.0470036 -38736146.7053005 3351.07105273986 -2120.13153432103 200 0.177496787552265 -0
169012.5 27629717.8076554 -38947438.6435967 3340.90259671174 -2105.74947346936 200 0.174788638063182 -0
169112.5 27963304.2214639 -39157304.9294134 3330.84379558548 -2091.61730454603 200 0.172151104396773 -0
169212.5 28295890.1584841 -39365770.2024095 3320.89274715378 -2077.72808163767 200 0.169581616858699 -0
169312.5 28627486.3004919 -39572858.4208666 3311.04758796379 -2064.07512098403 200 0.167077724848903 -0
169412.5 28958103.1448343 -39778592.887278 3301.30649280184 -2050.65198857124 200 0.164637090193231 -0
169512.5 29287751.0082261 -39982996.2727327 3291.66767414047 -2037.4524884272 200 0.162257480910898 -0
169612.5 29616440.0304895 -40186090.6401612 3282.1293815545 -2024.47065157304 200 0.159936765385333 -0
169712.5 29944180.1782338 -40387897.4665088 3272.68990111173 -2011.70072558807 200 0.157672906908652 -0
169812.5 30270981.2484738 -40588437.6638934 3263.34755474335 -1999.13716474864 200 0.155463958572477 -0
169912.5 30596852.8721835 -40787731.5998048 3254.1006995987 -1986.77462070445 200 0.153308058480029 -0
170112.5 31245845.4945544 -41182659.548864 3235.88706371461 -1962.63212400936 200 0.149148353836557 -0
170312.5 31891231.9032737 -41572834.0731166 3218.03652986287 -1939.23407257223 200 0.145180434200212 -0
170512.5 32533083.5159685 -41958400.3672441 3200.53715525565 -1916.5439435142 200 0.141392040800175 -0
170712.5 33171469.4119953 -42339496.56669 3183.37749640225 -1894.52763230893 200 0.137771906204401 -0
170912.5 33806456.4301636 -42716254.2110254 3166.54658779471 -1873.15325319654 200 0.134309658097438 -0
171112.5 34438109.2622309 -43088798.6693946 3150.03392097476 -1852.39095917854 200 0.130995733890784 -0
171312.5 35066490.5422619 -43457249.531731 3133.82942411501 -1832.2127793806 200 0.127821304784957 -0
171512.5 35691660.9319626 -43821720.9690196 3117.92344220934 -1812.59247185222 200 0.124778208098216 -0
171712.5 36313679.2021192 -44182322.0655203 3102.30671793761 -1793.50539011372 200 0.121858886842243 -0
171912.5 36932602.3102818 -44539157.1255501 3086.970373247 -1774.92836197006 200 0.119056335665044 -0
172112.5 37548485.474837 -44892325.9571451 3071.90589167361 -1756.8395792903 200 0.116364052400284 -0
172312.5 38161382.2456207 -45241924.1346791 3057.10510141451 -1739.21849760741 200 0.113775994563485 -0
172512.5 38771344.5712197 -45588043.2422976 3042.56015914939 -1722.04574452828 200 0.111286540221995 -0
172712.5 39378422.8631128 -45930771.0998404 3028.26353460287 -1705.30303606081 200 0.108890452739624 -0
