0 314159000 0 -1177.9868342234 228.794707972761 100 0.00403837820768556 -0
100 314041181.119637 22879.4703068241 -1178.39082354234 228.79469325644 200 0.00404140891264846 -0
300 313805422.086283 68638.3991347037 -1179.19971248617 228.794575326835 400 0.00404748356588116 -0
700 313333418.077693 160156.126786052 -1180.82114393411 228.793983613325 800 0.00405968610509452 -0
1500 312387459.44487 343190.393543956 -1184.07872053804 228.791361685693 1600 0.00408430621212522 -0
3100 310487684.328713 709248.732953449 -1190.65353693475 228.78024068212 1600 0.00413442367198722 -0
4700 308577324.860229 1075282.85574701 -1197.3094801382 228.761041780931 1600 0.00418574443452097 -0
6300 306656249.686855 1441279.59794994 -1204.04849830816 228.733463603261 1600 0.00423831047773947 -0
7900 304724324.285042 1807225.30260358 -1210.87260752532 228.697191177548 1600 0.00429216571128395 -0
9500 302781410.849101 2173105.79742634 -1217.78389491327 228.65189519336 1600 0.00434735608717027 -0
11100 300827368.174926 2538906.37124219 -1224.7845219392 228.597231206293 1600 0.00440392971816294 -0
12700 298862051.538275 2904611.74909538 -1231.87672790563 228.532838790192 1600 0.00446193700439187 -0
14300 296885312.567301 3270206.06596381 -1239.06283364647 228.458340632591 1600 0.00452143076888417 -0
15900 294896999.109005 3635672.83897686 -1246.34524544179 228.373341568933 1600 0.00458246640274619 -0
17500 292896955.089232 4000994.93803562 -1253.72645916677 228.277427550714 1600 0.00464510202080055 -0
19100 290885020.365837 4366154.55472596 -1261.2090646918 228.17016454225 1600 0.00470939862856049 -0
20700 288861030.574589 4731133.16940537 -1268.79575055186 228.051097340276 1600 0.00477542030150892 -0
22300 286824816.967386 5095911.5163353 -1276.48930890504 227.919748310063 1600 0.00484323437774501 -0
23900 284776206.242282 5460469.54671996 -1284.29264080179 227.775616031115 1600 0.00491291166516618 -0
25500 282715020.364827 5824786.38950082 -1292.20876178819 227.61817384487 1600 0.0049845266644713 -0
27100 280641076.380147 6188840.30974356 -1300.24080786878 227.446868296071 1600 0.00505815780940105 -0
28700 278554186.215189 6552608.66444018 -1308.39204185669 227.26111745869 1600 0.00513388772577806 -0
30300 276454156.470471 6916067.85553351 -1316.66586014126 227.060309136347 1600 0.00521180351107139 -0
31900 274340788.200644 7279193.27995472 -1325.06579990628 226.843798926188 1600 0.005291997036393 -0
33500 272213876.68313 7641959.27644586 -1333.59554683478 226.610908134047 1600 0.00537456527303714 -0
35100 270073211.174005 8004339.06891866 -1342.25894334007 226.360921527475 1600 0.00545961064590269 -0
36700 267918574.650275 8366304.70607884 -1351.05999736598 226.093084911814 1600 0.00554724141639526 -0
38300 265749743.537575 8727826.99701969 -1360.00289180395 225.806602512934 1600 0.00563757209769457 -0
39900 263566487.422279 9088875.44246143 -1369.09199457886 225.500634148499 1600 0.00573072390559816 -0
41500 261368568.746899 9449418.16128211 -1378.33186946082 225.174292167661 1600 0.00582682524851912 -0
43100 259155742.487559 9809421.8119521 -1387.72728766582 224.826638136878 1600 0.00592601226063043 -0
44700 256927755.812235 10168851.5084465 -1397.28324031459 224.456679247063 1600 0.00602842938261734 -0
46300 254684347.718323 10527670.7301675 -1407.00495182614 224.063364414476 1600 0.00613422999503084 -0
47900 252425248.647975 10885841.2253636 -1416.89789433037 223.645580044613 1600 0.00624357710983944 -0
49500 250150180.079492 11243322.9074782 -1426.96780319338 223.202145424775 1600 0.00635664412646237 -0
51100 247858854.092926 11600073.743804 -1437.22069375876 222.731807706954 1600 0.00647361565935043 -0
52700 245550972.907845 11956049.6357543 -1447.6628794199 222.233236438085 1600 0.00659468844507307 -0
53500 244390728.242721 12133732.6003712 -1452.95701711862 221.972924777189 1600 0.00665682784559903 -0
54300 243226228.390965 12311204.2899768 -1458.30099114984 221.70501758969 1600 0.00672007233789585 -0
55100 242057433.132209 12488458.5521937 -1463.69568347363 221.429323992931 1600 0.00678445038286962 -0
55900 240884301.53153 12665489.0795253 -1469.14199863503 221.145647031954 1600 0.00684999140398183 -0
56700 239706791.921085 12842289.4044027 -1474.64086452328 220.853783440882 1600 0.00691672582766103 -0
57500 238524861.881119 13018852.8940372 -1480.19323316264 220.553523393047 1600 0.00698468512574551 -0
58300 237338468.22033 13195172.7450674 -1485.80008153651 220.244650239246 1600 0.00705390186007637 -0
59100 236147566.95556 13371241.9779927 -1491.46241244643 219.92694023346 1600 0.00712440972936774 -0
59900 234952113.290786 13547053.4313817 -1497.18125540783 219.600162245337 1600 0.00719624361849029 -0
60700 233752061.595377 13722599.7558446 -1502.95766758435 219.264077458688 1600 0.00726943965031274 -0
61500 232547365.381587 13897873.4077597 -1508.79273476266 218.918439055197 1600 0.00734403524025659 -0
62300 231337977.281254 14072866.6427395 -1514.68757237005 218.562991882496 1600 0.00742006915372966 -0
63100 230123849.021668 14247571.5088256 -1520.64332653683 218.197472105704 1600 0.007497581566616 -0
63900 228904931.400561 14421979.8393971 -1526.66117520613 217.821606841447 1600 0.0075766141290118 -0
64700 227681174.260203 14596083.2457797 -1532.74232929338 217.435113773353 1600 0.00765721003241093 -0
65500 226452526.460542 14769873.1095385 -1538.88803389836 217.037700747898 1600 0.00773941408055799 -0
66300 225218935.851348 14943340.5744402 -1545.09956957253 216.629065349432 1600 0.00782327276420272 -0
67100 223980349.243333 15116476.5380658 -1551.37825364473 216.208894453136 1600 0.00790883434000656 -0
67900 222736712.378172 15289271.6430567 -1557.72544160844 215.776863754556 1600 0.00799614891387079 -0
68700 221487969.897399 15461716.2679747 -1564.14252857401 215.332637274267 1600 0.00808526852897568 -0
69500 220234065.310108 15633800.5177552 -1570.63095078958 214.875866836146 1600 0.00817624725884159 -0
70300 218974940.959411 15805514.2137314 -1577.19218723448 214.406191517577 1600 0.00826914130574684 -0
71100 217710537.987589 15976846.883208 -1583.82776128931 213.923237069838 1600 0.00836400910486246 -0
71900 216440796.299879 16147787.7485574 -1590.53924248712 213.426615306751 1600 0.00846091143449187 -0
72700 215165654.526819 16318325.7158142 -1597.3282483504 212.915923459575 1600 0.00855991153283356 -0
73500 213885049.985095 16488449.3627393 -1604.19644631889 212.390743495932 1600 0.00866107522171795 -0
74300 212598918.636804 16658146.9263237 -1611.14555577365 211.850641400425 1600 0.00876447103780508 -0
75100 211307195.047053 16827406.2897009 -1618.17735016309 211.295166414406 1600 0.00887017037176897 -0
75900 210009812.339826 16996214.9684339 -1625.29365923719 210.723850232184 1600 0.00897824761603682 -0
76700 208706702.152006 17164560.0961402 -1632.49637139638 210.136206150718 1600 0.00908878032169776 -0
77500 207397794.585475 17332428.409418 -1639.78743616231 209.531728169647 1600 0.00920184936524638 -0
78300 206083018.157189 17499806.2320302 -1647.16886677794 208.909890038243 800 0.00931753912588168 -0
79100 204762299.747113 17666679.4583045 -1654.64274294515 208.270144245603 800 0.00943593767414279 -0
79900 203435564.543909 17833033.535701 -1662.2112137086 207.611920950108 800 0.00955713697272884 -0
80700 202102735.988259 17998853.4464979 -1669.87650049507 206.934626843856 800 0.00968123309042364 -0
81500 200763735.71369 18164123.6885415 -1677.64090031856 206.237643947409 800 0.00980832643012493 -0
82300 199418483.48476 18328828.2550015 -1685.50678916184 205.520328329846 800 0.00993852197206614 -0
83100 198066897.132471 18492950.6130719 -1693.47662554607 204.782008748648 800 0.0100719295334146 -0
83900 196708892.486741 18656473.6815492 -1701.55295430117 204.021985203528 800 0.010208664045536 -0
84700 195344383.305782 18819379.8072165 -1709.73841055043 203.239527397786 800 0.0103488458503322 -0
85500 193973281.202192 18981650.7399586 -1718.03572392389 202.433873100226 800 0.0104926010171866 -0
86300 192595495.565587 19143267.6065238 -1726.44772301633 201.604226400074 800 0.0106400616821953 -0
87100 191210933.481553 19304210.8828434 -1734.97734010698 200.749755846664 800 0.0107913664115173 -0
87900 189819499.646727 19464460.3648156 -1743.62761615914 199.869592464922 800 0.010946660590851 -0
88700 188421096.279742 19623995.1374468 -1752.40170612002 198.962827636897 800 0.0111060968432359 -0
89500 187015623.027819 19782793.5422429 -1761.30288454202 198.028510838658 800 0.0112698354775921 -0
90300 185602976.868716 19940833.1427271 -1770.33455154917 197.065647220944 800 0.0114380449706442 -0
91100 184183052.007767 20098090.6879565 -1779.5002391741 196.073195020843 800 0.0116109024851407 -0
91900 182755739.769683 20254542.0738946 -1788.80361809301 195.050062790574 800 0.0117885944275686 -0
92700 181320928.484804 20410162.3024904 -1798.24850478896 193.995106428152 800 0.0119713170488917 -0
93500 179878503.369436 20564925.4382955 -1807.83886917587 192.907125993222 800 0.0121592770921971 -0
94300 178428346.399893 20718804.562443 -1817.57884271915 191.784862289715 800 0.0123526924915454 -0
95100 176970336.179827 20871771.7237921 -1827.47272709148 190.626993195205 800 0.0125517931267651 -0
95900 175504347.800413 21023797.887028 -1837.52500340652 189.432129714776 800 0.0127568216394414 -0
96700 174030252.692896 21174852.8774862 -1847.74034207647 188.198811735024 800 0.0129680343159149 -0
97500 172547918.472981 21324905.3224512 -1858.12361334459 186.925503451266 800 0.0131857020437403 -0
98300 171057208.776521 21473922.5886566 -1868.67989854788 185.610588438272 800 0.0134101113487724 -0
99100 169557983.085869 21621870.7156888 -1879.41450217097 184.252364331683 800 0.0136415655208482 -0
99900 168050096.546258 21768714.3449671 -1890.33296475799 182.849037083798 800 0.0138803858369434 -0
100700 166533399.771483 21914416.6439458 -1901.44107675592 181.398714753466 800 0.0141269128917036 -0
101500 165007738.638099 22058939.2251466 -1912.74489337014 179.899400785429 800 0.0143815080464107 -0
102300 163472954.067317 22202242.0595943 -1924.25075052134 178.348986729494 800 0.0146445550087548 -0
103100 161928881.793648 22344283.3841854 -1935.96528200196 176.745244344303 800 0.0149164615572713 -0
103900 160375352.119311 22485019.6024728 -1947.89543794066 175.085817024187 800 0.0151976614259952 -0
104700 158812189.653305 22624405.1782996 -1960.04850469499 173.368210480444 800 0.015488616366811 -0
105500 157239213.03396 22762392.5216534 -1972.43212630502 171.589782600303 800 0.0157898184091728 -0
106300 155656234.633637 22898931.8660512 -1985.05432765564 169.747732397658 800 0.0161017923393832 -0
107100 154063060.244173 23033971.1366894 -1997.92353951127 167.83908795929 800 0.0164250984244927 -0
107900 152459488.741484 23167455.8085141 -2011.04862560537 165.86069327837 800 0.0167603354091842 -0
108700 150845311.727612 23299328.7532717 -2024.43891198796 163.809193853573 800 0.0171081438177974 -0
109500 149220313.148305 23429530.0745013 -2038.1042188578 161.681020916629 800 0.0174692095980206 -0
110300 147584268.88407 23557996.9293089 -2052.05489513309 159.472374133471 800 0.0178442681478243 -0
111100 145936946.312367 23684663.3356342 -2066.30185604429 157.179202603783 800 0.0182341087730487 -0
111500 145108980.526812 23747299.8418434 -2073.54001909742 155.999580537767 800 0.0184348349678438 -0
111900 144278103.838358 23809459.9635495 -2080.85662406623 154.79718396108 800 0.018639579629848 -0
112300 143444284.563167 23871134.4743025 -2088.25321346385 153.571426384181 800 0.0188484588743118 -0
112700 142607490.3917 23932313.9090893 -2095.7313735563 152.32170134453 800 0.0190615932139753 -0
113100 141767688.370891 23992988.5561759 -2103.29273598838 151.047381552379 800 0.0192791077656313 -0
113500 140924844.885656 24053148.4485979 -2110.93897948452 149.747817992374 800 0.0195011324683001 -0
113900 140078925.639714 24112783.3552829 -2118.67183162869 148.422338978279 800 0.0197278023137771 -0
114300 139229895.635665 24171882.7717847 -2126.49307072772 147.070249157937 800 0.0199592575903732 -0
114700 138377719.154322 24230435.9106096 -2134.40452776275 145.690828465385 800 0.0201956441407273 -0
115100 137522359.733228 24288431.6911115 -2142.4080884338 144.283331016828 800 0.0204371136346412 -0
115500 136663780.14435 24345858.7289344 -2150.50569530275 142.846983946912 800 0.0206838238579575 -0
115900 135801942.370883 24402705.3249763 -2158.6993500404 141.380986181511 800 0.020935939018582 -0
116300 134936807.58314 24458959.4538493 -2166.9911157837 139.884507142934 800 0.0211936300708383 -0
116700 134068336.11348 24514608.7518072 -2175.38311960957 138.356685383182 800 0.0214570750594376 -0
117100 133196487.430208 24569640.5041111 -2183.8775551322 136.796627140532 800 0.0217264594844474 -0
117500 132321220.110425 24624041.631802 -2192.47668523128 135.203404814388 800 0.0220019766887577 -0
117900 131442491.811752 24677798.6778458 -2201.18284491897 133.576055352945 800 0.0222838282696629 -0
118300 130560259.242879 24730897.7926146 -2209.99844435413 131.913578547784 800 0.0225722245163132 -0
118700 129674478.132876 24783324.7186669 -2218.92597201281 130.214935229076 800 0.0228673848749339 -0
119100 128785103.199208 24835064.7747843 -2227.96799802473 128.479045354563 800 0.0231695384438728 -0
119500 127892088.114373 24886102.8392215 -2237.12717768616 126.704785984941 800 0.0234789245007083 -0
119900 126995385.471105 24936423.3321224 -2246.4062551603 124.890989137692 800 0.0237957930638453 -0
120300 126094946.746052 24986010.1970524 -2255.80806737726 123.036439510754 800 0.0241204054912345 -0
120700 125190722.261856 25034846.8815918 -2265.33554814645 121.139872066713 800 0.0244530351190834 -0
121100 124282661.147538 25082916.3169338 -2274.99173249521 119.199969467453 800 0.0247939679436796 -0
121500 123370711.297108 25130200.8964249 -2284.77976124867 117.215359348326 800 0.0251435033497292 -0
121900 122454819.326283 25176682.4529803 -2294.70288586689 115.184611420014 800 0.0255019548889171 -0
122300 121534930.527222 25222342.2353039 -2304.76447355647 113.106234385214 800 0.0258696511127397 -0
122700 120610988.821156 25267160.8828356 -2314.96801267551 110.9786726562 400 0.0262469364640312 -0
123100 119682936.708797 25311118.3993428 -2325.31711845186 108.800302858069 400 0.0266341722320206 -0
123500 118750715.218386 25354194.1250687 -2335.81553903657 106.569430101162 400 0.0270317375762125 -0
123900 117814263.851258 25396366.7073388 -2346.46716191602 104.284284004673 400 0.027440030624893 -0
124300 116873520.524761 25437614.0695257 -2357.27602070821 101.943014451823 400 0.0278594696546203 -0
124700 115928421.512373 25477913.3782572 -2368.24630237079 99.5436870552158 400 0.0282904943576854 -0
125100 114978901.380856 25517241.0087495 -2379.38235485077 97.0842783089891 400 0.0287335672052159 -0
125500 114024892.924249 25555572.5081343 -2390.6886952082 94.5626704022156 400 0.0291891749143699 -0
125900 113066327.094514 25592882.5566388 -2402.17001824928 91.976645665584 400 0.0296578300289186 -0
126300 112103132.92862 25629144.926466 -2413.83120570693 89.3238806207206 400 0.0301400726234728 -0
126700 111135237.471842 25664332.4382097 -2425.6773360106 86.6019395985497 400 0.0306364721426747 -0
127100 110162565.697019 25698416.9146245 -2437.71369469067 83.8082678897985 400 0.031147629387866 -0
127500 109185040.419521 25731369.131556 -2449.94578546676 80.9401843870972 400 0.0316741786650759 -0
127900 108202582.207636 25763158.7658182 -2462.37934207398 77.9948736740522 400 0.0322167901096681 -0
128300 107215109.288064 25793754.3397889 -2475.02034088592 74.9693775121356 400 0.0327761722046593 -0
128700 106222537.446195 25823123.162469 -2487.87501439891 71.8605856711712 400 0.0333530745116083 -0
129100 105224779.920811 25851231.266734 -2500.94986564784 68.6652260435376 400 0.0339482906350926 -0
129500 104221747.292819 25878043.342477 -2514.25168363096 65.3798539758846 400 0.0345626614441806 -0
129900 103213347.367598 25903522.6653145 -2527.78755982825 62.0008407450567 400 0.0351970785770053 -0
130300 102199485.050512 25927631.0204998 -2541.56490590645 58.5243610969654 400 0.0358524882575947 -0
130700 101180062.215075 25950328.6216484 -2555.59147271306 54.9463797581961 400 0.0365298954575694 -0
131100 100154977.563253 25971574.0238465 -2569.87537067195 51.2626368200672 400 0.0372303684392383 -0
131500 99124126.4772995 25991324.0306693 -2584.42509170471 47.4686318835008 400 0.0379550437210738 -0
131900 98087400.8624994 26009533.5945883 -2599.24953281472 43.5596068402378 400 0.0387051315116188 -0
132300 97044688.980118 26026155.7101966 -2614.35802148552 39.5305271514226 400 0.0394819216636599 -0
132700 95995875.2698029 26041141.2996184 -2629.76034306086 35.3760614681416 400 0.0402867902071027 -0
133100 94940840.1606058 26054439.0894069 -2645.46677029231 31.0905594198362 400 0.0411212065265491 -0
133500 93879459.8697182 26065995.4781589 -2661.48809526038 26.6680273752867 400 0.0419867412582445 -0
133900 92811606.1879253 26075754.3939923 -2677.83566389827 22.1021019566805 400 0.0428850749910293 -0
134300 91737146.250689 26083657.140939 -2694.5214133732 17.3860210596708 400 0.0438180078674049 -0
134700 90655942.2936592 26089642.233201 -2711.55791260935 12.5125921007552 400 0.0447874701940684 -0
135100 89567851.3912958 26093645.2160998 -2728.95840626987 7.47415717710698 400 0.0457955341865868 -0
135500 88472725.1771473 26095598.4724124 -2746.73686255274 2.26255478241966 400 0.046844426990645 -0
135900 87370409.5441828 26095431.0126396 -2764.90802519793 -3.1309223255331 400 0.0479365451429285 -0
136300 86260744.3234058 26093068.247575 -2783.48747015204 -8.71557356513207 400 0.0490744706587452 -0
136700 85143562.9387877 26088431.7413511 -2802.49166739172 -14.5013418023004 400 0.0502609889615501 -0
137100 84018692.0363473 26081438.9429121 -2821.93804847081 -20.4988700504137 400 0.051499108902396 -0
137500 82885951.0849616 26072002.8936082 -2841.84508042823 -26.719564282106 400 0.0527920851559054 -0
137700 82316570.8572372 26066340.1922001 -2851.97741434742 -29.9173886277295 400 0.05346023481963 -0
137900 81745151.9461666 26060031.9082808 -2862.23234677331 -33.1756631341108 400 0.0541434433248335 -0
138100 81171669.569681 26053065.7855666 -2872.61251467428 -36.4960604474795 400 0.0548421983292988 -0
138300 80596098.4102352 26045429.2270719 -2883.12063638367 -39.8803154176024 400 0.0555570081384108 -0
138500 80018412.5982088 26037109.2823783 -2893.75951487576 -43.330228020629 400 0.0562884027878678 -0
138700 79438585.6946373 26028092.6343036 -2904.53204120471 -46.8476664485402 400 0.0570369351942692 -0
138900 78856590.6732382 26018365.584935 -2915.44119811609 -50.4345703763964 400 0.0578031823785413 -0
139100 78272399.9016959 26007914.0409897 -2926.49006384135 -54.0929544194496 400 0.0585877467675801 -0
139300 77685985.1221692 25996723.4984649 -2937.68181608634 -57.8249117931313 400 0.059391257579943 -0
139500 77097317.4309805 25984779.0265334 -2949.01973622555 -61.6326181899563 400 0.0602143723019196 -0
139700 76506367.257445 25972065.2506411 -2960.50721371484 -65.5183358885058 400 0.0610577782608597 -0
139900 75913104.3417929 25958566.3347591 -2972.14775073628 -69.484418110876 400 0.061922194303232 -0
140100 75317497.7121405 25944265.9627364 -2983.94496708938 -73.5333136463164 400 0.06280837258555 -0
140300 74719515.6604549 25929147.318701 -2995.90260534467 -77.6675717602419 400 0.0637171004870199 -0
140500 74119125.7174618 25913193.0664481 -3008.02453627604 -81.8898474094009 400 0.0646492026535674 -0
140700 73516294.6264369 25896385.3277535 -3020.31476459008 -86.2029067857285 400 0.0656055431837713 -0
140900 72910988.3158203 25878705.6595427 -3032.77743497152 -90.6096332133318 400 0.0665870279682051 -0
141100 72303171.8705885 25860135.0298434 -3045.41683846583 -95.1130334251546 400 0.0675946071947487 -0
141300 71692809.5023139 25840653.7924421 -3058.23741922108 -99.7162442481756 400 0.0686292780336198 -0
141500 71079864.5178386 25820241.660161 -3071.24378161342 -104.422539728528 400 0.0696920875171694 -0
141700 70464299.2864826 25798877.6766617 -3084.440697782 -109.23533873072 400 0.0707841356309405 -0
141900 69846075.2057008 25776540.1866797 -3097.83311560136 -114.158213048195 400 0.0719065786340808 -0
142100 69225152.6651006 25753206.804582 -3111.42616712173 -119.194896065874 400 0.0730606326289843 -0
142300 68601491.0087211 25728854.3811329 -3125.22517750969 -124.349292019028 400 0.0742475774020061 -0
142500 67975048.4954713 25703458.9683453 -3139.23567452461 -129.625485896978 400 0.0754687605592913 -0
142700 67345782.2576166 25676995.7822811 -3153.46339856922 -135.027754044661 200 0.0767256019842051 -0
142900 66713648.2571939 25649439.1636581 -3167.9143133555 -140.560575520159 200 0.0780195986455753 -0
143100 66078601.2402288 25620762.5361033 -3182.5946172309 -146.228644271877 200 0.079352329789004 -0
143300 65440594.6886172 25590938.3618843 -3197.51075521343 -152.036882205271 200 0.0807254625469031 -0
143500 64799580.7695243 25559938.0949306 -3212.66943178852 -157.9904532159 200 0.0821407580067225 -0
143700 64155510.2821443 25527732.130946 -3228.07762452489 -164.094778273303 200 0.0836000777810984 -0
143900 63508332.6016488 25494289.7543908 -3243.74259857194 -170.355551648662 200 0.0851053911284475 -0
144100 62857995.6201423 25459579.0820955 -3259.67192210634 -176.778758388836 200 0.0866587826779092 -0
144300 62204445.684428 25423567.0032464 -3275.87348280192 -183.370693149915 200 0.0882624608186 -0
144500 61547627.5303696 25386219.1154574 -3292.3555054033 -190.137980515389 200 0.0899187668199705 -0
144700 60887484.2136216 25347499.6566189 -3309.12657049126 -197.087596937337 200 0.0916301847577691 -0
144900 60223957.0364788 25307371.4321832 -3326.19563453577 -204.226894453985 200 0.0933993523288277 -0
145100 59556985.4705781 25265795.737515 -3343.57205134184 -211.563626353769 200 0.0952290726477605 -0
145300 58886507.0751626 25222732.2748983 -3361.26559500283 -219.105974974911 200 0.0971223271298595 -0
145500 58212457.4105929 25178139.0647534 -3379.28648448715 -226.862581850792 200 0.0990822895771968 -0
145700 57534769.9467678 25131972.3505699 -3397.6454099963 -234.842580435381 200 0.101112341599419 -0
145900 56853375.9660825 25084186.4970158 -3416.35356124553 -243.055631670109 200 0.103216089517229 -0
146100 56168204.4605253 25034733.8806251 -3435.42265783349 -251.511962684277 200 0.105397382915416 -0
146300 55479182.0224765 24983564.7724041 -3454.86498188372 -260.222408955869 200 0.107660335033849 -0
146500 54786232.7287343 24930627.2116306 -3474.69341315927 -269.198460299209 200 0.110009345209639 -0
146700 54089278.0172538 24875866.870038 -3494.92146687235 -278.452311090885 200 0.112449123612044 -0
146900 53388236.5560323 24819226.9054927 -3515.56333443367 -287.996915196664 200 0.114984718544451 -0
147100 52683024.1035306 24760647.8041732 -3536.63392741179 -297.846046120753 200 0.117621546625522 -0
147300 51973553.359955 24700067.2101485 -3558.14892500122 -308.014362965797 200 0.120365426205181 -0
147500 51259733.8086685 24637419.7411286 -3580.12482532982 -318.517482869017 200 0.123222614421739 -0
147700 50541471.5469266 24572636.7890184 -3602.57900097197 -329.372060668238 200 0.126199848365118 -0
147900 49818669.1050553 24505646.3037448 -3625.52975907358 -340.595876653484 200 0.1293043908795 -0
148100 49091225.2531066 24436372.5586454 -3648.99640654006 -352.207933377356 200 0.132544081618445 -0
148300 48359034.7939291 24364735.895497 -3672.9993207883 -364.228562633469 200 0.135927394058805 -0
148500 47621988.3414847 24290652.4470286 -3697.56002662053 -376.679543870004 200 0.13946349928913 -0
148700 46879972.0831279 24214033.8344883 -3722.70127984074 -389.584235488867 200 0.143162337516893 -0
148900 46132867.5244308 24134786.8375255 -3748.44715830604 -402.967720694749 200 0.147034698390469 -0
149100 45380551.2149899 24052813.0332904 -3774.82316118511 -416.856969808231 200 0.151092311411185 -0
149300 44622894.4534901 23968008.4012442 -3801.85631728605 -431.281021249817 200 0.155347947923337 -0
149400 44242021.6705796 23924510.3819149 -3815.62822145979 -438.703287122556 200 0.15755432898471 -0
149500 43859762.9700702 23880262.8896466 -3829.57530341044 -446.271183738152 200 0.159815536423511 -0
149600 43476100.6419967 23835251.1474881 -3843.70142647694 -453.989016553122 200 0.162133513537422 -0
149700 43091016.5841065 23789459.939429 -3858.01057384541 -461.86126269571 200 0.164510293229957 -0
149800 42704492.2896392 23742873.5928042 -3872.50685328902 -469.892579609621 200 0.166948003107211 -0
149900 42316508.8346221 23695475.959809 -3887.19450213229 -478.087814224727 200 0.169448870920003 -0
150000 41927046.8646565 23647250.3980679 -3902.07789245203 -486.45201269254 200 0.172015230378646 -0
150100 41536086.5811726 23598179.750201 -3917.16153652773 -494.990430727359 200 0.174649527369997 -0
150200 41143607.7271255 23548246.3223239 -3932.4500925549 -503.708544597402 200 0.177354326609146 -0
150300 40749589.5721066 23497431.8614134 -3947.94837063582 -512.612062814011 200 0.180132318761086 -0
150400 40354010.8968411 23445717.5314681 -3963.66133906272 -521.706938571051 200 0.182986328070952 -0
150500 39956849.9770423 23393083.8883848 -3979.59413090956 -530.999382991155 200 0.185919320545079 -0
150600 39558084.5665899 23339510.853467 -3995.75205094937 -540.495879240376 200 0.188934412729102 -0
150700 39157691.8800007 23284977.6854766 -4012.14058291498 -550.203197578215 200 0.192034881133765 -0
150800 38755648.5741538 23229462.9511303 -4028.76539712224 -560.128411415943 200 0.195224172364012 -0
150900 38351930.7292359 23172944.4939361 -4045.63235847566 -570.278914462687 200 0.198505914012384 -0
151000 37946513.8288651 23115399.4012583 -4062.7475348775 -580.662439045952 200 0.201883926383779 -0
151100 37539372.7393529 23056803.9694867 -4080.11720606287 -591.287075701215 200 0.205362235125349 -0
151200 37130481.6880611 22997133.6671797 -4097.74787288393 -602.161294134005 200 0.208945084842821 -0
151300 36719814.2408055 22936363.096038 -4115.6462670683 -613.293965667579 200 0.212636953792794 -0
151400 36307343.2782603 22874465.9495535 -4133.81936147728 -624.694387300061 200 0.216442569749921 -0
151500 35893040.9713099 22811414.9691675 -4152.2743808915 -636.37230750677 200 0.220366927158221 -0
151600 35476878.7552942 22747181.8977537 -4171.01881335234 -648.337953936683 100 0.22441530568738 -0
151700 35058827.3030916 22681737.4302319 -4190.06042208922 -660.602063166577 100 0.228593290327887 -0
151800 34638856.4969782 22615051.1610946 -4209.4072580638 -673.175912692689 100 0.232906793173421 -0
151900 34216935.3992003 22547091.5286148 -4229.06767316385 -686.071355357807 100 0.237362077055234 -0
152000 33793032.2211939 22477825.7554806 -4249.05033408021 -699.30085643186 100 0.24196578121166 -0
152100 33367114.2913807 22407219.785579 -4269.36423690193 -712.877533586584 100 0.246724949196541 -0
152200 32939148.0214672 22335238.2166264 -4290.01872246527 -726.815200029915 100 0.251647059253689 -0
152300 32509098.87117 22261844.2283154 -4311.02349249332 -741.128411093849 100 0.256740057410784 -0
152400 32076931.3112855 22186999.5056175 -4332.38862656327 -755.832514600951 100 0.262012393575859 -0
152500 31642608.7850203 22110664.1568446 -4354.12459993896 -770.94370536992 100 0.267473060953185 -0
152600 31206093.6674936 22032796.6260366 -4376.24230230569 -786.479084260197 100 0.27313163913353 -0
152700 30767347.2233195 21953353.5992 -4398.75305744388 -802.456722200075 100 0.278998341257117 -0
152800 30326329.5621726 21872289.9038728 -4421.66864387659 -818.895729692863 100 0.285084065696922 -0
152900 29882999.5922406 21789558.4014434 -4445.0013165233 -835.81633235211 100 0.291400452766084 -0
153000 29437314.9714582 21705109.8715888 -4468.76382938941 -853.23995308067 100 0.297959947017356 -0
153100 28989232.0564202 21618892.888134 -4492.96945931547 -871.189301580493 100 0.304775865775768 -0
153200 28538705.8488657 21530853.685563 -4517.63203080394 -889.688471961688 100 0.311862474629612 -0
153300 28085689.9396253 21440936.0153275 -4542.76594193227 -908.76304931209 100 0.319235070701162 -0
153400 27630136.4499225 21349080.9910118 -4568.38619134961 -928.440226193816 100 0.326910074629166 -0
153500 27171995.9699227 21255226.9213065 -4594.50840633968 -948.748930153136 100 0.334905132322641 -0
153600 26711217.4944231 21159309.1296299 -4621.14887191317 -969.719963466604 100 0.343239227692507 -0
153700 26247748.3555845 21061259.7591069 -4648.32456086887 -991.386156502397 100 0.351932807737587 -0
153800 25781534.152613 20961007.5614664 -4676.05316473235 -1013.78253625431 100 0.361007921558452 -0
153900 25312518.678308 20858477.6682546 -4704.35312544213 -1036.94651181043 100 0.370488375101119 -0
154000 24840643.8424123 20753591.3425719 -4733.24366760534 -1060.91807875331 100 0.380399903698569 -0
154100 24365849.5917175 20646265.709331 -4762.74483108412 -1085.74004475872 100 0.390770364788003 -0
154200 23888073.8269066 20536413.4617881 -4792.87750359866 -1111.45827897138 100 0.401629953543982 -0
154300 23407252.316153 20423942.5418274 -4823.66345293816 -1138.12198809547 100 0.41301144459168 -0
154400 22923318.6055381 20308755.7911635 -4855.12535825348 -1165.78402255376 100 0.424950463462376 -0
154500 22436203.9264138 20190750.5702656 -4887.28683975834 -1194.50121655124 100 0.437485792038956 -0
154600 21945837.0999095 20069818.3414008 -4920.17248598283 -1224.33476643893 100 0.450659712930012 -0
154700 21452144.4388788 19945844.2117176 -4953.80787749439 -1255.35065242555 100 0.46451839852779 -0
154750 21204027.1826931 19882678.6698783 -4970.91499767467 -1271.32401311192 100 0.47172012779644 -0
154800 20955049.6476844 19818706.4316937 -4988.21960570814 -1287.62010942414 100 0.479112351475181 -0
154850 20705201.8726308 19753911.1167038 -5005.7251854753 -1304.2487531702 100 0.486702140956357 -0
154900 20454473.72051 19688275.8439979 -5023.43528509763 -1321.22015382716 100 0.494496904405866 -0
154950 20202854.8752902 19621783.2118341 -5041.35351679774 -1338.54493861109 100 0.502504406287794 -0
155000 19950334.8387328 19554415.2762254 -5059.48355655616 -1356.234173754 100 0.510732788219646 -0
155050 19696902.9272175 19486153.5284307 -5077.82914353667 -1374.29938707173 100 0.519190591262087 -0
155100 19442548.268603 19416978.8712821 -5096.39407924868 -1392.752591913 100 0.5278867797562 -0
155150 19187259.799137 19346871.59428 -5115.18222641119 -1411.60631258719 100 0.536830766831304 -0
155200 18931026.260431 19275811.3473756 -5134.19750747875 -1430.87361137607 100 0.546032441717296 -0
155250 18673836.1965182 19203777.1133625 -5153.44390278486 -1450.56811724308 100 0.555502199007589 -0
155300 18415677.9510147 19130747.1787869 -5172.92544825281 -1470.70405636284 100 0.565250970031906 -0
155350 18156539.6644077 19056699.1032836 -5192.64623261802 -1491.29628460378 100 0.575290256512812 -0
155400 17896409.2714953 18981609.6872358 -5212.6103940987 -1512.36032210722 100 0.585632166695854 -0
155450 17635274.4990086 18905454.9376503 -5232.82211644421 -1533.91239011835 100 0.59628945416088 -0
155500 17373122.8634482 18828210.0321317 -5253.28562428154 -1555.96945023719 100 0.60727555954152 -0
155550 17109941.6691733 18749849.2808295 -5274.00517767048 -1578.54924627176 100 0.618604655401327 -0
155600 16845718.0067841 18670346.0862233 -5294.98506576684 -1601.67034889082 100 0.630291694538718 -0
155650 16580438.7518464 18589672.9006014 -5316.2295994806 -1625.35220329017 100 0.642352462019022 -0
155700 16314090.5640107 18507801.1810755 -5337.74310300128 -1649.6151801048 100 0.654803631260841 -0
155750 16046659.8865862 18424701.3419638 -5359.5299040469 -1674.48062981883 100 0.667662824535866 -0
155800 15778132.9466379 18340342.7043598 -5381.59432267444 -1699.9709409467 100 0.680948678276652 -0
155850 15508495.7556828 18254693.4426931 -5403.94065846898 -1726.10960228292 50 0.694680913625943 -0
155900 15237734.1110712 18167720.5280674 -5426.57317590493 -1752.92126954313 50 0.708880412704497 -0
155950 14965833.598151 18079389.668151 -5449.49608764612 -1780.4318367473 50 0.723569301122353 -0
156000 14692779.5933229 17989665.2433709 -5472.71353552094 -1808.66851272682 50 0.738771037311705 -0
156050 14418557.2681124 17898510.239145 -5496.22956887388 -1837.65990317012 50 0.754510509318568 -0
156100 14143151.594396 17805886.1738644 -5520.04811995551 -1867.43609865843 50 0.770814139755958 -0
156150 13866547.3509398 17711753.022314 -5544.1729759675 -1898.02876918256 50 0.787709999693926 -0
156200 13588729.1314286 17616069.134194 -5568.60774732807 -1929.47126567494 50 0.805227932342581 -0
156250 13309681.3541865 17518791.1473775 -5593.35583166411 -1961.79872913851 50 0.823399687473771 -0
156300 13029388.2738161 17419873.8955089 -5618.42037296919 -1995.04820800463 50 0.842259067626674 -0
156350 12747833.9950135 17319270.3095139 -5643.80421528921 -2029.25878440833 50 0.861842087253028 -0
156400 12465002.4888515 17216931.3125583 -5669.50985020955 -2064.47171012911 50 0.882187146080482 -0
156450 12180877.6118596 17112805.70795 -5695.53935731562 -2100.73055301068 50 0.903335218108752 -0
156500 11895443.1282764 17006840.0594412 -5721.89433668283 -2138.08135474353 50 0.925330057804443 -0
156550 11608682.7358993 16898978.5633364 -5748.57583231776 -2176.57280096962 50 0.948218425227994 -0
156600 11320580.0960127 16789162.9117662 -5775.58424531834 -2216.25640474994 50 0.972050332011912 -0
156650 11031118.8679455 16677332.1464306 -5802.9192353434 -2257.18670452179 50 0.996879310314932 -0
156700 10740282.7488792 16563422.5020562 -5830.57960877711 -2299.42147776502 50 1.02276270710379 -0
156750 10448055.5196194 16447367.2387508 -5858.56319173781 -2343.02197169267 50 1.04976200636465 -0
156800 10154421.0971391 16329096.4623684 -5886.86668580741 -2388.05315238284 50 1.07794318212163 -0
156850 9859363.59481729 16208536.9319251 -5915.48550404193 -2434.58397387259 50 1.1073770854419 -0
156900 9562867.391428 16085611.8530274 -5944.41358445837 -2482.68766884046 50 1.13813986893672 -0
156950 9264917.21008423 15960240.6561913 -5973.64317776944 -2532.44206260925 50 1.17031345262633 -0
157000 8965498.2085153 15832338.7588394 -6003.16460564706 -2583.92991230211 50 1.20398603542399 -0
157050 8664596.08225584 15701817.3096727 -6032.96598522578 -2637.23927307765 50 1.23925265690941 -0
157100 8362197.18255528 15568582.9140106 -6063.0329148961 -2692.46389344894 50 1.27621581450195 -0
157150 8058288.65108276 15432537.338596 -6093.34811566999 -2749.70364174773 50 1.31498614160395 -0
157200 7752858.57381007 15293577.1942549 -6123.89102150843 -2809.06496581912 50 1.35568315275703 -0
157250 7445896.15681123 15151593.5946971 -6154.63731096409 -2870.66138800926 50 1.39843606232553 -0
157300 7137391.92712861 15006471.7896441 -6185.5583712876 -2934.61403742031 50 1.44338468367433 -0
157350 6827337.96233252 14858090.7703743 -6216.62068474603 -3001.05222122943 50 1.49068041621497 -0
157400 6515728.1529533 14706322.8456943 -6247.78512527754 -3070.11403657023 50 1.54048732801765 -0
157425 6359338.46607322 14629126.9516048 -6263.39168660843 -3105.674524856 50 1.56638750113918 -0
157450 6202558.50262088 14551033.1862145 -6279.00615173152 -3141.94702396686 50 1.59298334188395 -0
157475 6045388.14953245 14472023.500241 -6294.6216737545 -3178.95156611042 50 1.62029946822997 -0
157500 5887827.47139346 14392079.3351535 -6310.23088169871 -3216.7088629146 50 1.64836153269199 -0
157525 5729876.72399559 14311181.6058884 -6325.82584370227 -3255.24032940076 50 1.67719626947538 -0
157550 5571536.36884625 14229310.6829588 -6341.39802755973 -3294.56810855403 50 1.70683154364288 -0
157575 5412807.08870004 14146446.3739427 -6356.9382583988 -3334.71509645809 50 1.73729640233402 -0
157600 5253689.80418624 14062567.9043351 -6372.43667327988 -3375.70496795269 50 1.76862112806814 -0
157625 5094185.69161225 13977653.8977542 -6387.88267248815 -3417.56220276112 50 1.80083729415144 -0
157650 4934296.20202856 13891682.3554878 -6403.26486727108 -3460.31211202218 50 1.83397782219538 -0
157675 4774023.08164747 13804630.6353731 -6418.57102375615 -3503.98086514693 50 1.86807704173748 -0
157700 4613368.39371455 13716475.4300019 -6433.78800276448 -3548.59551690356 50 1.90317075193619 -0
157725 4452334.54193923 13627192.7442462 -6448.90169521579 -3594.18403461481 50 1.93929628528831 -0
157750 4290924.29559877 13536757.8721051 -6463.89695279878 -3640.77532533014 50 1.97649257328914 -0
157775 4129140.81643816 13445145.3728734 -6478.75751355844 -3688.39926281007 50 2.01480021392265 -0
157800 3966987.68749786 13352329.0466403 -6493.46592202843 -3737.08671413094 50 2.05426154082947 -0
157825 3804468.94401038 13258281.9091299 -6508.003443512 -3786.86956568602 50 2.09492069395385 -0
157850 3641589.10651749 13162976.1659023 -6522.34997208954 -3837.78074832101 50 2.13682369141652 -0
157875 3478353.21637018 13066383.1859395 -6536.48393190467 -3889.85426129985 50 2.18001850229584 -0
157900 3314766.87378547 12968473.4746513 -6550.38217125419 -3943.12519474799 50 2.22455511992516 -0
157925 3150836.2786461 12869216.6463424 -6564.01984898 -3997.62975016548 50 2.27048563522651 -0
157950 2986568.27424211 12768581.3961964 -6577.37031263457 -4053.40525853984 50 2.3178643094995 -0
157975 2821970.39416694 12666535.4718421 -6590.40496786482 -4110.49019551785 50 2.36674764596575 -0
158000 2657050.91259459 12563045.6445836 -6603.09313843448 -4168.92419301587 50 2.41719445923309 -0
158025 2491818.89817966 12458077.6803928 -6615.40191628128 -4228.74804655757 25 2.46926594168498 -0
158050 2326284.27183685 12351596.3107785 -6627.29600098493 -4290.0037175266 25 2.52302572561905 -0
158075 2160457.86867293 12243565.2036742 -6638.73752800501 -4352.73432940685 25 2.57853993974812 -0
158100 1994351.50435983 12133946.9345048 -6649.68588503612 -4416.98415695429 25 2.63587725843682 -0
158125 1827978.04625426 12022702.9576245 -6660.09751582326 -4482.79860710005 25 2.69510894177018 -0
158150 1661351.48958554 11909793.5783507 -6669.92571078407 -4550.22419022264 25 2.7563088642354 -0
158175 1494487.0390494 11795177.9258508 -6679.12038379997 -4619.30848024679 25 2.81955352943802 -0
158200 1327401.19616134 11678813.9271853 -6687.62783456769 -4690.10006182568 25 2.88492206786434 -6.73166645918851e-311
158225 1160111.85273752 11560658.2828527 -6695.3904959492 -4762.64846264016 25 2.95249621423837 -7.19069436940292e-303
158250 992638.390884758 11440666.4442353 -6702.34666582678 -4837.00406860193 25 3.02236026049677 -9.30938182025324e-295
158275 825001.789892038 11318792.5934051 -6708.43022306419 -4913.21801947587 25 3.09460097981532 -1.16558147278292e-286
158300 657224.740424657 11194989.6258115 -6713.57032730185 -4991.34208213867 25 3.16930751645773 -1.40517465042244e-278
158325 489331.766426912 11069209.1364501 -6717.69110247885 -5071.42849836513 25 3.2465712354786 -1.62351297543485e-270
158350 321349.355139312 10941401.4101901 -6720.71130418584 -5153.52980368094 25 3.32648552549054 -1.7887971969367e-262
158375 153306.095630533 10811515.4170321 -6722.543971219 -5237.69861344029 25 3.40914554679865 -1.86960805242139e-254
158400 -14767.1737688885 10679498.8131677 -6723.09606203638 -5323.98737188063 25 3.49464791621063 -1.8432406824605e-246
158425 -182837.208766626 10545297.948823 -6722.26807722549 -5412.44805947775 25 3.58309031874832 -1.70395508814824e-238
158450 -350868.192811609 10408857.8839929 -6719.95366958816 -5503.13185347616 25 3.6745710353206 -1.46763070919924e-230
158475 -518821.560916689 10270122.4133053 -6716.03924404918 -5596.08873600957 25 3.76918837417527 -1.16982635023548e-222
158500 -686655.813381474 10129034.1013994 -6710.40355031609 -5691.36704376295 25 3.86703999264436 -8.56743010490894e-215
158525 -854326.319279476 9985534.3303612 -6702.91727207447 -5789.01295267423 25 3.96822209435403 -5.72120299173556e-207
158550 -1021785.10968063 9839563.36092414 -6693.4426175156 -5889.06989074747 25 4.07282848571926 -3.45547792957258e-199
158575 -1188980.66071465 9691060.4093249 -6681.83291717973 -5991.57787167157 25 4.18094947422975 -1.87141886705788e-191
158600 -1355857.66674698 9539963.74188692 -6667.93223647749 -6096.57274163917 25 4.29267058981623 -9.00542103242532e-184
158625 -1522356.80414276 9386210.7895998 -6651.57501184174 -6204.08533157365 25 4.40807110954612 -3.81322932492652e-176
158650 -1688414.48634009 9229738.28515687 -6632.58572127904 -6314.14050694292 25 4.52722236513505 -1.4062702429584e-168
158675 -1853962.61124829 9070482.42510762 -6610.77860214396 -6426.75610752176 25 4.6501858124066 -4.46781838453393e-161
158700 -2018928.30233587 8908379.05996709 -6585.95743125751 -6541.9417699226 25 4.77701084204623 -1.20880792337958e-153
158725 -2183233.64518181 8743363.91529494 -6557.91538502734 -6659.69762652689 25 4.90773231197221 -2.75135268848855e-146
158750 -2346795.42173957 8575372.84690107 -6526.43499998558 -6780.01287570193 25 5.04236778361981 -5.20056292284233e-139
158775 -2509524.84510992 8404342.13344162 -6491.28825710475 -6902.86421998412 25 5.1809144476783 -8.05270439736168e-132
158800 -2671327.29824101 8230208.80972298 -6452.23681632446 -7028.21417135865 25 5.32334572964491 -1.00685298854858e-124
158825 -2832102.08067376 8052911.04401444 -6409.03243083475 -7156.00922599021 25 5.46960757231329 -1.00122678095402e-117
158850 -2991742.16822762 7872388.5625619 -6361.41757369024 -7286.17791488148 25 5.61961440136769 -7.79301017675225e-111
158875 -3150133.99137142 7688583.12427112 -6309.12631210757 -7418.62874207931 25 5.77324479198866 -4.66871207936497e-104
158900 -3307157.23893803 7501439.0481624 -6251.88546710643 -7553.2480283214 25 5.93033686915611 -2.11526323513579e-97
158925 -3462684.69480444 7310903.7956603 -6189.41609771978 -7689.89768550264 25 6.09068349247195 -7.11549924586083e-91
158950 -3616582.11614828 7116928.60904103 -6121.43534948537 -7828.4129560816 25 6.25402729802588 -1.74325502130892e-84
158975 -3768708.16287573 6919469.20638476 -6047.65870594564 -7968.60016151981 25 6.420055695137 -3.04873457128153e-78
159000 -3918914.38875225 6718486.53214139 -5967.80267897635 -8110.23451493648 25 6.58839594451787 -3.72757696101719e-72
159025 -4067045.30560191 6513947.56089066 -5881.58796844821 -8253.05806513642 25 6.75861047599136 -3.11815465699594e-66
159050 -4212938.53260778 6305826.15004288 -5788.74311349322 -8396.77785164752 25 6.93019263737273 -1.74517282624072e-60
159075 -4356425.04316434 6094103.93507974 -5689.00864601615 -8541.06436282704 25 7.10256310001266 -6.38660949695539e-55
159100 -4497329.52181451 5878771.25848541 -5582.14174164712 -8685.55040070272 25 7.27506717867073 -1.49266672517105e-49
159125 -4635470.84344816 5659828.12079873 -5467.92134380406 -8829.83046603227 25 7.44697335108572 -2.1750696677555e-44
159137.5 -4703447.27813255 5549005.50613302 -5407.99181480522 -8901.75605859187 25 7.53245258167137 -6.90200365556719e-42
159150 -4770662.68611193 5437285.13929389 -5346.15371287541 -8973.46078377872 25 7.61747328230898 -1.92838601667616e-39
159162.5 -4837093.08913296 5324670.16202081 -5282.38805695046 -9044.88331826647 25 7.70192271057131 -4.72919301191665e-37
159175 -4902714.2868447 5211164.49670305 -5216.67832497276 -9115.96009254799 25 7.78568366742173 -1.01486672561384e-34
159187.5 -4967501.88875779 5096772.87400647 -5149.01064953963 -9186.62536567793 25 7.86863467543778 -1.8998261258465e-32
159200 -5031431.34865344 4981500.85946461 -5079.37401399463 -9256.81131633992 25 7.95065019658692 -3.09283802497327e-30
159212.5 -5094478.00143909 4865354.87882603 -5007.76044754858 -9326.44815091253 25 8.03160089121016 -4.36514512915748e-28
159225 -5156617.10242903 4748342.24194144 -4934.16521789176 -9395.46422909757 25 8.1113539195584 -5.32481808017409e-26
159237.5 -5217823.86900841 4630471.16496844 -4858.58701964132 -9463.78620754464 25 8.18977328685846 -5.59694688031788e-24
159250 -5278073.52461768 4511750.79066692 -4781.02815686036 -9531.33920175661 25 8.26672023246365 -5.05389043579524e-22
159262.5 -5337341.34497189 4392191.20655564 -4701.49471779094 -9598.04696639239 25 8.34205366316614 -3.90869379095449e-20
159275 -5395602.7064054 4271803.46070035 -4619.9967398658 -9663.83209389623 25 8.41563063021985 -2.58160429410719e-18
159287.5 -5452833.1362081 4150599.57490579 -4536.54836300549 -9728.61623117929 25 8.48730684904689 -1.4519178113248e-16
159300 -5509008.36479411 4028592.55508883 -4451.16796917261 -9792.3203138599 25 8.55693725998401 -6.93354154223208e-15
159312.5 -5564104.37951839 3905796.39861749 -4363.87830614548 -9854.8648173372 25 8.62437662777595 -2.80364360402101e-13
159325 -5618097.47993138 3782226.09841123 -4274.7065934932 -9916.17002373108 25 8.68948017685015 -9.57347605675609e-12
159337.5 -5670964.33423673 3657897.64361156 -4183.68460878436 -9976.15630347339 25 8.75210425872258 -2.75330432099684e-10
159350 -5722682.03669332 3532828.01664867 -4090.84875214503 -10034.7444100853 25 8.81210704720139 -6.6523070080329e-09
159362.5 -5773228.16567962 3407035.18654973 -3996.24008739986 -10091.8557864278 25 8.86934925638701 -1.3469769690249e-07
159375 -5822580.84211744 3280538.09835737 -3899.90435818273 -10147.4128804708 12.5 8.92369487583073 -2.28033125576837e-06
159387.5 -5870718.78793318 3153356.65855292 -3801.8919775918 -10201.3394683991 12.5 8.97501191662321 -3.22042063624426e-05
159400 -5917621.38421788 3025511.71640716 -3702.25799018595 -10253.560982662 12.5 9.02317316165768 -0.000378600532827321
159412.5 -5963268.72873446 2897025.04121306 -3601.0620053745 -10304.0048423844 12.5 9.0680569128631 -0.00369771944903149
159425 -6007641.69240975 2767919.29538776 -3498.36810153646 -10352.6007833998 12.5 9.10954772784108 -0.0299472519165258
159437.5 -6050721.9744432 2638218.00346636 -3394.24470051546 -10399.2811850321 12.5 9.14753713805845 -0.200768342115903
159450 -6092492.15566122 2507945.51704683 -3288.76441246416 -10443.9813906517 12.5 9.18192434052644 -1.11238496180919
159462.5 -6132935.74974824 2377126.97578266 -3182.0038513478 -10486.6400189334 12.5 9.2126168548004 -5.08635734898727
159475 -6172037.25199136 2245788.26455955 -3074.04342175131 -10527.1992626387 12.5 9.2395311376091 -19.1684468801218
159487.5 -6209782.18518574 2113955.96703192 -2964.96707799419 -10565.60517173 12.5 9.26259314923151 -59.4702684041217
159500 -6246157.14236322 1981657.31573342 -2854.86205702172 -10601.8079180303 12.5 9.28173886803847 -151.747114297452
159512.5 -6281149.82602869 1848920.13900375 -2743.81858715595 -10635.7620398141 12.5 9.29691474741877 -318.19608180232
159525 -6314749.08361834 1715772.80498567 -2631.92957529803 -10667.4266659459 12.5 9.3080780991963 -547.95170788658
159537.5 -6346944.93892646 1582244.16295339 -2519.29027502794 -10696.7657182231 12.5 9.31519738259181 -774.561769547159
159550 -6377728.61927292 1448363.48227385 -2405.99793724591 -10723.7480864693 12.5 9.31825239903406 -898.47127259428
159562.5 -6407092.57820171 1314160.38939376 -2292.15144480384 -10748.3477680328 12.5 9.31723442493525 -855.125899590875
159575 -6435030.51352667 1179664.80333073 -2177.85093412169 -10770.5439677451 12.5 9.31214630419823 -667.809414861324
159587.5 -6461537.38059177 1044906.87013863 -2063.19740885087 -10790.3211635441 12.5 9.30300247017906 -428.021873847275
159600 -6486609.40068047 909916.896721625 -1948.29235078407 -10807.6691461376 12.5 9.28982884999686 -225.237015895926
159612.5 -6510244.0645626 774725.284300188 -1833.23733135899 -10822.5830345502 12.5 9.27266265089582 -97.3683493315006
159625 -6532440.13119903 639362.461860229 -1718.13362568869 -10835.063262159 12.5 9.25155206826106 -34.6032967076705
159637.5 -6553197.6216487 503858.819990555 -1603.08183138558 -10845.1155280378 12.5 9.22655594052305 -10.1187875178365
159650 -6572517.80825757 368244.645548753 -1488.18149542798 -10852.7507134352 12.5 9.19774334597579 -2.4373133688052
159662.5 -6590403.19925226 232550.057572794 -1373.53075263936 -10857.9847666014 12.5 9.16519313166224 -0.484167767327593
159675 -6606857.51890429 96804.9448121209 -1259.2259789769 -10860.8385593193 12.5 9.12899337648681 -0.0794289652847468
159687.5 -6621885.68346715 -38961.0947839322 -1145.36146231394 -10861.3377175444 12.5 9.08924079842471 -0.0107776090690052
159700 -6635493.77311967 -174718.812309224 -1032.02909301912 -10859.5124281357 12.5 9.04604011581441 -0.00121157715738975
159712.5 -6647689.00017589 -310439.363589471 -919.318076338438 -10855.3972237952 12.5 8.99950337104005 -0.000113044548308721
159725 -6658479.67384516 -446094.362058804 -807.314668291843 -10849.0307486099 12.5 8.9497492242719 -8.7712249741742e-06
159737.5 -6667875.16184525 -581655.928597843 -696.101936477791 -10840.4555067982 12.5 8.89690222498737 -5.67126196798953e-07
159750 -6675885.8491869 -717096.738140212 -585.759546845116 -10829.7175973717 12.5 8.84109206906047 -3.06236065073667e-08
159762.5 -6682523.0944593 -852390.062888672 -476.36357715514 -10816.8664374731 25 8.78245284908742 -1.38416218781118e-09
159775 -6687799.18395282 -987509.812016573 -367.986357526053 -10801.9544771458 25 8.72112230533589 -5.24945056531508e-11
159787.5 -6691727.28395838 -1122430.56776454 -260.69633813318 -10785.0369082494 25 8.65724108430675 -1.67463933841035e-12
159800 -6694321.39158178 -1257127.61787577 -154.557983837787 -10766.171370153 25 8.59095201140915 -4.50539143104776e-14
159812.5 -6695596.28440661 -1391576.98434558 -49.6316952378195 -10745.4176547276 25 8.52239938368905 -1.02495881413513e-15
159825 -6695567.46933172 -1525755.44849144 54.0262446200203 -10722.8374130146 25 8.45172828793603 -1.9771250109236e-17
159837.5 -6694251.13089782 -1659640.57237839 156.363698853709 -10698.4938657857 25 8.3790839488384 -3.24291780843897e-19
159850 -6691664.07940466 -1793210.7166616 257.332681868271 -10672.4515200237 25 8.30461111117977 -4.5358426017549e-21
159862.5 -6687823.69910394 -1926445.05493144 356.889342336462 -10644.7758931563 25 8.22845345938431 -5.42586576445466e-23
159875 -6682747.8967358 -2059323.58466862 454.993925522173 -10615.5332466672 25 8.15075307703781 -5.56746556414514e-25
159887.5 -6676455.05065702 -2191827.13493543 551.610716535483 -10584.790330495 25 8.07164994834966 -4.91505510138443e-27
159900 -6668963.96078919 -2323937.37094583 646.707966183241 -10552.6141394191 25 7.99128150288621 -3.74455425598046e-29
159912.5 -6660293.79959351 -2455636.79567049 740.257801126009 -10519.0716824159 25 7.90978220430937 -2.4694601614669e-31
159925 -6650464.0642578 -2586908.74864397 832.236120072978 -10484.2297657658 25 7.82728318330139 -1.4140714673862e-33
159937.5 -6639494.53025928 -2717737.40214988 922.622477743347 -10448.154790492 25 7.74391191435297 -7.05262486438366e-36
159950 -6627405.2064454 -2848107.7549657 1011.39995829807 -10410.9125645279 25 7.65979193564225 -3.07316452383977e-38
159962.5 -6614216.2917539 -2978005.62385301 1098.55503990247 -10372.5681298315 25 7.57504261083661 -1.17360628804381e-40
159975 -6599948.1336729 -3107417.63298044 1184.0774520204 -10333.1856045094 25 7.48977893131023 -3.94007813007456e-43
159987.5 -6584621.18852229 -3236331.20146663 1267.96002696781 -10292.828039865 25 7.40411135698677 -1.16646929343363e-45
160012.5 -6550873.08142619 -3492616.58130239 1430.7915895144 -10209.4339086324 25 7.23198300539347 -7.09738121888417e-51
160037.5 -6513136.40831688 -3746776.44115746 1587.04857504421 -10122.8642935275 25 7.05944679088847 -2.70874425247355e-56
160062.5 -6471575.12955795 -3998737.13031928 1736.76950067772 -10033.5739305294 25 6.88721497137723 -6.64166208898611e-62
160087.5 -6426351.79891261 -4248436.04530809 1880.02755256628 -9941.99156492904 25 6.71592320886589 -1.07101482166838e-67
160112.5 -6377626.75796005 -4495820.96077831 2016.92572607348 -9848.51852055034 25 6.54613237770503 -1.16207576032492e-73
160137.5 -6325557.44930544 -4740849.33294784 2147.59219471984 -9753.52791737359 25 6.37833149898532 -8.67386405610835e-80
160162.5 -6270297.84201412 -4983487.59060617 2272.17597216539 -9657.36444476681 25 6.21294152204479 -4.55023190706567e-86
160187.5 -6211997.96136388 -5223710.42644433 2390.84291036453 -9560.34459911787 25 6.05031970315877 -1.71264487664468e-92
160212.5 -6150803.51416395 -5461500.09922284 2503.77205889736 -9462.75729933214 25 5.8907643643179 -4.71778364324055e-99
160237.5 -6086855.60045829 -5696845.75521174 2611.15239546734 -9364.86480045389 25 5.73451984895542 -9.69428305290573e-106
160262.5 -6020290.50233722 -5929742.77544225 2713.17992555944 -9266.90383375718 25 5.58178152461078 -1.51325680321315e-112
160287.5 -5951239.54075194 -6160192.15362683 2810.05514004523 -9169.08691036111 25 5.43270071345522 -1.82592563769704e-119
160312.5 -5879828.99159604 -6388199.90814052 2901.98081278914 -9071.60373423203 25 5.2873894595039 -1.73151388007894e-126
160337.5 -5806180.05282821 -6613776.53021111 2989.16011570132 -8974.6226789573 25 5.14592506575441 -1.31096200907956e-133
160362.5 -5730408.85501309 -6836936.46942576 3071.7950258398 -8878.29229064774 25 5.00835435529003 -8.04417230121443e-141
160387.5 -5652626.50831265 -7057697.65681322 3150.08499774598 -8782.74278658286 25 4.87469762765948 -4.05762186744519e-148
160412.5 -5572939.17963656 -7276081.0650836 3224.22587389051 -8688.08752566935 25 4.74495229583171 -1.70533058543519e-155
160437.5 -5491448.19433306 -7492110.30508119 3294.40900663781 -8594.42443241115 25 4.61909620005344 -6.04821639884609e-163
160462.5 -5408250.15745331 -7705811.25711056 3360.82056627268 -8501.8373609065 25 4.49709060338066 -1.83215213106626e-170
160487.5 -5323437.09024023 -7917211.73551087 3423.64101117869 -8410.39738943835 25 4.37888287989203 -4.79463931115547e-178
160512.5 -5237096.57806829 -8126341.18466095 3483.04469805922 -8320.16403957419 25 4.26440891099074 -1.09566730936879e-185
160537.5 -5149311.9265894 -8333230.40448072 3539.19961202557 -8231.18641641282 25 4.15359520809937 -2.20868573900813e-193
160562.5 -5060162.32331993 -8537911.30343882 3592.26719834995 -8143.50426878625 25 4.04636078175262 -3.96528277137017e-201
160587.5 -4969723.00233448 -8740416.67706844 3642.40227962467 -8057.14896992003 25 3.94261877785855 -6.39753616370478e-209
160612.5 -4878065.41011483 -8940780.01002298 3689.75304393453 -7972.14442034777 25 3.84227790195408 -9.35483028562026e-217
160637.5 -4785257.37094032 -9139035.2997607 3734.46109140485 -7888.50787583016 25 3.74524365180996 -1.24972531996925e-224
160662.5 -4691363.25050122 -9335216.90002486 3776.66152811201 -7806.25070370548 25 3.65141937789841 -1.53679438188854e-232
160687.5 -4596444.11667288 -9529359.38237827 3816.48309782811 -7725.37907154938 25 3.56070719014273 -1.75191779409148e-240
160712.5 -4500557.89661006 -9721497.41415111 3854.04834341229 -7645.89457229067 25 3.47300872812085 -1.8638050053579e-248
160737.5 -4403759.52950977 -9911665.65126679 3889.47379086083 -7567.79479005712 25 3.38822581056622 -1.86207008786417e-256
160762.5 -4306101.11455233 -10099898.6445179 3922.87015009341 -7491.073811041 25 3.30626097865725 -1.75734932034147e-264
160787.5 -4207632.05366645 -10286230.7579706 3954.34252749009 -7415.72268360685 25 3.22701794625025 -1.57540206830033e-272
160812.5 -4108399.18887813 -10470696.0982798 3983.99064601409 -7341.72983173482 25 3.15040196892141 -1.34851721543903e-280
160837.5 -4008446.93409832 -10653328.453799 4011.9090694688 -7269.08142571997 25 3.07632014245907 -1.10758756936738e-288
160862.5 -3907817.40128256 -10834161.2424608 4038.18742805377 -7197.76171384569 25 3.00468164030176 -8.76905919657632e-297
160887.5 -3806550.52096007 -11013227.4674996 4062.91064291468 -7127.75331852849 25 2.93539789835698 -6.72136965806981e-305
160912.5 -3704684.15718127 -11190559.6801672 4086.15914783561 -7059.0375002023 25 2.86838275466261 -0
160937.5 -3602254.21697443 -11366189.9486744 4108.00910660773 -6991.59439197743 25 2.80355255046773 -0
160962.5 -3499294.7544343 -11540149.8326631 4128.53262493481 -6925.40320788008 25 2.74082619850876 -0
160987.5 -3395838.06959065 -11712470.3625815 4147.79795601106 -6860.44242725491 25 2.68012522353752 -0
161012.5 -3291914.80222325 -11883182.0233958 4165.86969913688 -6796.68995769856 25 2.62137377951377 -0
161037.5 -3187554.02080337 -12052314.7421303 4182.80899092926 -6734.12327868893 25 2.56449864730148 -0
161062.5 -3082783.30675054 -12219897.8787773 4198.67368884258 -6672.7195678828 25 2.50942921619944 -0
161087.5 -2977628.83419931 -12385960.2201664 4213.51854684475 -6612.45581187565 25 2.45609745218705 -0
161112.5 -2872115.44547267 -12550529.9764263 4227.39538319989 -6553.3089030508 25 2.4044378553697 -0
161137.5 -2766266.72245928 -12713634.7797088 4240.3532403939 -6495.25572399093 50 2.35438740875981 -0
161162.5 -2660105.05408976 -12875301.6848823 4252.43853730682 -6438.27322078353 50 2.30588552022444 -0
161187.5 -2553651.70010402 -13035557.171931 4263.69521378976 -6382.33846642153 50 2.25887395916326 -0
161212.5 -2446926.85129703 -13194427.1498276 4274.16486784448 -6327.42871538161 50 2.21329678924806 -0
161237.5 -2339949.68642526 -13351936.9616692 4283.8868856352 -6273.52145035432 50 2.16910029835217 -0
161262.5 -2232738.42594975 -13508111.3908942 4292.89856458397 -6220.59442200155 50 2.12623292662231 -0
161287.5 -2125310.38278555 -13662974.6684123 4301.23522981674 -6168.62568252729 50 2.08464519349299 -0
161312.5 -2017682.01022021 -13816550.4805058 4308.93034423643 -6117.59361376683 50 2.04428962431171 -0
161337.5 -1909868.94715721 -13968861.97737 4316.01561250456 -6067.47695042602 50 2.00512067712929 -0
161362.5 -1801886.06083299 -14119931.7821803 4322.52107921389 -6018.25479903635 50 1.96709467011214 -0
161387.5 -1693747.48714943 -14269782.0005847 4328.47522153262 -5969.90665313148 50 1.93016970994871 -0
161412.5 -1585466.66875639 -14418434.230534 4333.90503659669 -5922.41240509775 50 1.89430562155071 -0
161437.5 -1477056.39101226 -14565909.5723698 4338.83612392012 -5875.75235510221 50 1.85946387928781 -0
161462.5 -1368528.81594383 -14712228.6391043 4343.29276308612 -5829.9072174587 50 1.82560753994219 -0
161487.5 -1259895.5143202 -14857411.5668291 4347.29798697302 -5784.85812475327 50 1.79270117752474 -0
161512.5 -1151167.49594927 -15001478.0252035 4350.87365075955 -5740.58663001534 50 1.76071082005688 -0
161537.5 -1042355.23829943 -15144447.2279747 4354.04049694438 -5697.07470718939 50 1.72960388839012 -0
161562.5 -933468.713543225 -15286337.9434908 4356.81821660441 -5654.30475013404 50 1.69934913710888 -0
161587.5 -824517.414114321 -15427168.5051728 4359.22550710637 -5612.25957035011 50 1.66991659753968 -0
161612.5 -715510.376863908 -15566956.8219159 4361.28012647555 -5570.9223936165 50 1.64127752287104 -0
161637.5 -606456.205897615 -15705720.3883941 4362.99894461577 -5530.27685569291 50 1.61340433537362 -0
161662.5 -497363.094169362 -15843476.2952482 4364.39799156437 -5490.30699723 50 1.58627057569713 -0
161687.5 -388238.843904086 -15980241.2391367 4365.49250295641 -5450.99725801164 50 1.55985085421053 -0
161712.5 -279090.885917016 -16116031.5326368 4366.29696286276 -5412.33247063954 50 1.53412080434427 -0
161762.5 -60751.8216497331 -16384751.5565701 4367.09014658801 -5336.87900486582 50 1.48463710218833 -0
161812.5 157601.409691625 -16649759.5516551 4366.87986097131 -5263.83285087143 50 1.43764334621886 -0
161862.5 375920.988954515 -16911173.1614982 4365.75875296754 -5193.08607835858 50 1.39297711402485 -0
161912.5 594163.508469899 -17169104.7734134 4363.81079085523 -5124.53632322369 50 1.35048851108184 -0
161962.5 812289.560622814 -17423661.7902962 4361.11214725022 -5058.08652967702 50 1.31003910051048 -0
162012.5 1030263.36810134 -17674946.8895719 4357.73198521707 -4993.64469176977 50 1.2715009274254 -0
162062.5 1248052.45126522 -17923058.2692806 4353.73315869842 -4931.12359785533 50 1.23475563021113 -0
162112.5 1465627.32860256 -18168089.8815152 4349.17283715579 -4870.44058058176 50 1.19969363139827 -0
162162.5 1682961.24670778 -18410131.6535366 4344.10306314004 -4811.5172742836 50 1.16621340122749 -0
162212.5 1900029.93662326 -18649269.6969719 4338.57125047079 -4754.27938106981 50 1.13422078744539 -0
162262.5 2116811.39374788 -18885586.5055533 4332.62062978922 -4698.65644646053 50 1.10362840534885 -0
162312.5 2333285.67883326 -19119161.1418882 4326.29064744234 -4644.58164508113 50 1.07435508256563 -0
162362.5 2549434.73786815 -19350069.4137713 4319.61732294864 -4591.99157665841 50 1.04632535351736 -0
162412.5 2765242.2388983 -19578384.0405549 4312.63356967273 -4540.82607236276 50 1.01946899894768 -0
162462.5 2980693.4240463 -19804174.8100941 4305.36948278964 -4491.02801138955 50 0.993720626310401 -0
162512.5 3195774.97518784 -20027508.7267709 4297.85259814 -4442.54314756183 50 0.969019287196029 -0
162562.5 3410474.8919101 -20248450.151095 4290.10812515586 -4395.31994565629 50 0.94530812833014 -0
162612.5 3624782.38052737 -20467060.9313546 4282.15915666701 -4349.30942709855 50 0.92253407300333 -0
162662.5 3838687.75306142 -20683400.52778 4274.02685807282 -4304.46502463718 50 0.900647530091157 -0
162712.5 4052182.33521099 -20897526.1296553 4265.73063807914 -4260.74244558346 50 0.879602128094644 -0
162762.5 4265258.38243831 -21109492.7657985 4257.28830294883 -4218.0995431932 50 0.859354471879269 -0
162812.5 4477909.00339241 -21319353.4088045 4248.7161959937 -4176.49619576457 50 0.839863920014619 -0
162862.5 4690128.08997038 -21527159.0734278 4240.02932384122 -4135.89419303005 50 0.8210923808198 -0
162912.5 4901910.25339004 -21732958.9094581 4231.24147083843 -4096.25712942977 50 0.803004125403038 -0
162962.5 5113250.76571178 -21936800.2894233 4222.36530280423 -4057.55030386547 50 0.785565616149363 -0
163012.5 5324145.50630444 -22138728.8914344 4213.41246120834 -4019.74062554974 50 0.768745349259509 -0
163062.5 5534590.91280098 -22338788.7774669 4204.3936487374 -3982.79652558093 50 0.752513710077592 -0
163112.5 5744583.93613532 -22537022.4673577 4195.31870710506 -3946.68787389203 50 0.73684284006627 -0
163162.5 5954121.99929171 -22733471.0087756 4186.19668787068 -3911.38590123925 50 0.721706514397189 -0
163212.5 6163202.95943483 -22928174.0434118 4177.03591694996 -3876.86312591425 50 0.707080029222706 -0
163262.5 6371825.07312044 -23121169.8696168 4167.84405342886 -3843.09328488146 50 0.692940097783368 -0
163312.5 6579986.96431594 -23312495.5016996 4158.62814322782 -3810.05126905958 50 0.679264754585256 -0
163362.5 6787687.59498563 -23502186.7260888 4149.3946681068 -3777.71306248299 100 0.66603326695307 -0
163412.5 6994926.2380191 -23690278.1545436 4140.14959045101 -3746.05568509502 100 0.653226053329482 -0
163462.5 7201702.45230169 -23876803.2745902 4130.89839423222 -3715.05713894079 100 0.640824607749521 -0
163512.5 7408016.05974485 -24061794.4973486 4121.64612250066 -3684.69635754172 100 0.628811429971349 -0
163562.5 7613867.12411112 -24245283.2029033 4112.39741172684 -3654.95315824811 100 0.61716996079213 -0
163612.5 7819255.93148351 -24427299.7833618 4103.15652328064 -3625.80819737939 100 0.605884522120504 -0
163662.5 8024182.9722427 -24607873.6837362 4093.92737230699 -3597.24292797382 100 0.594940261415771 -0
163712.5 8228648.92442783 -24787033.4407745 4084.71355423151 -3569.23955998174 100 0.584323100138836 -0
163762.5 8432654.63836779 -24964806.7198588 4075.51836910743 -3541.78102274681 100 0.574019685891457 -0
163812.5 8636201.12247995 -25141220.350082 4066.34484399416 -3514.85092963051 100 0.564017347948914 -0
163862.5 8839289.53014211 -25316300.3576061 4057.19575354012 -3488.43354464459 100 0.554304055917035 -0
163912.5 9041921.14755209 -25490071.9974005 4048.07363892567 -3462.51375096521 100 0.544868381267897 -0
163962.5 9244097.3824964 -25662559.7834496 4038.98082530778 -3437.07702121102 100 0.535699461529744 -0
164012.5 9445819.7539564 -25833787.5175168 4029.91943789433 -3412.10938937524 100 0.526786966925852 -0
164062.5 9647089.88248636 -26003778.3165441 4020.89141676457 -3387.59742430903 100 0.518121069274563 -0
164112.5 9847909.48130336 -26172554.6387623 4011.89853054123 -3363.52820466059 100 0.509692412978508 -0
164162.5 10048280.3480342 -26340138.3085833 4002.94238901033 -3339.88929518038 100 0.501492087945474 -0
164212.5 10248204.3570688 -26506550.5403395 3994.02445477597 -3316.66872430918 100 0.493511604296416 -0
164262.5 10447683.4524738 -26671811.9609335 3985.14605402954 -3293.8549629709 100 0.485742868728084 -0
164312.5 10646719.6414242 -26835942.6314556 3976.30838650582 -3271.4369044975 100 0.478178162408508 -0
164362.5 10845314.9881136 -26998962.0678246 3967.5125346919 -3249.40384561786 100 0.470810120293538 -0
164412.5 11043471.6081075 -27160889.2605036 3958.75947234917 -3227.74546844714 100 0.463631711761589 -0
164512.5 11438477.3560952 -27481540.3615062 3941.38511425303 -3185.51331307363 100 0.449817237361488 -0
164612.5 11831754.6476358 -27798038.0445504 3924.19121342988 -3144.66497612824 100 0.43668452107917 -0
164712.5 12223321.7689221 -28110517.1352907 3907.18237981623 -3105.13015672873 100 0.424187645869463 -0
164812.5 12613197.4101936 -28419105.6691823 3890.36211222195 -3066.84328344102 100 0.412284558733486 -0
164912.5 13001400.5625741 -28723925.344606 3873.73295352292 -3029.74312451169 100 0.400936684638411 -0
165012.5 13387950.4293378 -29025091.9389292 3857.29662455138 -2993.77243562567 100 0.390108584734874 -0
165112.5 13772866.3496277 -29322715.6910472 3841.0541397666 -2958.87764110532 100 0.379767653171942 -0
165212.5 14156167.7329425 -29616901.6535638 3825.00590731164 -2925.00854495683 100 0.369883847617656 -0
165312.5 14537874.0029402 -29907750.0174361 3809.15181566365 -2892.11806859637 100 0.360429449276844 -0
165412.5 14918004.5493171 -30195356.4116077 3793.49130875249 -2860.16201246034 100 0.351378848777622 -0
165512.5 15296578.6866884 -30479812.1798929 3778.02345114288 -2829.09883902833 100 0.342708354790847 -0
165612.5 15673615.6195488 -30761204.6371416 3762.74698464055 -2798.88947507112 100 0.334396022666728 -0
165712.5 16049134.4125134 -31039617.3065087 3747.6603774849 -2769.49713118433 100 0.326421500731464 -0
165812.5 16423153.9651495 -31315130.1394683 3732.7618671236 -2740.88713688563 100 0.318765892193804 -0
165912.5 16795692.9908014 -31587819.7200513 3718.04949742288 -2713.02678974471 100 0.311411630874779 -0
166012.5 17166769.9988882 -31857759.4546404 3703.52115104726 -2685.88521718254 100 0.304342369200354 -0
166112.5 17536403.2802259 -32125019.748527 3689.17457764044 -2659.43324972464 100 0.297542877091812 -0
166212.5 17904610.8949794 -32389668.1703208 3675.007418352 -2633.64330462279 100 0.290998950557147 -0
166312.5 18271410.6629055 -32651769.6051985 3661.01722718044 -2608.48927887486 100 0.284697328932475 -0
166412.5 18636820.1555872 -32911386.3978885 3647.20148953947 -2583.94645077376 100 0.278625619848755 -0
166512.5 19000856.690402 -33168578.4862037 3633.55763840028 -2559.99138920646 100 0.272772231108868 -0
166612.5 19363537.3259943 -33423403.5258621 3620.08306831567 -2536.60187000384 100 0.267126308755503 -0
166712.5 19724878.8590573 -33675917.0072692 3606.77514759187 -2513.75679871249 100 0.261677680693547 -0
166812.5 20084897.8222485 -33926172.3648738 3593.63122883933 -2491.43613922279 100 0.256416805303348 -0
166912.5 20443610.4830872 -34174221.0796592 3580.64865810385 -2469.62084774334 100 0.251334724544758 -0
167012.5 20801032.8437028 -34420112.7752784 3567.8247827539 -2448.29281166153 100 0.246423021107627 -0
167112.5 21157180.6413148 -34663895.3083036 3555.15695827741 -2427.43479287485 100 0.241673779213274 -0
167212.5 21512069.3493445 -34905614.8530152 3542.64255412218 -2407.03037521675 100 0.237079548714498 -0
167312.5 21865714.1790678 -35145315.9811251 3530.2789586973 -2387.06391563699 100 0.232633312179546 -0
167412.5 22218130.0817298 -35383041.7367917 3518.06358363835 -2367.5204988276 100 0.22832845467885 -0
167512.5 22569331.751054 -35618833.7072584 3505.99386742648 -2348.38589501469 100 0.224158736022874 -0
167612.5 22919333.6260836 -35852732.0894194 3494.06727844053 -2329.64652066151 100 0.220118265225492 -0
167712.5 23268149.8943027 -36084775.7525903 3482.28131751164 -2311.28940185146 200 0.216201476990473 -0
167812.5 23615794.4949914 -36315002.2977438 3470.63352004134 -2293.30214014036 200 0.212403110039151 -0
167912.5 23962281.1227719 -36543448.1134448 3459.12145773697 -2275.67288068597 200 0.208718187115613 -0
168012.5 24307623.2313123 -36770148.4287054 3447.74274001159 -2258.39028247949 200 0.205141996521956 -0
168112.5 24651834.0371544 -36995137.3629612 3436.49501509007 -2241.44349051921 200 0.201670075050613 -0
168212.5 24994926.5236394 -37218447.9733565 3425.37597085811 -2224.82210977998 200 0.198298192193661 -0
168312.5 25336913.4449071 -37440112.2995098 3414.3833354864 -2208.5161808446 200 0.195022335520535 -0
168412.5 25677807.329947 -37660161.4059209 3403.51487785866 -2192.51615707475 200 0.191838697125873 -0
168512.5 26017620.4866842 -37878625.4221676 3392.76840782858 -2176.81288320889 200 0.188743661058461 -0
168612.5 26356365.0060826 -38095533.5810282 3382.14177632802 -2161.39757528423 200 0.185733791650502 -0
168712.5 26694052.7662528 -38310914.2546595 3371.63287534594 -2146.26180178794 200 0.18280582267387 -0
168812.5 27030695.4365523 -38524794.9889474 3361.23963779563 -2131.39746595065 200 0.179956647256679 -0
168912.5 27366304.4816665 -38737202.53614 3350.9600372853 -2116.79678910214 200 0.177183308499519 -0
169012.5 27700891.165664 -38948162.8858673 3340.79208780572 -2102.45229501549 200 0.174482990736087 -0
169112.5 28034466.5560159 -39157701.2946411 3330.73384334674 -2088.35679517187 200 0.171853011387857 -0
169212.5 28367041.5275737 -39365842.3139248 3320.78339745339 -2074.5033748831 200 0.169290813366804 -0
169312.5 28698626.7665011 -39572609.816857 3310.93888273063 -2060.88538021435 200 0.1667939579842 -0
169412.5 29029232.7741526 -39778027.0237031 3301.19847030516 -2047.49640565352 200 0.164360118327075 -0
169512.5 29358869.8708981 -39982116.5261114 3291.5603692515 -2034.33028247784 200 0.161987073067221 -0
169612.5 29687548.199887 -40184900.310237 3282.02282598855 -2021.38106777209 200 0.159672700670542 -0
169712.5 30015277.7307518 -40386399.7787992 3272.58412365257 -2008.64303405613 200 0.157414973977261 -0
169812.5 30342068.2632479 -40586635.7721305 3263.24258145118 -1996.11065948257 200 0.155211955125906 -0
169912.5 30667929.4308272 -40785628.5882719 3253.99655400297 -1983.77861856818 200 0.153061790796219 -0
170112.5 31316901.3944867 -41179963.2839449 3235.78463485893 -1959.69516545463 200 0.148913008636197 -0
170312.5 31962267.4949024 -41569556.1127803 3217.93588573186 -1936.35367643055 200 0.144955328963929 -0
170512.5 32604099.1618034 -41954551.7885846 3200.43834924081 -1913.71778012639 200 0.141176547366855 -0
170712.5 33242465.4839332 -42335087.9950214 3183.28056928819 -1891.75351165224 200 0.137565445553225 -0
170912.5 33877433.3071426 -42711295.8467163 3166.45156947793 -1870.42911413429 200 0.134111695712392 -0
171112.5 34509067.3282057 -43083300.3126544 3149.94083195301 -1849.71485970886 200 0.130805775633878 -0
171312.5 35137430.1844559 -43451220.6055371 3133.73827677966 -1829.58288777645 200 0.127638893214803 -0
171512.5 35762582.5393616 -43815170.5403534 3117.83424196801 -1810.00705859786 200 0.124602919179429 -0
171712.5 36384583.1641749 -44175258.8650629 3102.21946419056 -1790.96282055439 200 0.121690326998523 -0
171912.5 37003489.0157966 -44531589.5659737 3086.88506023704 -1772.42708960134 200 0.118894139135182 -0
172112.5 37619355.311009 -44884262.1501203 3071.82250922663 -1754.37813962235 200 0.116207878861698 -0
172312.5 38232235.5972257 -45233371.9067077 3057.02363558514 -1736.79550254676 200 0.113625526992516 -0
172512.5 38842181.8199153 -45579010.1494693 3042.4805927843 -1719.65987722614 200 0.111141482964144 -0
172712.5 39449244.3868463 -45921264.4416023 3028.18584783255 -1702.95304618276 200 0.108750529766286 -0
