0 -83196258.6115876 302942667.56935 -227.568997557401 1178.22423644683
1000 -83423294.4259561 304118949.580322 -226.504167919437 1174.34464077568
2000 -83649269.9969206 305291366.490861 -225.448486868904 1170.49396527738
3000 -83874194.4019529 306459947.011701 -224.401812697924 1166.67179253654
4000 -84098076.5783705 307624719.440497 -223.364006789538 1162.87771376496
5000 -84320925.3263828 308785711.670332 -222.334933531064 1159.11132856999
6000 -84542749.3120535 309942951.198 -221.314460230417 1155.37224473052
7000 -84763557.0701812 311096465.132069 -220.302457035267 1151.66007798027
8000 -84983357.0070989 312246280.200733 -219.298796854921 1147.97445179819
9000 -85202157.4033986 313392422.759448 -218.303355284829 1144.31499720556
10000 -85419966.4165798 314534918.798384 -217.316010533596 1140.68135256969
11000 -85636792.0836281 315673793.94967 -216.336643352415 1137.07316341381
12000 -85852642.3235229 316809073.494461 -215.365136966825 1133.49008223306
13000 -86067524.9396786 317940782.369816 -214.401377010693 1129.93176831625
14000 -86281447.6223213 319068945.175412 -213.445251462348 1126.3978875732
15000 -86494417.9508017 320193586.180072 -212.49665058278 1122.88811236751
16000 -86706443.3958472 321314729.328144 -211.555466855818 1119.40212135449
17000 -86917531.3217571 322432398.245709 -210.621594930225 1115.93959932405
18000 -87127688.9885375 323546616.246645 -209.69493156363 1112.50023704846
19000 -87336923.5539855 324657406.33853 -208.775375568226 1109.08373113471
20000 -87545242.0757141 325764791.228407 -207.862827758178 1105.68978388135
21000 -87752651.5131309 326868793.328403 -206.957190898667 1102.31810313968
22000 -87959158.7293634 327969434.76122 -206.058369656522 1098.96840217899
23000 -88164770.4931365 329066737.365482 -205.166270552364 1095.64039955595
24000 -88369493.4806036 330160722.700961 -204.280801914229 1092.33381898776
25000 -88573334.2771312 331251412.053673 -203.401873832601 1089.0483892291
26000 -88776299.3790391 332338826.440859 -202.529398116806 1085.78384395262
27000 -88978395.1952978 333422986.615845 -201.66328825273 1082.53992163299
28000 -89179628.0491848 334503913.072781 -200.803459361794 1079.31636543421
29000 -89380004.1799006 335581626.051284 -199.949828161163 1076.11292310027
30000 -89579529.7441448 336656145.54096 -199.102312925129 1072.92934684886
31000 -89778210.8176537 337727491.285825 -198.260833447641 1069.76539326814
32000 -89976053.3967024 338795682.788627 -197.425311005924 1066.62082321645
33000 -90173063.39957 339860739.315066 -196.59566832517 1063.49540172478
34000 -90369246.6679705 340922679.897922 -195.771829544247 1060.3888979021
35000 -90564608.9684498 341981523.341082 -194.953720182408 1057.30108484317
36000 -90759155.9937494 343037288.223484 -194.141267106946 1054.23173953904
37000 -90952893.3641395 344089992.90297 -193.334398501775 1051.18064278997
38000 -91145826.6287193 345139655.520049 -192.533043836912 1048.14757912069
39000 -91337961.2666886 346186294.001587 -191.737133838815 1045.13233669809
40000 -91529302.6885906 347229926.0644 -190.946600461558 1042.13470725101
41000 -91719856.2375236 348270569.218782 -190.161376858812 1039.15448599232
42000 -91909627.1903289 349308240.77195 -189.381397356604 1036.19147154301
43000 -92098620.7587486 350342957.831419 -188.606597426839 1033.24546585836
44000 -92286842.0905588 351374737.308293 -187.83691366154 1030.31627415604
45000 -92474296.2706773 352403595.920496 -187.072283747806 1027.40370484614
46000 -92660988.322246 353429550.195927 -186.312646443442 1024.50756946302
47000 -92846923.2076906 354452616.475561 -185.557941553262 1021.627682599
48000 -93032105.8297558 355472810.916461 -184.808109906025 1018.76386183969
49000 -93216541.0325163 356490149.494748 -184.063093331991 1015.91592770108
50000 -93400233.6023701 357504648.008499 -183.322834641078 1013.08370356823
51000 -93583188.269005 358516322.080586 -182.587277601608 1010.2670156355
52000 -93765409.7063487 359525187.161455 -181.8563669196 1007.46569284838
53000 -93946902.5334944 360531258.531848 -181.130048218628 1004.67956684674
54000 -94127671.3156103 361534551.305474 -180.408268020189 1001.90847190952
55000 -94307720.5648262 362535080.431616 -179.690973724596 999.152244900867
56000 -94487054.7411045 363532860.69769 -178.978113592367 996.410725217581
57000 -94665678.2530905 364527906.731758 -178.269636726084 993.683754737873
58000 -94843595.4589454 365520233.004977 -177.565493052732 990.97117777141
59000 -95020810.6671629 366509853.834009 -176.865633306484 988.272841010595
60000 -95197328.1373669 367496783.383384 -176.170009011924 985.58859348305
61000 -95373152.0810948 368481035.667801 -175.4785724677 982.918286505243
62000 -95548286.662563 369462624.554407 -174.791276730586 980.261773637269
63000 -95722735.9994171 370441563.765008 -174.108075599945 977.618910638725
64000 -95896504.1634663 371417866.878255 -173.428923602583 974.989555425647
65000 -96069595.181405 372391547.331773 -172.753775977978 972.373568028476
66000 -96242013.0355178 373362618.424262 -172.082588663877 969.770810551048
67000 -96413761.6643694 374331093.31754 -171.415318282249 967.181147130551
68000 -96584844.9634833 375296985.038565 -170.751922125578 964.604443898433
69000 -96755266.7860051 376260306.481408 -170.092358143497 962.040568942232
70000 -96925030.943353 377221070.40919 -169.436584929748 959.489392268314
71000 -97094141.2058557 378179289.455981 -168.784561709449 956.950785765469
72000 -97262601.3033779 379134976.12867 -168.136248326683 954.424623169376
73000 -97430414.9259323 380088142.808786 -167.491605232371 951.910780027867
74000 -97597585.7242811 381038801.7543 -166.850593472442 949.40913366701
75000 -97764117.3105254 381986965.101385 -166.213174676284 946.919563157983
76000 -97930013.2586827 382932644.866143 -165.579311045472 944.441949284679
77000 -98095277.105253 383875852.946302 -164.948965342752 941.976174512071
78000 -98259912.3497757 384816601.122888 -164.322100881296 939.522122955282
79000 -98423922.4553744 385754901.061846 -163.698681514202 937.079680349378
80000 -98587310.8492907 386690764.315661 -163.078671624236 934.64873401981
81000 -98750080.9234104 387624202.324923 -162.46203611382 932.229172853541
82000 -98912236.0347768 388555226.419879 -161.848740395246 929.820887270807
83000 -99073779.5060968 389483847.821951 -161.238750381113 927.423769197516
84000 -99234714.6262362 390410077.645229 -160.632032474992 925.037712038243
85000 -99395044.6507057 391333926.897936 -160.028553562291 922.662610649832
86000 -99554772.8021394 392255406.483864 -159.428281001342 920.298361315582
87000 -99713902.2707615 393174527.203798 -158.831182614674 917.944861719975
88000 -99872436.2148479 394091299.756891 -158.237226680499 915.602010923986
89000 -100030377.761177 395005734.742037 -157.646381924375 913.269709340898
90000 -100187730.005473 395917842.65921 -157.058617511065 910.947858712659
91000 -100344496.012841 396827633.910783 -156.473903036568 908.636362086739
92000 -100500678.818194 397735118.802814 -155.892208520337 906.335123793492
93000 -100656281.426674 398640307.54633 -155.313504397663 904.044049423982
94000 -100811306.814064 399543210.258566 -154.737761512223 901.763045808307
95000 -100965757.927188 400443836.964201 -154.164951108797 899.492020994351
96000 -101119637.684317 401342197.596559 -153.595044826144 897.230884227006
97000 -101272948.975552 402238301.998799 -153.028014690029 894.979545927831
98000 -101425694.663211 403132159.925084 -152.463833106398 892.737917675122
99000 -101577877.582205 404023781.041725 -151.902472854713 890.505912184399
100000 -101729500.540409 404913174.928306 -151.343907081412 888.283443289314
101000 -101880566.319026 405800351.0788 -150.788109293527 886.070425922939
102000 -102031077.672941 406685318.902654 -150.23505335242 883.866776099438
103000 -102181037.331079 407568087.725861 -149.684713467669 881.672410896121
104000 -102330447.996742 408448666.792017 -149.137064191068 879.487248435868
105000 -102479312.347956 409327065.263353 -148.592080410764 877.311207869895
106000 -102627633.037798 410203292.221763 -148.049737345512 875.144209360893
107000 -102775412.694729 411077356.669802 -147.510010539052 872.98617406648
108000 -102922653.922913 411949267.531669 -146.9728758546 870.837024123011
109000 -103069359.302535 412819033.654187 -146.438309469455 868.696682629694
110000 -103215531.390111 413686663.807751 -145.906287869719 866.565073633035
111000 -103361172.718796 414552166.687268 -145.376787845122 864.442122111578
112000 -103506285.798685 415415550.913087 -144.849786483957 862.327753960972
113000 -103650873.117109 416276825.031903 -144.325261168113 860.221895979298
114000 -103794937.138924 417135997.517654 -143.803189568217 858.124475852722
115000 -103938480.306799 417993076.772404 -143.283549638863 856.0354221414
116000 -104081505.0415 418848071.127206 -142.766319613949 853.954664265666
117000 -104224013.742161 419700988.84296 -142.251478002101 851.882132492506
118000 -104366008.786565 420551838.111249 -141.739003582188 849.817757922254
119000 -104507492.531402 421400627.05517 -141.228875398934 847.761472475597
120000 -104648467.312541 422247363.730141 -140.721072758606 845.713208880788
121000 -104788935.445285 423092056.124713 -140.215575224795 843.672900661121
122000 -104928899.224628 423934712.161349 -139.712362614282 841.640482122637
123000 -105068360.925506 424775339.697203 -139.211414992977 839.615888342084
124000 -105207322.803045 425613946.524889 -138.712712671946 837.599055155077
125000 -105345787.092799 426450540.373231 -138.216236203507 835.5899191445
126000 -105483756.010996 427285128.908003 -137.721966377416 833.588417629122
127000 -105621231.754773 428117719.732661 -137.229884217106 831.594488652429
128000 -105758216.502401 428948320.389065 -136.73997097602 829.608070971651
129000 -105894712.413522 429776938.358182 -136.252208134003 827.629104047011
130000 -106030721.629367 430603581.060787 -135.766577393759 825.657528031174
131000 -106166246.272981 431428255.858151 -135.283060677392 823.693283758871
132000 -106301288.44944 432250970.052714 -134.801640122992 821.736312736726
133000 -106435850.246063 433071730.888756 -134.322298081307 819.786557133274
134000 -106569933.732625 433890545.553052 -133.845017112457 817.843959769165
135000 -106703540.961565 434707421.175521 -133.369779982729 815.908464107523
136000 -106836673.96819 435522364.82986 -132.896569661421 813.980014244512
137000 -106969334.770878 436335383.534176 -132.425369317743 812.058554900044
138000 -107101525.371272 437146484.251605 -131.956162317788 810.144031408679
139000 -107233247.754479 437955673.890918 -131.488932221544 808.236389710664
140000 -107364503.889264 438762959.30713 -131.023662779976 806.33557634316
141000 -107495295.728235 439568347.302083 -130.560337932148 804.441538431603
142000 -107625625.208032 440371844.62504 -130.098941802412 802.554223681228
143000 -107755494.249512 441173457.973252 -129.639458697633 800.673580368744
144000 -107884904.757929 441973193.992531 -129.181873104483 798.799557334155
145000 -108013858.623111 442771059.277806 -128.726169686763 796.932103972718
146000 -108142357.719639 443567060.373675 -128.272333282795 795.071170227061
147000 -108270403.907016 444361203.774955 -127.820348902843 793.216706579419
148000 -108397999.029844 445153495.927201 -127.370201726595 791.368664044009
149000 -108525144.917985 445943943.227254 -126.921877100678 789.526994159552
150000 -108651843.386731 446732552.02375 -126.475360536227 787.691648981905
151000 -108778096.236967 447519328.617637 -126.030637706493 785.862581076837
152000 -108903905.255332 448304279.262679 -125.587694444494 784.039743512919
153000 -109029272.214374 449087410.16596 -125.146516740704 782.223089854536
154000 -109154198.872712 449868727.488371 -124.707090740794 780.412574155022
155000 -109278686.975188 450648237.345097 -124.2694027434 778.608150949918
156000 -109402738.253015 451425945.806102 -123.833439197935 776.809775250328
157000 -109526354.423932 452201858.896589 -123.399186702445 775.017402536406
158000 -109649537.192349 452975982.59748 -122.966632001491 773.230988750935
159000 -109772288.249494 453748322.845862 -122.53576198408 771.450490293032
160000 -109894609.273554 454518885.535452 -122.10656368162 769.675864011948
161000 -110016501.929818 455287676.517036 -121.679024265922 767.907067200969
162000 -110137967.870817 456054701.598916 -121.253131047227 766.144057591429
163000 -110259008.736459 456819966.547337 -120.82887147227 764.38679334681
164000 -110379626.154168 457583477.086924 -120.406233122383 762.635233056951
165000 -110499821.739015 458345238.901102 -119.985203711617 760.889335732352
166000 -110619597.093851 459105257.632515 -119.56577108491 759.149060798559
167000 -110738953.809436 459863538.883438 -119.147923216279 757.414368090653
168000 -110857893.464568 460620088.216181 -118.731648207042 755.68521784783
169000 -110976417.626211 461374911.153497 -118.316934284071 753.961570708059
170000 -111094527.849614 462128013.178972 -117.903769798079 752.243387702837
171000 -111212225.678442 462879399.737416 -117.492143221925 750.530630252023
172000 -111329512.644891 463629076.235256 -117.082043148961 748.823260158757
172800 -111423047.419527 464227589.798737 -116.755054583535 747.461217554917
