0 -83196258.6115876 302942667.56935 961.37233865632 718.166572924748
1000 -82234354.3472285 303658888.220744 962.433394575943 714.275908286587
2000 -81271397.3942887 304371221.748321 963.47773491549 710.392330816485
3000 -80307404.4111594 305079675.255674 964.505473947897 706.515873210641
4000 -79342391.9422742 305784255.878646 965.516725315102 702.646567283607
5000 -78376376.4187407 306484970.784459 966.511602027232 698.784443981023
6000 -77409374.1589723 307181827.170855 967.490216461919 694.92953339219
7000 -76441401.3693209 307874832.265239 968.452680363722 691.081864762535
8000 -75472474.1447118 308563993.323847 969.399104843691 687.241466505922
9000 -74502608.4692747 309249317.630916 970.329600379028 683.408366216836
10000 -73531820.2169804 309930812.497874 971.244276812871 679.582590682424
11000 -72560125.1522727 310608485.262538 972.143243354181 675.764165894414
12000 -71587538.9307043 311282343.288323 973.026608577739 671.953117060891
13000 -70614077.0995693 311952393.963465 973.894480424247 668.149468617943
14000 -69639755.0985386 312618644.700256 974.746966200533 664.353244241183
15000 -68664588.2602935 313281102.934287 975.584172579843 660.564466857133
16000 -67688591.8111579 313939776.123705 976.406205602251 656.783158654463
17000 -66711780.8717319 314594671.748485 977.213170675133 653.009341095133
18000 -65734170.4575251 315245797.3097 978.00517257376 649.243034925383
19000 -64755775.4795874 315893160.328819 978.78231544196 645.484260186601
20000 -63776610.7451401 316536768.347006 979.544702792874 641.733036226062
21000 -62796690.9582063 317176628.924426 980.292437509795 637.989381707548
22000 -61816030.7202402 317812749.639573 981.025621847087 634.253314621829
23000 -60834644.5307562 318445138.088597 981.744357431181 630.524852297037
24000 -59852546.7879554 319073801.884652 982.448745261652 626.804011408906
25000 -58869751.7893525 319698748.657244 983.138885712365 623.090807990879
26000 -57886273.7324006 320319986.0516 983.814878532696 619.385257444122
27000 -56902126.7151149 320937521.728025 984.476822848822 615.687374547384
28000 -55917324.736696 321551363.361305 985.124817165088 611.997173466762
29000 -54931881.6981499 322161518.64009 985.758959365411 608.314667765336
30000 -53945811.4029085 322767995.266292 986.379346714795 604.639870412692
31000 -52959127.5574477 323370800.9545 986.986075860852 600.972793794309
32000 -51971843.7719037 323969943.431402 987.579242835434 597.313449720861
33000 -50983973.560688 324565430.435211 988.158943056288 593.661849437376
34000 -49995530.3431004 325157269.715108 988.725271328783 590.018003632295
35000 -49006527.4439414 325745469.030688 989.278321847695 586.381922446419
36000 -48016978.0941208 326330036.151413 989.818188199025 582.753615481722
37000 -47026895.4312661 326910978.856087 990.344963361887 579.133091810097
38000 -46036292.5003284 327488304.93232 990.858739710439 575.520359981939
39000 -45045182.2541864 328062022.176017 991.359609015856 571.915428034659
40000 -44053577.5542478 328632138.390867 991.847662448361 568.318303501065
41000 -43061491.1710503 329198661.387842 992.322990579284 564.728993417652
42000 -42068935.7848584 329761598.984708 992.785683383178 561.14750433277
43000 -41075923.9862599 330320959.005536 993.235830239969 557.573842314709
44000 -40082468.2767585 330876749.28023 993.673519937145 554.008012959652
45000 -39088581.0693665 331428977.644059 994.098840671989 550.450021399544
46000 -38094274.6891923 331977651.937191 994.511880053841 546.899872309857
47000 -37099561.3740287 332522780.004249 994.912725106401 543.357569917235
48000 -36104453.274936 333064369.693858 995.301462270066 539.82311800707
49000 -35108962.4568252 333602428.858213 995.678177404289 536.296519930954
50000 -34113100.8990371 334136965.352646 996.042955789991 532.777778614041
51000 -33116880.49592 334667987.035202 996.395882131976 529.266896562302
52000 -32120313.0574043 335195501.766228 996.7370405614 525.763875869712
53000 -31123410.3095751 335719517.407962 997.066514638249 522.268718225297
54000 -30126183.895242 336240041.82413 997.384387353855 518.781424920134
55000 -29128645.3745066 336757082.879553 997.690741133427 515.301996854218
56000 -28130806.2253271 337270648.439761 997.985657838619 511.83043454326
57000 -27132677.844081 337780746.370609 998.269218770109 508.366738125387
58000 -26134271.5461246 338287384.537903 998.541504670203 504.91090736775
59000 -25135598.5663495 338790570.807036 998.802595725468 501.462941673042
60000 -24136670.059738 339290313.042622 999.052571569368 498.02284008593
61000 -23137497.1019141 339786619.108145 999.291511284934 494.590601299397
62000 -22138090.689693 340279496.865608 999.519493407451 491.166223661
63000 -21138461.7416274 340768954.17519 999.73659592715 487.749705179037
64000 -20138621.098551 341254998.894914 999.942896291921 484.341043528636
65000 -19138579.5241198 341737638.880311 1000.13847141006 480.940236057756
66000 -18138347.7053501 342216881.984102 1000.32339765298 477.547279793105
67000 -17137936.2531539 342692736.055874 1000.49775085801 474.162171445977
68000 -16137355.7028722 343165208.941772 1000.66160633113 470.784907418006
69000 -15136616.514804 343634308.484186 1000.81503884976 467.415483806845
70000 -14135729.0747345 344100042.521461 1000.95812266557 464.053896411761
71000 -13134703.6944585 344562418.887588 1001.09093150727 460.700140739149
72000 -12133550.6123027 345021445.411923 1001.21353858339 457.354212007977
73000 -11132279.9936441 345477129.918899 1001.32601658516 454.016105155148
74000 -10130901.9314259 345929480.227749 1001.42843768928 450.685814840788
75000 -9129426.44667073 346378504.152226 1001.52087356079 447.363335453463
76000 -8127863.48899083 346824209.500342 1001.60339535588 444.04866111531
77000 -7126222.93709545 347266604.074096 1001.67607372478 440.741785687111
78000 -6124514.59929544 347705695.669224 1001.73897881454 437.442702773288
79000 -5122748.21400496 348141492.074935 1001.79218027196 434.151405726818
80000 -4120933.45024036 348574001.073672 1001.8357472464 430.867887654094
81000 -3119079.90811611 349003230.44086 1001.86974839265 427.592141419704
82000 -2117197.11933799 349429187.94467 1001.89425187381 424.324159651147
83000 -1115294.54769337 349851881.345785 1001.90932536413 421.063934743477
84000 -113381.589538551 350271318.397169 1001.91503605189 417.811458863883
85000 888532.425716628 350687506.843839 1001.91145064228 414.566723956203
86000 1890438.23512716 351100454.422649 1001.89863536023 411.329721745373
87000 2892326.64173407 351510168.862068 1001.87665595332 408.100443741805
88000 3894188.51408844 351916657.881971 1001.84557769461 404.878881245708
89000 4896014.78577837 352319929.193429 1001.80546538555 401.665025351347
90000 5897796.45495881 352719990.498507 1001.75638335878 398.458866951233
91000 6899524.5838841 353116849.490064 1001.69839548106 395.260396740257
92000 7901190.2984436 353510513.851553 1001.63156515606 392.069605219761
93000 8902784.7877 353900991.256839 1001.55595532728 388.886482701547
94000 9904299.30343064 354288289.370002 1001.47162848086 385.711019311831
95000 10905725.1596714 354672415.845156 1001.37864664844 382.54320499514
96000 11907053.7322638 355053378.326274 1001.27707141 379.383029518144
97000 12908276.4584047 355431184.447006 1001.16696389672 376.230482473433
98000 13909384.836199 355805841.830509 1001.04838479378 373.085553283245
99000 14910370.4242146 356177358.089279 1000.92139434321 369.94823120313
100000 15911224.8410416 356545740.824985 1000.78605234671 366.818505325562
101000 16911939.7648523 356910997.62831 1000.64241816846 363.696364583499
102000 17912506.9329659 357273136.078791 1000.49055073796 360.581797753889
103000 18912918.1414148 357632163.744664 1000.33050855277 357.474793461116
104000 19913165.2445141 357988088.182718 1000.16234968138 354.375340180405
105000 20913240.1544342 358340916.93814 999.986131765943 351.283426241174
106000 21913134.8407756 358690657.544377 999.801912025096 348.199039830322
107000 22912841.3301466 359037317.522994 999.609747256709 345.122168995485
108000 23912351.7057444 359380904.383533 999.409693840658 342.05280164823
109000 24911658.1069381 359721425.623382 999.201807741586 338.990925567208
110000 25910752.7288551 360058888.727641 998.986144511645 335.936528401255
111000 26909627.8219698 360393301.168999 998.762759293242 332.889597672443
112000 27908275.6916951 360724670.4076 998.53170682177 329.850120779091
113000 28906688.697977 361053003.890929 998.293041428319 326.818084998727
114000 29904859.2548919 361378309.053689 998.0468170424 323.793477490998
115000 30902779.8302456 361700593.317684 997.79308719464 320.776285300548
116000 31900442.9451765 362019864.091707 997.531905019476 317.766495359835
117000 32897841.1737601 362336128.771428 997.263323257838 314.764094491926
118000 33894967.1426177 362649394.739288 996.987394259818 311.769069413224
119000 34891813.5305258 362959669.364389 996.704169987328 308.781406736172
120000 35888373.0680306 363266960.002398 996.413702016759 305.801092971903
121000 36884638.5370623 363571273.995443 996.116041541613 302.828114532859
122000 37880602.7705544 363872618.672014 995.811239375134 299.862457735358
123000 38876258.6520649 364171001.34687 995.499345952923 296.904108802129
124000 39871599.1153994 364466429.320951 995.180411335548 293.9530538648
125000 40866617.1442379 364758909.881281 994.854485211137 291.009278966357
126000 41861305.7717629 365048450.300883 994.521616897956 288.072770063554
127000 42855658.0802918 365335057.838698 994.181855346984 285.143513029288
128000 43849667.2009102 365618739.739496 993.835249144478 282.221493654943
129000 44843326.3131087 365899503.233799 993.481846514505 279.306697652682
130000 45836628.644422 366177355.537804 993.121695321493 276.399110657719
131000 46829567.4700703 366452303.853304 992.754843072747 273.498718230545
132000 47822136.1126036 366724355.367619 992.381336920959 270.605505859123
133000 48814327.9415485 366993517.253515 992.001223666711 267.719458961038
134000 49806136.3730571 367259796.669149 991.614549760955 264.84056288563
135000 50797554.8695583 367523200.757989 991.221361307492 261.968802916076
136000 51788576.939413 367783736.648757 990.821704065431 259.104164271449
137000 52779196.1365691 368041411.455361 990.415623451636 256.246632108734
138000 53769406.0602216 368296232.276835 990.003164543163 253.396191524825
139000 54759200.3544741 368548206.197283 989.584372079686 250.552827558475
140000 55748572.7080014 368797340.28582 989.159290465898 247.716525192227
141000 56737516.8537169 369043641.596511 988.727963773918 244.8872693543
142000 57726026.5684408 369287117.168331 988.290435745664 242.06504492046
143000 58714095.6725712 369527774.025097 987.84674979524 239.249836715848
144000 59701718.0297571 369765619.175432 987.396949011277 236.441629516778
145000 60688887.5465748 370000659.612709 986.941076159294 233.640408052517
146000 61675598.1722049 370232902.315009 986.479173684007 230.846157007024
147000 62661843.898114 370462354.245075 986.011283711678 228.058861020662
148000 63647618.7577362 370689022.35027 985.537448052392 225.278504691892
149000 64632916.8261587 370912913.562531 985.057708202366 222.50507257892
150000 65617732.2198091 371134034.798338 984.572105346226 219.738549201335
151000 66602059.0961444 371352392.958673 984.080680359261 216.978919041709
152000 67585891.6533437 371567994.928978 983.583473809692 214.226166547175
153000 68569224.130001 371780847.579128 983.080525960899 211.480276130973
154000 69552050.804823 371990957.763394 982.571876773647 208.74123217398
155000 70534365.996326 372198332.320413 982.057565908309 206.0090190262
156000 71516164.0625378 372402978.073157 981.537632727053 203.283621008242
157000 72497439.4007002 372604901.828905 981.012116296033 200.565022412767
158000 73478186.4469739 372804110.379213 980.481055387561 197.853207505911
159000 74458399.6761462 373000610.499893 979.944488482263 195.148160528682
160000 75438073.6013398 373194408.950986 979.402453771228 192.449865698335
161000 76417202.7737247 373385512.476737 978.854989158142 189.758307209727
162000 77395781.7822317 373573927.805577 978.302132261402 187.073469236641
163000 78373805.2532681 373759661.6501 977.743920416224 184.395335933095
164000 79351267.8504358 373942720.707045 977.180390676734 181.72389143462
165000 80328164.2742514 374123111.657277 976.611579818049 179.059119859526
166000 81304489.2618679 374300841.165773 976.03752433834 176.401005310135
167000 82280237.5867986 374475915.881602 975.45826046089 173.749531874004
168000 83255404.0586436 374648342.437917 974.873824136129 171.104683625116
169000 84229983.5228179 374818127.451937 974.284251043657 168.466444625059
170000 85203970.8602818 374985277.524934 973.689576594263 165.834798924175
171000 86177360.9872721 375149799.242231 973.089835931922 163.209730562701
172000 87150148.8550375 375311699.173182 972.485063935785 160.591223571876
172800 87927942.1520363 375439335.836185 971.997647049472 158.501131430006
