0 0 0 0 0
0.1953125 -0.00120798746744792 0.18294450834259 6.70805370760905e-05 0.0013452791255999
0.390625 0.0707176336451416 0.155387591233334 0.000538682687463029 0.000848815086641867
0.5859375 0.0610092503976583 -0.42671025622987 0.000729190860173511 0.00142603958313496
0.78125 -0.0953102800869917 -0.508820185226958 0.00140826682038715 0.00369526409324592
0.9765625 -0.140286100699245 0.440598426972918 0.00231571640963161 -0.000118424686817551
1.171875 0.0753018578113058 0.8771134235397 0.00209465639002715 0.00542642619321568
1.3671875 0.205731063207237 -0.15445118114482 0.00418519507584429 -0.00106437502985403
1.5625 0.0173075183323547 -1.09325151612275 0.00241978289519128 0.00263926074676415
1.7578125 -0.223920996932309 -0.329952976670716 0.00511601376318832 0.00241863665481777
1.953125 -0.115574257770085 1.05698269309692 0.00354332871840738 -0.00184677703394756
2.1484375 0.190421763785919 0.762576544544539 0.00470946026246854 0.00400319378354582
2.34375 0.187319106886183 -0.719291219066925 0.00446688315694226 -0.00551402735594723
2.5390625 -0.0908376866099856 -1.03011142032622 0.00293117332711996 0.00261303070483852
2.734375 -0.21926022495972 0.198970210813304 0.00477647643622247 -0.0015878103643163
2.9296875 -0.0149609013160482 1.02064701412633 0.00210539782787116 -0.00334390996474591
3.125 0.182757986770124 0.252509672680911 0.00339499970872399 0.00129718521816994
3.3203125 0.0865423763089229 -0.709594453625378 0.00174131820667403 -0.00542753459253373
3.515625 -0.0964421288969027 -0.518124869773653 0.0014486361225488 0.00116952340418994
3.7109375 -0.118314605635088 0.251798992960375 0.00149844202503562 -0.00207095771492828
3.90625 0.00207841169970328 0.506178516131179 0.000512857152141446 -0.00188678650092346
4.1015625 0.0812227747369576 0.141469160487564 0.000686850679857371 0.00074206596344752
4.296875 0.0579607993752149 -0.210280667592624 0.000417906129474994 -0.00157612161816465
4.4921875 -0.00156428688598202 -0.318020470479797 0.000202514089298023 0.000290894805885262
4.6875 -0.0665758366812022 -0.201884135840589 0.000516166582221475 0.00157559402244482
4.8828125 -0.0809815124324716 0.228837331180646 0.000747721864765442 -0.00082759474013659
5.078125 0.0221482058216401 0.530790865217423 0.000611598188430022 0.00249237264897003
5.2734375 0.127489422308694 0.109350926789012 0.00161623029487248 0.000840243958015822
5.46875 0.0665363557240442 -0.612270549890503 0.00118388745225917 -0.000399196690358254
5.6640625 -0.112141254294672 -0.547964358180134 0.00183290989949181 0.00409043137498526
5.859375 -0.150065870900127 0.429874187344019 0.00257462988279788 -0.00171422276473841
6.0546875 0.0547473980522205 0.858207192115685 0.00176699866692992 0.0030750855979317
6.25 0.188258191322386 -0.0277170134260802 0.0034680566581786 -0.00022210371564471
6.4453125 0.0459676364309981 -0.90156150255185 0.00183287740310304 -0.00135773904529336
6.640625 -0.16592757919847 -0.460211664460461 0.00311828394048208 0.00343541660108034
6.8359375 -0.136884949482792 0.679709239302907 0.00275928861226494 -0.003371701311149
7.03125 0.0998810033289339 0.779980048476175 0.00219459108123491 0.00205172550020714
7.2265625 0.171475154250169 -0.2539378155016 0.00300641358503817 -0.00208959960956493
7.421875 0.00147649880125094 -0.8188083363608 0.00134110804612749 -0.00152967273205691
7.6171875 -0.150920222807023 -0.230790410829625 0.00233670578516211 0.0017079161383737
7.8125 -0.0906251008959838 0.595374014488817 0.00151407553044038 -0.00346050993623909
8.0078125 0.0826122537263511 0.533387726475394 0.00123813560365287 0.00118588076052693
8.203125 0.120190679596604 -0.183196094580702 0.00148254939843514 -0.00149632499375281
8.3984375 0.0111833114806878 -0.543138573397876 0.000602267911257293 -0.00135553559123856
8.59375 -0.0934601790821034 -0.251424832835534 0.000982689725973007 0.00173101554403017
8.7890625 -0.0880861313426775 0.298573798480479 0.000938974817492221 -0.00183661392872727
8.984375 0.0232002756588322 0.499699877336869 0.000552200165196975 0.000976304091024673
9.1796875 0.108411086107172 0.105230148530883 0.00117398370853901 0.000829523208343036
9.375 0.0653267247962746 -0.444119058881849 0.000812984306392612 -0.00158571903902391
9.5703125 -0.0654631455325905 -0.498841509698004 0.000917935630157615 0.00307071076733441
9.765625 -0.131045110136676 0.142055670675274 0.00172260388140927 -0.000897395348967399
9.9609375 -0.0111734147028748 0.691439651001888 0.000968424768277181 0.000902650847731812
10.15625 0.140551459314307 0.278729357092743 0.00209012924350563 0.0021044149459358
10.3515625 0.0999310922404014 -0.57069212405138 0.00163021251875412 -0.00263535995865011
10.546875 -0.0828481351633067 -0.664393781894131 0.00155579324722484 0.00373885028937161
10.7421875 -0.162026063554229 0.210714261428226 0.00265853667356277 -0.00141191509647855
10.9375 -0.00190011459448512 0.825686170625679 0.00136386948833825 0.000288238212832701
11.1328125 0.162808962833419 0.232596222283977 0.00270277625245324 0.00169562700235782
11.328125 0.0913547061217294 -0.667798994794153 0.00171005319777119 -0.00353511321591136
11.5234375 -0.0991810345845607 -0.615750965494572 0.0017225054099776 0.00321691636012039
11.71875 -0.151719462622121 0.282566326819917 0.00241350295719822 -0.00204157332453824
11.9140625 0.0104151530143525 0.756374524555618 0.00115484618454714 -0.000363455092131741
12.109375 0.146109474630829 0.161109952488781 0.0021424265387825 0.00114135348465379
12.3046875 0.0751493621175914 -0.576863736554766 0.00121929541348802 -0.00330820057520165
12.5 -0.080413827032675 -0.514424074550294 0.00116327472922835 0.00237066314039916
12.6953125 -0.127711296450767 0.186029901025726 0.00166706889295338 -0.00140915055358759
12.890625 -0.00834072998785377 0.61835383977595 0.000771547501664315 -0.00062336529123739
13.0859375 0.115427604507622 0.239237399360058 0.00142005699111221 0.00161904869730659
13.28125 0.0866746287484423 -0.407289949098125 0.00106828433748367 -0.00253762622272834
13.4765625 -0.0441521253724594 -0.541139426465384 0.000776869831292201 0.00200304600485535
13.671875 -0.126200408851845 0.000849478446959494 0.00156032280332849 -6.53519771955266e-06
13.8671875 -0.0449642663401788 0.590444342956867 0.000895552763034825 -0.000872924032390795
14.0625 0.105359592508853 0.408014692208614 0.00142091814247445 0.00255135592747211
14.2578125 0.116479679588817 -0.334070333181193 0.00155267511776305 -0.00227770462692107
14.453125 -0.0249843283326803 -0.663425206320676 0.000941498478035149 0.00183704809098646
14.6484375 -0.144391585932619 -0.10287795506671 0.00206289676583789 0.000799237966583379
14.84375 -0.0669121609562272 0.660144692994217 0.00131063516015651 -0.00141175921557528
15.0390625 0.114378170904991 0.505848760613249 0.00179374751246617 0.00285534505974136
15.234375 0.133318752707439 -0.361765544626504 0.00200278616610524 -0.0026515867846305
15.4296875 -0.0267462623381259 -0.729455548987355 0.00113438367855568 0.00145577400628878
15.625 -0.153714682643963 -0.100064815871474 0.00233339226981276 0.000789326348885469
15.8203125 -0.0676294158885099 0.687454292113255 0.00139369950743946 -0.00200650114974053
16.015625 0.115944142916536 0.496590086626902 0.00181048938493757 0.00253065830222198
16.2109375 0.129005157986987 -0.362317206171654 0.00189289721503999 -0.0027755804578041
16.40625 -0.025588030232997 -0.689356859159022 0.00101465296330928 0.000868884283635192
16.6015625 -0.142301843355504 -0.104304370287503 0.00200491568011146 0.000828419320753035
16.796875 -0.0678634808798484 0.613136168136096 0.00120349339952122 -0.00220646993851489
16.9921875 0.0981711815889481 0.48156672053543 0.00140850062405993 0.00222466308577095
17.1875 0.122558288215904 -0.26989485370307 0.00161735735934126 -0.00211786106843707
17.3828125 -0.00711133837781338 -0.630878205941979 0.000800975628756789 0.000242224175336798
17.578125 -0.125507554241422 -0.190106443117203 0.00161553906001732 0.00148860428449741
17.7734375 -0.082864712006757 0.511911527550286 0.00119733104853071 -0.00211036891541408
17.96875 0.0748960332570492 0.538126922191788 0.00112918767578092 0.00220097425630876
18.1640625 0.129498067283246 -0.147762925751042 0.00168648245803382 -0.00117742376918006
18.359375 0.0178199118698758 -0.635290839779163 0.00083833966018935 -0.000385463438976073
18.5546875 -0.120037731893119 -0.308781633986825 0.00160252420826945 0.00234853414521734
18.75 -0.104581627431493 0.466377300577216 0.00150698877361231 -0.00215445700744404
18.9453125 0.0621434754669712 0.628047268351925 0.00116760855205614 0.00215734490844034
19.140625 0.143087137689922 -0.0775344930658181 0.00201709115428354 -0.000624133213345712
19.3359375 0.0329183863401445 -0.676637271036581 0.00102196953172783 -0.00104693048347223
19.53125 -0.12265082619201 -0.379558565675454 0.00176202073446472 0.00279156235397468
19.7265625 -0.117394533371097 0.461990829867271 0.00177728193777461 -0.00239403921114799
19.921875 0.0577052115303981 0.673961187165859 0.00123501907787096 0.0018368865237029
20.1171875 0.148378076097523 -0.052908315472477 0.00216141385500123 -0.000426886630245958
20.3125 0.0382106808796578 -0.68151440161104 0.00107213783956012 -0.00161457965413498
20.5078125 -0.119340300576815 -0.398233999025578 0.00171267395563829 0.00281022410324534
20.703125 -0.11938489693138 0.430478662925352 0.0017671589993466 -0.00247616397390085
20.8984375 0.0486906814520905 0.665628203416695 0.00111864962486837 0.00137482493086673
21.09375 0.143010256443002 -0.010636701917506 0.00200314382845844 -8.50490777461259e-05
21.2890625 0.0457214838738706 -0.633368405995426 0.00100734889917597 -0.0019924560251828
21.484375 -0.105742935303238 -0.422310322416986 0.00145258215490122 0.00280321793706676
21.6796875 -0.121132969935717 0.349479055595135 0.00168195254911113 -0.00217859439558479
21.875 0.0304489767951772 0.65517797981733 0.000949461795983081 0.000955414344680893
22.0703125 0.136884635778724 0.0752239754583073 0.00184658820644484 0.000588294437230766
22.265625 0.0612047227960261 -0.578841995746426 0.00103748578435444 -0.00228391096950047
22.4609375 -0.0902606151256977 -0.482949953650718 0.00126515746624985 0.00294286203737163
22.65625 -0.129313802765325 0.259517110154602 0.00177284762710285 -0.00171852917938787
22.8515625 0.0104400695434064 0.676051521262623 0.00092478363629319 0.000559278683733595
23.046875 0.136659047264875 0.169475609739539 0.00188668014854283 0.00128095985923607
23.2421875 0.0783464783805128 -0.553694845673679 0.00121500255983283 -0.00262187150998408
23.4375 -0.0804401564797329 -0.551948568512863 0.00124371994184283 0.00302989506107723
23.6328125 -0.139243339210199 0.198351025763356 0.00197764728929429 -0.00138326143901017
23.828125 -0.00390741878687268 0.705538105212532 0.000997065817014729 9.57895757173068e-05
24.0234375 0.138195979133621 0.234414353170897 0.00198044675853844 0.00169724133719685
24.21875 0.0896259678289653 -0.540854051554549 0.00137253791462175 -0.00294269815507511
24.4140625 -0.0738034261419599 -0.591612041508618 0.00123411248767548 0.00287448446470933
24.609375 -0.143536431278707 0.155180086987677 0.00206581961308755 -0.00113391725151763
24.8046875 -0.0142452943920102 0.707258563555959 0.00102033629205085 -0.000403587216456585
25 0.134496937782978 0.276842540617773 0.00192518283094771 0.00190633549190276
25.1953125 0.0959525186899526 -0.505551696166255 0.00141366778066435 -0.00305362022531267
25.390625 -0.0636173787124924 -0.603988334942573 0.00112649739515491 0.0025174269743367
25.5859375 -0.141981064441501 0.0972591147446002 0.00199315970991859 -0.000737415655024768
25.78125 -0.0267535999184708 0.680048314458877 0.000995142808153612 -0.000840882811221656
25.9765625 0.125198688702196 0.327491092279151 0.0017501825237581 0.00212409181229782
26.171875 0.103264786457424 -0.443751253703831 0.00143900182087826 -0.00291176650058693
26.3671875 -0.048554940512411 -0.617894159215044 0.000994819767863256 0.00209291117252485
26.5625 -0.139980721716987 0.0171957694315597 0.00191968516040062 -0.000133530313137041
26.7578125 -0.0431176801515393 0.650548442974076 0.0010287793780683 -0.00121323970075983
26.953125 0.115376234359711 0.395791378862716 0.00161772902018244 0.00238304819989584
27.1484375 0.113688026095029 -0.379857049805919 0.00155515696190669 -0.0026689108950273
27.34375 -0.0331321559975474 -0.645788481474199 0.000941763945387196 0.00164201189540315
27.5390625 -0.140395735640146 -0.0633633636306874 0.00193850117976486 0.00049849115832816
27.734375 -0.0593682538911391 0.633081507168927 0.00114724508236321 -0.00157946465510714
27.9296875 0.107893561859204 0.462666510023372 0.00156899733679168 0.00254223926396845
28.125 0.123714569299491 -0.32948236055148 0.00171665262393905 -0.00244491856905669
28.3203125 -0.0207005343388964 -0.672022993102286 0.000945265344582631 0.00113102711735439
28.515625 -0.140615187632872 -0.127291252545309 0.00196890725915894 0.0010064520204424
28.7109375 -0.0720587041414569 0.615078855583409 0.00126580364042509 -0.00193012232785898
28.90625 0.100467215930265 0.510864814544501 0.00151132130316299 0.00252102405747701
29.1015625 0.129942023553106 -0.282654366671207 0.00181386917647956 -0.00218293712283321
29.296875 -0.00966384014939707 -0.679437572992069 0.000932432299898472 0.000558691305340908
29.4921875 -0.137246542956287 -0.181453905321616 0.00191082401253375 0.00142914503058175
29.6875 -0.0822439308757246 0.579950703922497 0.00133586638974456 -0.00218432243090454
29.8828125 0.0899250956498527 0.54537576972253 0.00138762291548156 0.00237882643065616
30.078125 0.133226051948845 -0.223397305834802 0.00183843348554118 -0.00177100719109497
30.2734375 0.00312371629778007 -0.671165206153379 0.000901882688027709 -3.77425151864533e-05
30.46875 -0.130617494022776 -0.241261483999288 0.00178771322734234 0.00187086611341988
30.6640625 -0.09286268531758 0.529264543344832 0.00140559738323514 -0.00230424878872112
30.859375 0.0765026209533683 0.580925888531679 0.00124881487234766 0.00219050356502392
31.0546875 0.136442281761514 -0.151905864498155 0.00186959758137097 -0.00122169987023957
31.25 0.0178692041215158 -0.661534287808071 0.000906578553921951 -0.000631953785727833
31.4453125 -0.123498282334074 -0.30846406665662 0.00168460357871474 0.00232541136818916
31.640625 -0.104446489285461 0.476715120497195 0.00152372175832313 -0.00233728202930833
31.8359375 0.0628209454410795 0.620518411431859 0.00115710771531765 0.00195323228835012
32.03125 0.140291785595113 -0.080924803782327 0.00194071607190522 -0.000653590770282375
32.2265625 0.0321775123974756 -0.655285602977204 0.000960361664367766 -0.00121106141633495
32.421875 -0.11709394703905 -0.371666055932967 0.00161978354518273 0.00269145227615532
32.6171875 -0.114917947400405 0.428534727051339 0.0016613807234272 -0.00232631564872181
32.8125 0.050170493937049 0.654096230917273 0.00110255736584044 0.00163252466796968
33.0078125 0.142907250686355 -0.0173748299257179 0.00200064199230186 -0.000139579066910389
33.203125 0.0445770811705078 -0.644105660144889 0.00102464802079723 -0.00174266265978781
33.3984375 -0.110014197237719 -0.423222478803674 0.00154435392092106 0.00290706119887628
33.59375 -0.122711387691827 0.378227309764037 0.00176145718407303 -0.00224237035691689
33.7890625 0.0374065045850465 0.673960963273131 0.00104569684503473 0.0012358187506722
33.984375 0.142795439025727 0.0440636499319609 0.00200079828686931 0.000348696039656044
34.1796875 0.0559965765626629 -0.620483161854822 0.00107752232650332 -0.00218342902661735
34.375 -0.100772510702791 -0.467228015552124 0.00143197647043041 0.00299633435377901
34.5703125 -0.128488870629448 0.318606728650881 0.00182036469009184 -0.00203452375387676
34.765625 0.0231675175835806 0.683419634694173 0.0009867760318763 0.000802352991651912
34.9609375 0.140573574609198 0.110408199478212 0.00195973697280035 0.000852020312504641
35.15625 0.0678536817389259 -0.587098619701872 0.0011408606924552 -0.00251936781217941
35.3515625 -0.0897840148845139 -0.510848675558229 0.00131220236098065 0.0029988436750785
35.546875 -0.133665968130331 0.251695496236813 0.00187680579671411 -0.00170831731090924
35.7421875 0.00780899045886202 0.689579668660532 0.000957022379028328 0.000354295743961031
35.9375 0.137636775712345 0.180362494547902 0.00192052417011532 0.00134325658112361
36.1328125 0.0800159217618574 -0.551117784943436 0.00123521651546793 -0.00276503257559047
36.328125 -0.0784801044461377 -0.554053752202395 0.00121785140545941 0.00290948765770442
36.5234375 -0.138386681375156 0.18465266992505 0.00194389759875652 -0.00131720655108256
36.71875 -0.00728110261947254 0.693304136173564 0.000966541945565025 -0.000106757402694152
36.9140625 0.134207419060225 0.247224809215405 0.00188653071371945 0.00175856114981596
37.109375 0.0912301506621918 -0.514361282111671 0.00134504937322137 -0.00292204755630393
37.3046875 -0.0673747115387385 -0.591017531567761 0.00114374542617117 0.00270103018001916
37.5 -0.141614889498166 0.120332706487962 0.00199304779768651 -0.000893539037763734
37.6953125 -0.0214742349032154 0.689604986769294 0.000996346442360436 -0.000569462101265665
37.890625 0.12936538567491 0.307828360947615 0.00182897130922301 0.00206976800302747
38.0859375 0.100858485006601 -0.472719067112821 0.00144399675876982 -0.002963496543662
38.28125 -0.0557750425974566 -0.618501626143201 0.00107018433082762 0.00237068634456411
38.4765625 -0.142699533282863 0.0556257180492282 0.00200042659268272 -0.000425909067446712
38.671875 -0.0352945332143833 0.675355552274313 0.0010344011284518 -0.00100639505954384
38.8671875 0.122518264886339 0.364812833623534 0.0017368878674018 0.00229308556688812
39.0625 0.109407114848145 -0.42320891290904 0.00153128956616707 -0.0028681538949484
39.2578125 -0.0430871076531478 -0.638943664865883 0.000998592376415589 0.00194325885719128
39.453125 -0.142085269272433 -0.0123145226977669 0.00197743844677891 9.6255187850051e-05
39.6484375 -0.0492802309429014 0.652826716399786 0.00109055712055017 -0.00139696040963424
39.84375 0.114107003517066 0.421079988365237 0.00163053344787749 0.00244278409448675
40.0390625 0.117489824388158 -0.367893927640611 0.00162329343446294 -0.00265078826567568
40.234375 -0.0296723092476859 -0.655716160664716 0.00094629277609243 0.00144488014004206
40.4296875 -0.140493059111722 -0.0817421850350518 0.00194650787706459 0.000645713280982284
40.625 -0.0631186054837137 0.625684561513427 0.00117365892022222 -0.00173659437342534
40.8203125 0.104862436828095 0.475346607962064 0.001529641095928 0.00250679738871209
41.015625 0.124925322125207 -0.310549773842377 0.00172187384735029 -0.00234513279401234
41.2109375 -0.0162910121546656 -0.668470867961963 0.000919741480077631 0.000892500768973065
41.40625 -0.137977706364961 -0.148831898910593 0.00190895363908663 0.00117652088707543
41.6015625 -0.076064096529229 0.59434980641006 0.00127381153970016 -0.00201975759217916
41.796875 0.0949091712046515 0.524086799106979 0.0014323311805081 0.00246844994196871
41.9921875 0.131069455581949 -0.252086532722084 0.00180996370883958 -0.00196931512496273
42.1875 -0.003187218203852 -0.674385502983166 0.000910588147528255 0.000304248482743321
42.3828125 -0.134072572499326 -0.212175552645677 0.00185078913699338 0.00166161642695307
42.578125 -0.0877990405735196 0.55667618997732 0.0013755117743821 -0.00222858770045768
42.7734375 0.0838724584121818 0.565830997773732 0.00133001819578554 0.00233073254024263
42.96875 0.135652585761215 -0.190769310808157 0.00187521865745645 -0.00152322206929532
43.1640625 0.00994511081060896 -0.67225777468571 0.000913563554249536 -0.000295063624508911
43.359375 -0.128566368652455 -0.273144991300774 0.0017685094682987 0.00209603484483119
43.5546875 -0.0985563307364588 0.511750528884255 0.00147588582001244 -0.00234523232161996
43.75 0.0715982409072679 0.601857411618543 0.0012271407181472 0.00211051855817465
43.9453125 0.138942806466253 -0.125741539959367 0.0019224077635328 -0.00101475853880402
44.140625 0.023294861039049 -0.663587371204636 0.000933928010235247 -0.000880385896145825
44.3359375 -0.121777457439712 -0.332717041530699 0.00167440268068981 0.00247186658750314
44.53125 -0.108539021030465 0.461267296795889 0.00158008945581704 -0.00236664806387292
44.7265625 0.0584318264861632 0.633331163705704 0.00113706214407943 0.00182074345572795
44.921875 0.141202701768961 -0.0585988034852589 0.00195955768804015 -0.000472995247006653
45.1171875 0.0365824762274691 -0.650048661297169 0.000976396912760295 -0.00143024257270721
45.3125 -0.114106008564263 -0.389633853817019 0.00157952358835912 0.00276619764102554
45.5078125 -0.117538442809457 0.407364296748738 0.00168561127238477 -0.00229949308844294
45.703125 0.0448189541183402 0.659373083008136 0.00106657000241635 0.0014679520945617
45.8984375 0.14230197339239 0.00846980684349365 0.00198330397038687 6.76997878406264e-05
46.09375 0.0493877844111883 -0.631435513526943 0.00103665391626617 -0.00192277368484884
46.2890625 -0.105605559008287 -0.441873119367658 0.00148355088126627 0.00295482348934788
46.484375 -0.125178982812052 0.350508434508344 0.00178091126426797 -0.00214567541573042
46.6796875 0.0308957399677082 0.678247262720502 0.00101367228627759 0.00106220684145147
46.875 0.141933631501514 0.0747876852519886 0.00198411076375471 0.000586196253237761
47.0703125 0.0615744968003548 -0.606538245259358 0.00110759795650691 -0.00233463099809382
47.265625 -0.0961059318449324 -0.488760246841304 0.00138316191019792 0.00302742341495606
47.4609375 -0.131328634203126 0.290053109968617 0.00185778254102223 -0.00190128127588776
47.65625 0.01657818499738 0.689402923714703 0.000977513597927139 0.000620610390583957
47.8515625 0.140010664744458 0.140854997378956 0.00195959379790564 0.001072066695628
48.046875 0.0732540669672953 -0.575112234062074 0.00118769293306088 -0.00264747691262673
48.2421875 -0.0855936713933573 -0.5309201668399 0.00128202149937305 0.00298543831665292
48.4375 -0.13612243420884 0.226087190235972 0.0019171518067365 -0.00156852612613687
48.6328125 0.00191070301741281 0.693608495807966 0.000962543632913664 0.000161227646490587
48.828125 0.136701943270288 0.206616689434313 0.00191576384821359 0.00151176080885248
49.0234375 0.0844515435974788 -0.538194524499769 0.00127854636052509 -0.00285253135555226
49.21875 -0.0743064550388873 -0.568677237697938 0.00118819259333062 0.00283179448988771
49.4140625 -0.139667106015358 0.159929463104246 0.00196167308345578 -0.00116177339832223
49.609375 -0.0128279099244867 0.691497847659943 0.000972481197555969 -0.000300938197784105
49.8046875 0.132155959389856 0.270861163846226 0.00185757523040697 0.00188534593383599
50 0.0949695563082948 -0.496791668274418 0.00137772426843518 -0.00294652651589456
