0 -282624089.303039 -137184187.961396 -292.641137124012 1163.77023714424
1000 -282914911.892398 -136019537.811997 -289.001999738743 1165.52824859771
2000 -283202089.221366 -134853135.104638 -285.35061892541 1167.27533873097
3000 -283485609.054364 -133684990.803689 -281.687010478194 1169.01142139628
4000 -283765459.171903 -132515115.959801 -278.011190792845 1170.73641018457
5000 -284041627.371198 -131343521.710164 -274.323176872069 1172.45021842879
6000 -284314101.466768 -130170219.278762 -270.622986330902 1174.15275920734
7000 -284582869.291058 -128995219.976626 -266.910637402091 1175.84394534763
8000 -284847918.695055 -127818535.202084 -263.186148941482 1177.52368942963
9000 -285109237.548917 -126640176.441005 -259.449540433398 1179.19190378959
10000 -285366813.742604 -125460155.267044 -255.700831996026 1180.84850052375
11000 -285620635.186512 -124278483.341877 -251.940044386796 1182.49339149219
12000 -285870689.812114 -123095172.415436 -248.167199007759 1184.12648832272
13000 -286116965.572615 -121910234.326142 -244.382317910965 1185.74770241485
14000 -286359450.443592 -120723681.001125 -240.58542380383 1187.35694494388
15000 -286598132.423666 -119535524.456454 -236.776540054505 1188.95412686502
16000 -286832999.535156 -118345776.797349 -232.955690697233 1190.5391589176
17000 -287064039.824751 -117154450.218397 -229.122900437701 1192.11195162939
18000 -287291241.364183 -115961557.003761 -225.278194658385 1193.67241532096
19000 -287514592.250907 -114767109.527387 -221.421599423882 1195.22046011015
20000 -287734080.608788 -113571120.253199 -217.553141486239 1196.75599591663
21000 -287949694.588785 -112373601.735303 -213.672848290258 1198.2789324665
22000 -288161422.369655 -111174566.618171 -209.780747978803 1199.789179297
23000 -288369252.158646 -109974027.636829 -205.876869398082 1201.28664576131
24000 -288573172.192205 -108771997.617043 -201.961242102923 1202.77124103342
25000 -288773170.736694 -107568489.475491 -198.033896362024 1204.24287411311
26000 -288969236.089101 -106363516.219936 -194.094863163198 1205.70145383098
27000 -289161356.577763 -105157090.949392 -190.144174218594 1207.14688885355
28000 -289349520.563094 -103949226.854289 -186.181861969892 1208.57908768852
29000 -289533716.438318 -102739937.216624 -182.207959593494 1209.99795869006
30000 -289713932.630203 -101529235.410116 -178.222501005677 1211.40341006418
31000 -289890157.599806 -100317134.900349 -174.225520867731 1212.79534987421
32000 -290062379.843217 -99103649.2449124 -170.217054591076 1214.17368604637
33000 -290230587.892321 -97888792.0935362 -166.197138342344 1215.53832637541
34000 -290394770.315545 -96672577.1882187 -162.165809048446 1216.88917853034
35000 -290554915.718626 -95455018.3633495 -158.123104401599 1218.22615006029
36000 -290711012.745377 -94236129.5458271 -154.069062864333 1219.54914840036
37000 -290863050.078462 -93015924.7551687 -150.003723674467 1220.85808087768
38000 -291011016.440172 -91794418.1036167 -145.927126850049 1222.15285471746
39000 -291154900.593209 -90571623.7962354 -141.839313194262 1223.43337704919
40000 -291294691.341473 -89347556.1310064 -137.740324300301 1224.69955491291
41000 -291430377.530851 -88122229.4989122 -133.630202556211 1225.95129526555
42000 -291561948.050021 -86895658.384018 -129.50899114969 1227.18850498739
43000 -291689391.83125 -85667857.3635437 -125.376734072848 1228.4110908886
44000 -291812697.851201 -84438841.1079317 -121.233476126933 1229.61895971586
45000 -291931855.131743 -83208624.380906 -117.079262927009 1230.8120181591
46000 -292046852.740772 -81977222.0395276 -112.914140906596 1231.99017285826
47000 -292157679.793026 -80744649.0342385 -108.738157322266 1233.15333041025
48000 -292264325.450915 -79510920.4089023 -104.551360258184 1234.30139737589
49000 -292366778.925347 -78276051.3008376 -100.353798630618 1235.43428028704
50000 -292465029.476564 -77040056.9408426 -96.1455221923836 1236.55188565371
51000 -292559066.414982 -75802952.6532132 -91.9265815372491 1237.65411997136
52000 -292648879.102036 -74564753.8557536 -87.6970281042842 1238.74088972828
53000 -292734456.951018 -73325476.0597809 -83.4569141821569 1239.81210141298
54000 -292815789.427942 -72085134.87012 -79.2062929133748 1240.86766152175
55000 -292892866.052387 -70843745.9850926 -74.9452182984698 1241.90747656627
56000 -292965676.398367 -69601325.1964979 -70.6737452001255 1242.93145308136
57000 -293034210.095193 -68357888.3895851 -66.3919293472445 1243.93949763277
58000 -293098456.828334 -67113451.5430195 -62.0998273389542 1244.93151682503
59000 -293158406.3403 -65868030.7288384 -57.7974966485502 1245.90741730953
60000 -293214048.431511 -64621642.1124017 -53.484995627375 1246.86710579251
61000 -293265372.961179 -63374301.9523316 -49.1623835086315 1247.81048904327
62000 -293312369.848193 -62126026.6004466 -44.8297204111272 1248.73747390243
63000 -293355029.072002 -60876832.5016849 -40.4870673429499 1249.64796729024
64000 -293393340.673511 -59626736.1940216 -36.1344862050734 1250.54187621507
65000 -293427294.755976 -58375754.3083754 -31.7720397948885 1251.41910778188
66000 -293456881.485898 -57123903.5685083 -27.3997918096611 1252.27956920085
67000 -293482091.093927 -55871200.7909162 -23.0178068499139 1253.12316779607
68000 -293502913.875765 -54617662.8847099 -18.6261504227304 1253.94981101438
69000 -293519340.193078 -53363306.8514886 -14.2248889449792 1254.75940643417
70000 -293531360.474404 -52108149.7852032 -9.81408974645785 1255.55186177436
71000 -293538965.21607 -50852208.8720121 -5.39382107295321 1256.3270849035
72000 -293542144.983104 -49595501.3901261 -0.964152089217669 1257.08498384882
73000 -293540890.410164 -48338044.7096461 3.47484711814099 1257.82546680551
74000 -293535192.202453 -47079856.2923893 7.92310553785766 1258.548442146
75000 -293525041.136653 -45820953.6917085 12.3805512312978 1259.25381842934
76000 -293510428.061846 -44561354.5523003 16.8471113298364 1259.94150441068
77000 -293491343.900449 -43301076.6100035 21.3227120323308 1260.6114090508
78000 -293467779.649148 -42040137.6915897 25.8072786026876 1261.26344152578
79000 -293439726.379835 -40778555.7145426 30.3007353675269 1261.89751123668
80000 -293407175.240542 -39516348.6868285 34.8030057139444 1262.51352781937
81000 -293370117.456388 -38253534.7066559 39.3140120873739 1263.11140115435
82000 -293328544.330515 -36990131.9622268 43.8336759895521 1263.69104137675
83000 -293282447.245037 -35726158.7314763 48.3619179765856 1264.25235888636
84000 -293231817.661987 -34461633.3818034 52.8986576571258 1264.79526435771
85000 -293176647.124261 -33196574.3697904 57.4438136906476 1265.31966875025
86000 -293116927.256574 -31931000.2409143 61.9973037858404 1265.82548331866
87000 -293052649.766407 -30664929.6292446 66.5590446991066 1266.31261962314
88000 -292983806.444961 -29398381.2571342 71.1289522331748 1266.7809895398
89000 -292910389.168109 -28131373.9348972 75.7069412358259 1267.2305052712
90000 -292832389.897358 -26863926.5604776 80.2929255987351 1267.66107935683
91000 -292749800.680802 -25596058.119107 84.8868182564317 1268.07262468376
92000 -292662613.654077 -24327787.6829519 89.4885311853777 1268.46505449733
93000 -292570821.041325 -23059134.4107496 94.0979754031679 1268.83828241191
94000 -292474415.156146 -21790117.547434 98.7150609678527 1269.19222242167
95000 -292373388.402564 -20520756.4237506 103.339696977384 1269.52678891154
96000 -292267733.275986 -19251070.4558599 107.971791569189 1269.84189666809
97000 -292157442.364161 -17981079.1449305 112.611251919871 1270.13746089056
98000 -292042508.348144 -16710802.0767207 117.257984245037 1270.41339720197
99000 -291922924.003252 -15440258.9211492 121.911893799263 1270.66962166018
100000 -291798682.200028 -14169469.4318551 126.572884876184 1270.90605076913
101000 -291669775.905204 -12898453.4457456 131.240860808722 1271.12260149004
102000 -291536198.182659 -11627230.8825331 135.915723969453 1271.31919125275
103000 -291397942.194374 -10355821.7442616 140.597375771107 1271.49573796705
104000 -291255001.201406 -9084246.11482036 145.285716667208 1271.65216003407
105000 -291107368.564833 -7812524.15944701 149.980646152855 1271.78837635772
106000 -290955037.746715 -6540676.12421913 154.682062765648 1271.90430635627
107000 -290798002.311055 -5268722.33553411 159.389864086752 1271.99986997377
108000 -290636255.924753 -3996683.19957753 164.103946742114 1272.07498769173
109000 -290469792.358558 -2724579.20177986 168.82420640382 1272.12958054074
110000 -290298605.488026 -1452430.90626163 173.550537791603 1272.1635701121
111000 -290122689.294466 -180258.95526679 178.282834674503 1272.17687856957
112000 -289942037.865894 1091915.93141558 183.020989872674 1272.16942866112
113000 -289756645.39798 2364072.95704137 187.764895259347 1272.1411437307
114000 -289566506.194993 3636191.24851335 192.514441762943 1272.09194773004
115000 -289371614.670743 4908249.85699481 197.26951936935 1272.02176523053
116000 -289171965.349527 6180227.75853527 202.030017124348 1271.93052143508
117000 -288967552.867065 7452103.85470784 206.795823136192 1271.81814219003
118000 -288758371.971434 8723856.97325861 211.566824578365 1271.68455399706
119000 -288544417.524006 9995465.86876811 216.342907692477 1271.52968402518
120000 -288325684.500377 11266909.2233244 221.123957791338 1271.35346012264
121000 -288102167.99129 12538165.6472085 225.90985926219 1271.15581082898
122000 -287873863.203564 13809213.6795916 230.700495570101 1270.93666538698
123000 -287640765.461013 15080031.7892443 235.495749261524 1270.69595375475
124000 -287402870.20536 16350598.375258 240.295501968031 1270.43360661766
125000 -287160172.997156 17620891.7677779 245.099634410203 1270.14955540047
126000 -286912669.516681 18890890.2287491 249.908026401698 1269.84373227932
127000 -286660355.564856 20160571.9526732 254.720556853487 1269.5160701938
128000 -286403227.064139 21429915.0673782 259.537103778251 1269.16650285898
129000 -286141280.059425 22698897.6348001 264.357544294968 1268.79496477749
130000 -285874510.718932 23967497.651776 269.181754633654 1268.40139125151
131000 -285602915.335091 25235693.0508503 274.009610140293 1267.98571839488
132000 -285326490.325429 26503461.701092 278.840985281927 1267.54788314505
133000 -285045232.233441 27770781.4089243 283.675753651936 1267.08782327518
134000 -284759137.729464 29037629.9189663 288.513787975482 1266.60547740607
135000 -284468203.611542 30303984.9148871 293.354960115129 1266.10078501817
136000 -284172426.806284 31569824.0202706 298.199141076658 1265.57368646359
137000 -283871804.36972 32835124.7994939 303.046201015035 1265.02412297796
138000 -283566333.488148 34099864.7586165 307.896009240578 1264.45203669244
139000 -283256011.478976 35364021.3462815 312.748434225287 1263.85737064553
140000 -282940835.791555 36627571.9546293 317.603343609367 1263.24006879499
141000 -282620804.00801 37890493.9202227 322.460604207923 1262.60007602963
142000 -282295913.84406 39152764.5249836 327.320082017838 1261.93733818111
143000 -281966163.149833 40414360.9971418 332.181642224833 1261.2518020357
144000 -281631549.910676 41675260.5121959 337.045149210696 1260.543415346
145000 -281292072.247949 42935440.1938848 341.910466560723 1259.81212684255
146000 -280947728.419825 44194877.1151719 346.777457071296 1259.0578862455
147000 -280598516.822072 45453548.2992405 351.645982757686 1258.28064427614
148000 -280244435.988829 46711430.7205001 356.515904862006 1257.48035266844
149000 -279885484.593375 47968501.3056056 361.387083861363 1256.65696418045
150000 -279521661.448893 49224736.934487 366.259379476188 1255.81043260575
151000 -279152965.509219 50480114.4413901 371.132650678745 1254.94071278476
152000 -278779395.869587 51734610.6159288 376.006755701823 1254.04776061596
153000 -278400951.767367 52988202.2041499 380.881552047611 1253.13153306713
154000 -278017632.582784 54240865.909607 385.756896496749 1252.19198818648
155000 -277629437.839642 55492578.3944466 390.63264511757 1251.22908511361
156000 -277236367.206028 56743316.2805051 395.50865327551 1250.2427840906
157000 -276838420.495012 57993056.1504171 400.384775642711 1249.23304647278
158000 -276435597.665335 59241774.548733 405.260866207791 1248.19983473959
159000 -276027898.822085 60489447.9830497 410.136778285806 1247.14311250526
160000 -275615324.217368 61736052.9251501 415.012364528378 1246.06284452945
161000 -275197874.250966 62981565.8121536 419.887476934011 1244.95899672777
162000 -274775549.470987 64225963.0476779 424.76196685858 1243.83153618217
163000 -274348350.574495 65469221.0030097 429.635685025997 1242.68043115133
164000 -273916278.408147 66711316.0182873 434.508481539057 1241.50565108081
165000 -273479333.968798 67952224.4036922 439.380205890444 1240.30716661321
166000 -273037518.404115 69191922.440651 444.250706973935 1239.08494959817
167000 -272590833.013165 70430386.383048 449.119833095756 1237.83897310222
168000 -272139279.246996 71667592.4584462 453.987431986119 1236.56921141859
169000 -271682858.70921 72903516.869319 458.853350810932 1235.27564007687
170000 -271221573.156519 74138135.7942919 463.717436183673 1233.95823585248
171000 -270755424.499297 75371425.3893926 468.579534177432 1232.61697677616
172000 -270284414.802104 76603361.7893112 473.439490337127 1231.25184214317
172800 -269904108.581714 77587920.5583821 477.32580902094 1230.14253093527
