0 -282624089.303039 -137184187.961396 -135.333721624491 1192.34423879653
1000 -282757603.921402 -135990963.440209 -131.692915645272 1194.10335980725
2000 -282887469.929553 -134795984.147108 -128.036495350691 1195.85376481024
3000 -283013671.695693 -133599258.851692 -124.36442584135 1197.59534647132
4000 -283136193.55333 -132400796.431351 -120.676672630928 1199.32799654405
5000 -283255019.801696 -131200605.872178 -116.973201656859 1201.05160586538
6000 -283370134.706175 -129998696.269889 -113.253979291176 1202.76606435119
7000 -283481522.498748 -128795076.830747 -109.518972351497 1204.47126099203
8000 -283589167.37844 -127589756.872489 -105.768148112181 1206.16708384878
9000 -283693053.511782 -126382745.825258 -102.001474315635 1207.8534200485
10000 -283793165.033287 -125174053.232538 -98.2189191837874 1209.53015578027
11000 -283889486.045936 -123963688.752094 -94.4204514297138 1211.19717629113
12000 -283982000.621672 -122751662.156918 -90.6060402694353 1212.85436588205
13000 -284070692.801913 -121537983.336176 -86.7756554338738 1214.50160790404
14000 -284155546.598064 -120322662.296157 -82.9292671809739 1216.13878475429
15000 -284236545.992062 -119105709.161234 -79.0668463079923 1217.76577787241
16000 -284313674.936915 -117887134.174819 -75.1883641639519 1219.38246773669
17000 -284386917.357263 -116666947.70033 -71.2937926622671 1220.98873386057
18000 -284456257.149943 -115445160.222153 -67.3831042935361 1222.58445478909
19000 -284521678.184581 -114221782.346615 -63.4562721385047 1224.16950809545
20000 -284583164.30418 -112996824.802958 -59.5132698812023 1225.74377037771
21000 -284640699.325736 -111770298.444316 -55.5540718222496 1227.30711725555
22000 -284694267.040861 -110542214.248692 -51.5786528923397 1228.85942336713
23000 -284743851.216415 -109312583.319942 -47.5869886658949 1230.40056236607
24000 -284789435.595164 -108081416.888764 -43.5790553748985 1231.93040691854
25000 -284831003.896438 -106848726.313684 -39.5548299229014 1233.44882870043
26000 -284868539.816812 -105614523.082048 -35.5142898992091 1234.95569839468
27000 -284902027.030803 -104378818.811017 -31.4574135932437 1236.45088568868
28000 -284931449.191565 -103141625.248563 -27.3841800090872 1237.93425927183
29000 -284956789.93163 -101902954.27447 -23.2945688802021 1239.40568683323
30000 -284978032.863628 -100662817.901331 -19.1885606843345 1240.86503505942
31000 -284995161.581047 -99421228.2755572 -15.0661366585967 1242.31216963238
32000 -285008159.658997 -98178197.6783804 -10.9272788147322 1243.74695522755
33000 -285017010.654995 -96933738.5268609 -6.7719699545626 1245.16925551207
34000 -285021698.109761 -95687863.3748963 -2.6001936856169 1246.57893314312
35000 -285022205.54803 -94440584.9142328 1.58806556305531 1247.97584976642
36000 -285018516.479388 -93191915.9754772 5.79282252488761 1249.35986601487
37000 -285010614.399107 -91941869.5291105 10.0140910796163 1250.73084150741
38000 -284998482.789018 -90690458.686502 14.2518842369158 1252.08863484795
39000 -284982105.118381 -89437696.7009247 18.5062141198491 1253.43310362451
40000 -284961464.844787 -88183596.9685724 22.7770919481339 1254.76410440854
41000 -284936545.41506 -86928173.0295756 27.0645280212238 1256.08149275442
42000 -284907330.266198 -85671438.5690193 31.3685317012043 1257.38512319908
43000 -284873802.826308 -84413407.4179602 35.6891113955038 1258.67484926186
44000 -284835946.515579 -83154093.5544444 40.02627453942 1259.95052344456
45000 -284793744.747253 -81893511.1045252 44.3800275784613 1261.21199723164
46000 -284747180.928632 -80631674.3432792 48.7503759505034 1262.45912109064
47000 -284696238.462091 -79368597.6958246 53.1373240677625 1263.69174447282
48000 -284640900.746114 -78104295.7383359 57.5408752985828 1264.909715814
49000 -284581151.176343 -76838783.1990587 61.9610319490431 1266.11288253556
50000 -284516973.146655 -75572074.959324 66.3977952443768 1267.30109104574
51000 -284448350.050252 -74304186.0545608 70.8511653102141 1268.47418674109
52000 -284375265.280764 -73035131.6753066 75.3211411536382 1269.63201400822
53000 -284297702.233382 -71764927.1682163 79.807720644063 1270.77441622568
54000 -284215644.306008 -70493588.0370698 84.310900493929 1271.9012357662
55000 -284129074.900417 -69221129.9437755 88.8306762392231 1273.01231399907
56000 -284037977.423438 -67947568.7093737 93.3670422198174 1274.10749129283
57000 -283942335.288177 -66672920.315035 97.9199915596318 1275.18660701819
58000 -283842131.915223 -65397200.9030572 102.489516146622 1276.24949955118
59000 -283737350.73391 -64120426.7778576 107.075606612592 1277.29600627666
60000 -283627975.183572 -62842614.406963 111.678252312835 1278.32596359199
61000 -283513988.714838 -61563780.4219949 116.297441305602 1279.33920691103
62000 -283395374.790935 -60283941.6196507 120.933160331401 1280.33557066842
63000 -283272116.889015 -59003114.9626812 125.58539479213 1281.31488832417
64000 -283144198.50151 -57721317.5808621 130.254128730044 1282.27699236845
65000 -283011603.137494 -56438566.7719623 134.939344806553 1283.22171432682
66000 -282874314.324081 -55154880.0027044 139.641024280868 1284.14888476563
67000 -282732315.607837 -53870274.9097226 144.35914698848 1285.05833329784
68000 -282585590.556214 -52584769.3005119 149.093691319485 1285.94988858908
69000 -282434122.759001 -51298381.1543727 153.844634196757 1286.82337836406
70000 -282277895.82981 -50011128.6233487 158.611951053963 1287.67862941331
71000 -282116893.407575 -48723030.0331568 163.395615813436 1288.51546760031
72000 -281951099.15807 -47434103.884111 168.195600863903 1289.33371786882
73000 -281780496.775456 -46144368.852038 173.01187703806 1290.13320425071
74000 -281605069.983851 -44853843.7891857 177.84441359002 1290.91374987404
75000 -281424802.538914 -43562547.7251219 182.693178172621 1291.67517697159
76000 -281239678.229466 -42270499.8676258 187.558136814597 1292.41730688966
77000 -281049680.87912 -40977719.6035697 192.439253897629 1293.1399600973
78000 -280854794.347935 -39684226.4997914 197.336492133262 1293.84295619595
79000 -280655002.53411 -38390040.3039568 202.24981253971 1294.52611392935
80000 -280450289.37568 -37095180.9454129 207.179174418539 1295.18925119399
81000 -280240638.852243 -35799668.5360292 212.124535331243 1295.83218504984
82000 -280026034.98672 -34503523.3710289 217.085851075707 1296.45473173155
83000 -279806461.847124 -33206765.9298082 222.06307566257 1297.05670666003
84000 -279581903.54836 -31909416.8767447 227.056161291493 1297.63792445449
85000 -279352344.254051 -30611497.061992 232.065058327332 1298.19819894483
86000 -279117768.178381 -29313027.5222635 237.089715276223 1298.73734318453
87000 -278878159.587965 -28014029.4816014 242.130078761585 1299.25516946395
88000 -278633502.803751 -26714524.3521338 247.186093500051 1299.75148932408
89000 -278383782.20293 -25414533.7348164 252.257702277324 1300.22611357074
90000 -278128982.220883 -24114079.4201606 257.344845923973 1300.67885228921
91000 -277869087.353151 -22813183.3889464 262.447463291166 1301.10951485935
92000 -277604082.157422 -21511867.8129205 267.565491226358 1301.51790997121
93000 -277333951.255547 -20210155.0554774 272.698864548929 1301.90384564107
94000 -277058679.335582 -18908067.6723256 277.847516025788 1302.26712922799
95000 -276778251.153856 -17605628.4121359 283.011376346941 1302.60756745081
96000 -276492651.537053 -16302860.2171733 288.190374101044 1302.92496640573
97000 -276201865.384332 -14999786.2239101 293.384435750932 1303.21913158429
98000 -275905877.669459 -13696429.7636221 298.59348560914 1303.48986789191
99000 -275604673.442975 -12392814.3629644 303.817445813434 1303.73697966695
100000 -275298237.834379 -11088963.7445296 309.056236302339 1303.96027070026
101000 -274986556.054345 -9784901.82738436 314.309774790685 1304.15954425526
102000 -274669613.396951 -8480652.72758752 319.577976745181 1304.33460308858
103000 -274347395.241942 -7176240.75868563 324.860755360022 1304.48524947119
104000 -274019887.057019 -5871690.43218813 330.158021532541 1304.61128521011
105000 -273687074.40014 -4567026.45802022 335.469683838906 1304.71251167065
106000 -273348942.92186 -3262273.74495311 340.795648509889 1304.78872979921
107000 -273005478.367686 -1957457.40101139 346.135819406695 1304.83974014662
108000 -272656666.580456 -652602.733856653 351.490097996881 1304.86534289208
109000 -272302493.50275 652264.748853052 356.858383330366 1304.86533786762
110000 -271942945.179318 1957119.33912856 362.240572015539 1304.83952458319
111000 -271578007.759527 3261935.12834026 367.636558195484 1304.78770225226
112000 -271207667.499849 4566686.00693471 373.046233524326 1304.7096698181
113000 -270831910.766354 5871345.66417773 378.469487143713 1304.60522598053
114000 -270450724.037237 7175887.58792465 383.906205659445 1304.47416922334
115000 -270064093.905361 8480285.06441825 389.356273118263 1304.31629784233
116000 -269672007.080835 9784511.17811492 394.819570984804 1304.13140997384
117000 -269274450.393606 11088538.8115399 400.295978118742 1303.91930362402
118000 -268871410.796069 12392340.6451719 405.785370752121 1303.6797766986
119000 -268462875.365712 13695889.1573576 411.287622466901 1303.41262703333
120000 -268048831.307775 14999156.6242575 416.802604172714 1303.11765242502
121000 -267629265.957935 16302115.1198228 422.330184084861 1302.7946506632
122000 -267204166.785007 17604736.5158036 427.870227702554 1302.44341956239
123000 -266773521.393677 18906992.481791 433.422597787423 1302.06375699501
124000 -266337317.527244 20208854.4852914 438.987154342286 1301.65546092491
125000 -265895543.070396 21510293.7918346 444.563754590214 1301.21832944152
126000 -265448186.051994 22811281.4651178 450.152252953905 1300.75216079467
127000 -264995234.647884 24111788.3671822 455.752501035356 1300.25675342995
128000 -264536677.183732 25411785.1586279 461.364347595891 1299.73190602484
129000 -264072502.137868 26711242.2988636 466.987638536515 1299.17741752531
130000 -263602698.144159 28010130.0463938 472.622216878644 1298.59308718326
131000 -263127253.994903 29308418.4591436 478.2679227452 1297.97871459435
132000 -262646158.643726 30606077.3948216 483.924593342111 1297.33409973669
133000 -262159401.208519 31903076.5113222 489.592062940207 1296.65904301006
134000 -261666970.974373 33199385.2671669 495.270162857555 1295.95334527572
135000 -261168857.396548 34494972.9219861 500.958721442226 1295.21680789699
136000 -260665050.103446 35789808.5370417 506.657564055513 1294.44923278034
137000 -260155538.899607 37083860.9757909 512.366513055638 1293.65042241715
138000 -259640313.768725 38377098.9044926 518.085387781937 1292.82017992615
139000 -259119364.876667 39669490.7928557 523.81400453956 1291.95830909641
140000 -258592682.574517 40961004.9147318 529.552176584691 1291.06461443102
141000 -258060257.401636 42251609.3488508 535.299714110317 1290.13890119135
142000 -257522080.08873 43541271.9796019 541.056424232536 1289.18097544193
143000 -256978141.560929 44829960.4978593 546.822110977478 1288.190644096
144000 -256428432.940892 46117642.401854 552.596575268778 1287.16771496159
145000 -255872945.551906 47404284.998092 558.379614915703 1286.11199678826
146000 -255311670.921013 48689855.4023189 564.171024601871 1285.02329931444
147000 -254744600.782139 49974320.5405336 569.970595874642 1283.90143331532
148000 -254171727.079233 51257647.1500486 575.778117135176 1282.74621065142
149000 -253593041.969422 52539801.7806 581.593373629158 1281.55744431761
150000 -253008537.826167 53820750.7955064 587.41614743825 1280.33494849284
151000 -252418207.242435 55100460.3728789 593.246217472245 1279.07853859037
152000 -251822043.033868 56378896.5068794 599.083359461968 1277.78803130855
153000 -251220038.241975 57656025.0090325 604.927345952936 1276.46324468219
154000 -250612186.137308 58931811.5095873 610.777946299796 1275.10399813443
155000 -249998480.222668 60206221.4589322 616.634926661554 1273.71011252922
156000 -249378914.236292 61479220.1290619 622.498049997629 1272.2814102242
157000 -248753482.15506 62750772.6150978 628.367076064719 1270.81771512425
158000 -248122178.197699 64020843.8368624 634.24176141455 1269.31885273538
159000 -247484996.827986 65289398.5405071 640.121859392462 1267.78465021924
160000 -246841932.757957 66556401.3001962 646.007120136899 1266.21493644804
161000 -246192980.951111 67821816.5198439 651.897290579814 1264.60954205994
162000 -245538136.62562 69085608.4349097 657.792114447984 1262.96829951491
163000 -244877395.25753 70347741.1142461 663.691332265272 1261.29104315104
164000 -244210752.583963 71608178.4620077 669.594681355865 1259.5776092412
165000 -243538204.606316 72866884.2196119 675.501895848463 1257.82783605026
166000 -242859747.593451 74123821.9677622 681.412706681501 1256.0415638925
167000 -242175378.084886 75378955.1285244 687.326841609355 1254.21863518957
168000 -241485092.893972 76632246.967464 693.244025209605 1252.35889452873
169000 -240788889.111071 77883660.5958411 699.163978891328 1250.46218872144
170000 -240086764.106711 79133158.9728638 705.086420904478 1248.52836686229
171000 -239378715.53475 80380704.9080009 711.011066350331 1246.5572803882
172000 -238664741.33551 81626261.0633545 716.937627193056 1244.54878313796
172800 -238089294.325177 82621248.1625352 721.680059397911 1242.91495292859
