0 314159000 0 -1186.52529352325 179.325758968319
1000 312970450.414642 179325.372587401 -1190.57899864411 179.324597625258
2000 311777831.684295 358648.409190497 -1194.66365933472 179.321078053434
3000 310581112.62427 537966.724495758 -1198.77973546355 179.315145835745
4000 309380261.585083 717277.878021614 -1202.92769678745 179.306745044906
5000 308175246.442437 896579.372583029 -1207.10802323101 179.295818192654
6000 306966034.586907 1075868.6527043 -1211.32120517576 179.282306176916
7000 305752592.91333 1255143.10297793 -1215.56774375957 179.266148226855
8000 304534887.809901 1434400.04636747 -1219.84815118662 179.247281845684
9000 303312885.146943 1613636.74245203 -1224.16295104853 179.225642751156
10000 302086550.265356 1792850.38561001 -1228.51267865709 179.201164813592
11000 300855847.964725 1972038.10313965 -1232.89788138895 179.173779991372
12000 299620742.491079 2151196.95331371 -1237.31911904297 179.143418263723
13000 298381197.52428 2330323.92336554 -1241.77696421069 179.110007560698
14000 297137176.165047 2509415.9274037 -1246.27200266053 179.073473690209
15000 295888640.921574 2688469.80425201 -1250.80483373628 179.033740261955
16000 294635553.695749 2867482.31521196 -1255.37607077062 178.9907286081
17000 293377875.768961 3046450.14174415 -1259.98634151415 178.944357700544
18000 292115567.787451 3225369.8830651 -1264.63628858095 178.894544064601
19000 290848589.747221 3404238.053656 -1269.32656991103 178.84120168892
20000 289576900.978473 3583051.08067933 -1274.05785925081 178.784241931439
21000 288300460.129553 3761805.30129941 -1278.83084665223 178.72357342119
22000 287019225.150384 3940496.9599026 -1283.6462389914 178.659101955715
23000 285733153.275377 4119122.20521261 -1288.50476050786 178.590730393888
24000 284442201.005793 4297677.08729617 -1293.40715336515 178.518358543893
25000 283146324.091521 4476157.55445433 -1298.35417823398 178.441883046088
26000 281845477.512278 4654559.44999373 -1303.34661489893 178.361197250515
27000 280539615.458175 4832878.50887274 -1308.3852628898 178.276191088736
28000 279228691.309648 5011110.35421647 -1313.47094213896 178.18675093971
29000 277912657.616714 5189250.49369439 -1318.60449366582 178.092759489371
30000 276591466.077533 5367294.31575445 -1323.78678028985 177.994095583582
31000 275265067.516238 5545237.08570649 -1329.01868737351 177.890634074078
32000 273933411.860007 5723073.94164813 -1334.30112359672 177.782245657015
33000 272596448.115342 5900799.89022513 -1339.63502176434 177.668796703715
34000 271254124.343528 6078409.80221856 -1345.02133964835 177.550149083164
35000 269906387.635232 6255898.4079501 -1350.46106086667 177.426159975781
36000 268553184.084199 6433260.29249651 -1355.95519580033 177.296681677972
37000 267194458.760012 6610489.89070387 -1361.50478255111 177.161561396923
38000 265830155.679881 6787581.48199152 -1367.11088794179 177.020641035074
39000 264460217.779396 6964529.1849349 -1372.77460856124 176.873756963648
40000 263084586.882222 7141326.95161647 -1378.4970718568 176.720739784604
41000 261703203.668676 7317968.56173217 -1384.27943727643 176.561414080304
42000 260316007.64313 7494447.61644135 -1390.12289746353 176.395598150164
43000 258922937.100194 7670757.53194644 -1396.02867950704 176.223103733487
44000 257523929.089628 7846891.53278812 -1401.9980462503 176.043735717636
45000 256118919.3799 8022842.64484112 -1408.03229766151 175.857291830629
46000 254707842.420351 8198603.68799415 -1414.1327722697 175.663562317193
47000 253290631.301892 8374167.26849756 -1420.30084866963 175.462329597219
48000 251867217.716149 8549525.77095985 -1426.53794709986 175.253367905514
49000 250437531.913004 8724671.34997415 -1432.84553109794 175.036442911631
50000 249001502.656427 8899595.92135434 -1439.22510923765 174.811311318499
51000 247559057.178545 9074291.15295815 -1445.67823695273 174.57772043846
52000 246110121.131824 9248748.45507476 -1452.20651845262 174.335407745215
53000 244654618.539299 9422958.97035141 -1458.81160873556 174.084100400091
54000 243192471.742736 9596913.56323292 -1465.49521570508 173.823514750877
55000 241723601.348621 9770602.80888534 -1472.25910239628 173.553355801383
56000 240247926.171866 9944016.98157386 -1479.10508931857 173.273316649705
57000 238765363.177117 10117146.0424623 -1486.03505692243 172.983077893034
58000 237275827.417522 10289979.6268 -1493.05094819781 172.682306996659
59000 235779231.970832 10462507.0304583 -1500.15477141282 172.370657624647
60000 234275487.872696 10634717.1957778 -1507.34860300166 172.047768929449
61000 232764504.046981 10806598.6966834 -1514.63459061161 171.713264797482
62000 231246187.232971 10978139.7230213 -1522.01495631959 171.366753047481
63000 229720441.909246 11149328.0640698 -1529.49200002959 171.007824578137
64000 228187170.214083 11320151.0911704 -1537.06810306327 170.636052461246
65000 226646271.862156 11490595.7394231 -1544.74573195678 170.25099097629
66000 225097644.057331 11660648.4883855 -1552.52744247817 169.852174581981
67000 223541181.401328 11830295.3417098 -1560.41588388066 169.439116819932
68000 221976775.798003 11999521.805647 -1568.41380340854 169.011309145195
69000 220404316.352996 12168312.8663433 -1576.52405107357 168.568219677905
70000 218823689.268453 12336652.9658457 -1584.74958472149 168.109291869777
71000 217234777.732528 12504525.9767286 -1593.09347540984 167.633943078612
72000 215637461.803347 12671915.1752465 -1601.55891312001 167.141563043349
73000 214031618.287082 12838803.2129074 -1610.14921282846 166.631512251472
74000 212417120.609751 13005172.0863579 -1618.86782096441 166.103120189831
75000 210793838.682376 13171003.1054549 -1627.71832228342 165.555683469062
76000 209161638.759027 13336276.8593951 -1636.70444718912 164.988463810849
77000 207520383.287314 13500973.1807584 -1645.83007953832 164.400685886176
78000 205869930.750819 13665071.1073092 -1655.09926496769 163.791534991596
79000 204210135.502917 13828548.8413872 -1664.51621978412 163.16015454917
80000 202540847.59141 13991383.7067039 -1674.08534046461 162.505643414304
81000 200861912.573332 14153552.1023426 -1683.81121381594 161.827052974063
82000 199173171.319248 14315029.4537457 -1693.69862784931 161.12338401671
83000 197474459.806287 14475790.1604466 -1703.75258343053 160.393583351184
84000 195765608.899118 14635807.5402876 -1713.97830677227 159.636540152904
85000 194046444.117978 14795053.7698355 -1724.38126284177 158.851082009764
86000 192316785.3928 14953499.820681 -1734.96716976472 158.035970639215
87000 190576446.802408 15111115.391278 -1745.74201431448 157.189897244123
88000 188825236.297633 15267868.8339431 -1756.71206858524 156.311477471376
89000 187062955.40712 15423727.0765982 -1767.88390795805 155.39924593305
90000 185289398.924482 15578655.5387974 -1779.26443048062 154.451650245252
91000 183504354.575295 15732618.0415309 -1790.86087779503 153.467044534378
92000 181707602.662346 15885576.7102455 -1802.68085776238 152.443682354484
93000 179898915.68733 16037491.8704621 -1814.73236895032 151.37970895253
94000 178078057.947055 16188321.9353029 -1827.02382716851 150.273152810393
95000 176244785.102002 16338023.2841665 -1839.56409425866 149.121916383532
96000 174398843.714875 16486550.131702 -1852.36250937034 147.923765945871
97000 172539970.756517 16633854.38614 -1865.42892298164 146.676320438651
98000 170667893.076328 16779885.4959261 -1878.77373395549 145.377039207404
99000 168782326.833957 16924590.2834815 -1892.40792995897 144.023208495498
100000 166882976.888756 17067912.7647737 -1906.34313161409 142.611926544666
101000 164969536.143037 17209793.9532218 -1920.59164079651 141.140087131922
102000 163041684.834767 17350171.6462763 -1935.16649355323 139.604361347991
103000 161099089.774813 17488980.192806 -1950.08151817331 138.001177394082
104000 159141403.523295 17626150.2391866 -1965.35139901863 136.32669814085
105000 157168263.498938 17761608.4517075 -1980.99174680593 134.576796154786
106000 155179291.014598 17895277.2125996 -1997.01917612941 132.74702585204
107000 153174090.231267 18027074.2866193 -2013.45139112685 130.832592386421
108000 151152247.021924 18156912.4546996 -2030.30728032565 128.828316815511
109000 149113327.735448 18284699.1106899 -2047.60702186058 126.72859701447
110000 147056877.849578 18410335.8166295 -2065.37220043798 124.527363718861
111000 144982420.500369 18533717.8113308 -2083.62593763704 122.218030972585
112000 142889454.873928 18654733.4662664 -2102.39303739264 119.793440131306
113000 140777454.444199 18773263.6818261 -2121.70014880719 117.245796420794
114000 138645865.038235 18889181.2159261 -2141.57594879753 114.566596867804
115000 136494102.70771 19002349.9356623 -2162.05134751307 111.746548201262
116000 134321551.382211 19112623.9811651 -2183.15971997584 108.77547305443
117000 132127560.276111 19219846.8289921 -2204.93716801352 105.642202473037
118000 129911441.016389 19323850.2402041 -2227.42281730635 102.334452335187
119000 127672464.453502 19424453.0756357 -2250.65915527978 98.838680797475
120000 125409857.111141 19521459.9577005 -2274.69241668562 95.1399232736669
121000 123122797.223211 19614659.7542052 -2299.57302507825 91.2216006960037
122000 120810410.297342 19703823.8549477 -2325.35610007124 87.0652958632375
123000 118471764.133369 19788704.2061024 -2352.10204234195 82.6504914895299
124000 116105863.211993 19869031.0602899 -2379.87721094495 77.9542620622144
125000 113711642.352706 19944510.3914133 -2408.75471074742 72.9509096978017
126000 111287959.520282 20014820.9123574 -2438.81531190161 67.6115317248807
127000 108833587.634736 20079610.6198519 -2470.14852847973 61.9035045437152
128000 106347205.209303 20138492.7733736 -2502.85389005992 55.7898641743355
129000 103827385.603128 20191041.1927862 -2537.04244863851 49.228558474532
130000 101272584.627616 20236784.7309698 -2572.83857439689 42.1715388209738
131000 98681126.1849252 20275200.7409218 -2610.38210846059 34.5636494438473
132000 96051185.5397233 20305707.308853 -2649.83096009991 26.3412596501146
133000 93380769.7256337 20327653.9616659 -2691.36426159527 17.4305665075172
134000 90667694.4580734 20340310.4732622 -2735.18622874861 7.74547120656985
135000 87909556.7547472 20342853.2813072 -2781.53092241981 -2.81510167508797
136000 85103702.2387652 20334348.8726774 -2830.66817188121 -14.3706208533295
137000 82247185.7954291 20313733.2846045 -2882.91101223834 -27.0633487651066
138000 79336723.8404866 20279786.573709 -2938.62511783798 -41.064073993233
139000 76368635.8881703 20231100.6874264 -2998.24090027581 -56.5796727499312
140000 73338772.3109195 20166038.5708391 -3062.26921291547 -73.8632210429208
141000 70242424.0508783 20082681.4600937 -3131.32201130221 -93.2277249641897
142000 67074208.4060827 19978759.9948872 -3206.13993871041 -115.065081157019
143000 63827922.5992024 19851562.7666739 -3287.62977024037 -139.872758852646
144000 60496353.1957706 19697812.7610223 -3376.91618623099 -168.29215475795
145000 57071023.8143042 19513497.0657141 -3475.41486587436 -201.165073067639
146000 53541854.6401643 19293626.7617649 -3584.93815394087 -239.619222767685
147000 49896692.6265716 19031889.3492434 -3707.85202103819 -285.201834569293
148000 46120646.4353517 18720129.9022031 -3847.31666182088 -340.096416351292
149000 42195116.2510116 18347547.8295746 -4007.66911871093 -407.490279838176
150000 38096327.1028307 17899397.6025786 -4195.05887950086 -492.231854479531
151000 33793014.2944255 17354770.7551939 -4418.56045740169 -602.086055927783
152000 29242573.4006645 16682543.416874 -4692.24915164092 -750.339198355644
153000 24384222.0901694 15833287.3057374 -5039.39012075047 -961.823199816687
154000 19125806.9932296 14721055.7691776 -5501.74172939159 -1289.07740849751
155000 13315631.885327 13174516.5521383 -6162.44025033492 -1866.25540431585
156000 6677347.41172572 10762983.6143763 -7198.3367287265 -3165.74499526516
156922 -532949.223795259 6355407.26744912 -8236.57471221815 -7486.66880194654
