0 314159000 0 -1199.04012799317 47.987201023961
1000 312957935.526086 47987.0976230152 -1203.09399583509 47.9868902260411
2000 311752801.578931 95973.5700533349 -1207.17915221112 47.9859482185515
3000 310543566.635119 143958.778754025 -1211.29606857051 47.9843602790016
4000 309330198.694664 191942.070260094 -1215.44522666024 47.9821112714713
5000 308112665.270562 239922.775758075 -1219.62711882082 47.979185632528
6000 306890933.378043 287900.210651226 -1223.84224829263 47.9755673565709
7000 305664969.523515 335873.674109795 -1228.09112953339 47.9712399805776
8000 304434739.693183 383842.448605703 -1232.37428854699 47.9661865682239
9000 303200209.341336 431805.799431035 -1236.69226322435 47.9603896933466
10000 301961343.378276 479762.974199644 -1241.0456036968 47.9538314227185
11000 300718106.157908 527713.202331181 -1245.43487270243 47.9464932981009
12000 299470461.464934 575655.69451679 -1249.86064596615 47.9383563175383
13000 298218372.501675 623589.642165703 -1254.32351259394 47.9294009158598
14000 296961801.874484 671514.21683195 -1258.82407548198 47.9196069443458
15000 295700711.579749 719428.569620255 -1263.3629517413 47.908953649519
16000 294435062.989456 767331.830570314 -1267.94077313872 47.8974196510155
17000 293164816.836305 815223.108018434 -1272.55818655475 47.8849829184908
18000 291889933.198362 863101.487935579 -1277.2158544593 47.8716207475089
19000 290610371.483224 910966.033240791 -1281.91445540592 47.8573097343643
20000 289326090.411676 958815.783088859 -1286.65468454563 47.842025749781
21000 288037048.000837 1006649.75213111 -1291.43725416105 47.8257439114302
22000 286743201.546742 1054466.92974811 -1296.26289422197 47.8084385552037
23000 285444507.606376 1102266.27925296 -1301.13235296321 47.7900832051791
24000 284140921.979105 1150046.73706389 -1306.04639748608 47.7706505422043
25000 282832399.687502 1197807.21184475 -1311.00581438433 47.7501123710307
26000 281518894.95753 1245546.58361181 -1316.01141039601 47.7284395859134
27000 280200361.198058 1293263.70280544 -1321.0640130824 47.7056021345955
28000 278876750.97969 1340957.38932482 -1326.16447153535 47.6815689805906
29000 277548016.012867 1388626.43152415 -1331.31365711453 47.6563080636645
30000 276214107.125218 1436269.58516836 -1336.51246421609 47.6297862584199
31000 274874974.238124 1483885.57234638 -1341.76181107424 47.6019693308743
32000 273530566.342466 1531473.08033998 -1347.06264059758 47.5728218929197
33000 272180831.473516 1579030.76044598 -1352.41592124187 47.5423073545419
34000 270825716.684941 1626557.2267494 -1357.82264792125 47.5103878736699
35000 269465168.02187 1674051.05484534 -1363.28384295979 47.4770243035188
36000 268099130.492986 1721510.78050683 -1368.80055708569 47.4421761372795
37000 266727548.041617 1768934.89829598 -1374.37387047032 47.4058014499969
38000 265350363.515743 1816321.86011555 -1380.00489381446 47.3678568374717
39000 263967518.636911 1863670.07369784 -1385.69476948449 47.3282973520049
40000 262578953.967972 1910977.90102767 -1391.44467270115 47.2870764347946
41000 261184608.879614 1958243.65669601 -1397.25581278378 47.2441458447827
42000 259784421.515617 2005465.60618061 -1403.12943445327 47.1994555837278
43000 258378328.756773 2052641.96404965 -1409.06681919688 47.1529538172757
44000 256966266.183411 2099770.89208444 -1415.06928669859 47.1045867917722
45000 255548168.036456 2146850.49731661 -1421.13819633868 47.0542987465511
46000 254123967.176948 2193878.8299753 -1427.27494876657 47.0020318214085
47000 252693595.043966 2240853.88133921 -1433.48098755128 46.9477259589513
48000 251256981.610836 2287773.5814883 -1439.75780091396 46.8913188014903
49000 249814055.339585 2334635.7969496 -1446.10692354758 46.8327455821171
50000 248364743.133518 2381438.32823088 -1452.52993852882 46.771939009581
51000 246908970.287838 2428178.90723608 -1459.02847932807 46.7088291465509
52000 245446660.438205 2474855.19455541 -1465.60423192318 46.6433432808163
53000 243977735.507124 2521464.77662294 -1472.25893702382 46.575405788947
54000 242502115.648056 2568005.16273388 -1478.99439241307 46.5049379918916
55000 241019719.187118 2614473.7819132 -1485.81245541379 46.4318580019543
56000 239530462.562258 2660867.97962665 -1492.7150454878 46.3560805605473
57000 238034260.259757 2707185.01432466 -1499.70414697636 46.2775168660629
58000 236531024.747916 2753422.05380885 -1506.78181199119 46.1960743911598
59000 235020666.407777 2799576.17141029 -1513.95016346614 46.1116566886967
60000 233503093.460699 2845644.34196759 -1521.21139837987 46.0241631854833
61000 231978211.892628 2891623.43759233 -1528.56779116146 45.9334889629521
62000 230445925.374868 2937510.22320822 -1536.02169729112 45.8395245237707
63000 228906135.181137 2983301.35184934 -1543.57555710962 45.7421555433378
64000 227358740.10071 3028993.35970194 -1551.2318998509 45.6412626050086
65000 225803636.347413 3074582.66087276 -1558.99334791352 45.5367209177963
66000 224240717.464217 3120065.54186567 -1566.86262138813 45.4284000151833
67000 222669874.223166 3165438.1557472 -1574.84254285925 45.3161634335543
68000 221090994.520363 3210696.5159795 -1582.93604250133 45.1998683686266
69000 219503963.2657 3255836.48989811 -1591.146163491 45.0793653081044
70000 217908662.267009 3300853.7918096 -1599.47606775875 44.9544976386168
71000 216304970.108282 3345743.97568246 -1607.92904210608 44.8251012248195
72000 214692762.021579 3390502.42740225 -1616.5085047156 44.6910039583336
73000 213071909.752216 3435124.35655952 -1625.21801208482 44.5520252739747
74000 211442281.416794 3479604.78773637 -1634.06126641663 44.4079756304735
75000 209803741.353597 3523938.55125488 -1643.04212350268 44.2586559526127
76000 208156149.964838 3568120.27334685 -1652.16460113933 44.1038570313975
77000 206499363.55021 3612144.36570121 -1661.43288811934 43.9433588785334
78000 204833234.131137 3656005.01434147 -1670.85135384689 43.7769300311021
79000 203157609.265074 3699696.1677809 -1680.42455862779 43.6043268018974
80000 201472331.849161 3743211.52439895 -1690.1572646922 43.4252924704046
81000 199777239.912453 3786544.51897662 -1700.05444801245 43.2395564088724
82000 198072166.395918 3829688.30832297 -1710.12131098527 43.0468331373197
83000 196356938.919279 3872635.75591815 -1720.3632960545 42.8468213006495
84000 194631379.533734 3915379.41549163 -1730.7861003584 42.6392025602737
85000 192895304.459476 3957911.51344575 -1741.39569149448 42.4236403918012
86000 191148523.806849 4000223.9300261 -1752.19832450457 42.1997787793686
87000 189390841.279856 4042308.17913021 -1763.20056019418 41.9672407960954
88000 187622053.860637 4084155.386635 -1774.40928491256 41.725627058911
89000 185841951.473372 4125756.26711073 -1785.83173193392 41.4745140445828
90000 184050316.625943 4167101.09877552 -1797.47550459628 41.2134522521776
91000 182246924.027498 4208179.6965287 -1809.34860137237 40.941964195363
92000 180431540.179909 4248981.38288379 -1821.4594430675 40.6595422058691
93000 178603922.94087 4289494.95660173 -1833.81690236202 40.3656460270502
94000 176763821.056185 4329708.65880299 -1846.43033594287 40.0597001737559
95000 174910973.658512 4369610.13631163 -1859.30961949825 39.7410910315803
96000 173045109.72956 4409186.40195572 -1872.46518588376 39.4091636649552
97000 171165947.522386 4448423.79151603 -1885.90806680761 39.0632182993819
98000 169273193.940089 4487307.91697776 -1899.64993842726 38.702506438286
99000 167366543.866765 4525823.61569788 -1913.70317130153 38.3262265693942
100000 165445679.44613 4563954.89505249 -1928.0808852016 37.9335194090516
101000 163510269.302666 4601684.87207305 -1942.79700935314 37.523462625337
102000 161559967.699538 4638995.70751728 -1957.86634876121 37.0950649720129
103000 159594413.626843 4675868.53374736 -1973.30465736194 36.6472597550051
104000 157613229.812941 4712283.37570358 -1989.12871885253 36.178897540966
105000 155616021.650718 4748219.06416469 -2005.35643617668 35.688738003163
106000 153602376.029573 4783653.14037294 -2022.00693078938 35.1754407830239
107000 151571860.062719 4818561.75097029 -2039.10065299791 34.6375552256191
108000 149524019.697987 4852919.5320392 -2056.65950487903 34.0735088235033
109000 147458378.198714 4886699.48086196 -2074.70697751309 33.4815941748615
110000 145374434.479404 4919872.81380184 -2093.2683045611 32.8599542277842
111000 143271661.278675 4952408.80846124 -2112.37063455031 32.2065655414542
112000 141149503.149423 4984274.62797908 -2132.04322464014 31.5192192454848
113000 139007374.243155 5015435.12498154 -2152.31765912722 30.7954993185733
114000 136844655.861861 5045852.62228627 -2173.22809653505 30.0327577344894
115000 134660693.74665 5075486.66696481 -2194.81154984382 29.2280859339593
116000 132454795.067362 5104293.75377376 -2217.10820527862 28.3782819710713
117000 130226225.071469 5132227.01324803 -2240.16178612761 27.4798125470678
118000 127974203.343467 5159235.85888139 -2264.0199693543 26.5287689758715
119000 125697899.617438 5185265.58676284 -2288.73486436239 25.5208159153577
120000 123396429.075138 5210256.9197437 -2314.36356524835 24.4511314343719
121000 121068847.049462 5234145.48662125 -2340.96879034318 23.3143366520797
122000 118714143.037827 5256861.22485684 -2368.6196259385 22.1044127625058
123000 116331233.911257 5278327.69290038 -2397.39239500052 20.8146027149807
124000 113918956.181767 5298461.27512915 -2427.37167664341 19.4372941226118
125000 111476057.161808 5317170.25854736 -2458.65150849683 17.9638790638934
126000 109001184.813496 5334353.75549165 -2491.33681231329 16.3845852555103
127000 106492876.03987 5349900.44031899 -2525.54509384277 14.6882715075313
128000 103949543.112736 5363687.05997191 -2561.40848201935 12.8621782851596
129000 101369457.857756 5375576.66780668 -2599.07619106912 10.8916213942139
130000 98750733.1220239 5385416.51627912 -2638.71751397993 8.75961299279711
131000 96091300.9250106 5393035.52580527 -2680.52548934237 6.44638888924863
132000 93388886.5300146 5398241.22263194 -2724.72142947271 3.92881379520743
133000 90640977.4553235 5400816.00538321 -2771.56056127362 1.17962592938271
134000 87844786.1508168 5400512.55444933 -2821.33912044182 -1.8335323116637
135000 84997204.6654862 5397048.13512399 -2874.40336654314 -5.14937219679047
136000 82094749.0778072 5390097.45614459 -2931.16117001961 -8.81461101611043
137000 79133490.6836503 5379283.61732347 -2992.0970922861 -12.886172146328
138000 76108969.826695 5364166.4932189 -3057.79228518148 -17.4341583643656
139000 73016086.6422846 5344227.62190758 -3128.95115660655 -22.5459373126228
140000 69848960.5895808 5318850.24532751 -3206.43772235505 -28.3318601019284
141000 66600747.0071709 5287292.4892146 -3291.32613084239 -34.9334346718631
142000 63263393.2539081 5248650.61629845 -3384.97244529746 -42.5352875694994
143000 59827307.8903282 5201807.54488922 -3489.11922275103 -51.3831512705384
144000 56280901.2402796 5145358.84431485 -3606.0523678343 -61.8117741675826
145000 52609929.5881314 5077503.10277775 -3738.84453197166 -74.2898471068267
146000 48796528.1581797 4995873.61349987 -3891.7483745172 -89.4955459533617
147000 44817728.2066847 4897268.59957353 -4070.86371243788 -108.450431114308
148000 40643070.6877563 4777195.2627376 -4285.33949589178 -132.7727546466
149000 36230524.9740373 4629045.69529947 -4549.71099395892 -165.197965230825
150000 31518930.2958347 4442470.54021193 -4888.9235691373 -210.771361223242
151000 26412382.0433263 4199756.48157727 -5350.7374249081 -280.027113149309
152000 20742343.9745197 3866169.83605526 -6043.42097490475 -399.630861558202
153000 14147258.6391508 3355036.92577373 -7299.66971564639 -665.503515246708
153950 5917708.54201951 2358116.77090825 -10985.8335225515 -1830.14542006358
