0 314159000 0 -1199.46004049879 35.9946002429948
1000 312957515.611767 35994.5226830801 -1203.51391380086 35.9943671167288
2000 311751961.739275 71988.576414708 -1207.59908681114 35.9936605242094
3000 310542306.847744 107981.682230462 -1211.7160313697 35.9924694182367
4000 309328518.925421 143973.349964414 -1215.86522962825 35.990782441267
5000 308110565.473122 179963.07793353 -1220.04717434646 35.9885879148366
6000 306888413.493474 215950.352611285 -1224.26236919898 35.9858738285555
7000 305662029.479837 251934.648290048 -1228.51132909345 35.9826278286519
8000 304431379.404915 287915.426731774 -1232.7945805 35.9788372060467
9000 303196428.709011 323892.136806534 -1237.1126617928 35.9744888839328
10000 301957142.287962 359864.214118359 -1241.46612360412 35.9695694048385
11000 300713484.480688 395831.080617881 -1245.85552919144 35.9640649171481
12000 299465419.056382 431792.144201218 -1250.28145481831 35.9579611610533
13000 298212909.201304 467746.798294505 -1254.74449014938 35.9512434539069
14000 296955917.505181 503694.421423474 -1259.24523866038 35.9438966749516
15000 295694405.947182 539634.376767435 -1263.78431806373 35.9359052493887
16000 294428335.881461 575566.011696984 -1268.36236075036 35.9272531317574
17000 293157668.022251 611488.657294728 -1272.98001424862 35.9179237885868
18000 291882362.428492 647401.627858282 -1277.63794170101 35.9079001802855
19000 290602378.487966 683304.220384766 -1282.33682235959 35.8971647422281
20000 289317674.900936 719195.714035963 -1287.07735210085 35.8856993649981
21000 288028209.663254 755075.369583275 -1291.86024396114 35.8734853737425
22000 286733940.048926 790942.428831588 -1296.68622869341 35.8605035065927
23000 285434822.592104 826796.114021047 -1301.55605534652 35.8467338920996
24000 284130813.068494 862635.62720577 -1306.47049186802 35.8321560256338
25000 282821866.476145 898460.149608416 -1311.43032573162 35.8167487446925
26000 281507937.015598 934268.840949485 -1316.43636459059 35.8004902030548
27000 280188978.069368 970060.838750173 -1321.48943695832 35.7833578437243
28000 278864942.180732 1005835.25760754 -1326.59039291742 35.7653283705887
29000 277535781.031795 1041591.18844066 -1331.74010485879 35.7463777187288
30000 276201445.420795 1077327.69770639 -1336.93946825215 35.7264810232997
31000 274861885.23863 1113043.82658324 -1342.18940244973 35.7056125869046
32000 273517049.444554 1148738.59012185 -1347.49085152469 35.6837458453748
33000 272166886.041026 1184410.97636044 -1352.84478514616 35.6608533318662
34000 270811342.047658 1220059.94540341 -1358.25219949286 35.6369066391731
35000 269450363.474234 1255684.42846136 -1363.71411820715 35.6118763801586
36000 268083895.292748 1291283.32685058 -1369.23159339196 35.5857321461893
37000 266711881.408432 1326855.51094983 -1374.80570665256 35.5584424634556
38000 265334264.629706 1362399.81911248 -1380.43757018587 35.5299747470542
39000 263950986.637026 1397915.0565314 -1386.12832791978 35.5002952526975
40000 262561987.950562 1433399.99405443 -1391.87915670525 35.4693690259031
41000 261167207.896652 1468853.36694767 -1397.69126756413 35.4371598485152
42000 259766584.572986 1504273.87360387 -1403.56590699587 35.4036301823879
43000 258360054.812446 1539660.17419306 -1409.5043583463 35.3687411100573
44000 256947554.145553 1575010.88925223 -1415.50794324226 35.3324522722121
45000 255529016.761436 1610324.5982108 -1421.57802309565 35.2947218017602
46000 254104375.467263 1645599.8378484 -1427.71600068107 35.2555062542748
47000 252673561.646063 1680835.10068114 -1433.92332179134 35.2147605345851
48000 251236505.21284 1716028.83327247 -1440.20147697543 35.1724378192631
49000 249793134.568916 1751179.43446433 -1446.55200336392 35.1284894747339
50000 248343376.554395 1786285.25352419 -1452.976486587 35.082864970723
51000 246887156.398667 1821344.58820294 -1459.47656279096 35.0355117887266
52000 245424397.668835 1856355.68269875 -1466.05392075893 34.986375325169
53000 243955022.215979 1891316.72552121 -1472.71030414259 34.9353987888857
54000 242478950.119118 1926225.84724995 -1479.44751381171 34.8825230925411
55000 240996099.626766 1961081.11818154 -1486.26741032892 34.8276867375586
56000 239506387.095946 1995880.54585782 -1493.17191655792 34.7708256921089
57000 238009726.928529 2030622.07246854 -1500.16302041357 34.7118732616634
58000 236506031.504743 2065303.57212066 -1507.24277776328 34.6507599515794
59000 234995211.113702 2099922.84796602 -1514.41331548958 34.5874133211416
60000 233477173.88079 2134477.62917846 -1521.67683472472 34.521757828435
61000 231951825.691719 2168965.56777101 -1529.0356142689 34.4537146653706
62000 230419070.113067 2203384.23524279 -1536.49201420454 34.3832015821292
63000 228878808.309107 2237731.1190449 -1544.0484797203 34.3101327002259
64000 227330938.954691 2272003.61885311 -1551.70754515931 34.2344183133235
65000 225775358.143974 2306199.04263506 -1559.47183830748 34.1559646748538
66000 224211959.294723 2340314.6024979 -1567.34408493899 34.0746737714157
67000 222640633.047939 2374347.41030179 -1575.32711363761 33.9904430808277
68000 221061267.162514 2408294.47302336 -1583.42386091371 33.903165313612
69000 219473746.404618 2442152.6878517 -1591.63737663908 33.8127281365738
70000 217877952.431474 2475918.83699848 -1599.97082982313 33.719013877012
71000 216273763.669186 2509589.58220181 -1608.42751475627 33.6218992059644
72000 214661055.184217 2543161.4589023 -1617.01085754855 33.5212547987327
73000 213039698.548129 2576630.87006733 -1625.72442309432 33.4169449707677
74000 211409561.695123 2609994.07963813 -1634.57192249598 33.308827286804
75000 209770508.771914 2643247.20557161 -1643.55722098363 33.1967521409251
76000 208122399.979428 2676386.21244668 -1652.68434637019 33.0805623050086
77000 206465091.405744 2709406.90360203 -1661.95749808575 32.9600924427411
78000 204798434.849706 2742304.91276949 -1671.38105683891 32.8351685861015
79000 203122277.634529 2775075.6951636 -1680.95959495738 32.7056075708923
80000 201436462.41071 2807714.51798475 -1690.6978874656 32.571216427532
81000 199740826.94746 2840216.45028901 -1700.60092396249 32.4317917229212
82000 198035203.911826 2872576.35217338 -1710.67392136897 32.287118848736
83000 196319420.634613 2904788.86322054 -1720.92233762218 32.1369712509953
84000 194593298.86209 2936848.39014131 -1731.35188640092 31.9811095951709
85000 192856654.492418 2968749.09354748 -1741.9685529761 31.8192808604603
86000 191109297.295635 3000484.87378046 -1752.77861128978 31.6512173561129
87000 189351030.615879 3032049.35571409 -1763.78864237772 31.4766356518687
88000 187581651.054484 3063435.87244129 -1775.00555426281 31.2952354136319
89000 185800948.132377 3094637.44774484 -1786.43660346125 31.1066981344354
90000 184008703.930103 3125646.7772422 -1798.08941825922 30.9106857495413
91000 182204692.703611 3156456.2080824 -1809.97202393587 30.7068391231416
92000 180388680.473767 3187057.71705953 -1822.09287012939 30.4947763925463
93000 178560424.587339 3217442.8869927 -1834.46086056593 30.2740911539476
94000 176719673.246962 3247602.88120505 -1847.08538539784 30.0443504717748
95000 174866165.007361 3277528.41591567 -1859.97635642799 29.805092691291
96000 172999628.234765 3307209.73033611 -1873.14424553168 29.5558250313398
97000 171119780.526161 3336636.55423902 -1886.60012662685 29.296020931008
98000 169226328.084641 3365798.07273808 -1900.35572158911 29.0251171203153
99000 167318965.046678 3394682.88798661 -1914.42345056012 28.7425103808206
100000 165397372.756684 3423278.97746573 -1928.81648715803 28.44755395712
101000 163461218.983671 3451573.64849106 -1943.54881916831 28.1395535744858
102000 161510157.074213 3479553.48851905 -1958.6353153737 27.8177630112106
103000 159543825.035193 3507204.31077859 -1974.09179927564 27.4813791663806
104000 157561844.539034 3534511.09469009 -1989.93513056845 27.1295365545959
105000 155563819.843172 3561457.9204601 -2006.18329535461 26.761301148304
106000 153549336.614473 3588027.89715436 -2022.85550623866 26.3756634755833
107000 151517960.648087 3614203.08345227 -2039.97231361219 25.9715308659963
108000 149469236.468786 3639964.4001698 -2057.55572964869 25.5477187190278
109000 147402685.801239 3665291.53350189 -2075.62936677133 25.1029406479993
110000 145317805.893732 3690162.8277755 -2094.21859264604 24.6357973264356
111000 143214067.677664 3714555.16631684 -2113.35070409726 24.144763832684
112000 141090913.742492 3738443.83881312 -2133.05512275645 23.6281752509297
113000 138947756.102831 3761802.39328598 -2153.36361574781 23.0842102410796
114000 136783973.730735 3784602.47047888 -2174.31054531268 22.5108722343583
115000 134598909.822001 3806813.61808473 -2195.93315199596 21.9059678433977
116000 132391868.76025 3828403.08178875 -2218.27187689524 21.267081991922
117000 130162112.736542 3849335.56955637 -2241.37072954652 20.591549165756
118000 127908857.975061 3869572.98493612 -2265.27770933577 19.8764200585011
119000 125631270.506738 3889074.12434379 -2290.04528995088 19.1184227249136
120000 123328461.422196 3907794.33230988 -2315.73097840378 18.3139171536922
121000 120999481.522653 3925685.10746243 -2342.39796266813 17.4588419169962
122000 118643315.271867 3942693.65051926 -2370.11586513665 16.5486512305465
123000 116258873.933069 3958762.34369885 -2398.96162309371 15.5782403440422
124000 113844987.751222 3973828.14862372 -2429.02052247746 14.5418566476654
125000 111400397.011525 3987821.90684406 -2460.38741771449 13.4329931867209
126000 108923741.768296 4000667.52336809 -2493.16817881597 12.2442603678853
127000 106413549.991949 4012281.00879697 -2527.48141786854 10.9672304403556
128000 103868223.822772 4022569.34948465 -2563.46056142775 9.59224773523814
129000 101286023.54467 4031429.1671033 -2601.25635437852 8.10819549276326
130000 98665048.7942952 4038745.11843612 -2641.03990634192 6.50220717716637
131000 96003216.3935736 4044387.97221304 -2683.00642623935 4.7593061487989
132000 93298234.0256171 4048212.28102557 -2727.37983789974 2.86195195140116
133000 90547568.7501817 4050053.54088798 -2774.41853512598 0.789463556378707
134000 87748409.0530467 4049724.69603514 -2824.42262670549 -1.48272141996155
135000 84897618.7115099 4047011.79785688 -2877.74315311242 -3.98400896564616
136000 81991680.1873701 4041668.55807945 -2934.79394680462 -6.74991414053518
137000 79026624.4559397 4033409.43752995 -2996.06708835778 -9.82374810085531
138000 75997943.0313313 4021900.76743909 -3062.15333201237 -13.2589012031837
139000 72900476.2748652 4006749.18499011 -3133.76952109367 -17.121984939352
140000 69728269.583711 3987486.33681227 -3211.79603077808 -21.4972374987281
141000 66474385.2655576 3963548.29185582 -3297.32891761168 -26.4928329056686
142000 63130651.9787961 3934247.28264948 -3391.75418658277 -32.2501354005185
143000 59687324.0747742 3898732.03138497 -3496.85628757516 -38.9576519943684
144000 56132607.2798356 3855930.57708862 -3614.98136624455 -46.8727482201603
145000 52451979.6006632 3804465.32947555 -3749.29154924267 -56.3567307460202
146000 48627186.3185343 3742522.19338426 -3904.17766200844 -67.9340957052957
147000 44634691.9881145 3667639.89041306 -4085.96328289362 -82.3981111003059
148000 40443175.5183345 3576351.94808078 -4304.18206424278 -101.011907206887
149000 36009215.4055809 3463535.05971055 -4574.08387722014 -125.925327891672
150000 31269221.9045458 3321110.78895234 -4922.08761309566 -161.141542749713
151000 26122542.9981472 3135114.03278407 -5399.48243108691 -215.138530813446
152000 20389590.3416898 2877708.07976902 -6125.23365850533 -309.893757840514
153000 13673408.5128275 2477090.01518424 -7482.53089224342 -528.534998202162
153856 6123496.32060022 1781705.80725074 -11046.5763049321 -1367.47392283501
