0 314159000 0 -1192.74731754804 131.73396100461
1000 312964228.363727 131733.677157995 -1196.80110356679 131.733107839828
2000 311765387.419276 263465.638165235 -1200.88601068073 131.730522095603
3000 310562445.813576 395194.130437083 -1205.00250449984 131.726163577625
4000 309355371.722923 526917.360636669 -1209.15106072472 131.719990969529
5000 308144132.84275 658633.493533961 -1213.3321654341 131.71196179491
6000 306928696.377097 790340.650826113 -1217.54631538247 131.702032377814
7000 305709029.027786 922036.909917483 -1221.79401830833 131.690157801624
8000 304485096.98327 1053720.30265773 -1226.07579325351 131.676291866269
9000 303256865.907179 1185388.81403621 -1230.39217089396 131.660387043676
10000 302024300.926503 1317040.38083098 -1234.74369388262 131.642394431375
11000 300787366.619444 1448672.89021036 -1239.13091720484 131.622263704181
12000 299546027.002898 1580284.17828524 -1243.55440854683 131.599943063848
13000 298300245.51957 1711872.02860997 -1248.01474867783 131.575379186597
14000 297049985.024683 1843434.17062965 -1252.5125318466 131.548517168421
15000 295795207.772309 1974968.2780716 -1257.04836619274 131.519300468046
16000 294535875.40125 2106471.96727854 -1261.62287417366 131.487670847441
17000 293271948.920513 2237942.79548104 -1266.23669300786 131.45356830975
18000 292003388.694311 2369378.25900653 -1270.89047513521 131.416931034508
19000 290730154.426611 2500775.79142209 -1275.58488869511 131.377695310019
20000 289452205.145183 2632132.76160824 -1280.32061802328 131.335795462734
21000 288169499.18515 2763446.47176039 -1285.09836416805 131.291163783482
22000 286881994.172007 2894714.15531496 -1289.91884542719 131.24373045039
23000 285589647.004093 3025932.97479681 -1294.78279790604 131.193423448316
24000 284292413.834501 3157100.019584 -1299.69097609818 131.140168484613
25000 282990250.052383 3288212.30358671 -1304.6441534896 131.083888901025
26000 281683110.263647 3419266.76283579 -1309.64312318746 131.024505581507
27000 280370948.271012 3550260.25297714 -1314.68869857487 130.961936855761
28000 279053717.053394 3681189.54666739 -1319.78171399266 130.896098398234
29000 277731368.744595 3812051.33086606 -1324.92302544976 130.826903122346
30000 276403854.611266 3942842.20401967 -1330.11351136341 130.754261069675
31000 275071125.030116 4073558.67313222 -1335.35407333092 130.678079293824
32000 273733129.464335 4204197.15071684 -1340.64563693431 130.598261738662
33000 272389816.439186 4334753.9516227 -1345.98915257983 130.514709110635
34000 271041133.516754 4465225.28973119 -1351.3855963739 130.427318744792
35000 269687027.269788 4595607.27451469 -1356.83597103749 130.335984464171
36000 268327443.254611 4725895.90745145 -1362.34130686101 130.240596432172
37000 266962325.983057 4856087.07828899 -1367.90266270168 130.141040997483
38000 265591618.893388 4986176.56114862 -1373.52112702589 130.037200531134
39000 264215264.320143 5116160.01046284 -1379.19781899878 129.928953255222
40000 262833203.462873 5246032.95673708 -1384.93388962368 129.816173062772
41000 261445376.353714 5375790.80212675 -1390.73052293415 129.698729328242
42000 260051721.823734 5505428.81581974 -1396.58893724157 129.576486708064
43000 258652177.46801 5634942.12921431 -1402.51038644126 129.449304930632
44000 257246679.609365 5764325.7308814 -1408.4961613806 129.317038575071
45000 255835163.260701 5893574.46129983 -1414.54759129247 129.179536838082
46000 254417562.085876 6022683.00735199 -1420.66604529799 129.036643288122
47000 252993808.359025 6151645.89656717 -1426.85293398233 128.888195606099
48000 251563832.922283 6280457.49109838 -1433.10971104806 128.734025311716
49000 250127565.141802 6409111.98141804 -1439.43787505051 128.573957474546
50000 248684932.862 6537603.37971657 -1445.83897122001 128.407810408817
51000 247235862.357929 6665925.51298733 -1452.3145933763 128.235395350845
52000 245780278.285697 6794072.0157797 -1458.86638594064 128.056516117948
53000 244318103.63081 6922036.32260139 -1465.49604605166 127.870968747603
54000 242849259.654354 7049811.65994947 -1472.20532579128 127.678541115487
55000 241373665.836892 7177391.03794815 -1478.99603452771 127.479012530969
56000 239891239.819952 7304767.24157036 -1485.87004138277 127.272153308468
57000 238401897.344985 7431932.82141774 -1492.82927783158 127.057724313009
58000 236905552.189656 7558880.08403257 -1499.875740443 126.835476478127
59000 235402116.101316 7685601.081713 -1507.01149377021 126.605150294171
60000 233891498.727506 7812087.60180089 -1514.23867340096 126.366475264833
61000 232373607.543327 7938331.15540931 -1521.55948917849 126.119169329626
62000 230848347.775501 8064322.96555445 -1528.97622860415 125.862938249763
63000 229315622.322928 8190053.95465404 -1536.4912604345 125.597474954738
64000 227775331.673548 8315514.7313514 -1544.10703848577 125.322458846628
65000 226227373.817285 8440695.57662136 -1551.82610566046 125.037555058918
66000 224671644.154855 8565586.42911088 -1559.65109821139 124.742413666331
67000 223108035.40217 8690176.86966333 -1567.58475026011 124.436668841868
68000 221536437.490105 8814456.10497172 -1575.62989858797 124.119937956891
69000 219956737.459316 8938412.95030176 -1583.78948771952 123.791820619723
70000 218368819.34983 9062035.81122049 -1592.06657531978 123.451897647827
71000 216772564.085062 9185312.66426208 -1600.46433792859 123.099729968137
72000 215167849.349925 9308231.03645513 -1608.98607705741 122.73485743964
73000 213554549.462653 9430777.98363124 -1617.63522567613 122.356797591726
74000 211932535.239916 9552940.06742688 -1626.41535511989 121.965044271199
75000 210301673.854824 9674703.33088327 -1635.33018244857 121.55906619015
76000 208661828.687312 9796053.27254124 -1644.38357829471 121.138305366136
77000 207012859.166433 9916974.81891837 -1653.57957523884 120.702175445231
78000 205354620.603982 10037452.2952462 -1662.92237675491 120.250059897573
79000 203686964.018874 10157469.3943348 -1672.41636677245 119.781310073974
80000 202009735.951637 10277009.1434193 -1682.06611990676 119.295243110949
81000 200322778.268306 10396053.8688296 -1691.87641241321 118.791139670221
82000 198625927.952984 10514585.1583105 -1701.85223392742 118.268241497236
83000 196919016.888238 10632583.820803 -1711.99880005931 117.725748781588
84000 195201871.622445 10750029.8434793 -1722.32156591572 117.16281730034
85000 193474313.123114 10866902.3458032 -1732.82624063403 116.578555323151
86000 191736156.515137 10983179.5303675 -1743.5188030182 115.972020255717
87000 189987210.802803 11098838.6302329 -1754.40551837757 115.342214995353
88000 188227278.574335 11213855.8524667 -1765.49295668036 114.688083969524
89000 186456155.687556 11328206.3175481 -1776.78801214532 114.008508824669
90000 184673630.9352 11441863.9942718 -1788.2979244093 113.302303728782
91000 182879485.688186 11554801.6297451 -1800.03030142331 112.568210246777
92000 181073493.51508 11666990.6740274 -1811.99314424759 111.804891742604
93000 179255419.775724 11778401.1989136 -1824.19487393574 111.010927256355
94000 177425021.18685 11889001.8103083 -1836.6443607204 110.184804797974
95000 175582045.357262 11998759.5535754 -1849.35095573841 109.324913991685
96000 173726230.289912 12107639.8111759 -1862.32452556226 108.429537996565
97000 171857303.847917 12215606.1918301 -1875.57548983782 107.496844618763
98000 169974983.181248 12322620.4103486 -1889.11486236604 106.524876519357
99000 168078974.110455 12428642.1571733 -1902.95429600947 105.511540408589
100000 166168970.463401 12533628.9565554 -1917.10613185427 104.454595101864
101000 164244653.360503 12637536.0121614 -1931.58345311544 103.351638295019
102000 162305690.443468 12740316.0387465 -1946.40014433897 102.200091895633
103000 160351735.041918 12841919.0783614 -1961.57095653096 100.997185722865
104000 158382425.27163 12942292.2993533 -1977.11157893198 99.7399393599435
105000 156397383.057345 13041379.7761944 -1993.038718258 98.4251419100815
106000 154396213.072204 13139122.247899 -2009.37018634896 97.0493293674038
107000 152378501.5849 13235456.8524824 -2026.12499730623 95.6087592680977
108000 150343815.204431 13330316.8345503 -2043.32347536464 94.0993822321524
109000 148291699.511024 13423631.2226894 -2060.98737493806 92.5168099408014
110000 146221677.560241 13515324.472835 -2079.1400145058 90.856279016994
111000 144133248.245488 13605316.0732139 -2097.80642627747 89.1126101830895
112000 142025884.502037 13693520.1057815 -2117.01352389493 87.2801619581012
113000 139899031.33325 13779844.7582688 -2136.79029081332 85.3527780218831
114000 137752103.636809 13864191.780003 -2157.16799246176 83.3237272102601
115000 135584483.805402 13946455.8735335 -2178.18041583581 81.1856349064008
116000 133395519.072328 14026524.0127434 -2199.8641408392 78.9304043510191
117000 131184518.567797 14104274.6765053 -2222.25884849992 76.5491260961555
118000 128950750.046068 14179576.9849868 -2245.40767216808 74.031973460017
119000 126693436.236917 14252289.7233512 -2269.35759900624 71.368081385158
120000 124411750.766871 14322260.234726 -2294.15993056263 68.5454055351098
121000 122104813.585993 14389323.1608077 -2319.87081304683 65.5505577538414
122000 119771685.824273 14453299.0041607 -2346.55185020294 62.3686131166043
123000 117411363.987432 14513992.4809577 -2374.27081452015 58.9828826644551
124000 115022773.384453 14571190.6263004 -2403.10247610182 55.3746444640482
125000 112604760.657716 14624660.6060105 -2433.12957305034 51.5228237691825
126000 110156085.259895 14674147.1784016 -2464.44395301178 47.4036106449349
127000 107675409.688663 14719369.7363989 -2497.14792295965 42.9900002619688
128000 105161288.248491 14760018.8436007 -2531.35585392815 38.251236918126
129000 102612154.056163 14795752.1563097 -2567.19609998111 33.1521373327726
130000 100026303.939411 14826189.5955977 -2604.81330727393 27.6522613706013
131000 97401880.7917621 14850907.5968751 -2644.37121110768 21.7048883457375
132000 94736852.8346692 14869432.216106 -2686.05604849306 15.2557433593457
133000 92028989.0914766 14881230.8072967 -2730.0807539808 8.24139915245727
134000 89275830.1837753 14885701.8988295 -2776.69016182824 0.587252347597251
135000 86474653.3013482 14882162.7772984 -2826.16751458178 -7.79506487667577
136000 83622429.8456136 14869834.1229553 -2878.8426868621 -17.0110312161664
137000 80715773.7645846 14847820.8099226 -2935.1026889101 -27.1876143418109
138000 77750877.9265882 14815087.6551176 -2995.40524135365 -38.4790736489297
139000 74723434.9315658 14770428.422508 -3060.29654916299 -51.0747622791765
140000 71628537.3942053 14712425.6841581 -3130.43491180606 -65.209785285547
141000 68460550.7318242 14639398.075898 -3206.62259373017 -81.1798198251181
142000 65212948.4911452 14549329.8435633 -3289.84962647743 -99.3621366004719
143000 61878095.6458482 14439774.974496 -3381.35524474412 -120.246095327106
144000 58446958.0400266 14307723.9649565 -3482.71606996108 -144.478532420656
145000 54908704.3529518 14149414.1139254 -3595.97608975915 -172.933335332276
146000 51250147.0840292 13960051.6787721 -3723.84423307201 -206.821815842927
147000 47454934.1733211 13733391.2018 -3870.00575570666 -247.875036516297
148000 43502338.6260849 13461072.7824285 -4039.63462512471 -298.659949287983
149000 39365368.1593363 13131526.2644168 -4240.28197340997 -363.160953792037
150000 35007654.5171108 12728046.638219 -4483.52009811759 -447.931850142138
151000 30377982.5441579 12225141.278365 -4788.24786017156 -564.60619418184
152000 25399784.6596374 11580838.7772641 -5188.10997918995 -736.118672776733
153000 19948349.9536569 10717921.8112328 -5750.92099865718 -1015.24748653335
154000 13791476.5738777 9466275.4546616 -6642.81924308095 -1558.74152996799
155000 6379630.94037595 7289363.62078077 -8439.89410811146 -3156.30289711965
155392 2819347.51448215 5712674.34020924 -9828.97664839204 -5236.79083855331
