0 0 0 0 0
0.1953125 0 0.207330734175291 8.597206666733e-05 0.00176070792534692
0.390625 0.0809885680372229 0.153744774573105 0.000690375713766581 0.000797234950208684
0.5859375 0.0600565525676192 -0.531678803687272 0.000919084415927202 0.00298366888367955
0.78125 -0.126698464653118 -0.528333592941618 0.0021309176836905 0.00383938128087616
0.9765625 -0.1463237571752 0.671458384968627 0.00299835182337216 0.00202261541293492
1.171875 0.135589966975252 1.00665047649124 0.00382746204766782 0.00868953095994421
1.3671875 0.246899085204189 -0.480579013585885 0.00641168900922095 -0.00236599052651921
1.5625 -0.0521362102067342 -1.46310767355009 0.00454796162415462 0.0108871809707982
1.7578125 -0.324627349776314 0.0167976642937469 0.0102481587765905 -7.97137654755377e-05
1.953125 -0.0455746225919893 1.74063917948832 0.00626337247545576 0.00667767749120659
2.1484375 0.355309829711312 0.59610210686142 0.0129655726947615 0.00512588428078437
2.34375 0.187277762900753 -1.68230673525922 0.00909092490494611 -0.00481321724817258
2.5390625 -0.301841238749321 -1.29423951343105 0.0122201673129239 0.011340700725118
2.734375 -0.318284547033253 1.33647623492782 0.0134267482524933 -0.00428728789919311
2.9296875 0.220219790519358 1.79193238546918 0.0111603791084171 0.00595591770537291
3.125 0.381689041040647 -0.742420852040726 0.0152215550652197 -0.00654082267284382
3.3203125 -0.0697883548090503 -2.00523245121001 0.00851950813879837 0.00227395783045372
3.515625 -0.401604885213264 -0.0380861898187731 0.0156135862211538 0.0003300870209269
3.7109375 -0.0846657727070086 1.94321360435798 0.00825494780698286 -0.00673227504175792
3.90625 0.357462928989071 0.681591971082019 0.0133314168589135 0.00262209534108031
4.1015625 0.181581090996905 -1.56348883720537 0.00811464018654699 -0.0129384150635854
4.296875 -0.253274898044279 -1.13218613494552 0.00882305857616867 0.00491526032872445
4.4921875 -0.260679117966189 0.987915281031853 0.00858053738538649 -0.00844684351333383
4.6875 0.132629508608789 1.29273643647871 0.00506544343217752 -0.00463656249456125
4.8828125 0.244296052533307 -0.437456006798645 0.00620833897605781 -0.00267687182353682
5.078125 -0.038251744046932 -1.10968651234309 0.00260633033001278 -0.00698952253468003
5.2734375 -0.189175241350711 -0.00275283595552271 0.00350028905705588 1.47469469874806e-05
5.46875 -0.039327070592058 0.745832309463344 0.00126423538687282 -0.00640679661930905
5.6640625 0.102165504533408 0.196072297810215 0.00109994558627335 -0.000319990555535571
5.859375 0.0372636707400572 -0.31197800437629 0.000330864599974168 -0.00254003827378696
6.0546875 -0.0197009034260807 -0.0736365401225875 4.89185695526456e-05 -0.000372977703109722
6.25 0.00849939725467147 -0.0278839800757111 8.64170986517768e-06 0.000150255555291813
6.4453125 -0.0305930831431553 -0.250038939986149 0.000216847175947155 0.00201149683381247
6.640625 -0.0891720636774181 0.170998602198544 0.000838021830923016 0.000310640113650568
6.8359375 0.036203245840651 0.679949091308034 0.00105322470899787 0.00588776891275076
7.03125 0.176433050114783 -0.000176951307125823 0.00304580451273895 -8.88522436119394e-07
7.2265625 0.0361341242363049 -1.05054453820205 0.00233536042852209 0.00684904032399893
7.421875 -0.233935910120392 -0.418021904348083 0.00569366722647545 0.00249354987470348
7.6171875 -0.127155682149665 1.24736073566279 0.00469581810371236 0.00476203468146904
7.8125 0.253314377247885 0.958325211720571 0.00809808317303381 0.00827331764624634
8.0078125 0.247190103678683 -1.10505597779785 0.00840603672586137 -0.00445068285975862
8.203125 -0.178348114079399 -1.53323824458553 0.00781374640599269 0.0128275262535892
8.3984375 -0.351731085612538 0.67421938866486 0.0129209548660324 -0.00243961280103421
8.59375 0.0850188346178119 1.92066908617375 0.0080865991013154 0.00717968436425953
8.7890625 0.398530276174082 -0.040721841986539 0.0153790521299508 -0.000355180712755252
8.984375 0.0691118650918201 -1.99721425297154 0.0084461128007596 -0.00165191207547086
9.1796875 -0.381631541392924 -0.738431790821312 0.0152055387393418 0.00649095942771679
9.375 -0.219338053197755 1.79874798583301 0.0111716086793569 -0.00548365023804245
9.5703125 0.321004390573095 1.33982118967825 0.0136123354783103 0.00464387113723465
9.765625 0.304029599020311 -1.307870090714 0.0124191907585338 -0.0114116905834642
9.9609375 -0.189882363612062 -1.70206738766377 0.00932047827513827 0.00539093114178494
10.15625 -0.36084047428585 0.608011211329249 0.013374553701781 -0.00517652046176673
10.3515625 0.0476220158134259 1.77595124650255 0.0065304403295223 -0.00635421404194916
10.546875 0.332890481379207 0.015854446744057 0.0107715388944298 7.8285342779527e-05
10.7421875 0.0538151590728232 -1.50872212753521 0.00483652095629421 -0.0109872949322864
10.9375 -0.256454099689233 -0.501494423027562 0.00691961958117141 0.0026276289487309
11.1328125 -0.142081099922318 1.05511423152705 0.00420355139783922 -0.00902216994296151
11.328125 0.155699897001023 0.713372365690661 0.00339118484643655 -0.00200060117899257
11.5234375 0.136579980425596 -0.569737655800402 0.00247632539688165 -0.00420867503661605
11.71875 -0.0668538747960093 -0.591528661121329 0.00113810115563946 -0.00315118911614675
11.9140625 -0.0944859028249226 0.175659399904616 0.000936857251473301 -0.000969762440784849
12.109375 0.00176307829173146 0.279024627601246 0.000156014423997694 -0.00234662775405419
12.3046875 0.0145080923318141 3.22393797895105e-05 2.06481931964463e-05 5.63819090112898e-09
12.5 0.00177567179946174 0.13542038836589 3.69866734033698e-05 0.00115992814913385
12.6953125 0.06740668153724 0.131502615180748 0.000480150245713365 0.000636170838852986
12.890625 0.0531438808544413 -0.471208320344978 0.000721070450761355 0.00277430713253569
13.0859375 -0.116659068597517 -0.486254652176833 0.00180644982092142 0.00347349173006502
13.28125 -0.136799342652134 0.62865468266124 0.00262340148995616 0.0020223961984193
13.4765625 0.12890916681703 0.957040225616339 0.00345977970158817 0.00832552509428007
13.671875 0.237044495479248 -0.45901122851239 0.00590786787457936 -0.00210919363750621
13.8671875 -0.0503920943206224 -1.41573732197324 0.00425768314571024 0.0107476035893146
14.0625 -0.315977895916548 0.0175295983657584 0.00971389658950532 -7.98121479308864e-05
14.2578125 -0.0435445949589981 1.70324809317983 0.005988089268683 0.00696779689656055
14.453125 0.349353390481824 0.583752244702771 0.0125331439806013 0.00506181775015573
14.6484375 0.184483625628022 -1.66057230748851 0.00884429800415503 -0.0042334218393831
14.84375 -0.299307667130875 -1.27923058991098 0.0119957453659224 0.0112446659900724
15.0390625 -0.315215823555954 1.33155772422582 0.0132129657963671 -0.00392738253445918
15.234375 0.220832068894838 1.78317321515453 0.0111240265534741 0.00641467722335656
15.4296875 0.381336213613783 -0.745558449103435 0.0152051183386309 -0.00657564780942631
15.625 -0.0704017002861915 -2.01108099060797 0.00857491549000631 0.00289389835384834
15.8203125 -0.404242298342455 -0.0352031372413723 0.015816064718976 0.000302757420718688
16.015625 -0.0841529257711026 1.96364065263867 0.00840607557354168 -0.00626049704124518
16.2109375 0.362804831594526 0.687948774983224 0.0137181715762714 0.00280374200092764
16.40625 0.184577064456719 -1.5920459898052 0.00840188186745581 -0.0130159482877186
16.6015625 -0.259088133173132 -1.15779135387734 0.00922933292612628 0.00537919863479488
16.796875 -0.267685183151617 1.01656849819434 0.00905433924280966 -0.00859333542846142
16.9921875 0.138008936434032 1.33635099034863 0.00543716256066268 -0.00447918975647043
17.1875 0.254326922453316 -0.456477890331044 0.00672793754516359 -0.00286292268740423
17.3828125 -0.0403027394765325 -1.16731510599356 0.00288457243612058 -0.00708540980091445
17.578125 -0.201655540825417 -0.00537125279240357 0.00397578981100157 3.05037906469492e-05
17.7734375 -0.0424008850985651 0.810680940044528 0.00149074837046795 -0.00689823963864068
17.96875 0.115016701379477 0.220969341270993 0.00139397424746816 -0.000319389303967838
18.1640625 0.0439152638354164 -0.373337853474759 0.000467922696314786 -0.00307351854848833
18.359375 -0.0308183976341009 -0.11951689458696 0.000121733995366187 -0.000565525290252921
18.5546875 -0.00277102311261478 0.0176822441633831 1.37859066310821e-06 -0.000100813017736155
18.75 -0.0239112710077794 -0.18760057159832 0.000126473841844213 0.00148985478369721
18.9453125 -0.0760524963932084 0.145792130593721 0.000609645907848568 0.000291487092033562
19.140625 0.0330387800053929 0.613113005886269 0.000858887508326109 0.0053439170464669
19.3359375 0.163444771531116 0.00232998769108248 0.00261484434360266 1.08870879285571e-05
19.53125 0.033948931447222 -0.989962215254752 0.00207310270436485 0.00666452994436015
19.7265625 -0.223259218802772 -0.398186458363433 0.0051865908935125 0.0023133551516356
19.921875 -0.121592653850994 1.20028398581136 0.00432996348170153 0.00485499432861277
20.1171875 0.24560171315479 0.927824474268267 0.00760944306486274 0.00807348628248431
20.3125 0.240838781410048 -1.07643860870417 0.0079801149892817 -0.00398823161777263
20.5078125 -0.174882118370278 -1.50132597854889 0.00750058695854973 0.012684045120925
20.703125 -0.345616678960613 0.665830455995608 0.01248861092846 -0.00225715888184689
20.8984375 0.0852079035030069 1.89603500231844 0.00790171058074449 0.00760063290474635
21.09375 0.395021993820028 -0.0430910810876136 0.0151134483177767 -0.000377719823909969
21.2890625 0.0683754499531579 -1.98703357472569 0.00835506352836426 -0.00103060000351053
21.484375 -0.381162996307196 -0.733617041115674 0.0151571462143063 0.00642674810204737
21.6796875 -0.218193706732652 1.80360433848678 0.0111578706284994 -0.00500001131887637
21.875 0.3233699484142 1.34161240262187 0.0137689021160931 0.00499554807472737
22.0703125 0.305873638041514 -1.32010347800689 0.0125921182910966 -0.0114569127885636
22.265625 -0.192295472682243 -1.71984771559825 0.00953208563982061 0.00596376437266213
22.4609375 -0.365941875864051 0.619468713681347 0.0137584451363331 -0.00521364331758332
22.65625 0.0496844935995333 1.8091596634846 0.00678823221129155 -0.00599899225871925
22.8515625 0.340761117684619 0.0146899621313082 0.0112818198422057 7.53512748927225e-05
23.046875 0.0554227600570756 -1.55254902753213 0.0051220718774576 -0.0110475694719075
23.2421875 -0.265703346195119 -0.521705511130543 0.00742939400887719 0.0028922295714227
23.4375 -0.148368455228293 1.10239729086104 0.00458609580405154 -0.00932178902803819
23.6328125 0.164920595547473 0.754321550350074 0.00380016238152949 -0.00195635222371662
23.828125 0.146288400377205 -0.610436408296935 0.00284089300616607 -0.00458041067401695
24.0234375 -0.0735311264435174 -0.650664668619828 0.00137689976409917 -0.00327574604310693
24.21875 -0.107877485802416 0.197240167651787 0.0012183444808535 -0.00115239996967616
24.4140625 0.00351581404546191 0.350392257646831 0.000246762076226861 -0.00291491318730839
24.609375 0.0289944898408775 0.000127846804243941 8.24650064976702e-05 4.47326877410225e-08
24.8046875 0.00356575420336971 0.063403576975049 9.28732838300402e-06 0.000547134978368707
25 0.0537615120967561 0.108941987613361 0.000307206875252568 0.00048788347279067
25.1953125 0.0461212181148387 -0.41021095697647 0.000545184129710602 0.00252451198431374
25.390625 -0.106477142972178 -0.443533504235071 0.00150459072389977 0.00311196404356228
25.5859375 -0.127134056976986 0.585037592310022 0.00226800045734715 0.00200003691148213
25.78125 0.122053166523925 0.906319577329388 0.00310241035060812 0.00793203745251966
25.9765625 0.226897027917306 -0.436844105301256 0.0054104453145432 -0.00185908561797904
26.171875 -0.0485890621093783 -1.36664543605987 0.00396699792474501 0.0105690889833826
26.3671875 -0.306948845543582 0.0180611383356664 0.00917105677887101 -7.87531958237598e-05
26.5625 -0.0415339299470086 1.66380554475332 0.00570570256101339 0.00722311006587893
26.7578125 0.342975195375685 0.570972097078535 0.0120790387893146 0.00498447414278426
26.953125 0.181502045474294 -1.6368730911337 0.0085815524915817 -0.00365440875106399
27.1484375 -0.296428355848416 -1.26286376414848 0.0117467388495528 0.0111244000685245
27.34375 -0.311804112396206 1.3250475694984 0.0129719403760876 -0.00356573360810942
27.5390625 0.221168350986897 1.77248857196952 0.0110625074663678 0.00685781740457612
27.734375 0.380574236029389 -0.747819009866879 0.015156284876345 -0.00659479785116484
27.9296875 -0.0709484497423525 -2.01475506426826 0.00861207309021565 0.00350891282097078
28.125 -0.406439460950402 -0.0320943533053552 0.0159856362169508 0.000273540037071997
28.3203125 -0.0834853065022569 1.98192474145688 0.00853939135520748 -0.00576651728627019
28.515625 0.367749891181191 0.693294445010286 0.014079509516239 0.00298368514225456
28.7109375 0.187332836079886 -1.61887977669018 0.0086741685520342 -0.0130594816697645
28.90625 -0.264625021588412 -1.18183878860231 0.00962308161919511 0.00583979220408027
29.1015625 -0.274322940717893 1.04425914159822 0.00951710178591263 -0.00871224744851541
29.296875 0.143288705598392 1.37814978940236 0.00580930505463935 -0.00429066774904896
29.4921875 0.264016820767404 -0.475077548917339 0.00724981797112441 -0.00305128545045141
29.6875 -0.0422884619474434 -1.22336256072074 0.00316863937206869 -0.00713638716700208
29.8828125 -0.213859179514136 -0.00800420262951383 0.00446973099917804 4.79205800616263e-05
30.078125 -0.0454151035995973 0.874417973131056 0.0017315131624995 -0.00735954194882135
30.2734375 0.127710341240183 0.245643770191348 0.00171851249889865 -0.000308714368189687
30.46875 0.0505394941313979 -0.434042976759447 0.000627304270827374 -0.00360999071372491
30.6640625 -0.0418376965564762 -0.165462869296213 0.000226444415407754 -0.000726279462156791
30.859375 -0.0140944391874355 0.0630076159094909 2.74274772069083e-05 -0.000378211294134427
31.0546875 -0.0172253465918313 -0.12474675682915 6.02302896193888e-05 0.000977075749668083
31.25 -0.0628236410738224 0.120494281298474 0.000416092464918421 0.000262702751765382
31.4453125 0.0298427320403852 0.545410036404126 0.00068230447894475 0.00477818630366517
31.640625 0.150227154396539 0.00474352432355492 0.00220982462872246 2.04525571763073e-05
31.8359375 0.0316956712292739 -0.928017383891875 0.00182097706712407 0.00643681101070112
32.03125 -0.212279636186224 -0.377961527360721 0.0046897796207761 0.00213666870846945
32.2265625 -0.115945550396008 1.15157130478438 0.00396955084285832 0.00491497173401998
32.421875 0.237552904745174 0.896439626382461 0.00711714226128723 0.0078482618163366
32.6171875 0.234226178659641 -1.04637622615883 0.00754719868054217 -0.00353070790735835
32.8125 -0.17118780859812 -1.46778540488863 0.00717662074174364 0.0125088441263504
33.0078125 -0.339127495124981 0.656428471070152 0.0120363135707292 -0.00207558847890766
33.203125 0.0852295629136584 1.86934134605954 0.00770104896223213 0.00799311441255654
33.3984375 0.391083968179527 -0.0451775330048798 0.0148178874725998 -0.000397419452053065
33.59375 0.0675820890836271 -1.97469968072677 0.00824676308165398 -0.000412864318185743
33.7890625 -0.380283094604369 -0.728002469451863 0.0150765830873073 0.00634892317177237
33.984375 -0.216793875546007 1.80648795174443 0.0111194266881151 -0.00450715257072748
34.1796875 0.325376261545798 1.34187126206222 0.0138957497837236 0.00534073547385702
34.375 0.307374586197048 -1.33092218396588 0.0127383678489375 -0.0114757409556638
34.5703125 -0.194515216565874 -1.73564347954862 0.00972495642033381 0.00652899504558584
34.765625 -0.370611148001633 0.630463091866675 0.0141157366784165 -0.00523723519637044
34.9609375 0.0517594286945458 1.840242577296 0.00703574049063757 -0.00561371122275949
35.15625 0.348233608754615 0.0132955775414587 0.0117768781656099 7.07369307638179e-05
35.3515625 0.056953013671678 -1.59455920976509 0.00540335379474567 -0.0110677787666344
35.546875 -0.274641082559874 -0.541162038495641 0.00793877886497339 0.00315790068708205
35.7421875 -0.154438407615682 1.14846708432147 0.00497311123638289 -0.00958697078722061
35.9375 0.173978872253199 0.794232761604562 0.00422348341808606 -0.0018899627075341
36.1328125 0.1558087648861 -0.650401400572877 0.0032227420044708 -0.00495361916957796
36.328125 -0.0800841748455811 -0.708994782085022 0.00163417291786544 -0.00335651145174035
36.5234375 -0.121142321865862 0.218483235024145 0.00153337290252646 -0.00134376817499663
36.71875 0.00526083883572549 0.421324662318637 0.000357743993211476 -0.00346288178369577
36.9140625 0.0434376243523561 0.000283539148586517 0.000185068807903323 1.48898779288989e-07
37.109375 0.0053715963156421 -0.00861020817609833 2.97884657208955e-06 -7.47732234710057e-05
37.3046875 0.0400742617835677 0.0860748632997609 0.000172340028944905 0.000353631330493887
37.5 0.0389945897921112 -0.348780339009977 0.000392445253872561 0.00223596773497975
37.6953125 -0.0961680581422048 -0.40020523281691 0.00122688723601265 0.00275575239082733
37.890625 -0.117335579276994 0.540684094286548 0.0019337350407314 0.00195571876976224
38.0859375 0.115036666188478 0.854526735361691 0.0027572008083726 0.00751117873141968
38.28125 0.216463926723666 -0.414131196356379 0.00492172429151017 -0.0016174630923745
38.4765625 -0.0467333323882324 -1.31586924813696 0.00367723559282962 0.0103523133934341
38.671875 -0.297547498329833 0.018403689088586 0.00862202340448575 -7.67036859274723e-05
38.8671875 -0.0395443913380034 1.62234212559029 0.00541737270204736 0.00744228788170337
39.0625 0.336179894478876 0.557772001328518 0.0116051539380041 0.00489408126741368
39.2578125 0.178335296680949 -1.61122061112982 0.00830372497676881 -0.00307909260955292
39.453125 -0.293203156743708 -1.24516124331635 0.0114740782086452 0.0109808012042314
39.6484375 -0.3080558139895 1.31692955465597 0.0127047492928667 -0.00320390796164839
39.84375 0.22122245054378 1.75989911423186 0.0109758945181951 0.00728326247905354
40.0390625 0.379404777507319 -0.749177299589964 0.0150752469549046 -0.00659769788926828
40.234375 -0.0714249321085492 -2.01625243815124 0.00863079426919706 0.00411621318323771
40.4296875 -0.40819383114551 -0.0287841244852372 0.0161215898757556 0.000242807419312225
40.625 -0.082668730735595 1.99804304028592 0.0086543973317314 -0.0052525663110922
40.8203125 0.372291731466177 0.697637822802231 0.0144138480070645 0.00316106081375814
41.015625 0.189846043796527 -1.64396227954686 0.00893029059563392 -0.0130684990160939
41.2109375 -0.269881033981814 -1.20430078614093 0.0100026064242494 0.00629441792897282
41.40625 -0.280583950789773 1.07096197741218 0.00996653664800543 -0.00880321244452364
41.6015625 0.148463488444818 1.41808407674226 0.00618021827206551 -0.00407188250956816
41.796875 0.273355141687673 -0.493245659635823 0.00777138031510492 -0.00324152259146046
41.9921875 -0.0442105973504256 -1.27776673351125 0.00345708841670222 -0.00714238803778253
42.1875 -0.22577248859016 -0.010622553997695 0.0049794934362937 6.67097310137579e-05
42.3828125 -0.0483600325057752 0.936971425114795 0.0019852119516016 -0.00778836846453733
42.578125 0.140231974345307 0.270048022876511 0.00207182971658611 -0.000287875782771781
42.7734375 0.0571274764303619 -0.494022583144753 0.000808183678970344 -0.00414753040158381
42.96875 -0.0527455971956125 -0.211409161490544 0.000362248214031932 -0.00085384905218832
43.1640625 -0.0254542272768819 0.108041896199725 8.69033959222422e-05 -0.000679756301781873
43.359375 -0.010541731492595 -0.0615647397430874 1.84820002936144e-05 0.000475114685719168
43.5546875 -0.0495029537390254 0.0951437006412222 0.000258453771658982 0.000224475700399621
43.75 0.0266237765703825 0.476929881478061 0.000524455895873165 0.00419368420301932
43.9453125 0.136797781213342 0.00704143046411908 0.00183304545514217 2.77386244580804e-05
44.140625 0.029374335345429 -0.864792140063376 0.00158037054451564 0.00616695450980893
44.3359375 -0.201011648498914 -0.357359988566988 0.00420588110976764 0.00196385542033556
44.53125 -0.110219410188551 1.10129228532098 0.00361623343726753 0.00494164097621479
44.7265625 0.229180650454593 0.864197451588491 0.00662374305667685 0.00759873959696456
44.921875 0.227357719338203 -1.01491502991689 0.00710923826262275 -0.00308092435838187
45.1171875 -0.167270533106693 -1.43265118453886 0.00684336721701648 0.0123028946108957
45.3125 -0.33227164962229 0.646020346007267 0.0115660807876152 -0.00189574095505957
45.5078125 0.085081164552396 1.84061981054404 0.00748546103239376 0.0083552190982682
45.703125 0.386720463871476 -0.0469674068987897 0.0144936003099427 -0.000414032153400609
45.8984375 0.0667345212325562 -1.96022356820395 0.00812167874822891 0.000198462188017709
46.09375 -0.378991867458191 -0.721613929900361 0.0149641779912242 0.00625825539085367
46.2890625 -0.215145920134772 1.80738721683613 0.011056638637171 -0.00400723152921287
46.484375 0.327018764118424 1.34062056561531 0.0139923055710116 0.00567785787201416
46.6796875 0.308533988308708 -1.34030975945912 0.0128574704369009 -0.011467649867782
46.875 -0.196539735670297 -1.74945259088017 0.00989838023493709 0.0070839897514725
47.0703125 -0.374845930003858 0.640981796528501 0.0144450501933193 -0.00524733843105053
47.265625 0.0538437785986491 1.86918072331006 0.00727201130749618 -0.0052001728541599
47.4609375 0.355302790039135 0.0116644840613849 0.0122546888887211 6.42732909411914e-05
47.65625 0.0584002176851275 -1.63472574064996 0.00567913984299556 -0.0110478471052565
47.8515625 -0.283261952402255 -0.559816096152263 0.00844558022788611 0.0034227583781266
48.046875 -0.16027794487435 1.19329234775328 0.00536259580316229 -0.00981653400382072
48.2421875 0.18286787093887 0.833035354502398 0.0046592926400004 -0.00180162444251401
48.4375 0.165126490478149 -0.689605836825532 0.00361990897069471 -0.005327321996944
48.6328125 -0.0865094090711037 -0.766428781212561 0.00190853681650393 -0.00339295489750829
48.828125 -0.134259752183008 0.239386888467982 0.00188027680854998 -0.00154247431737811
49.0234375 0.00700109423670158 0.491714374952107 0.000488374436370804 -0.00398796210619931
49.21875 0.057816175532659 0.000494003194492665 0.000327829019198113 3.46174931258777e-07
49.4140625 0.00719406423455029 -0.0805126097344301 1.80416611121971e-05 -0.000702866462366425
49.609375 0.0263659373551473 0.0629161847779861 7.61083983493117e-05 0.000234602581183924
49.8046875 0.0317706989134511 -0.287009372981473 0.000263760345657762 0.00191062197933877
50 -0.0857470989657407 -0.356307428757243 0.000974754758283209 0.00240580775222616
