0 0 0 0 0
0.1953125 0 0.124448793861481 3.09750045871549e-05 0.000634368093944933
0.390625 0.0486128101021411 0.141970558441801 0.000272096067802125 0.000731765383356346
0.5859375 0.0554572493913283 -0.226607407717516 0.000404331705825801 -3.57843756845536e-05
0.78125 -0.0399057085375134 -0.426119713041845 0.000519356162220399 0.00225085968868426
0.9765625 -0.110995763515642 0.0556533674790818 0.0012135521097308 -0.000252914107020413
1.171875 -0.018166111865997 0.573026504068784 0.000689091605995938 0.000251777261353863
1.3671875 0.112842714636226 0.251719402076237 0.0013745545867216 0.0012406416113028
1.5625 0.0801617795700332 -0.426817137483012 0.00099439010485617 -0.00216915352456426
1.7578125 -0.0538827296930751 -0.448180384344445 0.000686480903532646 0.000364359081700677
1.953125 -0.0949086830645155 0.108843910238426 0.000906682152022128 -0.000602029624891309
2.1484375 -0.0113655772561901 0.367490075192521 0.000282769973896767 -0.0017263742635842
2.34375 0.0486421275575629 0.0836564831508816 0.000246061202320129 3.1945412789026e-05
2.5390625 0.0213127364746231 -0.111592690404262 6.94644018077417e-05 -0.00059610521477159
2.734375 0.00505123286839785 0.00619954939465195 2.57988044082309e-06 2.8860549643884e-05
2.9296875 0.023734435456909 -0.0349402238857651 5.77010724750423e-05 2.42151157804423e-05
3.125 -0.00859729208697913 -0.257962601975984 0.00014034027097848 0.00141169038115132
3.3203125 -0.0770322059399598 -0.0851623273898107 0.000596338993511092 0.0003606780543883
3.515625 -0.0418638262236239 0.410709840894163 0.000509268131181477 0.00050765690126335
3.7109375 0.0834013256593224 0.372438176902587 0.000959387080832937 0.0019848861979222
3.90625 0.103619836628949 -0.274776090015324 0.00120336830450829 -0.00131862094528664
4.1015625 -0.0239330845029137 -0.570090405126723 0.000706194405508143 0.000739030737140792
4.296875 -0.119071727873677 -0.0582950806708672 0.00139602338114229 0.000334756854678004
4.4921875 -0.0467046003899712 0.493421322827138 0.000700877770880214 -0.00203588637349539
4.6875 0.0736709763556739 0.285701914643267 0.000695439593688808 0.000256827885094957
4.8828125 0.0648977100175551 -0.22136175502117 0.000511026083389576 -0.00121680442702401
5.078125 -0.0127984591994706 -0.235218307459473 0.000126723919717136 -0.000975811769165056
5.2734375 -0.0269844413338015 0.0166576953813835 7.19831264802547e-05 -2.725847961034e-05
5.46875 -0.00629154694111774 -0.00234369112729774 3.89412048885304e-06 1.32887414435901e-05
5.6640625 -0.0278999456804021 -0.0738035660308108 8.72507031273165e-05 0.000292604836372182
5.859375 -0.0351210649219032 0.176172291267799 0.000183066205348368 0.000324343600499163
6.0546875 0.0409173555960818 0.331113134145936 0.000383490863503737 0.0018680497923758
6.25 0.0942200031038529 -0.0715387201220505 0.000880465330395227 -0.000311195159710237
6.4453125 0.0129725430484058 -0.520402397303816 0.000558146020975852 0.000901187752503218
6.640625 -0.10906218334295 -0.245763496118649 0.00128649956686714 0.00143268846934189
6.8359375 -0.0830288226229415 0.446122039260347 0.00107394167251111 -0.00154267986281651
7.03125 0.065204238243123 0.485867386008672 0.000889067725269785 0.000776615502276498
7.2265625 0.106763125036696 -0.160254107449668 0.00116848063663603 -0.000901848556549925
7.421875 0.00260497752059663 -0.454894443644376 0.000414523606903902 -0.0016931927853824
7.6171875 -0.0709300170118884 -0.0980538423641238 0.000512569927495207 0.000245103469400463
7.8125 -0.0356973046528892 0.209257893146559 0.000212573047992073 -0.00121787168752923
8.0078125 0.0108113474984862 0.0977202748369729 3.05648340680245e-05 -0.000354705422345867
8.203125 0.00247467770530334 0.000624104093683105 6.01546023243229e-07 1.41011386231411e-06
8.3984375 0.0110551381600812 0.132761586034992 4.72405527677917e-05 0.000771004349027026
8.59375 0.0543346722502222 0.0517491544427232 0.000294901078459184 0.000191393589690423
8.7890625 0.0312696516142699 -0.322971391242747 0.000304534531555238 0.000729177962624957
8.984375 -0.0718260274539757 -0.327004071650613 0.000719741548443979 0.0019141211397945
9.1796875 -0.0964663138742509 0.266110947488429 0.001053816408806 -0.000753094759950926
9.375 0.0321235614086919 0.563274975982429 0.000735780357842503 0.00135526800027708
9.5703125 0.123562973618886 0.0183669477199615 0.00149654202666055 0.000105747487306816
9.765625 0.0392981503618018 -0.537535325070138 0.000729369162426994 -0.00180745180261346
9.9609375 -0.0864117627366372 -0.307428121635922 0.000921080395959413 0.0009720486164742
10.15625 -0.0807909596522304 0.272609957092789 0.000788600440673027 -0.00159384464344723
10.3515625 0.0200765017527335 0.343860978079679 0.000276020183391454 -0.00107633614622467
10.546875 0.053529734910144 -0.0216708192281021 0.000281971062889452 -5.62191056847515e-05
10.7421875 0.0116113379917561 -0.127327751917113 4.56507171908414e-05 -0.000745335099704027
10.9375 0.00379233181752195 0.0127397567452971 1.73545379123849e-06 3.70171289415584e-05
11.1328125 0.0165878054703878 -0.0855161017283487 4.16181223632404e-05 0.000250713255746108
11.328125 -0.0296123954201143 -0.237416413002943 0.000198750118123844 0.0013876502177753
11.5234375 -0.0761529808588867 0.069040268272942 0.00057816725606623 -0.000161458958185969
11.71875 -0.00264354062599629 0.46642592949064 0.000435791847923932 0.00147861546073506
11.9140625 0.106044647848395 0.192218565236477 0.00117604287199905 0.00112384305892516
12.109375 0.0724418364195025 -0.446358109980284 0.000913057136769107 -0.00132338591995241
12.3046875 -0.0683139888626536 -0.482045711166826 0.00092237130480549 0.00174439728283934
12.5 -0.115857269505039 0.17021822915405 0.00137326339059632 -0.000976659431101148
12.6953125 -0.00182249309935294 0.533225272407201 0.000568984219472908 -0.00129653284073693
12.890625 0.0924338525290241 0.113220641035369 0.0008632092970431 0.000337424337203939
13.0859375 0.042404319805088 -0.316634901162264 0.00037688508473621 -0.00184909157551365
13.28125 -0.0312516557374852 -0.175707896554811 0.000157549665396713 -0.000372361119374969
13.4765625 -0.026231577286635 0.0613290691121381 7.50208218271918e-05 -0.000226107603543072
13.671875 -0.0072949881155562 -0.00945885975475253 5.39949004644874e-06 5.47666982317837e-05
13.8671875 -0.0299264443783352 -0.0206476140595466 8.87036734562774e-05 4.06811247175793e-05
14.0625 -0.0153604623575666 0.240102588795533 0.000138444138354757 0.000904295979146079
14.2578125 0.0638636293699199 0.242054941449785 0.000517152264992064 0.00140914766441599
14.453125 0.0791922491462557 -0.241668184055174 0.000731711110885446 -0.00058191538889162
14.6484375 -0.0305380050266325 -0.512201600023392 0.000616178941241971 0.0020274479566679
14.84375 -0.120886500862882 -0.0206665560626557 0.00143269811670391 0.000114890670527415
15.0390625 -0.0386108784886074 0.566982818441939 0.000789168338793804 -0.000909669847648962
15.234375 0.100591162591001 0.317030350567936 0.00119281265886828 0.00110817922378873
15.4296875 0.0852291022019925 -0.344907234208197 0.000950089131780503 -0.00199907189618503
15.625 -0.0341382257715766 -0.411809762296162 0.000453491008600995 -0.000604864615431085
15.8203125 -0.0756340861949456 0.0426228340696392 0.000564548462854305 -0.000186565243716653
16.015625 -0.0174886812131238 0.243814635618647 0.000148894662860972 -0.00137473226910767
16.2109375 0.0196060058435883 0.0566743679056445 4.4131955163645e-05 -9.13299332440982e-05
16.40625 0.00464974375001861 0.00295701409415958 2.13841751536207e-06 1.23306045590493e-05
16.6015625 0.0207610894741194 0.121076862081222 7.16010345541294e-05 0.000684513769751562
16.796875 0.0519453930004958 -0.0491719612461946 0.000269481817194512 -8.03075158118947e-05
16.9921875 0.00155329211232466 -0.37036957750661 0.000274583935314745 0.00159169755133455
17.1875 -0.0927302232130239 -0.170574988613411 0.000901138889724801 0.000917978643951531
17.3828125 -0.065077562814789 0.433533822362101 0.000791218793067507 -0.000347193459414255
17.578125 0.0766189261471717 0.459125645987602 0.000997203154129201 0.00188600022471053
17.7734375 0.114268392649118 -0.214105036560804 0.00137120651754587 -0.00122153203379352
17.96875 -0.00701585375939246 -0.563638414962959 0.000640205204047113 -0.000547868545060258
18.1640625 -0.105902863195788 -0.119361817714605 0.00112769892648886 0.000583712157677723
18.359375 -0.0536415638041599 0.394037536355153 0.000592738125179378 -0.00210401846916975
18.5546875 0.0480180494429438 0.263112493493662 0.000364605324587373 -0.000295990270806551
18.75 0.0491367539668018 -0.12102502111933 0.00026610111966273 -0.00053795113165255
18.9453125 0.000742650568205679 -0.119498939247656 2.86140980400448e-05 -0.000645295532598751
19.140625 0.00245748082318618 0.0140226344640864 9.85714953300677e-07 9.77235138102184e-06
19.3359375 0.00622024215573945 -0.125407583218938 3.52497391833696e-05 0.000590092743381695
19.53125 -0.0465298563717115 -0.174562034344584 0.000273294692477971 0.000910066509333408
19.7265625 -0.0619680525101136 0.213820137804811 0.000468025448407978 -3.30683270176357e-05
19.921875 0.0369936349582929 0.44420584953872 0.000528875061091752 0.00208661136315184
20.1171875 0.111549857465949 -0.0168770151938462 0.00121999906157573 -9.30575862660917e-05
20.3125 0.0304010508981968 -0.548191650771592 0.000691687553334419 -0.00028943183105078
20.5078125 -0.102587506116704 -0.317698862246748 0.00123338366721274 0.00165699217117615
20.703125 -0.0937000671669393 0.373840350523998 0.00114017206856724 -0.00183495585457903
20.8984375 0.0434438808067324 0.483453276589609 0.000652576095869113 -0.000211711842275047
21.09375 0.0951488690008768 -0.075769441265128 0.000898941619631709 -0.000355602234411935
21.2890625 0.0138464428125418 -0.356979559543475 0.000273676633665131 -0.0018366802108849
21.484375 -0.0442962714457931 -0.0914868189509006 0.00020919606685364 2.21375894911493e-05
21.6796875 -0.0218905958401538 0.0938079254385954 6.46073186174027e-05 -0.000483207438737418
21.875 -0.00765255057134176 -0.0124941518124938 6.05706574052261e-06 6.24596484779702e-05
22.0703125 -0.0267711238919092 0.0378038401286547 7.3161652279151e-05 1.15692450479009e-05
22.265625 0.00711457447891399 0.2651378214681 0.000145561652179155 0.00136534494757723
22.4609375 0.0767983376190673 0.115293445706786 0.000604893131024147 0.000595110383754672
22.65625 0.0521510767081272 -0.376151894318751 0.00054972601461256 4.08972358664533e-06
22.8515625 -0.0701359960991947 -0.422624994978383 0.000839585578426074 0.00228837296839524
23.046875 -0.112936811955304 0.212250292104498 0.00134000937983075 -0.000942683202609569
23.2421875 0.0127742742541248 0.592408828789092 0.000717904385483396 0.000241575129495215
23.4375 0.118472886790435 0.096853339151665 0.00139406580423059 0.000483351428241785
23.6328125 0.0506076098602439 -0.469796754702262 0.000692611233282816 -0.00230880690286116
23.828125 -0.0650414705151356 -0.30581794226837 0.000601904488816652 0.000313485983348646
24.0234375 -0.068852523838338 0.175020561806688 0.000526140429396321 -0.000967884039493369
24.21875 0.00332593644060177 0.239862330673131 0.000116153042151155 -0.0011176653085149
24.4140625 0.0248436990808539 0.0075246058477142 6.0658365777568e-05 5.03725950425604e-06
24.609375 0.00626523559986513 0.00754733228405644 3.9646485287409e-06 4.1016400686052e-05
24.8046875 0.0277918757543134 0.0905212421362385 9.21546115231955e-05 0.000420502901086187
25 0.0416250958093333 -0.146505697503124 0.000212876126058725 0.000108036855058551
25.1953125 -0.0294369123328445 -0.358668321500611 0.000342286561785445 0.0019952572827009
25.390625 -0.0984797172768427 0.0188100108238106 0.000951337760093419 -7.60060023351483e-05
25.5859375 -0.0220892518547935 0.527899279849594 0.000605219781214301 0.000669879897790175
25.78125 0.107730938914405 0.279825638960805 0.00129404824965702 0.00149212526747689
25.9765625 0.0872176383642709 -0.408648438135709 0.00107975266702951 -0.0019019008080952
26.171875 -0.0518973572323561 -0.502845728732674 0.000769864588179757 0.000804414039005391
26.3671875 -0.10920647442193 0.0880267542141162 0.00118428104739949 -0.00050699698237228
26.5625 -0.017511906367467 0.452249908482115 0.000439143210057209 -0.00187287941319124
26.7578125 0.0674536460788967 0.138581360178453 0.000484594817557506 0.000149958370700446
26.953125 0.0366214374522413 -0.196588197535072 0.000208843957399676 -0.00110035335399953
27.1484375 -0.00933861858324073 -0.0915511261129448 2.53184362998565e-05 -0.000371365963152138
27.34375 0.000859278814372175 0.008464108325774 2.15715378967238e-07 -1.37404111264765e-05
27.5390625 -0.00603232626848527 -0.145672470271061 4.60106833613184e-05 0.000831062212038364
27.734375 -0.0560440298852609 -0.07875952549201 0.000320451039338808 0.000293604414286099
27.9296875 -0.0367977659138017 0.323385519450054 0.000341976214054862 0.00064403660009475
28.125 0.0702784386499166 0.349460985087887 0.000728568251520515 0.00196945597503846
28.3203125 0.0997104313861543 -0.221870090064223 0.00107297175880655 -0.000947529691322805
28.515625 -0.0163895652814206 -0.56563370648941 0.000666233801063734 0.00115158007964177
28.7109375 -0.121240235211271 -0.100227047121843 0.00146031643859671 0.000585889413981015
28.90625 -0.0555407555633906 0.517637905845613 0.000838436698493521 -0.0017947673367917
29.1015625 0.0809620717596712 0.351871784513651 0.000890307811866241 0.000581771087892239
29.296875 0.0819091602622542 -0.247858740031088 0.000780663761330872 -0.00141321631295198
29.4921875 -0.0158577485649726 -0.338676599546642 0.000254072190603793 -0.00119209199700572
29.6875 -0.0503863864356527 0.00279309079603404 0.000249018012386987 -7.05546286854279e-06
29.8828125 -0.0147666974727718 0.110945078371437 4.60084623786409e-05 -0.00064601106196215
30.078125 -0.0070484651968102 -0.010391525150419 5.08963993846916e-06 3.56134704246457e-05
30.2734375 -0.0188258869846542 0.0911443964098572 5.13815905864037e-05 0.000228750377314819
30.46875 0.0285548146507903 0.247752344377588 0.000202745540205465 0.00144022798700987
30.6640625 0.0779523725378412 -0.0300181657028449 0.000597612132894177 -0.000110761266653983
30.859375 0.0168289686731165 -0.453904746708421 0.000439841694161584 0.00112193622438514
31.0546875 -0.0993541691451359 -0.262551079007096 0.00110543953109279 0.00153591212879029
31.25 -0.0857300465640304 0.412669331444807 0.00106115024232553 -0.0011364454089889
31.4453125 0.0618447884504919 0.517727712773879 0.00091117510084429 0.00123408430605509
31.640625 0.116507341238266 -0.135608928945611 0.00136687951234504 -0.000785033523175302
31.8359375 0.00887255058111266 -0.518169191201424 0.000544721214048076 -0.00160073508574183
32.03125 -0.08590249907479 -0.154456961886734 0.00077117224091038 0.00050725801814579
32.2265625 -0.0514622001558927 0.279965370703422 0.000416507809033179 -0.0016371535426844
32.421875 0.023458973856234 0.197510977948294 0.000132005427893989 -0.000596449736716255
32.6171875 0.0256905256051597 -0.0415394869938281 6.81938016600304e-05 -0.000119238224168238
32.8125 0.00723261174926995 0.013755262574506 5.51006912030361e-06 8.05143208579876e-05
33.0078125 0.0310636750483261 0.0443972946947425 9.85964099181961e-05 0.000129395466777486
33.203125 0.0245753049894038 -0.224660527110387 0.00016018878797241 0.000678518791752947
33.3984375 -0.0566943433541688 -0.28675039043173 0.000479684907285414 0.00166868300506596
33.59375 -0.0874365662729909 0.20865663915244 0.000836587013709818 -0.000446424312544227
33.7890625 0.0248121563147532 0.533037738032102 0.000628649950143942 0.0016847233499135
33.984375 0.120781300145799 0.0570316825694665 0.00143586113634279 0.000333609457953931
34.1796875 0.0470901573184511 -0.536756335129392 0.000793709605301771 -0.00145154367675697
34.375 -0.0888891432641201 -0.364424087210409 0.00104021514543174 0.00139464257165626
34.5703125 -0.0952630017481148 0.283050854112632 0.0010498238877144 -0.00162241526178562
34.765625 0.0216775966236269 0.43580875671956 0.000425955714632705 -0.00105495482250624
34.9609375 0.0749747938454632 -0.00793505922713277 0.000551309317932433 -2.53447745049628e-05
35.15625 0.0185779641130281 -0.235829099142013 0.000145088061824388 -0.00137075650095223
35.3515625 -0.0171459480068854 -0.0505675374520084 3.39532297523693e-05 -0.000104003815200563
35.546875 -0.00117498020416265 -0.00266246713569768 1.49612195830758e-07 9.82168264399958e-06
35.7421875 -0.0181859742317673 -0.140484472020156 7.19154590928983e-05 0.000808441977213512
35.9375 -0.056051727087036 0.0333877536852893 0.000310358996511855 -5.61917518360666e-05
36.1328125 -0.00514388294845118 0.378902495415549 0.00028972987640923 0.00145289105231614
36.328125 0.091957060184663 0.199466556980407 0.000908532920859329 0.00116152666549432
36.5234375 0.0727727408720203 -0.391904855485951 0.000826474618771967 -0.000876390632036498
36.71875 -0.0611307739895367 -0.495342177905028 0.000857210504078038 0.00207746625419761
36.9140625 -0.120720297372131 0.137208633932646 0.00146556660328387 -0.000756148624406774
37.109375 -0.00753365135959696 0.575669706839394 0.000668358950477047 -0.000941575348090849
37.3046875 0.104150681862007 0.161676699690545 0.00111544360483779 0.000581683015090819
37.5 0.0556213094570222 -0.374581058110815 0.000584038621426059 -0.00215076268601691
37.6953125 -0.0421700439625299 -0.26755867782717 0.000317601907933911 -0.000341891609260294
37.890625 -0.0488937990692162 0.092936060084041 0.000251745718170132 -0.000406354280046334
38.0859375 -0.0058668954922014 0.111291133531212 2.81480705123438e-05 -0.00062500979859147
38.28125 -0.00542070003358673 -0.00409938466593441 2.91617215741854e-06 5.43177037525243e-06
38.4765625 -0.00746821762733203 0.130798370363792 3.96878582804676e-05 0.000565264271607252
38.671875 0.0456724133897694 0.191386561277976 0.00027785565526151 0.00108183319781065
38.8671875 0.0672921578718775 -0.172922310122377 0.000503856453889182 -0.000272503530422196
39.0625 -0.0218753640017841 -0.461307642528116 0.000472551555201982 0.00206987838487986
39.2578125 -0.112906139990668 -0.0550822128876988 0.00125529900712466 0.000290326195548784
39.453125 -0.0433918534110414 0.544688973920916 0.000778051050614517 -0.00042406892216555
39.6484375 0.0998629904471899 0.356432534792595 0.00123158925901963 0.00146754950480503
39.84375 0.0958396054923161 -0.341225305862131 0.0011332509789103 -0.00192523895756087
40.0390625 -0.033428144655205 -0.48537690441597 0.000580792219034854 -0.000325684746084001
40.234375 -0.093760747795172 0.0191244338675179 0.000862504618960249 -9.43392368983977e-05
40.4296875 -0.0259576626757058 0.340987788262397 0.000298641436746654 -0.00182251127609452
40.625 0.039437606994827 0.123299527892413 0.000182963139909454 -0.000114468878496252
40.8203125 0.0222062154072679 -0.0813374229638039 6.1604244786979e-05 -0.000377292200219039
41.015625 0.00766517614959108 0.0196201949953595 6.5337340642738e-06 0.000105105639196279
41.2109375 0.0298703540773302 -0.0120869266645269 8.78142327308449e-05 -8.55570879427014e-06
41.40625 0.00294372042126027 -0.269244164072622 0.000145834923721481 0.00129338420704993
41.6015625 -0.0753031475135377 -0.163824390463626 0.000609696372852229 0.000829149267368583
41.796875 -0.0610501821035936 0.364967628603776 0.000631920127781446 -3.86717048999454e-06
41.9921875 0.0672623324098121 0.449290741160695 0.000847383150319899 0.00210303338759068
42.1875 0.114454013662303 -0.171926551015448 0.00134279789224398 -0.000940087084148767
42.3828125 0.000103523419402768 -0.581042738387139 0.000675222379012195 -0.000117275726737995
42.578125 -0.112515806020173 -0.168347471764841 0.00129729911016516 0.000893349167722832
42.7734375 -0.0656572077387383 0.434161411070902 0.000799736604540607 -0.0021345110183131
42.96875 0.0570784951793981 0.346151633817582 0.000559160492400668 -0.000127539805854443
43.1640625 0.0695582742212546 -0.15022567461617 0.000519586643070485 -0.000730981302947744
43.359375 -0.00160340896754345 -0.233954432911014 0.000109721560586513 -0.00117593086190293
43.5546875 -0.0218301761346102 -0.00534690542355576 4.68055237173403e-05 1.38960244736428e-06
43.75 -0.00369204389861992 -0.0156997859553114 1.83018459654963e-06 8.1188030396721e-05
43.9453125 -0.0279629050234037 -0.108853212869655 0.000100399795822422 0.000528402462909748
44.140625 -0.0462128301758289 0.141723259930901 0.000249638560639514 8.05754947133616e-05
44.3359375 0.0273977433871044 0.371743013312249 0.000350018554983648 0.00191971900449056
44.53125 0.0989992843992685 0.0189566960714005 0.000961397904980678 9.76740320983522e-05
44.7265625 0.0348027027899952 -0.50175065465623 0.00062231692477179 0.000131356278532482
44.921875 -0.0969970650758214 -0.345781101005935 0.00116137277237522 0.00191001725155433
45.1171875 -0.100268039790448 0.355510409264589 0.00123821526756425 -0.00156138850700877
45.3125 0.0418741885431586 0.536694283357119 0.000748069590413553 0.000207661527362152
45.5078125 0.109378164645927 -0.0529082937371527 0.00117805645841035 -0.000269488298465603
45.703125 0.0212068863020833 -0.437473528670754 0.000426883234945953 -0.00207030881067711
45.8984375 -0.0615099324910864 -0.157176176025873 0.000420450276136886 0.000181004428193779
46.09375 -0.0401900574580235 0.166752888680882 0.000214046838801904 -0.000921154664372754
46.2890625 0.0036279146498833 0.0954287843036817 1.95044734489201e-05 -0.000435988968685211
46.484375 -0.00291318858939779 0.00434661273012575 8.70327602650919e-07 4.2520271279679e-06
46.6796875 0.00532581024758867 0.150712332486774 4.82109411454053e-05 0.000827448817576781
46.875 0.0559588162882484 0.104976883679003 0.000329149412527848 0.000488639347608531
47.0703125 0.046332405434699 -0.292093462769615 0.00038118997687501 0.000250668081414993
47.265625 -0.0581401926061324 -0.394590609929989 0.000642915763194565 0.00223086533508486
47.4609375 -0.107804551569203 0.166120141806161 0.00119418873351939 -0.00064631624167484
47.65625 0.00675048778689937 0.584705143345838 0.000688230519608374 0.000730896237846925
47.8515625 0.120595895050265 0.137549212765505 0.00146281590630948 0.00073760877145559
48.046875 0.0604806490234249 -0.488376461812895 0.000835754630017012 -0.00217925851122054
48.2421875 -0.0701761603453973 -0.378131368635919 0.000768880861852224 0.000697579169476724
48.4375 -0.0872269168499809 0.189286190439728 0.000817582680404345 -0.00109090594474725
48.6328125 0.00376375779512142 0.347169613523151 0.00024244315158297 -0.00143159300150824
48.828125 0.0483862134324998 0.0294396248756035 0.000231362812885964 3.93758215167446e-05
49.0234375 0.0152636112621541 -0.104233995654221 4.45841329769774e-05 -0.000591162368767346
49.21875 0.00766980888006976 0.0225324351966144 6.78622046828206e-06 9.05863849110817e-05
49.4140625 0.0240653437608315 -0.071269674153766 6.69697006020179e-05 0.000116628119240027
49.609375 -0.0201699075862451 -0.270320501265856 0.000186054543187049 0.00155504320118285
49.8046875 -0.0815286020461433 -0.00933834595738271 0.000651875466609541 3.26173931903295e-05
50 -0.0238176989758477 0.45986111193278 0.000478592294950933 0.000947528570038892
