0 0 0 0 0
0.1953125 0 0.365959343959546 0.000267852482862603 0.00548561884902611
0.390625 0.142952868734198 0.00867321795496991 0.00200146358240341 -1.45034513094872e-05
0.5859375 0.00338797576366013 -1.07376847675792 0.00230708351133691 0.0150842542404465
0.78125 -0.276487942499366 0.135163338631386 0.00748819735205721 0.00144247796787871
0.9765625 0.0561861549165451 1.74321287240948 0.00638719109509502 0.0220570621131201
1.171875 0.404454585785588 -0.230779049817509 0.0159364903860177 0.00121892361988255
1.3671875 -0.0339619114184192 -2.30484246889253 0.010737736398571 0.0210335090440554
1.5625 -0.495874503625558 0.282385543376257 0.0237911931235526 0.00425962955440794
1.7578125 0.0763449414629312 2.74286813910479 0.0156181543534481 0.0200478824455603
1.953125 0.575558363212251 -0.287131555554427 0.0317749625589478 0.00277404904211908
2.1484375 -0.0358158224255169 -3.00977812741837 0.0182433553457714 0.00629529582753746
2.34375 -0.600136217810552 0.129936881053972 0.0343180116408481 0.0016714910307598
2.5390625 0.0149407717361908 3.05395260956506 0.0186751512109333 -0.00296179847454127
2.734375 0.592814020300801 -0.0591504844922607 0.0334842543302403 0.000827825021825618
2.9296875 -0.00816488626859841 -2.91446352855207 0.0169947351547677 -0.0147356808155638
3.125 -0.545648295539851 -0.0684181326846486 0.0284993633752934 -0.000553752937282347
3.3203125 -0.0348907193485392 2.56729278918136 0.0133013956574464 -0.0225959887111778
3.515625 0.457200450234117 0.0481513520213358 0.0201559782294463 -0.000703809871374516
3.7109375 -0.0160815974652049 -2.06736745387985 0.00857338623588519 -0.0236093258897111
3.90625 -0.350364961437701 0.0248893836438553 0.0119208783224002 9.40809282250829e-05
4.1015625 -0.00635918197932394 1.46283213699958 0.00428372279378198 -0.0197091756521381
4.296875 0.221053842077759 -0.0851102762255051 0.00478863626304412 0.000694472297099196
4.4921875 -0.0396053836299119 -0.78213532557007 0.00137732954883667 -0.0116220567749439
4.6875 -0.0844677694730501 0.178502042857926 0.000763234185907902 2.97904753955222e-05
4.8828125 0.0301219768614653 0.0735093572258334 9.98099366742751e-05 -0.00111081681234701
5.078125 -0.055753176806709 -0.0943808988777319 0.000322672208027395 -0.000302998199291098
5.2734375 -0.00674556176264872 0.636541115276228 0.000814832971350732 0.00921177674909555
5.46875 0.192895696348067 0.0236559769218855 0.00363999336729 -7.77568863780975e-05
5.6640625 0.00249505422246284 -1.3038788446465 0.00340081078421225 0.0169340477440646
5.859375 -0.31643197734197 0.164540046877845 0.00979513270614944 0.00206832553179895
6.0546875 0.0667685100341209 1.9182579747242 0.00779659799757994 0.0216746467519244
6.25 0.432887544034673 -0.307498224910223 0.0182869457644898 0.00217437592609784
6.4453125 -0.053347984071435 -2.40141381454602 0.0118127037345235 0.0164565027256913
6.640625 -0.505164727272367 0.371620424776032 0.0247826103375365 0.00558289361498009
6.8359375 0.0918162443567026 2.74801213386259 0.0159295654022866 0.0147063719985072
7.03125 0.568277512517708 -0.417834697822065 0.0311860757217253 0.00478193029374519
7.2265625 -0.0714004344800417 -2.9131307762086 0.0174725653703498 -0.0024222290599593
7.421875 -0.569664196938777 0.31920646502734 0.031187270101247 0.00374998893183405
7.6171875 0.053289590921263 2.86681149292385 0.0167157328191771 -0.00793478818677439
7.8125 0.550184042484603 -0.322923201749017 0.0291621241770116 0.00479580904377169
8.0078125 -0.0728522847619466 -2.64401434868944 0.0145020548848892 -0.0213646470574181
8.203125 -0.48263406247221 0.29209378409817 0.0225814860507462 0.00199864230483944
8.3984375 0.0412468496514011 2.24597739535474 0.0102557030459257 -0.0219661501688856
8.59375 0.394700857588235 -0.359918664760195 0.0153445800027666 0.00483074031196862
8.7890625 -0.09934637877055 -1.72591609431627 0.00692499451778415 -0.0232238914199552
8.984375 -0.279485116754058 0.459808695854248 0.00803587859890161 0.00114387091621491
9.1796875 0.0802663930475157 1.11780067510409 0.00313064570797087 -0.0155697143998684
9.375 0.157155771958478 -0.481887098165189 0.00288231538809786 0.00248449926415295
9.5703125 -0.107970754673261 -0.472696037227748 0.00158939131045781 -0.00713615307758073
9.765625 -0.0274911175836114 0.510451356131257 0.000595256712372489 -0.000695639809378931
9.9609375 0.091424306315511 -0.195614617399743 0.000895918598196059 0.00294170648250239
10.15625 -0.103903077505386 -0.352649461658471 0.00130684366660798 -0.00217566243305324
10.3515625 -0.0463293896448294 0.842150219155186 0.00162895937404415 0.0112290799972688
10.546875 0.225061851852108 0.195625710326194 0.00502464286607409 -0.00100096624445404
10.7421875 0.0300869034513403 -1.4321511951342 0.00419090964742605 0.0169989798370166
10.9375 -0.334372208747189 0.0439888490672517 0.0108701084366352 0.000609079543616059
11.1328125 0.0472700476182355 1.95584222004244 0.00786979703742153 0.018279389538875
11.328125 0.429628658456889 -0.260376954763836 0.0179661524837109 0.00237662489968108
11.5234375 -0.0544397003363881 -2.33077768418606 0.0111557145323809 0.010786735108523
11.71875 -0.480831374428292 0.390518471394861 0.0225519890541004 0.00572918953883132
11.9140625 0.0981065775522295 2.57187601001347 0.0141725380880738 0.00810038288013137
12.109375 0.523807691983221 -0.538500489375793 0.0268862797368628 0.00710684872874764
12.3046875 -0.112245176110189 -2.62727687630055 0.0150398303563836 -0.00998471467006559
12.5 -0.50247233782168 0.573393720839789 0.0249089442956709 0.0062121934326178
12.6953125 0.111736746092853 2.50723837676707 0.0137960031375397 -0.0106189991275042
12.890625 0.476917653102957 -0.697647046358053 0.0228665821647445 0.0105312480955652
13.0859375 -0.160781631390762 -2.23086272075871 0.0124839955408547 -0.0244267779681995
13.28125 -0.394513097193412 0.787954372032408 0.0163130788708285 0.00463354097791333
13.4765625 0.147013045184398 1.81772897616246 0.00872468050733019 -0.0188533261850679
13.671875 0.31553728412005 -0.902238245536205 0.011314504432492 0.010295947494109
13.8671875 -0.205423769478182 -1.32926623802944 0.00765907484860945 -0.0196537737460329
14.0625 -0.2037073401102 1.00834270789448 0.00609027669779772 0.00126065206940024
14.2578125 0.1884601007931 0.763697860373322 0.0046404067710432 -0.0108483500697128
14.453125 0.0946121365981289 -0.979862394868871 0.00279774364213031 0.00187996368388943
14.6484375 -0.194298647202553 -0.200692617741782 0.00377238630541319 -0.00290735886191606
14.84375 0.0162165827927452 0.925088325895887 0.00173737435445079 -0.00284471287488119
15.0390625 0.167063980100528 -0.387087120263754 0.0030313181995769 0.0057538135936522
15.234375 -0.134989323560284 -0.690532774827515 0.00273854792629392 -0.00597753010179844
15.4296875 -0.10267538506647 0.937482346823276 0.00279103128537856 0.0107932521133364
15.625 0.231214718167558 0.435733294494247 0.00560085459297777 -0.00314293784691982
15.8203125 0.0675329330953451 -1.42142622149928 0.00448813937337225 0.0151455344507672
16.015625 -0.324029899605597 -0.123569368797316 0.0102407785313695 -0.00180254245979727
16.2109375 0.0192636484088937 1.83591362054174 0.00677756026596243 0.0128228301483298
16.40625 0.393123858418519 -0.196333472923381 0.0150438390323943 0.00221591929108459
16.6015625 -0.0574291144518021 -2.08700584076538 0.00903464176773317 0.00471110698548268
16.796875 -0.422112798130455 0.442847231313653 0.0176136063218961 0.00630517409297541
16.9921875 0.115558085280093 2.22604743013017 0.011219112333088 0.00232224768544481
17.1875 0.447436979264143 -0.728379893486026 0.0203752047687474 0.0105959856717638
17.3828125 -0.168965310612885 -2.18363221149696 0.0123305264770718 -0.0149226687993346
17.578125 -0.405544353351857 0.926701019454637 0.0176317679922798 0.00942201354595815
17.7734375 0.193027275111582 2.01545949587485 0.0117679787061482 -0.010760821510348
17.96875 0.381744512224256 -1.17077174503697 0.0168646448186923 0.0169051730380991
18.1640625 -0.264305437793483 -1.73240317010815 0.0128156473014489 -0.0229927853388021
18.359375 -0.294975476099239 1.35886218713203 0.0121670336995421 0.00686553374600818
18.5546875 0.266500104054966 1.34981801824274 0.0105701669571224 -0.0145656576398344
18.75 0.232297187276833 -1.49050947962001 0.00971314560158094 0.0129830614585554
18.9453125 -0.315730161421601 -0.950292429087106 0.0115042951679903 -0.0143337385419719
19.140625 -0.138910792835318 1.5646172360082 0.00678597027893656 -0.00025302766897906
19.3359375 0.295448446394102 0.476405810915034 0.00895494434398415 -0.00688445245046199
19.53125 0.0471852270533672 -1.46813170850389 0.00452919522453783 -0.00173856529372423
19.7265625 -0.278040502240231 -0.0322222195557224 0.00753711572744103 -0.00041997034306126
19.921875 0.0345984225394132 1.31029085189569 0.00355114320700319 -0.00669396813115604
20.1171875 0.233791861781521 -0.445131733896128 0.00573391767876657 0.00647811291856168
20.3125 -0.139281161013762 -0.987617903620575 0.00385076935518198 -0.0104169576501238
20.5078125 -0.151996381820266 0.885944314057793 0.00383182915538661 0.00819308846714169
20.703125 0.206790836665064 0.621416878712211 0.00495238649734184 -0.00590723881715871
20.8984375 0.0907445864266909 -1.25075617683169 0.00393604014162824 0.0114002015023542
21.09375 -0.281785794909816 -0.210489753330151 0.00782666303478823 -0.00314598062776976
21.2890625 0.00852202653210046 1.55859418873943 0.00486555615346927 0.00721637915875646
21.484375 0.327040060066525 -0.23117725205774 0.0105060066023549 0.00306067902364991
21.6796875 -0.0817815875529543 -1.68979103720894 0.00636653706600334 -0.000835779601806825
21.875 -0.333034563843219 0.617724263948221 0.011543442254065 0.00855755006516097
22.0703125 0.15951695305182 1.74430901270457 0.00857615826998529 -0.0011930681408
22.265625 0.348336144244505 -1.0371264884376 0.0139346531386906 0.015670105266672
22.4609375 -0.245610581494119 -1.63745071505121 0.0112506393065939 -0.0160206776078211
22.65625 -0.291293041322374 1.37771921848397 0.0120614738303021 0.0133153867544935
22.8515625 0.292560988226182 1.45745489602285 0.0125851987927035 -0.00897877494316112
23.046875 0.27802527743655 -1.70139034575782 0.0133236775468255 0.0217643012672676
23.2421875 -0.372044615585468 -1.22807274939457 0.0164391457205564 -0.0180586527975556
23.4375 -0.201690640295704 1.93227157684001 0.0114444584333318 0.00795335987141617
23.6328125 0.382748969117661 0.92930639915626 0.0159239625741855 -0.0104326592307194
23.828125 0.16131967187471 -2.04166602143638 0.0108842265480087 0.011587952276794
24.0234375 -0.414776820505926 -0.668864282457483 0.0175312864405192 -0.00960068974769068
24.21875 -0.0999554384602441 2.04202626478036 0.00931905265740824 -0.00400247424516556
24.4140625 0.382889689173902 0.323039078607269 0.0144157633911414 -0.0047575507292442
24.609375 0.0262317016207203 -1.85769191430237 0.00696953744915003 -0.00715510479456372
24.8046875 -0.342771214850462 -0.010350677069864 0.0114137799604686 -0.00011405466703476
25 0.0221884683903046 1.58041329290076 0.00504370776077846 -0.0117754132069314
25.1953125 0.274577727688899 -0.347744522356802 0.00759154795011154 0.00485997733084077
25.390625 -0.113649235655321 -1.15430984827851 0.00393057342265412 -0.0137207657944059
25.5859375 -0.176324556794894 0.688357902650619 0.00398974262284947 0.00476564758140085
25.78125 0.155240570067577 0.670250206175134 0.00325790066625721 -0.00787194781893084
25.9765625 0.0854919299922677 -0.937758098676515 0.00247534406076573 0.0065925614962777
26.171875 -0.211071187227937 -0.146600421686912 0.0043972393591867 -0.00221127407786413
26.3671875 0.0282261402708178 1.15344358514009 0.00273901676018818 0.0029966415183469
26.5625 0.239492713217411 -0.411357535612043 0.0059382854375313 0.00601176162460668
26.7578125 -0.132460397077636 -1.18344374501828 0.00451980170515946 -0.00428118730394342
26.953125 -0.222789999680357 0.926621414819123 0.00656637843904888 0.01255313940503
27.1484375 0.229501093086084 1.17688596546123 0.00791448252494091 -0.00236929639265371
27.34375 0.236931080577936 -1.44345108701797 0.00964836311079856 0.021117350466156
27.5390625 -0.334346987780312 -1.05270926199279 0.0130810081064907 -0.0129517182744323
27.734375 -0.174283474887999 1.87417104799387 0.00999726038959867 0.0171987461594141
27.9296875 0.397751077842292 0.905329584036811 0.0169557070463896 -0.00623297923879401
28.125 0.179360893876381 -2.22483544980332 0.0130472434685903 0.0229765220367062
28.3203125 -0.471325269737129 -0.787702362810914 0.0226331640118475 -0.0118993905587976
28.515625 -0.128335341596632 2.43915401592642 0.0135124313632897 0.00699357523966675
28.7109375 0.481469267734128 0.615714922839263 0.0230631109119562 -0.00727094162257859
28.90625 0.112178300137455 -2.49214902911591 0.0136548071038105 0.00665215505787654
29.1015625 -0.492026446764273 -0.516819995952388 0.0238079698815715 -0.00664349218088869
29.296875 -0.089704510781447 2.38770094644035 0.0121911032256986 -0.00990710784352971
29.4921875 0.44066923543899 0.306312618762639 0.0189313458172388 -0.00459247450947524
29.6875 0.029948855922709 -2.09847469981029 0.00889517477753701 -0.0127080899999568
29.8828125 -0.379047444174403 -0.106453637244297 0.0139494240612098 -0.000938005181830665
30.078125 -0.0116345961258445 1.69703057932202 0.00577310461594508 -0.016672209886805
30.2734375 0.283855125873263 -0.145169042994101 0.00789350046421083 0.00188245309191559
30.46875 -0.0683412535454153 -1.16210452624747 0.00315897425205372 -0.0149481666432987
30.6640625 -0.170091954692156 0.407248573473722 0.00316302465622017 0.00195813748855159
30.859375 0.0907402204677574 0.570458924583859 0.00145802725972124 -0.00773294965276002
31.0546875 0.052743562723414 -0.553558881585578 0.000885694373724466 0.00241451611479775
31.25 -0.125493717651609 0.0558670811739015 0.00154916059430525 0.000844156693273184
31.4453125 0.0745666413069692 0.689878193260269 0.0014970652044909 0.000633400514084929
31.640625 0.143989951590684 -0.700814096258935 0.00301268681763433 0.0105901141978374
31.8359375 -0.199188865044177 -0.643221504274328 0.0047068513287148 -0.00437424317122152
32.03125 -0.107268448516476 1.30691273815129 0.00454374947193692 0.0173143793153801
32.2265625 0.311323923296171 0.598959800241146 0.0101490631257832 -0.0018879005630924
32.421875 0.126700223452722 -1.87040496971786 0.00856951801840422 0.0245046676827545
32.6171875 -0.419303017999867 -0.50227048061176 0.0175007843274615 -0.00705914117949845
32.8125 -0.069499183036247 2.33166491225646 0.0113469682172976 0.0198682293693171
33.0078125 0.491503588350313 0.422738303728538 0.0235827406567177 -0.00327134385277865
33.203125 0.0956329668577132 -2.66446875447361 0.015095293585322 0.0196689824577221
33.3984375 -0.549304518865943 -0.444841878242154 0.0292591753748223 -0.00649361971716091
33.59375 -0.0781333918306281 2.81677938478056 0.0164670711144386 0.0035191653598379
33.7890625 0.550999928313963 0.405806500286928 0.0293666740896701 -0.00511257326843533
33.984375 0.0803847723439531 -2.78955133801868 0.0161967459821501 -0.000529014514574369
34.1796875 -0.538668563099585 -0.444507473011412 0.0281785730267592 -0.00487559497324915
34.375 -0.0932509593011297 2.56941768602437 0.0140562487419033 -0.0165388976654623
34.5703125 0.465010220503685 0.341377838083394 0.0210661856993624 -0.00515844879227844
34.765625 0.040099758700196 -2.17143968138628 0.00958802332592408 -0.0174442117338083
34.9609375 -0.383208405037832 -0.212549459030639 0.0143207808158207 -0.0014260635291589
35.15625 -0.0429273737336472 1.6594105304891 0.00568803355742187 -0.019601643260316
35.3515625 0.264998833434471 0.0437909054709584 0.0068526266681814 -0.000499074138248726
35.546875 -0.025821551284054 -1.03102082657757 0.00219141267678619 -0.0141179915905464
35.7421875 -0.137743676947391 0.157184301620704 0.00190775552196678 0.000466854585172724
35.9375 0.0355785665365335 0.359045521771071 0.000381992629183282 -0.00526459911662789
36.1328125 0.00250847999443354 -0.212379801638304 9.08276514558292e-05 0.000270065044799171
36.328125 -0.047382293478429 0.338784913134228 0.000449751750844223 0.00509754607932696
36.5234375 0.134846336687491 0.275306878854074 0.0019326911395235 -0.000154942596783703
36.71875 0.0601594560739436 -1.02884161839873 0.00247196269686432 0.015105670424165
36.9140625 -0.267044920499511 -0.175596542563211 0.0070159969585544 -0.00169513845766495
37.109375 -0.00843294336481088 1.67680870979731 0.00563035119292629 0.0214509080456097
37.3046875 0.387958481765063 0.111316376146057 0.0146057204895268 -0.000483941809895395
37.5 0.0350500160672426 -2.2391806089446 0.0101483634673107 0.0242529303178313
37.6953125 -0.486721443603922 -0.0662631059073012 0.0227932742705401 -0.000990005804860914
37.890625 0.00916599032220306 2.67816661922407 0.0143533947315878 0.0200886987195812
38.0859375 0.55943739203048 0.0585095462284326 0.0299167859754775 -0.000519478974870496
38.28125 0.0320212818176846 -2.95867083329186 0.0176080456650975 0.0127177885879567
38.4765625 -0.596293402224153 -0.197526752348396 0.0339376718251182 -0.0026655371504979
38.671875 -0.0451376058184076 3.02235829875072 0.0184691347191588 -0.00194320567890801
38.8671875 0.584315308225348 0.249894980437804 0.0326764415525187 -0.00338374044673789
39.0625 0.0524776209151096 -2.90140836667436 0.0171064366855269 -0.00865822151010757
39.2578125 -0.549047335006825 -0.35863165148478 0.029094301041189 -0.00325190469111333
39.453125 -0.0876128679461327 2.57558862478948 0.0140198490058826 -0.0217415049913137
39.6484375 0.457041971551566 0.311516251644208 0.0203317022301468 -0.00463551519171318
39.84375 0.0340731678523862 -2.08416807381317 0.008801394314633 -0.0208819573063861
40.0390625 -0.357086182281705 -0.209601684425255 0.0124642966996418 -0.00101990256758243
40.234375 -0.0478024901262289 1.49048026968974 0.00466718634339773 -0.0196545110768078
40.4296875 0.225132673065848 0.103026586635449 0.00497243439164472 -0.00094988876276919
40.625 -0.00755772972175677 -0.802357187392319 0.0012931574868739 -0.0115951457499568
40.8203125 -0.0882881032592768 0.0417932029128924 0.000767665588247718 5.61117680131123e-05
41.015625 0.0087677401660918 0.0866459521029654 2.25562612751485e-05 -0.00130704195620732
41.2109375 -0.054442028219056 -0.0147816281277102 0.000291127151768527 -2.91840124382463e-05
41.40625 0.00299366667870499 0.64126620731566 0.00082332387277539 0.00949617917421596
41.6015625 0.196052584013624 0.00594142475178162 0.00375864053667081 -1.2028132996836e-05
41.796875 0.00531453572236969 -1.3339078385391 0.00356139100175412 0.0181324630258506
41.9921875 -0.325005165415712 0.129392271966757 0.010304735804929 0.00154282498868791
42.1875 0.0558583919593839 1.97509952276343 0.00810804436235741 0.0236635045303334
42.3828125 0.446518085663751 -0.209097136436676 0.0193236458808996 0.00120592898086911
42.578125 -0.0258201769611927 -2.49687113063659 0.0125341287115061 0.0206758011784943
42.7734375 -0.528822199741165 0.209750974833426 0.0268885402762549 0.00316564104120555
42.96875 0.0561137975831142 2.87262144125542 0.0168127200327185 0.017225257482394
43.1640625 0.593295550749234 -0.179869544399935 0.0335947653603447 0.00185767842549995
43.359375 -0.0141477431981104 -3.07327572428155 0.0189096825897484 0.00389376782722128
43.5546875 -0.607202779048248 -0.0065910150911782 0.0350713772227815 -8.01227908415059e-05
43.75 -0.0167223584681017 3.04004191993057 0.0185111415270711 -0.00788397260445917
43.9453125 0.580313595924629 0.077806435415253 0.0321318623925103 -0.00112405450947348
44.140625 0.0136707803659815 -2.82441356727383 0.0159729576446001 -0.0164599909669143
44.3359375 -0.52297295379171 -0.17466871221185 0.026285474254019 -0.00129154810611208
44.53125 -0.0545591853417723 2.41678286193054 0.0119736211054033 -0.0240258749329664
44.7265625 0.421082851649909 0.133305606734026 0.0171742266433374 -0.00187862560010479
44.921875 -0.00248668271129342 -1.86330020753334 0.00694438193674295 -0.0223974395341293
45.1171875 -0.306768791917803 -0.0309770124105019 0.00916165259020246 -0.000102079049644555
45.3125 -0.0145870781841457 1.22393343944374 0.00301689975582418 -0.0171405955535045
45.5078125 0.171330207864907 -0.0232790666443529 0.00287367798731603 0.000151137462856266
45.703125 -0.023680463592096 -0.518857644299248 0.000593434922777746 -0.00778214870103763
45.8984375 -0.0313485594394868 0.106292557081602 0.000118994347284918 -1.99533049848555e-05
46.09375 0.0178400665179048 -0.201032873270383 0.000112049692383846 0.00302551933896108
46.2890625 -0.10987702556073 -0.00395725780175445 0.00118319768997021 -2.02121118235672e-05
46.484375 0.0162942626890945 0.91507082690981 0.00170075450422172 0.0130105291725574
46.6796875 0.247572516200914 -0.0777785771853823 0.00599421043278917 0.000280728368349432
46.875 -0.0140879940239455 -1.57037665058305 0.00495163538894206 0.0191780903754765
47.0703125 -0.36585586293309 0.242771148921378 0.0131027998735707 0.00328340476924969
47.265625 0.0807444860234678 2.16023424096961 0.00997245636514054 0.0230047072791584
47.4609375 0.477985637445662 -0.352318181588653 0.0222377021385713 0.00263820289085583
47.65625 -0.0568798036595996 -2.60665491898206 0.0139065982863266 0.0149960164024549
47.8515625 -0.540238940281707 0.348971812023863 0.0281852269092933 0.00514662068197462
48.046875 0.0794373104122219 2.89211914750856 0.0173474199536921 0.0117850538183521
48.2421875 0.589495101713825 -0.343797153869397 0.0333507388053374 0.00411631708493232
48.4375 -0.0548584528180114 -2.99407927142375 0.0182241743651726 -0.00519597580558202
48.6328125 -0.580067113686076 0.201824680941611 0.0321747110775608 0.00219538184060168
48.828125 0.0239793131748053 2.87233642582762 0.0165570386152536 -0.0124157512813447
49.0234375 0.541939302652838 -0.185788148982386 0.0281825317229789 0.00279319906152254
49.21875 -0.0485941825214393 -2.57754401165167 0.0135190734900841 -0.0225205652368933
49.4140625 -0.464913826898595 0.163448079965996 0.0208780584716125 0.000986891254235552
49.609375 0.0152527237152778 2.11907596563973 0.00900378798531398 -0.0231157373409928
49.8046875 0.362850222179425 -0.22788869717212 0.0128786518379854 0.00286946294691675
50 -0.0737662986175816 -1.54580620550012 0.00531259952989599 -0.0213152348016588
