0 0 0 0 0
0.1953125 0 0.262073567011625 0.000137365109052393 0.00281323743339302
0.390625 0.102372487113916 0.130099245065317 0.00106105442777414 0.000508716117788807
0.5859375 0.0508200176036396 -0.745224756671808 0.00136402568963735 0.00726331334022143
0.78125 -0.188730933461009 -0.417321303779925 0.0038322142358218 0.00152972476563556
0.9765625 -0.112196116685394 1.15285124266394 0.00389171685283894 0.0106103220289522
1.171875 0.261601583204591 0.906012778464386 0.00831703032317892 0.00857272262879272
1.3671875 0.241715124902257 -1.35005880256078 0.00934907585845998 0.0056214651665025
1.5625 -0.265765136545715 -1.53030071131262 0.0115718650480299 0.0119153122515246
1.7578125 -0.356058590454235 1.38284917219186 0.0161305985600863 0.00993642887441874
1.953125 0.274410321341729 2.19422858830322 0.0169700706422648 0.023747787309774
2.1484375 0.501061951851712 -1.03781074669412 0.0262723914041856 -0.00436406275449586
2.34375 -0.130984501585662 -2.87355950437006 0.0181953792085942 0.0309683066559899
2.5390625 -0.621422229542844 0.394305465276072 0.0369902947320573 0.00188356137491043
2.734375 0.0230410707878035 3.44019721794991 0.02372199189425 0.0353548594333607
2.9296875 0.722404808718842 0.655408133258368 0.0498663749655604 0.00649111546637272
3.125 0.279059872841854 -3.76501618208176 0.035940725427352 0.0270900674667586
3.3203125 -0.748304637406845 -1.98785115865697 0.0603192212069396 -0.00106870738138061
3.515625 -0.497444486008527 3.81987412903358 0.0529613605157176 0.0390768777785346
3.7109375 0.743833694246898 3.37382942929791 0.0745861619764408 0.0361908011048864
3.90625 0.820457634810968 -3.02102509160952 0.0806670464375509 -0.0111828054444326
4.1015625 -0.436254232163072 -4.59936523518074 0.0606842595751119 0.0356093805900278
4.296875 -0.976169410181509 1.44807358678169 0.0904826438541811 0.0145064548628525
4.4921875 0.129399512673526 5.30639059483584 0.0579558808928695 0.0573755803273577
4.6875 1.09663941592624 0.932993572908583 0.108358284094307 0.00926026646171615
4.8828125 0.493850127090941 -5.56084564831588 0.0852890923955698 0.0464638597924862
5.078125 -1.07556591544715 -3.64133446644804 0.129477645400943 -0.0267745787681977
5.2734375 -0.928546148865325 4.8246280359318 0.125230509533124 0.0466896038177456
5.46875 0.809054411088707 5.69109189033723 0.125563148714714 0.0607981400808136
5.6640625 1.29453662079766 -2.00688224059483 0.150739818417243 -0.0095239901919645
5.859375 0.0251160358563512 -6.8249429831893 0.0932215731713029 0.0573679084284491
6.0546875 -1.37145673201067 -2.20918370193656 0.167109059746478 -0.0222677109601644
6.25 -0.837846347712617 6.36829572487729 0.146039831991001 0.0198854939023078
6.4453125 1.11615878551953 5.89240535941325 0.17948226082863 0.046187032852946
6.640625 1.46387449580818 -3.05556381802498 0.193934825585531 0.00915936463361775
6.8359375 -0.0774208308964792 -7.48997411925097 0.112787140896608 -0.00950418503397511
7.03125 -1.46189664452423 -2.27369929322698 0.185215504889599 -0.00495014244522575
7.2265625 -0.965584617313269 6.30233245231485 0.164013507219195 -0.0459561156725546
7.421875 0.999951969661262 5.97777718136992 0.161652398125194 -0.0135195180189166
7.6171875 1.36948459415936 -3.05448001843418 0.175628575431927 0.03167600418406
7.8125 -0.193204287539588 -6.84137654075855 0.0972593559621361 -0.0672201964547462
8.0078125 -1.30292811707445 -1.19896667445954 0.14714555707048 0.00669827024234654
8.203125 -0.661550644750345 5.96928468881615 0.112654962367289 -0.062906889676742
8.3984375 1.02882371449436 4.3173160073313 0.132273193909022 -0.0413460781198441
8.59375 1.02490092061344 -4.266638348518 0.130744589387116 0.0266835778145644
8.7890625 -0.637831890395488 -5.49941559265676 0.0990622892500238 -0.0363841821909514
8.984375 -1.1233082952681 1.58054726489391 0.116300074048082 -0.0163279044416839
9.1796875 -0.0204306150463036 5.48027736197603 0.0601078264281121 -0.0593309095156742
9.375 1.01742504925378 0.998163459331155 0.0950781123210096 -0.00983260902119163
9.5703125 0.369476986254929 -4.83327744250854 0.059961434210075 -0.0423722828259535
9.765625 -0.870573951726115 -2.80797794160344 0.0855406030746428 0.0140151015639697
9.9609375 -0.727389397183916 3.65907058330269 0.0764333051115609 -0.0388232688589546
10.15625 0.558750494876497 3.79762194758379 0.0586823200924499 -0.0385897102652623
10.3515625 0.756056676091001 -2.27005994557402 0.0637616212286511 -0.000555679394358916
10.546875 -0.327991671363353 -3.85846151856144 0.0402346331950536 -0.0235153586624688
10.7421875 -0.751154854597062 0.850541340128064 0.0542440281608106 -0.008778691035987
10.9375 0.00425103962417197 3.6011603016513 0.0259384838319554 -0.0363087735373601
11.1328125 0.655548388235476 0.309048014742659 0.0408605829907848 -0.00133693999842441
11.328125 0.124972920383023 -3.04921341736281 0.0201255602907745 -0.0330225845918511
11.5234375 -0.535550602921872 -1.06728507556865 0.0297485926405892 0.0056757195947511
11.71875 -0.291935312260981 2.36393277498631 0.0194778383939715 -0.0253666944013107
11.9140625 0.387860637307156 1.50323240251289 0.01909309175469 -0.0102017945425338
12.109375 0.295264844970617 -1.66882705358498 0.0140605013234258 -0.0136117269474198
12.3046875 -0.264024930499478 -1.53732483535229 0.0115255711427507 -0.00479768085966072
12.5 -0.305252668838871 0.98336998750737 0.0110041535661336 -0.00987292322672768
12.6953125 0.120103970870588 1.38983611787929 0.005276677586889 -0.0121864695241071
12.890625 0.237652064707727 -0.428647678480009 0.00588199114637446 -0.00170628992195105
13.0859375 -0.0473365285356654 -1.00404525057815 0.00223598996144904 -0.00939463809123601
13.28125 -0.154553111299361 0.0612884280309963 0.00234613358234444 -0.000319154765483984
13.4765625 -0.0233957363360575 0.526541430127613 0.000608185369028885 -0.005543629774088
13.671875 0.0511271348442373 0.144399835173098 0.000298078592903066 4.51700927908048e-05
13.8671875 0.0330104492784341 0.0125877229271232 0.000107205760309638 0.000135826709272711
14.0625 0.0560442141126448 -0.0867491261490693 0.000323097760080238 -0.000226098120897786
14.2578125 -0.000875928123546102 -0.538271334546942 0.0005795473264177 0.00553473835509655
14.453125 -0.154218025944754 -0.12740749038292 0.00236097676331789 0.000407477735531591
14.6484375 -0.0506444790543742 1.00001297807718 0.00225161122349074 0.00930750554256123
14.84375 0.236412043616643 0.564043275181234 0.00609367357320083 0.00499532115091614
15.0390625 0.169684925313295 -1.28800112065091 0.00613571364847978 0.0072516861849737
15.234375 -0.266713394137619 -1.14649131649553 0.00956605939893135 0.00819956768871673
15.4296875 -0.278163245192772 1.43251857298918 0.0116458694086857 0.010317884579883
15.625 0.292864173436278 1.80515354320055 0.0148711722815205 0.0195462774283566
15.8203125 0.426974857619942 -1.23295710202558 0.0206546762043892 -0.00323429929107299
16.015625 -0.188759694542466 -2.51075116580819 0.0160927016907612 0.0264296507599497
16.2109375 -0.553787316523881 0.769751026989914 0.0305093147206404 0.00376936210618916
16.40625 0.111924300375469 3.12359294816799 0.0207412869777115 0.0320051163179899
16.6015625 0.666366178854239 0.102901691658146 0.0419936474835461 0.000948525279009675
16.796875 0.152120273679432 -3.5713215209605 0.0277743912555126 0.0310887994575109
16.9921875 -0.728681290270954 -1.29104151361361 0.0531579460663016 -0.00153570249621689
17.1875 -0.352192817575882 3.82353692500359 0.0412819111659787 0.0381443012667907
17.3828125 0.764887821058574 2.66614774969085 0.0688662276090573 0.0287850729037855
17.578125 0.689271147147105 -3.39723189704511 0.0678729157735446 -0.00504699728890237
17.7734375 -0.562155888724671 -4.00137885443297 0.062215682817606 0.0241286059397481
17.96875 -0.873767467865773 2.31958742404011 0.0810118741143607 0.0230174339364967
18.1640625 0.343932948790998 4.8789911928151 0.0590994081293804 0.0518652567055528
18.359375 1.03208846682763 -0.363738983950989 0.0958086591662895 -0.0033453891122409
18.5546875 0.201847408185142 -5.46233610151638 0.063657506872506 0.0562021109838149
18.75 -1.10163657282721 -2.20230557457209 0.117191022469593 -0.0179568726975359
18.9453125 -0.65842820688208 5.45457473080915 0.100519410171137 0.0568480927517114
19.140625 1.02905668139511 4.8000957663986 0.141115758180199 0.0519725395800312
19.3359375 1.21660920186737 -3.45541266911955 0.152032087854867 -0.0109028597264258
19.53125 -0.320713892479712 -6.47906505052234 0.093960686271116 0.0313158032333252
19.7265625 -1.31427558349292 -0.209922730261712 0.146508921731291 -0.0020963927213105
19.921875 -0.402714958988193 6.70400646735507 0.105583337562345 0.043802392953124
20.1171875 1.30447694281766 4.32962218370068 0.182054876023323 0.0372365638005549
20.3125 1.28854370651989 -4.81706775852555 0.187962691258159 0.0266345027728912
20.5078125 -0.577190150356384 -6.76898683417088 0.12342292038074 -0.0470736413039277
20.703125 -1.35559177557811 0.754073552262559 0.155439280344272 0.00185147901169342
20.8984375 -0.282630169003822 6.79366009542295 0.100091820365209 -0.00995116837192194
21.09375 1.29818169919648 3.48269029130132 0.16763133012627 0.000296343400134685
21.2890625 1.07779572603576 -5.61160260722533 0.166324339724633 0.0605889911404362
21.484375 -0.893850569250918 -6.1123226429955 0.148018314083973 -0.0622699409544941
21.6796875 -1.30983030638436 2.34249405601818 0.156552213097626 -0.0149241927709963
21.875 0.0211861713811823 6.53597856598508 0.0854820625464914 -0.047479236571444
22.0703125 1.24328632095356 1.50657953136299 0.137624694761777 -0.0132763411519262
22.265625 0.60969380081985 -6.0185954000363 0.107797631871323 0.00782619931841978
22.4609375 -1.10772750718562 -4.47931927260487 0.14868687933702 -0.00519182359751045
22.65625 -1.14004029004143 3.92832434293755 0.145138605338991 -0.0416266697313517
22.8515625 0.426774189274362 5.78984607701888 0.0846426442218181 -0.0591628346665922
23.046875 1.12161833379407 -1.00036903027377 0.113006489520076 0.0099603564742535
23.2421875 0.0360050368236688 -5.47238184834566 0.0600210856288346 -0.0579170146956051
23.4375 -1.01603082571595 -1.4860111188202 0.0972692882373124 0.0104225994568645
23.6328125 -0.54446805646547 4.63234233971247 0.0712871344857606 -0.0499250966978275
23.828125 0.793477900734232 3.17673449864225 0.0787743870102256 -0.0337299695820237
24.0234375 0.696443857066657 -3.52688487067184 0.0705672659362729 -0.00616986069843301
24.21875 -0.584211501871957 -3.84670955656749 0.0621346613476854 -0.0107675716211753
24.4140625 -0.80617706346752 2.05976691174273 0.0688634178384439 -0.0219763458925702
24.609375 0.220384948027545 3.95188454945251 0.0359801997976525 -0.0415979758964162
24.8046875 0.737527838662368 -0.67943089891324 0.0519091092521627 0.00295247740101889
25 -0.0450177468604394 -3.53398557310257 0.0251768837064673 -0.0372134193186582
25.1953125 -0.642935275830824 -0.359957999663312 0.0394325547969577 0.00251346199073929
25.390625 -0.185626340478921 2.96264836806453 0.0209251209806026 -0.0318948399845994
25.5859375 0.514349242944381 1.05224397878391 0.0276001526990215 -0.00754606970259582
25.78125 0.225406463733545 -2.32709641111119 0.0157939597319827 -0.02124412462847
25.9765625 -0.394672792645926 -1.31144731344265 0.0185231679305472 -0.001158080520753
26.171875 -0.286877643079992 1.65653575414459 0.013506513599607 -0.017014451907378
26.3671875 0.252411486316804 1.34300660485582 0.00982432410057306 -0.0122060992975453
26.5625 0.237734311941814 -1.08669866451833 0.00788014107398522 -0.00518594152855739
26.7578125 -0.172080179510669 -1.08145602366763 0.00523682991710988 -0.0087080316456551
26.953125 -0.184709447303354 0.663225664035279 0.00421716619287891 -0.00412526498343087
27.1484375 0.0869923455031125 0.71613499553405 0.00176761885082728 -0.00759155189420868
27.34375 0.0950307853271342 -0.396185368593274 0.0011991855715487 -0.000278698027816351
27.5390625 -0.067767564103635 -0.24591512271886 0.000571294739708733 -0.00265164950807627
27.734375 -0.00102980948492036 0.374590603653422 0.000280740276474817 0.000429004002962865
27.9296875 0.0785568904484831 -0.21950382874801 0.000701445845014506 0.00225746590654367
28.125 -0.0867734925896118 -0.506264977228631 0.00125080267272354 0.00155318101144972
28.3203125 -0.119202866281451 0.648342048292112 0.00223297965108957 0.00649947873978873
28.515625 0.166485120024494 0.859984256895772 0.00419193787089477 0.00672983844480913
28.7109375 0.21672848406846 -0.917610968039276 0.00627388974822205 0.00544337749535667
28.90625 -0.191956664365848 -1.35218468655778 0.00726044716403195 0.00961272172051597
29.1015625 -0.311468659118174 1.0530873535991 0.0116582439434713 0.00849955677468687
29.296875 0.219405583133801 1.93584711164406 0.0121985114083958 0.0206414163428016
29.4921875 0.444721618867785 -0.859133519985522 0.020560504210602 -0.00168753345998209
29.6875 -0.116193448110543 -2.57309177603732 0.0145645531453551 0.0270362877313446
29.8828125 -0.560392356146793 0.411204237687254 0.0303476287235391 0.00234972072026374
30.078125 0.0444332072360405 3.14397198241332 0.0199627675908757 0.0334861480003715
30.2734375 0.667721699483412 0.438689760155901 0.0425219036031132 0.00383521286434125
30.46875 0.215796394796939 -3.55459592804323 0.0298209327662938 0.0313132753162437
30.6640625 -0.720792334908475 -1.58609881563019 0.0538296865143797 -0.00311221211478255
30.859375 -0.403773455058602 3.76006336059691 0.044053578422061 0.039267375806566
31.0546875 0.747982415324691 2.90337885532469 0.0692323270703566 0.0314415571476337
31.25 0.730358910302606 -3.25979518697312 0.0712962807579015 -0.00347818132723897
31.4453125 -0.525375079586683 -4.1645615707807 0.0611474853220559 0.0234698091098234
31.640625 -0.896422953283604 2.0935743109482 0.0824572606405334 0.0215966460713274
31.8359375 0.292427385627455 4.96998441354706 0.0577307811432862 0.0537285253897919
32.03125 1.04497720825822 -0.0752433449526005 0.0977342974854457 -0.000661603141326507
32.2265625 0.263035454005346 -5.50172027699456 0.0672861174631905 0.0569476503223833
32.421875 -1.10413227494278 -2.509307193604 0.120520992389155 -0.0218648151743091
32.6171875 -0.717162668496217 5.37158009107438 0.106036986334711 0.0532553394955007
32.8125 0.994141198133146 5.00825456653233 0.139392471793069 0.0537104041647284
33.0078125 1.23918677155547 -3.21205621782871 0.152958695410667 -0.00820787070772787
33.203125 -0.260568261956192 -6.55796785769577 0.0926368644283955 0.0304281740179409
33.3984375 -1.32251942285694 -0.560186628085023 0.148614594833571 -0.00536551273609267
33.59375 -0.479391163551904 6.65082174069315 0.110583326825413 0.0339573955423717
33.7890625 1.27545781960132 4.59341346096904 0.181292193001133 0.0359800695540935
33.984375 1.31491096963913 -4.57906090969524 0.188476977914381 0.0275687523300686
34.1796875 -0.513237848248383 -6.83519369461298 0.118718292636762 -0.0484394023882486
34.375 -1.35508656731907 0.408062736168067 0.154538226854134 0.000656863300978491
34.5703125 -0.353838341932732 6.71132227735634 0.1022383545971 -0.0205681167730204
34.765625 1.26652369727326 3.69884247524206 0.164781489493331 -0.00415152120322144
34.9609375 1.0910219999587 -5.40942806518191 0.164162025590754 0.0579671841979374
35.15625 -0.846534140688428 -6.08695009668862 0.140303136604081 -0.0612466246371756
35.3515625 -1.28669288156029 2.17696183179845 0.150684064204302 -0.0149310460455782
35.546875 0.00384157485784239 6.3935594369731 0.081756652276549 -0.051217410616731
35.7421875 1.21079127350733 1.46556617136437 0.131378635938 -0.013869384764984
35.9375 0.576328360547049 -5.86062050000756 0.100386097362092 0.000442437743884745
36.1328125 -1.07851360930812 -4.23662765633624 0.139366299769181 -0.0025875995118196
36.328125 -1.07860431770929 3.96131643952931 0.134868011929226 -0.0421339232649371
36.5234375 0.468875624883012 5.50594198839615 0.0818052990079594 -0.0569707021978798
36.71875 1.07215427150795 -1.34559319199144 0.105991851285012 0.0125448665320438
36.9140625 -0.0567467157386428 -5.24409998306348 0.0553169851163643 -0.0567497089926639
37.109375 -0.97632228437622 -0.919167028945248 0.0880033926549895 0.00674729330506721
37.3046875 -0.41579633642038 4.54059164908307 0.0579511747702225 -0.0491155592336258
37.5 0.797346328546853 2.52949243713372 0.0719297976483694 -0.0263684841482571
37.6953125 0.57228664683498 -3.65164685164834 0.0579306103467884 -0.0141692022656372
37.890625 -0.629078222878281 -3.29654055169395 0.059292881050378 -0.00485960988703813
38.0859375 -0.715424506170469 2.43989705166368 0.0600115198026886 -0.0259817428291943
38.28125 0.324006562927843 3.53851180616756 0.0352509136137557 -0.0374495102433095
38.4765625 0.666806668113735 -1.27592351183995 0.0452818681200582 0.00358085192458672
38.671875 -0.174401058884637 -3.23721869349108 0.0239353976225724 -0.0316382316863334
38.8671875 -0.597731884031218 0.350825480255023 0.0342644577610603 -0.00254929803910157
39.0625 -0.037359855660018 2.78382045671227 0.0156362206848394 -0.0301252376314433
39.2578125 0.489697981872012 0.292073512153312 0.0232290275221436 -0.00183544754164396
39.453125 0.0767313600248694 -2.23224303697172 0.0105431181492709 -0.0227970658707193
39.6484375 -0.382271954445066 -0.559567138232615 0.014788039937131 -8.49058088907969e-05
39.84375 -0.141849553347246 1.66337331620908 0.00750421312975254 -0.0166771553275809
40.0390625 0.267483247199105 0.617663349584381 0.00774005666755676 -0.00536574907462639
40.234375 0.0994251925841532 -1.17076697862205 0.00371034672550363 -0.00792001898455112
40.4296875 -0.189847603825135 -0.398770481379954 0.00384316019556712 -0.00291362079933445
40.625 -0.0563445267048916 0.812070368617211 0.00163027281020843 -0.004697153064757
40.8203125 0.127367383915963 0.0757036660231249 0.00160073424818291 -0.000795220644098533
41.015625 -0.0267727821646084 -0.591252625469868 0.000769471435169778 -0.00168840219735909
41.2109375 -0.103590672908204 0.360618589793866 0.00131186427863518 0.00381990927435188
41.40625 0.114093854473621 0.606389257612629 0.00201103887534865 0.000923306111586368
41.6015625 0.133280130846729 -0.791395787236419 0.00299264502928396 0.00820441056524073
41.796875 -0.195045124915605 -0.778774058762917 0.00493314101320058 0.000832874405785396
41.9921875 -0.170928485857536 1.19402442174578 0.00571056048559122 0.0125092076726359
42.1875 0.271370664828842 1.17613180369223 0.00994663037743981 0.00942004422761999
42.3828125 0.28849799995974 -1.42178049167765 0.012151415312113 0.00854008839777077
42.578125 -0.284012339732742 -1.72587825178578 0.013817304677059 0.00967347105808487
42.7734375 -0.385673192144079 1.50322287144695 0.0189311506745403 0.0136563845479723
42.96875 0.303184094426222 2.35732596555501 0.0200625192821171 0.0251522312683599
43.1640625 0.535157263150848 -1.20444135365606 0.030332386132855 -0.00249938080995109
43.359375 -0.167300809345677 -3.0448777318451 0.0212819382694271 0.030672777293168
43.5546875 -0.654248100851144 0.598133498630463 0.0412297030992569 0.00431839195157002
43.75 0.0663450885568472 3.63425543337908 0.0268472706481976 0.0390577677547508
43.9453125 0.76538292781256 0.476631117308281 0.0551711768977754 0.00422004292656539
44.140625 0.252529118755394 -4.04414420887606 0.0389329605628243 0.0366950260482058
44.3359375 -0.814360903779651 -1.8866447325868 0.0686602553790907 -0.00711709259224021
44.53125 -0.484441479911323 4.18287177131256 0.0575685466934099 0.0450419498789625
44.7265625 0.819573381889317 3.44007296027998 0.085955216542538 0.0372468603612921
44.921875 0.859337020198045 -3.38553485227521 0.091016911745819 -0.00539405211157893
45.1171875 -0.502901169780689 -4.79038113240023 0.0701874219457381 0.0244040179212725
45.3125 -1.0119056096458 1.71780660541818 0.0980674488182003 0.0184842311075912
45.5078125 0.168117035460789 5.50194061598211 0.0633088103296551 0.0589819519444336
45.703125 1.13728994347222 0.831764136014078 0.115168790617016 0.00737771949062646
45.8984375 0.493024901091288 -5.80396607043398 0.0907384386899972 0.0566365528900508
46.09375 -1.12988430279106 -3.74923899059143 0.140582402292622 -0.0350325664683818
46.2890625 -0.971521579608491 4.95987173693029 0.134735271941487 0.0393522450863328
46.484375 0.80756559444734 5.89044357540675 0.129969518131576 0.0585883768692243
46.6796875 1.32943294203477 -1.91421699317231 0.156631412404189 -0.00509737958320806
46.875 0.0598245814894052 -6.95369062959088 0.0970586200341969 0.0475383095275511
47.0703125 -1.38685246014917 -2.48410531132676 0.172654946134537 -0.0217386802703166
47.265625 -0.91052905574761 6.21672566170704 0.153160407775254 -0.00136453536643756
47.4609375 1.04155600145515 5.98545633100374 0.16879436185773 0.0307678212562508
47.65625 1.42753982355073 -2.90447566543307 0.185061070295561 0.0166246580203876
47.8515625 -0.0930048053546475 -7.24396194622692 0.105797912457828 -0.0285947574926025
48.046875 -1.40213281169417 -1.9748194560996 0.171064714848327 -0.000472999837890791
48.2421875 -0.864418655393552 6.19358900985801 0.145571110075762 -0.0515945023023691
48.4375 1.01723789528162 5.44841160050752 0.152424591995936 -0.0247668949394558
48.6328125 1.2638671260547 -3.56749417800691 0.162375578475313 0.0385849460975994
48.828125 -0.37631451800233 -6.37300286030186 0.0949593579748918 -0.069021090274439
49.0234375 -1.22558711625072 -0.0121135244527931 0.129807478424883 8.49874570677807e-05
49.21875 -0.381046363491703 5.85081970910185 0.0825364294487395 -0.0610162412248864
49.4140625 1.05988933261719 2.94488828452759 0.117609090740369 -0.0306797396162414
49.609375 0.769300622651885 -4.85155997074646 0.102325707206702 0.00628682945395373
49.8046875 -0.835251280955644 -4.60603802469836 0.106982662288258 -0.0108709172771649
50 -1.02993298074591 2.84844773151525 0.111408579025384 -0.0304646075611714
