0 314159000 0 -1178.51130800796 226.077634668634
3375 310158327.975675 762993.036620903 -1192.31625388576 226.060654531893
6750 306110457.302303 1525869.20125593 -1206.48389546237 226.007917604864
10125 302014132.576637 2288503.01309125 -1221.03301098685 225.916533517923
13500 297868032.645546 3050758.76342555 -1235.98380789474 225.783326257458
16875 293670765.542283 3812489.49423908 -1251.35806805326 225.604799372989
20250 289420862.901864 4573535.85091086 -1267.17931163702 225.377096055015
23625 285116773.787898 5333724.79030499 -1283.47298254398 225.095953186273
27000 280756857.852537 6092868.12211986 -1300.2666588008 224.756648285842
30375 276339377.738455 6850760.85737894 -1317.59029206339 224.353938039231
33750 271862490.616655 7607179.33307434 -1335.47648112018 223.881986826579
37125 267324238.735683 8361879.07604546 -1353.96078529065 223.334283310487
40500 262722538.836003 9114592.36191882 -1373.08208482777 222.703542704904
43875 258055170.256818 9865025.41600649 -1392.8829969419 221.981591791008
47250 253319761.530486 10612855.1920157 -1413.4103579483 221.159233040414
50625 248513775.220391 11357725.6506792 -1434.71578440693 220.226083303971
54000 243634490.709853 12099243.4432112 -1456.85632911563 219.170381363212
57375 238678984.589953 12836972.882817 -1479.89525162587 217.978757135715
60750 233644108.219899 13570430.0599854 -1503.90292783348 216.635953357975
64125 228526461.940462 14299075.922149 -1528.95792950465 215.124487976857
67500 223322365.303678 15022308.0930455 -1555.14831281415 213.424242034949
70875 218027822.532674 15739451.1483483 -1582.57316576853 211.511953212539
74250 212638482.234225 16449744.9871581 -1611.34447870381 209.360588925211
77625 207149590.139197 17152330.8371495 -1641.58942122322 206.938564297775
81000 201555933.323123 17846234.2951792 -1673.4531349012 204.208758451332
84375 195851773.933418 18530344.6214936 -1707.10218663118 201.127265872372
87750 190030769.882156 19203389.2546747 -1742.72887678736 197.641795940966
91125 184085879.197897 19863902.1670191 -1780.55666564089 193.689599528752
94500 178009243.684299 20510184.1923824 -1820.84708024386 189.194751524416
97875 171792046.084475 21140252.7635596 -1863.90860709522 184.064543547885
101250 165424332.91217 21751777.4893131 -1910.10828686431 178.184627827079
104625 158894792.19546 22341996.5151435 -1959.88704446236 171.41237756179
108000 152190471.130178 22907606.3740818 -2013.78027431612 163.567650438812
111375 145296412.320003 23444614.5869685 -2072.4459652456 154.419688443148
114750 138195177.65885 23948138.8270928 -2136.70388266315 143.668127584524
118125 130866213.88095 24412127.6155189 -2207.59137498276 130.914777411152
121500 123284989.624475 24828962.660031 -2286.44489191011 115.620472758494
124875 115421793.629599 25188877.0742988 -2375.02258804031 97.0368875653975
128250 107240014.129466 25479076.6500382 -2475.69511622907 74.0945258711293
131625 98693593.6207969 25682361.308721 -2591.75477513596 45.2100375264408
135000 89723112.8689736 25774860.8335624 -2727.9413866582 7.93568127385848
138375 80249468.4057177 25722098.5257449 -2891.39186958541 -41.7241756572915
141750 70163027.4682615 25471635.7873521 -3093.48863469695 -110.769054100485
145125 59303507.0139172 24937955.4093633 -3353.82614573051 -212.689668424986
148500 47418473.1667832 23967006.4039867 -3709.92258590482 -377.308958943879
151875 34063805.622084 22234801.6019805 -4245.89909951898 -686.429482740301
155250 18304004.1129357 18838804.7306042 -5203.34095075254 -1475.10896572987
158625 -2151879.08319952 8532430.16504002 -6619.62503853318 -6758.07388148279
162000 1972174.26592538 -18237405.5894585 4409.94929195542 -4777.39784246086
165375 15824676.3567163 -30233844.868404 3802.43847531585 -2777.82387405521
168750 27871974.2253466 -38279400.4513024 3367.02856691844 -2076.76941673565
172125 38704370.8676295 -44602241.8469882 3068.77499027081 -1701.87685849373
172800 40759059.6070415 -45731896.5057797 3019.66847795253 -1646.03883834655
