0 -313510897.734409 -20169141.8450344 -292.641137124012 1163.77023714424
1000 -313801524.617391 -19005244.5555862 -288.613400734176 1164.02176372603
2000 -314088126.089497 -17841103.4637375 -284.5903251869 1164.25785184693
3000 -314370706.840917 -16676733.9782214 -280.571969076076 1164.47856098516
4000 -314649271.620137 -15512151.4482258 -276.558390410141 1164.68395075176
5000 -314923825.233367 -14347371.1632636 -272.549646613951 1164.87408088542
6000 -315194372.543942 -13182408.3530469 -268.545794530693 1165.04901124727
7000 -315460918.47176 -12017278.187368 -264.546890423846 1165.20880181582
8000 -315723467.992684 -10851995.775984 -260.552989979161 1165.35351268178
9000 -315982026.137981 -9686576.16850714 -256.564148306692 1165.48320404315
10000 -316236597.993739 -8521034.35430026 -252.580419942848 1165.59793620017
11000 -316487188.700297 -7355385.26237678 -248.601858852496 1165.69776955041
12000 -316733803.451673 -6189643.76130597 -244.628518431079 1165.78276458393
13000 -316976447.494997 -5023824.65912285 -240.660451506781 1165.8529818784
14000 -317215126.129945 -3857942.70324288 -236.697710342712 1165.90848209433
15000 -317449844.708175 -2692012.58038163 -232.740346639135 1165.94932597039
16000 -317680608.632763 -1526048.91647881 -228.788411535714 1165.97557431867
17000 -317907423.357645 -360066.276627304 -224.841955613798 1165.98728802006
18000 -318130294.387065 805920.834993406 -220.901028898724 1165.98452801972
19000 -318349227.275008 1971897.97517921 -216.965680862165 1165.96735532246
20000 -318564227.624662 3137850.76175879 -213.035960424486 1165.93583098833
21000 -318775301.087854 4303764.87364666 -209.111915957139 1165.89001612814
22000 -318982453.364515 5469626.05089165 -205.193595285079 1165.82997189912
23000 -319185690.202124 6635420.09472127 -201.281045689207 1165.7557595005
24000 -319385017.395171 7801132.86758145 -197.374313908832 1165.66744016933
25000 -319580440.784619 8966750.29317226 -193.473446144169 1165.56507517614
26000 -319771966.257359 10132258.3564794 -189.578488058842 1165.44872582082
27000 -319959599.74568 11297643.1038013 -185.689484782427 1165.31845342843
28000 -320143347.226733 12462890.6427724 -181.806480913002 1165.17431934513
29000 -320323214.722004 13627987.1423822 -177.929520519729 1165.01638493413
30000 -320499208.296784 14792918.8329901 -174.058647145451 1164.84471157167
31000 -320671334.059646 15957672.0063368 -170.193903809306 1164.6593606431
32000 -320839598.161918 17122233.0155511 -166.335333009366 1164.46039353898
33000 -321004006.797174 18286588.2751535 -162.482976725288 1164.24787165117
34000 -321164566.2007 19450724.2610554 -158.636876420992 1164.02185636908
35000 -321321282.648998 20614627.5105547 -154.797073047341 1163.78240907589
36000 -321474162.459258 21778284.622328 -150.963607044856 1163.52959114483
37000 -321623211.988861 22941682.2564184 -147.13651834643 1163.26346393552
38000 -321768437.634867 24104807.1342206 -143.315846380065 1162.98408879035
39000 -321909845.833513 25267646.0384613 -139.501630071627 1162.6915270309
40000 -322047443.059711 26430185.813177 -135.693907847605 1162.38583995444
41000 -322181235.826553 27592413.363688 -131.892717637895 1162.06708883039
42000 -322311230.68481 28754315.6565684 -128.098096878584 1161.73533489695
43000 -322437434.222447 29915879.7196137 -124.310082514759 1161.39063935768
44000 -322559853.064129 31077092.6418041 -120.528711003322 1161.03306337818
45000 -322678493.870734 32237941.5732652 -116.754018315809 1160.66266808273
46000 -322793363.338871 33398413.7252248 -112.986039941235 1160.27951455111
47000 -322904468.200397 34558496.3699666 -109.224810888937 1159.88366381537
48000 -323011815.22194 35718176.8407818 -105.470365691428 1159.47517685664
49000 -323115411.204424 36877442.5319154 -101.722738407267 1159.05411460205
50000 -323215262.982594 38036280.8985115 -97.9819626239265 1158.62053792162
51000 -323311377.42455 39194679.4565541 -94.24807146068 1158.17450762524
52000 -323403761.431278 40352625.7828062 -90.5210975714873 1157.71608445973
53000 -323492421.936186 41510107.5147449 -86.8010731478914 1157.24532910583
54000 -323577365.904644 42667112.3504933 -83.0880299219218 1156.7623021753
55000 -323658600.333524 43823628.048751 -79.381999169002 1156.26706420815
56000 -323736132.250752 44979642.4287201 -75.6830117108634 1155.75967566973
57000 -323809968.714841 46135143.3700302 -71.9910979184651 1155.24019694798
58000 -323880116.814457 47290118.8126585 -68.3062877149166 1154.70868835075
59000 -323946583.667964 48444556.7568492 -64.6286105784065 1154.16521010305
60000 -324009376.422985 49598445.2630288 -60.958095545133 1153.60982234444
61000 -324068502.255958 50751772.4517193 -57.2947712122391 1153.04258512641
62000 -324123968.371701 51904526.5034496 -53.6386657407507 1152.46355840983
63000 -324175782.002975 53056695.658663 -49.9898068585153 1151.87280206243
64000 -324223950.410052 54208268.2176227 -46.3482218631449 1151.27037585627
65000 -324268480.88029 55359232.5403151 -42.7139376249591 1150.65633946536
66000 -324309380.727706 56509577.0463508 -39.0869805899299 1150.03075246324
67000 -324346657.292551 57659290.2148626 -35.4673767826272 1149.39367432059
68000 -324380317.940888 58808360.5844015 -31.8551518091647 1148.74516440293
69000 -324410370.064182 59956776.7528307 -28.2503308601452 1148.08528196835
70000 -324436821.07888 61104527.3772165 -24.6529387136068 1147.41408616521
71000 -324459678.426004 62251601.1737183 -21.062999737967 1146.73163603002
72000 -324478949.570739 63397986.9174746 -17.4805378949667 1146.03799048518
73000 -324494642.00203 64543673.4424889 -13.9055767426121 1145.33320833691
74000 -324506763.23218 65688649.6415114 -10.3381394381151 1144.61734827313
75000 -324515320.796447 66832904.4659205 -6.77824874083126 1143.89046886141
76000 -324520322.252657 67976426.9256013 -3.22592701519582 1143.15262854697
77000 -324521775.180798 69119206.0888219 0.318803766343911 1142.40388565065
78000 -324519687.182638 70261231.0821083 3.85592202039871 1141.64429836702
79000 -324514065.881335 71402491.0901172 7.38540654971129 1140.87392476243
80000 -324504918.921055 72542975.3555064 10.907236540234 1140.09282277316
81000 -324492253.966583 73682673.1788051 14.4213915582105 1139.30105020355
82000 -324476078.702952 74821573.9182787 17.9278515472618 1138.49866472425
83000 -324456400.835062 75959666.9897967 21.4265968254775 1137.6857238704
84000 -324433228.087311 77096941.8666956 24.917608082511 1136.86228503991
85000 -324406568.203221 78233388.0796395 28.400866376681 1136.02840549178
86000 -324376428.945074 79368995.216481 31.8763531320782 1135.18414234439
87000 -324342818.093544 80503752.9221219 35.3440501356773 1134.32955257393
88000 -324305743.447341 81637650.898367 38.803939534456 1133.46469301274
89000 -324265212.822846 82770678.9037812 42.2560038325196 1132.5896203478
90000 -324221234.053761 83902826.753543 45.7002258882324 1131.70439111914
91000 -324173814.990752 85034084.3192971 49.1365889113564 1130.80906171837
92000 -324122963.5011 86164441.5290047 52.5650764601964 1129.9036883872
93000 -324068687.468358 87293888.3667932 55.9856724387527 1128.98832721603
94000 -324010994.792 88422414.8728044 59.3983610938815 1128.06303414251
95000 -323949893.387086 89550011.1430404 62.8031270124629 1127.12786495017
96000 -323885391.183916 90676667.3292098 66.1999551185771 1126.18287526709
97000 -323817496.127703 91802373.6385703 69.5888306706892 1125.22812056458
98000 -323746216.178233 92927120.3337722 72.9697392588407 1124.26365615589
99000 -323671559.309538 94050897.7326999 76.3426668018519 1123.28953719496
100000 -323593533.509567 95173696.2083109 79.7075995445318 1122.30581867522
101000 -323512146.779863 96295506.1884762 83.0645240548971 1121.31255542833
102000 -323427407.135241 97416318.1558166 86.4134272214022 1120.3098021231
103000 -323339322.603469 98536122.6475398 89.7542962501749 1119.29761326429
104000 -323247901.22495 99654910.2552761 93.0871186622648 1118.2760431915
105000 -323153151.05241 100772671.624912 96.4118822909018 1117.24514607815
106000 -323055080.150585 101889397.456423 99.7285752787621 1116.20497593036
107000 -322953696.59592 103005078.503709 103.037186075246 1115.15558658595
108000 -322849008.476251 104119705.574421 106.337703433764 1114.09703171345
109000 -322741023.890517 105233269.529794 109.630116409039 1113.02936481111
110000 -322629750.948448 106345761.284477 112.91441435441 1111.95263920598
111000 -322515197.770273 107457171.806359 116.190586919156 1110.86690805296
112000 -322397372.486426 108567492.116396 119.458624045822 1109.77222433393
113000 -322276283.237253 109676713.288442 122.718515967564 1108.66864085687
114000 -322151938.172723 110784826.44907 125.970253205499 1107.55621025502
115000 -322024345.452138 111891822.777398 129.213826566072 1106.43498498607
116000 -321893513.243856 112997693.504916 132.449227138429 1105.30501733137
117000 -321759449.725004 114102429.915303 135.6764462918 1104.16635939513
118000 -321622163.0812 115206023.344256 138.895475672907 1103.01906310374
119000 -321481661.506278 116308465.17931 142.106307203366 1101.86318020497
120000 -321337953.202015 117409746.859655 145.308933077112 1100.69876226734
121000 -321191046.377859 118509859.875963 148.503345757833 1099.52586067942
122000 -321040949.250656 119608795.770202 151.689537976417 1098.34452664916
123000 -320887670.044396 120706546.135459 154.867502728411 1097.15481120333
124000 -320731216.989938 121803102.615754 158.037233271489 1095.95676518683
125000 -320571598.324753 122898456.905865 161.198723122938 1094.75043926217
126000 -320408822.292668 123992600.751138 164.351966057154 1093.53588390888
127000 -320242897.143605 125085525.947307 167.496956103145 1092.31314942298
128000 -320073831.133334 126177224.340312 170.633687542063 1091.08228591645
129000 -319901632.523216 127267687.826111 173.762154904724 1089.84334331678
130000 -319726309.57996 128356908.350497 176.882352969164 1088.59637136642
131000 -319547870.575371 129444877.908915 179.994276758199 1087.34141962239
132000 -319366323.786115 130531588.54627 183.09792153699 1086.0785374558
133000 -319181677.493468 131617032.356749 186.193282810636 1084.80777405147
134000 -318993939.983084 132701201.483629 189.280356321767 1083.52917840753
135000 -318803119.544756 133784088.11909 192.359138048161 1082.24279933502
136000 -318609224.472181 134865684.504033 195.429624200363 1080.94868545755
137000 -318412263.062735 135945982.927885 198.491811219329 1079.64688521096
138000 -318212243.617234 137024975.728417 201.545695774075 1078.337446843
139000 -318009174.439712 138102655.291553 204.591274759339 1077.02041841307
140000 -317803063.837201 139179014.051182 207.628545293267 1075.69584779184
141000 -317593920.1195 140254044.488969 210.657504715096 1074.36378266111
142000 -317381751.598959 141327739.134167 213.678150582865 1073.02427051345
143000 -317166566.590262 142400090.563426 216.690480671133 1071.67735865207
144000 -316948373.410215 143471091.400606 219.694492968709 1070.32309419053
145000 -316727180.377524 144540734.316584 222.690185676402 1068.96152405259
146000 -316502995.812591 145609012.029066 225.677557204777 1067.59269497201
147000 -316275828.037303 146675917.302398 228.65660617193 1066.21665349242
148000 -316045685.374829 147741442.947371 231.627331401275 1064.83344596715
149000 -315812576.149407 148805581.821039 234.589731919346 1063.44311855908
150000 -315576508.686154 149868326.82652 237.543806953607 1062.04571724057
151000 -315337491.310855 150929670.912812 240.489555930286 1060.64128779337
152000 -315095532.349774 151989607.074597 243.426978472214 1059.22987580847
153000 -314850640.129452 153048128.352052 246.356074396681 1057.8115266861
154000 -314602822.976519 154105227.830662 249.276843713304 1056.38628563565
155000 -314352089.217498 155160898.641023 252.189286621917 1054.95419767565
156000 -314098447.178618 156215133.958655 255.093403510457 1053.5153076337
157000 -313841905.185627 157267927.003811 257.989194952886 1052.06966014652
158000 -313582471.56361 158319271.041284 260.87666170711 1050.61729965994
159000 -313320154.636798 159369159.380218 263.755804712916 1049.15827042888
160000 -313054962.728396 160417585.373916 266.626625089931 1047.69261651744
161000 -312786904.160398 161464542.419652 269.489124135584 1046.22038179888
162000 -312515987.253413 162510023.958475 272.343303323082 1044.74160995575
163000 -312242220.32649 163554023.475021 275.189164299414 1043.25634447991
164000 -311965611.696946 164596534.497326 278.02670888335 1041.76462867265
165000 -311686169.680193 165637550.596628 280.855939063466 1040.26650564476
166000 -311403902.589572 166677065.387184 283.67685699618 1038.76201831664
167000 -311118818.736179 167715072.526074 286.489465003795 1037.25120941844
168000 -310830926.428712 168751565.713012 289.293765572572 1035.73412149018
169000 -310540233.973299 169786538.690162 292.089761350796 1034.2107968819
170000 -310246749.67334 170819985.241939 294.877455146873 1032.68127775383
171000 -309950481.829345 171851899.194823 297.656849927431 1031.14560607652
172000 -309651438.738784 172882274.417171 300.427948815438 1029.60382363105
172800 -309410211.662665 173705462.615218 302.638857080503 1028.36602587765
